"","Year","Cause","Age","Female","Male"
"2380",1990,1,Total,10812,15334
"2380",1990,1,0,379,511
"2380",1990,1,1,24,31
"2380",1990,1,2,10,17
"2380",1990,1,3,6,11
"2380",1990,1,4,7,11
"2380",1990,1,5 - 9,39,42
"2380",1990,1,10 - 14,24,47
"2380",1990,1,15 - 19,55,192
"2380",1990,1,20 - 24,99,306
"2380",1990,1,25 - 29,150,446
"2380",1990,1,30 - 34,166,559
"2380",1990,1,35 - 39,168,647
"2380",1990,1,40 - 44,224,617
"2380",1990,1,45 - 49,238,603
"2380",1990,1,50 - 54,321,677
"2380",1990,1,55 - 59,438,859
"2380",1990,1,60 - 64,626,1133
"2380",1990,1,65 - 69,928,1390
"2380",1990,1,70 - 74,1198,1606
"2380",1990,1,75 - 79,1469,1811
"2380",1990,1,80 - 84,1500,1653
"2380",1990,1,85 - 89,2737,2110
"2380",1990,1,90 - 94,0,0
"2380",1990,1,95+,0,0
"2380",1990,1,UNK,6,55
"2380",1990,2,Total,264,357
"2380",1990,2,0,9,10
"2380",1990,2,1,5,0
"2380",1990,2,2,1,1
"2380",1990,2,3,1,0
"2380",1990,2,4,1,1
"2380",1990,2,5 - 9,1,3
"2380",1990,2,10 - 14,0,1
"2380",1990,2,15 - 19,1,2
"2380",1990,2,20 - 24,2,4
"2380",1990,2,25 - 29,6,9
"2380",1990,2,30 - 34,11,15
"2380",1990,2,35 - 39,3,20
"2380",1990,2,40 - 44,7,20
"2380",1990,2,45 - 49,4,10
"2380",1990,2,50 - 54,6,9
"2380",1990,2,55 - 59,5,22
"2380",1990,2,60 - 64,15,25
"2380",1990,2,65 - 69,27,29
"2380",1990,2,70 - 74,20,33
"2380",1990,2,75 - 79,31,46
"2380",1990,2,80 - 84,34,44
"2380",1990,2,85 - 89,73,53
"2380",1990,2,90 - 94,0,0
"2380",1990,2,95+,0,0
"2380",1990,2,UNK,1,0
"2380",1990,3,Total,1752,2435
"2380",1990,3,0,0,0
"2380",1990,3,1,0,4
"2380",1990,3,2,0,1
"2380",1990,3,3,0,1
"2380",1990,3,4,0,2
"2380",1990,3,5 - 9,6,6
"2380",1990,3,10 - 14,5,6
"2380",1990,3,15 - 19,9,5
"2380",1990,3,20 - 24,8,7
"2380",1990,3,25 - 29,11,15
"2380",1990,3,30 - 34,24,11
"2380",1990,3,35 - 39,32,25
"2380",1990,3,40 - 44,73,53
"2380",1990,3,45 - 49,80,71
"2380",1990,3,50 - 54,94,139
"2380",1990,3,55 - 59,133,173
"2380",1990,3,60 - 64,157,252
"2380",1990,3,65 - 69,209,316
"2380",1990,3,70 - 74,226,371
"2380",1990,3,75 - 79,248,381
"2380",1990,3,80 - 84,200,296
"2380",1990,3,85 - 89,237,300
"2380",1990,3,90 - 94,0,0
"2380",1990,3,95+,0,0
"2380",1990,3,UNK,0,0
"2380",1990,4,Total,4160,4660
"2380",1990,4,0,14,28
"2380",1990,4,1,4,4
"2380",1990,4,2,1,0
"2380",1990,4,3,1,0
"2380",1990,4,4,2,0
"2380",1990,4,5 - 9,3,2
"2380",1990,4,10 - 14,2,0
"2380",1990,4,15 - 19,7,0
"2380",1990,4,20 - 24,5,11
"2380",1990,4,25 - 29,18,22
"2380",1990,4,30 - 34,9,20
"2380",1990,4,35 - 39,19,45
"2380",1990,4,40 - 44,42,78
"2380",1990,4,45 - 49,50,129
"2380",1990,4,50 - 54,97,174
"2380",1990,4,55 - 59,137,272
"2380",1990,4,60 - 64,215,403
"2380",1990,4,65 - 69,362,489
"2380",1990,4,70 - 74,524,616
"2380",1990,4,75 - 79,648,716
"2380",1990,4,80 - 84,700,703
"2380",1990,4,85 - 89,1300,937
"2380",1990,4,90 - 94,0,0
"2380",1990,4,95+,0,0
"2380",1990,4,UNK,0,11
"2380",1990,5,Total,83,79
"2380",1990,5,0,9,12
"2380",1990,5,1,1,0
"2380",1990,5,2,0,0
"2380",1990,5,3,0,0
"2380",1990,5,4,0,1
"2380",1990,5,5 - 9,1,1
"2380",1990,5,10 - 14,0,0
"2380",1990,5,15 - 19,1,1
"2380",1990,5,20 - 24,1,0
"2380",1990,5,25 - 29,2,0
"2380",1990,5,30 - 34,0,2
"2380",1990,5,35 - 39,1,2
"2380",1990,5,40 - 44,1,1
"2380",1990,5,45 - 49,0,1
"2380",1990,5,50 - 54,3,2
"2380",1990,5,55 - 59,1,1
"2380",1990,5,60 - 64,4,4
"2380",1990,5,65 - 69,5,3
"2380",1990,5,70 - 74,2,7
"2380",1990,5,75 - 79,8,5
"2380",1990,5,80 - 84,5,13
"2380",1990,5,85 - 89,38,19
"2380",1990,5,90 - 94,0,0
"2380",1990,5,95+,0,0
"2380",1990,5,UNK,0,4
"2380",1990,6,Total,84,329
"2380",1990,6,0,0,0
"2380",1990,6,1,0,0
"2380",1990,6,2,0,0
"2380",1990,6,3,0,0
"2380",1990,6,4,0,1
"2380",1990,6,5 - 9,3,0
"2380",1990,6,10 - 14,0,0
"2380",1990,6,15 - 19,2,1
"2380",1990,6,20 - 24,0,3
"2380",1990,6,25 - 29,1,8
"2380",1990,6,30 - 34,4,16
"2380",1990,6,35 - 39,2,26
"2380",1990,6,40 - 44,6,35
"2380",1990,6,45 - 49,4,25
"2380",1990,6,50 - 54,1,20
"2380",1990,6,55 - 59,3,25
"2380",1990,6,60 - 64,4,38
"2380",1990,6,65 - 69,7,45
"2380",1990,6,70 - 74,6,26
"2380",1990,6,75 - 79,9,20
"2380",1990,6,80 - 84,5,16
"2380",1990,6,85 - 89,27,21
"2380",1990,6,90 - 94,0,0
"2380",1990,6,95+,0,0
"2380",1990,6,UNK,0,3
"2380",1990,7,Total,243,309
"2380",1990,7,0,7,8
"2380",1990,7,1,4,2
"2380",1990,7,2,0,2
"2380",1990,7,3,0,1
"2380",1990,7,4,0,2
"2380",1990,7,5 - 9,6,8
"2380",1990,7,10 - 14,3,2
"2380",1990,7,15 - 19,2,9
"2380",1990,7,20 - 24,8,7
"2380",1990,7,25 - 29,7,13
"2380",1990,7,30 - 34,7,9
"2380",1990,7,35 - 39,5,17
"2380",1990,7,40 - 44,10,16
"2380",1990,7,45 - 49,9,8
"2380",1990,7,50 - 54,6,12
"2380",1990,7,55 - 59,14,19
"2380",1990,7,60 - 64,15,11
"2380",1990,7,65 - 69,14,28
"2380",1990,7,70 - 74,27,37
"2380",1990,7,75 - 79,38,42
"2380",1990,7,80 - 84,19,21
"2380",1990,7,85 - 89,42,35
"2380",1990,7,90 - 94,0,0
"2380",1990,7,95+,0,0
"2380",1990,7,UNK,0,0
"2380",1990,8,Total,1356,1863
"2380",1990,8,0,8,9
"2380",1990,8,1,1,6
"2380",1990,8,2,3,2
"2380",1990,8,3,1,1
"2380",1990,8,4,2,0
"2380",1990,8,5 - 9,4,1
"2380",1990,8,10 - 14,0,2
"2380",1990,8,15 - 19,3,0
"2380",1990,8,20 - 24,20,31
"2380",1990,8,25 - 29,41,124
"2380",1990,8,30 - 34,50,234
"2380",1990,8,35 - 39,51,233
"2380",1990,8,40 - 44,29,151
"2380",1990,8,45 - 49,26,98
"2380",1990,8,50 - 54,31,82
"2380",1990,8,55 - 59,46,87
"2380",1990,8,60 - 64,82,100
"2380",1990,8,65 - 69,125,130
"2380",1990,8,70 - 74,160,144
"2380",1990,8,75 - 79,187,151
"2380",1990,8,80 - 84,179,122
"2380",1990,8,85 - 89,306,151
"2380",1990,8,90 - 94,0,0
"2380",1990,8,95+,0,0
"2380",1990,8,UNK,1,4
"2380",1990,9,Total,456,1006
"2380",1990,9,0,6,8
"2380",1990,9,1,0,1
"2380",1990,9,2,0,0
"2380",1990,9,3,0,0
"2380",1990,9,4,0,0
"2380",1990,9,5 - 9,2,0
"2380",1990,9,10 - 14,2,1
"2380",1990,9,15 - 19,3,0
"2380",1990,9,20 - 24,4,2
"2380",1990,9,25 - 29,6,7
"2380",1990,9,30 - 34,5,17
"2380",1990,9,35 - 39,3,54
"2380",1990,9,40 - 44,11,81
"2380",1990,9,45 - 49,17,95
"2380",1990,9,50 - 54,32,74
"2380",1990,9,55 - 59,33,123
"2380",1990,9,60 - 64,41,104
"2380",1990,9,65 - 69,49,105
"2380",1990,9,70 - 74,55,97
"2380",1990,9,75 - 79,56,86
"2380",1990,9,80 - 84,50,73
"2380",1990,9,85 - 89,81,77
"2380",1990,9,90 - 94,0,0
"2380",1990,9,95+,0,0
"2380",1990,9,UNK,0,1
"2380",1990,10,Total,273,346
"2380",1990,10,0,2,0
"2380",1990,10,1,0,0
"2380",1990,10,2,0,0
"2380",1990,10,3,0,1
"2380",1990,10,4,0,0
"2380",1990,10,5 - 9,0,0
"2380",1990,10,10 - 14,0,0
"2380",1990,10,15 - 19,1,0
"2380",1990,10,20 - 24,2,1
"2380",1990,10,25 - 29,4,1
"2380",1990,10,30 - 34,3,8
"2380",1990,10,35 - 39,4,4
"2380",1990,10,40 - 44,5,7
"2380",1990,10,45 - 49,6,12
"2380",1990,10,50 - 54,10,20
"2380",1990,10,55 - 59,9,9
"2380",1990,10,60 - 64,17,28
"2380",1990,10,65 - 69,22,26
"2380",1990,10,70 - 74,43,39
"2380",1990,10,75 - 79,40,48
"2380",1990,10,80 - 84,36,62
"2380",1990,10,85 - 89,69,79
"2380",1990,10,90 - 94,0,0
"2380",1990,10,95+,0,0
"2380",1990,10,UNK,0,1
"2380",1990,11,Total,302,425
"2380",1990,11,0,279,384
"2380",1990,11,1,1,2
"2380",1990,11,2,1,3
"2380",1990,11,3,0,1
"2380",1990,11,4,1,1
"2380",1990,11,5 - 9,1,3
"2380",1990,11,10 - 14,2,2
"2380",1990,11,15 - 19,1,3
"2380",1990,11,20 - 24,2,6
"2380",1990,11,25 - 29,3,1
"2380",1990,11,30 - 34,2,4
"2380",1990,11,35 - 39,0,1
"2380",1990,11,40 - 44,1,0
"2380",1990,11,45 - 49,0,1
"2380",1990,11,50 - 54,0,2
"2380",1990,11,55 - 59,3,0
"2380",1990,11,60 - 64,1,3
"2380",1990,11,65 - 69,1,3
"2380",1990,11,70 - 74,1,1
"2380",1990,11,75 - 79,1,2
"2380",1990,11,80 - 84,1,1
"2380",1990,11,85 - 89,0,0
"2380",1990,11,90 - 94,0,0
"2380",1990,11,95+,0,0
"2380",1990,11,UNK,0,1
"2380",1990,12,Total,1206,1414
"2380",1990,12,0,30,31
"2380",1990,12,1,5,6
"2380",1990,12,2,2,2
"2380",1990,12,3,0,3
"2380",1990,12,4,0,0
"2380",1990,12,5 - 9,1,4
"2380",1990,12,10 - 14,3,1
"2380",1990,12,15 - 19,5,4
"2380",1990,12,20 - 24,8,3
"2380",1990,12,25 - 29,8,24
"2380",1990,12,30 - 34,12,21
"2380",1990,12,35 - 39,12,30
"2380",1990,12,40 - 44,12,27
"2380",1990,12,45 - 49,20,32
"2380",1990,12,50 - 54,25,31
"2380",1990,12,55 - 59,31,46
"2380",1990,12,60 - 64,44,86
"2380",1990,12,65 - 69,65,112
"2380",1990,12,70 - 74,108,152
"2380",1990,12,75 - 79,162,232
"2380",1990,12,80 - 84,207,228
"2380",1990,12,85 - 89,446,335
"2380",1990,12,90 - 94,0,0
"2380",1990,12,95+,0,0
"2380",1990,12,UNK,0,4
"2380",1990,13,Total,340,1389
"2380",1990,13,0,10,17
"2380",1990,13,1,3,5
"2380",1990,13,2,2,4
"2380",1990,13,3,3,3
"2380",1990,13,4,0,3
"2380",1990,13,5 - 9,10,12
"2380",1990,13,10 - 14,6,30
"2380",1990,13,15 - 19,11,88
"2380",1990,13,20 - 24,17,129
"2380",1990,13,25 - 29,17,127
"2380",1990,13,30 - 34,21,130
"2380",1990,13,35 - 39,20,135
"2380",1990,13,40 - 44,18,112
"2380",1990,13,45 - 49,15,91
"2380",1990,13,50 - 54,12,79
"2380",1990,13,55 - 59,19,62
"2380",1990,13,60 - 64,16,63
"2380",1990,13,65 - 69,13,76
"2380",1990,13,70 - 74,16,59
"2380",1990,13,75 - 79,25,47
"2380",1990,13,80 - 84,29,44
"2380",1990,13,85 - 89,54,51
"2380",1990,13,90 - 94,0,0
"2380",1990,13,95+,0,0
"2380",1990,13,UNK,3,22
"2380",1990,14,Total,73,510
"2380",1990,14,0,0,0
"2380",1990,14,1,0,0
"2380",1990,14,2,0,0
"2380",1990,14,3,0,0
"2380",1990,14,4,0,0
"2380",1990,14,5 - 9,1,1
"2380",1990,14,10 - 14,0,2
"2380",1990,14,15 - 19,4,79
"2380",1990,14,20 - 24,16,99
"2380",1990,14,25 - 29,16,92
"2380",1990,14,30 - 34,13,69
"2380",1990,14,35 - 39,8,48
"2380",1990,14,40 - 44,3,30
"2380",1990,14,45 - 49,6,26
"2380",1990,14,50 - 54,1,18
"2380",1990,14,55 - 59,0,13
"2380",1990,14,60 - 64,1,7
"2380",1990,14,65 - 69,1,10
"2380",1990,14,70 - 74,0,6
"2380",1990,14,75 - 79,1,2
"2380",1990,14,80 - 84,0,1
"2380",1990,14,85 - 89,1,3
"2380",1990,14,90 - 94,0,0
"2380",1990,14,95+,0,0
"2380",1990,14,UNK,1,4
"2380",1991,1,Total,10751,15577
"2380",1991,1,0,364,477
"2380",1991,1,1,19,26
"2380",1991,1,2,16,15
"2380",1991,1,3,4,8
"2380",1991,1,4,9,12
"2380",1991,1,5 - 9,23,39
"2380",1991,1,10 - 14,31,54
"2380",1991,1,15 - 19,59,282
"2380",1991,1,20 - 24,91,348
"2380",1991,1,25 - 29,140,454
"2380",1991,1,30 - 34,167,578
"2380",1991,1,35 - 39,221,650
"2380",1991,1,40 - 44,221,657
"2380",1991,1,45 - 49,264,662
"2380",1991,1,50 - 54,330,698
"2380",1991,1,55 - 59,456,863
"2380",1991,1,60 - 64,626,1106
"2380",1991,1,65 - 69,898,1367
"2380",1991,1,70 - 74,1099,1567
"2380",1991,1,75 - 79,1504,1807
"2380",1991,1,80 - 84,1549,1655
"2380",1991,1,85 - 89,2642,2196
"2380",1991,1,90 - 94,0,0
"2380",1991,1,95+,0,0
"2380",1991,1,UNK,18,56
"2380",1991,2,Total,248,349
"2380",1991,2,0,8,6
"2380",1991,2,1,0,1
"2380",1991,2,2,0,0
"2380",1991,2,3,0,0
"2380",1991,2,4,0,0
"2380",1991,2,5 - 9,1,0
"2380",1991,2,10 - 14,0,0
"2380",1991,2,15 - 19,2,3
"2380",1991,2,20 - 24,4,3
"2380",1991,2,25 - 29,0,9
"2380",1991,2,30 - 34,5,15
"2380",1991,2,35 - 39,9,16
"2380",1991,2,40 - 44,8,21
"2380",1991,2,45 - 49,3,11
"2380",1991,2,50 - 54,6,14
"2380",1991,2,55 - 59,10,13
"2380",1991,2,60 - 64,11,17
"2380",1991,2,65 - 69,18,24
"2380",1991,2,70 - 74,20,35
"2380",1991,2,75 - 79,36,41
"2380",1991,2,80 - 84,35,45
"2380",1991,2,85 - 89,71,72
"2380",1991,2,90 - 94,0,0
"2380",1991,2,95+,0,0
"2380",1991,2,UNK,1,3
"2380",1991,3,Total,1775,2606
"2380",1991,3,0,2,3
"2380",1991,3,1,1,0
"2380",1991,3,2,1,0
"2380",1991,3,3,0,0
"2380",1991,3,4,2,1
"2380",1991,3,5 - 9,3,7
"2380",1991,3,10 - 14,5,2
"2380",1991,3,15 - 19,8,10
"2380",1991,3,20 - 24,4,7
"2380",1991,3,25 - 29,14,14
"2380",1991,3,30 - 34,18,16
"2380",1991,3,35 - 39,53,22
"2380",1991,3,40 - 44,77,52
"2380",1991,3,45 - 49,89,91
"2380",1991,3,50 - 54,112,138
"2380",1991,3,55 - 59,141,179
"2380",1991,3,60 - 64,133,256
"2380",1991,3,65 - 69,211,330
"2380",1991,3,70 - 74,213,376
"2380",1991,3,75 - 79,265,426
"2380",1991,3,80 - 84,198,344
"2380",1991,3,85 - 89,225,328
"2380",1991,3,90 - 94,0,0
"2380",1991,3,95+,0,0
"2380",1991,3,UNK,0,4
"2380",1991,4,Total,3967,4526
"2380",1991,4,0,11,13
"2380",1991,4,1,0,1
"2380",1991,4,2,0,1
"2380",1991,4,3,1,0
"2380",1991,4,4,0,1
"2380",1991,4,5 - 9,1,4
"2380",1991,4,10 - 14,4,1
"2380",1991,4,15 - 19,4,12
"2380",1991,4,20 - 24,5,9
"2380",1991,4,25 - 29,8,13
"2380",1991,4,30 - 34,18,26
"2380",1991,4,35 - 39,18,42
"2380",1991,4,40 - 44,35,80
"2380",1991,4,45 - 49,52,127
"2380",1991,4,50 - 54,86,178
"2380",1991,4,55 - 59,133,269
"2380",1991,4,60 - 64,223,372
"2380",1991,4,65 - 69,341,501
"2380",1991,4,70 - 74,443,597
"2380",1991,4,75 - 79,636,693
"2380",1991,4,80 - 84,680,638
"2380",1991,4,85 - 89,1260,933
"2380",1991,4,90 - 94,0,0
"2380",1991,4,95+,0,0
"2380",1991,4,UNK,8,15
"2380",1991,5,Total,82,69
"2380",1991,5,0,7,9
"2380",1991,5,1,1,1
"2380",1991,5,2,0,0
"2380",1991,5,3,0,0
"2380",1991,5,4,0,0
"2380",1991,5,5 - 9,1,0
"2380",1991,5,10 - 14,0,1
"2380",1991,5,15 - 19,0,2
"2380",1991,5,20 - 24,1,0
"2380",1991,5,25 - 29,1,2
"2380",1991,5,30 - 34,0,1
"2380",1991,5,35 - 39,0,3
"2380",1991,5,40 - 44,2,1
"2380",1991,5,45 - 49,1,1
"2380",1991,5,50 - 54,1,2
"2380",1991,5,55 - 59,0,1
"2380",1991,5,60 - 64,3,3
"2380",1991,5,65 - 69,3,2
"2380",1991,5,70 - 74,9,5
"2380",1991,5,75 - 79,8,2
"2380",1991,5,80 - 84,11,10
"2380",1991,5,85 - 89,31,21
"2380",1991,5,90 - 94,0,0
"2380",1991,5,95+,0,0
"2380",1991,5,UNK,2,2
"2380",1991,6,Total,84,269
"2380",1991,6,0,1,0
"2380",1991,6,1,0,0
"2380",1991,6,2,0,0
"2380",1991,6,3,0,0
"2380",1991,6,4,0,0
"2380",1991,6,5 - 9,0,0
"2380",1991,6,10 - 14,1,0
"2380",1991,6,15 - 19,2,0
"2380",1991,6,20 - 24,0,0
"2380",1991,6,25 - 29,0,7
"2380",1991,6,30 - 34,0,6
"2380",1991,6,35 - 39,4,21
"2380",1991,6,40 - 44,1,26
"2380",1991,6,45 - 49,4,28
"2380",1991,6,50 - 54,1,26
"2380",1991,6,55 - 59,3,33
"2380",1991,6,60 - 64,8,20
"2380",1991,6,65 - 69,4,22
"2380",1991,6,70 - 74,8,16
"2380",1991,6,75 - 79,4,18
"2380",1991,6,80 - 84,14,17
"2380",1991,6,85 - 89,29,26
"2380",1991,6,90 - 94,0,0
"2380",1991,6,95+,0,0
"2380",1991,6,UNK,0,3
"2380",1991,7,Total,268,292
"2380",1991,7,0,15,8
"2380",1991,7,1,3,1
"2380",1991,7,2,0,1
"2380",1991,7,3,1,1
"2380",1991,7,4,1,2
"2380",1991,7,5 - 9,4,3
"2380",1991,7,10 - 14,3,4
"2380",1991,7,15 - 19,3,7
"2380",1991,7,20 - 24,3,8
"2380",1991,7,25 - 29,6,9
"2380",1991,7,30 - 34,5,10
"2380",1991,7,35 - 39,5,14
"2380",1991,7,40 - 44,4,13
"2380",1991,7,45 - 49,11,12
"2380",1991,7,50 - 54,7,15
"2380",1991,7,55 - 59,14,13
"2380",1991,7,60 - 64,18,16
"2380",1991,7,65 - 69,19,31
"2380",1991,7,70 - 74,26,17
"2380",1991,7,75 - 79,38,42
"2380",1991,7,80 - 84,42,36
"2380",1991,7,85 - 89,39,28
"2380",1991,7,90 - 94,0,0
"2380",1991,7,95+,0,0
"2380",1991,7,UNK,1,1
"2380",1991,8,Total,1406,1965
"2380",1991,8,0,8,7
"2380",1991,8,1,4,1
"2380",1991,8,2,0,2
"2380",1991,8,3,1,2
"2380",1991,8,4,1,1
"2380",1991,8,5 - 9,3,2
"2380",1991,8,10 - 14,2,3
"2380",1991,8,15 - 19,4,2
"2380",1991,8,20 - 24,22,29
"2380",1991,8,25 - 29,58,143
"2380",1991,8,30 - 34,56,225
"2380",1991,8,35 - 39,68,252
"2380",1991,8,40 - 44,41,182
"2380",1991,8,45 - 49,33,123
"2380",1991,8,50 - 54,44,71
"2380",1991,8,55 - 59,62,92
"2380",1991,8,60 - 64,87,117
"2380",1991,8,65 - 69,110,136
"2380",1991,8,70 - 74,139,115
"2380",1991,8,75 - 79,194,171
"2380",1991,8,80 - 84,200,124
"2380",1991,8,85 - 89,269,157
"2380",1991,8,90 - 94,0,0
"2380",1991,8,95+,0,0
"2380",1991,8,UNK,0,8
"2380",1991,9,Total,461,1047
"2380",1991,9,0,7,4
"2380",1991,9,1,0,1
"2380",1991,9,2,1,0
"2380",1991,9,3,0,0
"2380",1991,9,4,0,1
"2380",1991,9,5 - 9,0,0
"2380",1991,9,10 - 14,2,2
"2380",1991,9,15 - 19,1,4
"2380",1991,9,20 - 24,1,6
"2380",1991,9,25 - 29,2,9
"2380",1991,9,30 - 34,6,19
"2380",1991,9,35 - 39,3,47
"2380",1991,9,40 - 44,13,91
"2380",1991,9,45 - 49,24,91
"2380",1991,9,50 - 54,16,104
"2380",1991,9,55 - 59,32,107
"2380",1991,9,60 - 64,38,107
"2380",1991,9,65 - 69,52,96
"2380",1991,9,70 - 74,62,120
"2380",1991,9,75 - 79,55,70
"2380",1991,9,80 - 84,62,73
"2380",1991,9,85 - 89,84,93
"2380",1991,9,90 - 94,0,0
"2380",1991,9,95+,0,0
"2380",1991,9,UNK,0,2
"2380",1991,10,Total,287,374
"2380",1991,10,0,1,3
"2380",1991,10,1,0,0
"2380",1991,10,2,0,1
"2380",1991,10,3,0,0
"2380",1991,10,4,0,0
"2380",1991,10,5 - 9,0,0
"2380",1991,10,10 - 14,0,0
"2380",1991,10,15 - 19,1,0
"2380",1991,10,20 - 24,2,3
"2380",1991,10,25 - 29,3,6
"2380",1991,10,30 - 34,1,6
"2380",1991,10,35 - 39,5,6
"2380",1991,10,40 - 44,3,9
"2380",1991,10,45 - 49,6,7
"2380",1991,10,50 - 54,3,9
"2380",1991,10,55 - 59,7,15
"2380",1991,10,60 - 64,23,36
"2380",1991,10,65 - 69,19,37
"2380",1991,10,70 - 74,27,46
"2380",1991,10,75 - 79,50,50
"2380",1991,10,80 - 84,59,52
"2380",1991,10,85 - 89,77,87
"2380",1991,10,90 - 94,0,0
"2380",1991,10,95+,0,0
"2380",1991,10,UNK,0,1
"2380",1991,11,Total,301,424
"2380",1991,11,0,273,385
"2380",1991,11,1,2,5
"2380",1991,11,2,3,3
"2380",1991,11,3,0,1
"2380",1991,11,4,1,1
"2380",1991,11,5 - 9,1,1
"2380",1991,11,10 - 14,2,2
"2380",1991,11,15 - 19,2,1
"2380",1991,11,20 - 24,2,3
"2380",1991,11,25 - 29,2,4
"2380",1991,11,30 - 34,0,2
"2380",1991,11,35 - 39,2,3
"2380",1991,11,40 - 44,3,0
"2380",1991,11,45 - 49,0,0
"2380",1991,11,50 - 54,0,1
"2380",1991,11,55 - 59,2,2
"2380",1991,11,60 - 64,0,1
"2380",1991,11,65 - 69,4,0
"2380",1991,11,70 - 74,1,2
"2380",1991,11,75 - 79,0,3
"2380",1991,11,80 - 84,0,3
"2380",1991,11,85 - 89,1,1
"2380",1991,11,90 - 94,0,0
"2380",1991,11,95+,0,0
"2380",1991,11,UNK,0,0
"2380",1991,12,Total,1217,1349
"2380",1991,12,0,20,29
"2380",1991,12,1,3,3
"2380",1991,12,2,5,1
"2380",1991,12,3,0,0
"2380",1991,12,4,2,1
"2380",1991,12,5 - 9,0,1
"2380",1991,12,10 - 14,3,2
"2380",1991,12,15 - 19,2,3
"2380",1991,12,20 - 24,7,5
"2380",1991,12,25 - 29,9,15
"2380",1991,12,30 - 34,13,27
"2380",1991,12,35 - 39,11,28
"2380",1991,12,40 - 44,9,33
"2380",1991,12,45 - 49,19,28
"2380",1991,12,50 - 54,24,35
"2380",1991,12,55 - 59,25,44
"2380",1991,12,60 - 64,57,85
"2380",1991,12,65 - 69,83,99
"2380",1991,12,70 - 74,120,144
"2380",1991,12,75 - 79,177,202
"2380",1991,12,80 - 84,203,209
"2380",1991,12,85 - 89,425,353
"2380",1991,12,90 - 94,0,0
"2380",1991,12,95+,0,0
"2380",1991,12,UNK,0,2
"2380",1991,13,Total,310,1387
"2380",1991,13,0,7,6
"2380",1991,13,1,5,11
"2380",1991,13,2,5,3
"2380",1991,13,3,1,3
"2380",1991,13,4,2,4
"2380",1991,13,5 - 9,4,18
"2380",1991,13,10 - 14,6,30
"2380",1991,13,15 - 19,15,111
"2380",1991,13,20 - 24,14,129
"2380",1991,13,25 - 29,13,113
"2380",1991,13,30 - 34,19,125
"2380",1991,13,35 - 39,18,123
"2380",1991,13,40 - 44,12,111
"2380",1991,13,45 - 49,15,105
"2380",1991,13,50 - 54,18,78
"2380",1991,13,55 - 59,15,71
"2380",1991,13,60 - 64,14,55
"2380",1991,13,65 - 69,19,69
"2380",1991,13,70 - 74,15,62
"2380",1991,13,75 - 79,21,55
"2380",1991,13,80 - 84,13,55
"2380",1991,13,85 - 89,55,39
"2380",1991,13,90 - 94,0,0
"2380",1991,13,95+,0,0
"2380",1991,13,UNK,4,11
"2380",1991,14,Total,107,696
"2380",1991,14,0,1,1
"2380",1991,14,1,0,0
"2380",1991,14,2,1,3
"2380",1991,14,3,0,1
"2380",1991,14,4,0,0
"2380",1991,14,5 - 9,3,2
"2380",1991,14,10 - 14,2,6
"2380",1991,14,15 - 19,12,126
"2380",1991,14,20 - 24,17,144
"2380",1991,14,25 - 29,18,105
"2380",1991,14,30 - 34,14,98
"2380",1991,14,35 - 39,15,70
"2380",1991,14,40 - 44,8,34
"2380",1991,14,45 - 49,1,33
"2380",1991,14,50 - 54,2,19
"2380",1991,14,55 - 59,4,12
"2380",1991,14,60 - 64,2,10
"2380",1991,14,65 - 69,3,6
"2380",1991,14,70 - 74,2,6
"2380",1991,14,75 - 79,0,11
"2380",1991,14,80 - 84,0,4
"2380",1991,14,85 - 89,1,1
"2380",1991,14,90 - 94,0,0
"2380",1991,14,95+,0,0
"2380",1991,14,UNK,1,4
"2380",1992,1,Total,11223,16173
"2380",1992,1,0,360,460
"2380",1992,1,1,19,30
"2380",1992,1,2,9,17
"2380",1992,1,3,6,12
"2380",1992,1,4,14,8
"2380",1992,1,5 - 9,35,44
"2380",1992,1,10 - 14,21,48
"2380",1992,1,15 - 19,51,235
"2380",1992,1,20 - 24,98,374
"2380",1992,1,25 - 29,148,504
"2380",1992,1,30 - 34,192,611
"2380",1992,1,35 - 39,208,692
"2380",1992,1,40 - 44,235,713
"2380",1992,1,45 - 49,262,729
"2380",1992,1,50 - 54,343,762
"2380",1992,1,55 - 59,449,815
"2380",1992,1,60 - 64,649,1127
"2380",1992,1,65 - 69,940,1434
"2380",1992,1,70 - 74,1208,1734
"2380",1992,1,75 - 79,1452,1798
"2380",1992,1,80 - 84,1695,1717
"2380",1992,1,85 - 89,2812,2237
"2380",1992,1,90 - 94,0,0
"2380",1992,1,95+,0,0
"2380",1992,1,UNK,17,72
"2380",1992,2,Total,300,371
"2380",1992,2,0,9,3
"2380",1992,2,1,2,0
"2380",1992,2,2,1,1
"2380",1992,2,3,0,1
"2380",1992,2,4,0,0
"2380",1992,2,5 - 9,2,1
"2380",1992,2,10 - 14,1,0
"2380",1992,2,15 - 19,1,2
"2380",1992,2,20 - 24,4,5
"2380",1992,2,25 - 29,4,11
"2380",1992,2,30 - 34,6,12
"2380",1992,2,35 - 39,6,22
"2380",1992,2,40 - 44,14,21
"2380",1992,2,45 - 49,8,22
"2380",1992,2,50 - 54,6,17
"2380",1992,2,55 - 59,9,11
"2380",1992,2,60 - 64,13,22
"2380",1992,2,65 - 69,19,22
"2380",1992,2,70 - 74,28,44
"2380",1992,2,75 - 79,40,42
"2380",1992,2,80 - 84,50,47
"2380",1992,2,85 - 89,77,59
"2380",1992,2,90 - 94,0,0
"2380",1992,2,95+,0,0
"2380",1992,2,UNK,0,6
"2380",1992,3,Total,1854,2636
"2380",1992,3,0,0,4
"2380",1992,3,1,0,1
"2380",1992,3,2,0,1
"2380",1992,3,3,0,3
"2380",1992,3,4,2,3
"2380",1992,3,5 - 9,3,12
"2380",1992,3,10 - 14,4,4
"2380",1992,3,15 - 19,6,7
"2380",1992,3,20 - 24,10,10
"2380",1992,3,25 - 29,12,9
"2380",1992,3,30 - 34,21,11
"2380",1992,3,35 - 39,37,30
"2380",1992,3,40 - 44,69,46
"2380",1992,3,45 - 49,73,78
"2380",1992,3,50 - 54,111,132
"2380",1992,3,55 - 59,136,174
"2380",1992,3,60 - 64,169,235
"2380",1992,3,65 - 69,240,327
"2380",1992,3,70 - 74,249,401
"2380",1992,3,75 - 79,238,387
"2380",1992,3,80 - 84,229,357
"2380",1992,3,85 - 89,243,404
"2380",1992,3,90 - 94,0,0
"2380",1992,3,95+,0,0
"2380",1992,3,UNK,2,0
"2380",1992,4,Total,4030,4616
"2380",1992,4,0,10,11
"2380",1992,4,1,0,1
"2380",1992,4,2,1,1
"2380",1992,4,3,0,0
"2380",1992,4,4,0,0
"2380",1992,4,5 - 9,3,2
"2380",1992,4,10 - 14,2,2
"2380",1992,4,15 - 19,4,6
"2380",1992,4,20 - 24,5,6
"2380",1992,4,25 - 29,11,14
"2380",1992,4,30 - 34,16,22
"2380",1992,4,35 - 39,19,51
"2380",1992,4,40 - 44,34,78
"2380",1992,4,45 - 49,58,143
"2380",1992,4,50 - 54,94,202
"2380",1992,4,55 - 59,110,258
"2380",1992,4,60 - 64,197,384
"2380",1992,4,65 - 69,333,514
"2380",1992,4,70 - 74,472,649
"2380",1992,4,75 - 79,621,729
"2380",1992,4,80 - 84,729,655
"2380",1992,4,85 - 89,1308,868
"2380",1992,4,90 - 94,0,0
"2380",1992,4,95+,0,0
"2380",1992,4,UNK,3,20
"2380",1992,5,Total,114,109
"2380",1992,5,0,5,8
"2380",1992,5,1,0,0
"2380",1992,5,2,1,0
"2380",1992,5,3,0,0
"2380",1992,5,4,0,0
"2380",1992,5,5 - 9,0,0
"2380",1992,5,10 - 14,0,0
"2380",1992,5,15 - 19,1,0
"2380",1992,5,20 - 24,0,0
"2380",1992,5,25 - 29,1,3
"2380",1992,5,30 - 34,3,1
"2380",1992,5,35 - 39,0,2
"2380",1992,5,40 - 44,1,1
"2380",1992,5,45 - 49,2,3
"2380",1992,5,50 - 54,1,2
"2380",1992,5,55 - 59,2,1
"2380",1992,5,60 - 64,5,1
"2380",1992,5,65 - 69,5,8
"2380",1992,5,70 - 74,4,5
"2380",1992,5,75 - 79,8,19
"2380",1992,5,80 - 84,10,10
"2380",1992,5,85 - 89,64,43
"2380",1992,5,90 - 94,0,0
"2380",1992,5,95+,0,0
"2380",1992,5,UNK,1,2
"2380",1992,6,Total,95,277
"2380",1992,6,0,1,0
"2380",1992,6,1,0,0
"2380",1992,6,2,0,0
"2380",1992,6,3,0,1
"2380",1992,6,4,1,0
"2380",1992,6,5 - 9,1,0
"2380",1992,6,10 - 14,0,2
"2380",1992,6,15 - 19,1,1
"2380",1992,6,20 - 24,1,1
"2380",1992,6,25 - 29,2,4
"2380",1992,6,30 - 34,3,7
"2380",1992,6,35 - 39,6,13
"2380",1992,6,40 - 44,2,26
"2380",1992,6,45 - 49,0,32
"2380",1992,6,50 - 54,4,25
"2380",1992,6,55 - 59,6,31
"2380",1992,6,60 - 64,5,21
"2380",1992,6,65 - 69,4,22
"2380",1992,6,70 - 74,5,23
"2380",1992,6,75 - 79,6,18
"2380",1992,6,80 - 84,13,19
"2380",1992,6,85 - 89,34,24
"2380",1992,6,90 - 94,0,0
"2380",1992,6,95+,0,0
"2380",1992,6,UNK,0,7
"2380",1992,7,Total,282,310
"2380",1992,7,0,9,10
"2380",1992,7,1,1,3
"2380",1992,7,2,0,4
"2380",1992,7,3,1,1
"2380",1992,7,4,2,0
"2380",1992,7,5 - 9,6,6
"2380",1992,7,10 - 14,3,3
"2380",1992,7,15 - 19,2,5
"2380",1992,7,20 - 24,6,7
"2380",1992,7,25 - 29,5,11
"2380",1992,7,30 - 34,5,11
"2380",1992,7,35 - 39,6,12
"2380",1992,7,40 - 44,10,8
"2380",1992,7,45 - 49,10,15
"2380",1992,7,50 - 54,13,16
"2380",1992,7,55 - 59,14,10
"2380",1992,7,60 - 64,11,18
"2380",1992,7,65 - 69,23,16
"2380",1992,7,70 - 74,23,30
"2380",1992,7,75 - 79,37,50
"2380",1992,7,80 - 84,43,42
"2380",1992,7,85 - 89,52,32
"2380",1992,7,90 - 94,0,0
"2380",1992,7,95+,0,0
"2380",1992,7,UNK,0,0
"2380",1992,8,Total,1492,2262
"2380",1992,8,0,10,10
"2380",1992,8,1,0,6
"2380",1992,8,2,1,0
"2380",1992,8,3,1,0
"2380",1992,8,4,0,0
"2380",1992,8,5 - 9,6,3
"2380",1992,8,10 - 14,0,3
"2380",1992,8,15 - 19,2,3
"2380",1992,8,20 - 24,14,19
"2380",1992,8,25 - 29,53,153
"2380",1992,8,30 - 34,67,259
"2380",1992,8,35 - 39,65,280
"2380",1992,8,40 - 44,53,242
"2380",1992,8,45 - 49,32,152
"2380",1992,8,50 - 54,35,108
"2380",1992,8,55 - 59,67,81
"2380",1992,8,60 - 64,107,127
"2380",1992,8,65 - 69,123,172
"2380",1992,8,70 - 74,174,162
"2380",1992,8,75 - 79,185,166
"2380",1992,8,80 - 84,224,128
"2380",1992,8,85 - 89,271,185
"2380",1992,8,90 - 94,0,0
"2380",1992,8,95+,0,0
"2380",1992,8,UNK,2,3
"2380",1992,9,Total,495,974
"2380",1992,9,0,9,3
"2380",1992,9,1,0,2
"2380",1992,9,2,0,2
"2380",1992,9,3,0,0
"2380",1992,9,4,0,0
"2380",1992,9,5 - 9,0,1
"2380",1992,9,10 - 14,0,1
"2380",1992,9,15 - 19,1,2
"2380",1992,9,20 - 24,2,2
"2380",1992,9,25 - 29,6,7
"2380",1992,9,30 - 34,8,16
"2380",1992,9,35 - 39,9,45
"2380",1992,9,40 - 44,11,72
"2380",1992,9,45 - 49,16,110
"2380",1992,9,50 - 54,21,96
"2380",1992,9,55 - 59,28,93
"2380",1992,9,60 - 64,42,107
"2380",1992,9,65 - 69,50,90
"2380",1992,9,70 - 74,63,101
"2380",1992,9,75 - 79,66,77
"2380",1992,9,80 - 84,63,77
"2380",1992,9,85 - 89,100,68
"2380",1992,9,90 - 94,0,0
"2380",1992,9,95+,0,0
"2380",1992,9,UNK,0,2
"2380",1992,10,Total,306,404
"2380",1992,10,0,1,3
"2380",1992,10,1,0,1
"2380",1992,10,2,2,0
"2380",1992,10,3,1,0
"2380",1992,10,4,0,0
"2380",1992,10,5 - 9,0,0
"2380",1992,10,10 - 14,0,0
"2380",1992,10,15 - 19,0,0
"2380",1992,10,20 - 24,2,2
"2380",1992,10,25 - 29,3,2
"2380",1992,10,30 - 34,2,6
"2380",1992,10,35 - 39,4,8
"2380",1992,10,40 - 44,1,12
"2380",1992,10,45 - 49,13,10
"2380",1992,10,50 - 54,11,21
"2380",1992,10,55 - 59,18,24
"2380",1992,10,60 - 64,21,28
"2380",1992,10,65 - 69,23,40
"2380",1992,10,70 - 74,28,52
"2380",1992,10,75 - 79,50,50
"2380",1992,10,80 - 84,48,54
"2380",1992,10,85 - 89,76,90
"2380",1992,10,90 - 94,0,0
"2380",1992,10,95+,0,0
"2380",1992,10,UNK,2,1
"2380",1992,11,Total,314,389
"2380",1992,11,0,290,358
"2380",1992,11,1,4,6
"2380",1992,11,2,0,2
"2380",1992,11,3,0,1
"2380",1992,11,4,0,0
"2380",1992,11,5 - 9,3,1
"2380",1992,11,10 - 14,0,1
"2380",1992,11,15 - 19,4,3
"2380",1992,11,20 - 24,0,0
"2380",1992,11,25 - 29,0,1
"2380",1992,11,30 - 34,3,2
"2380",1992,11,35 - 39,1,4
"2380",1992,11,40 - 44,2,1
"2380",1992,11,45 - 49,0,1
"2380",1992,11,50 - 54,0,1
"2380",1992,11,55 - 59,0,0
"2380",1992,11,60 - 64,0,1
"2380",1992,11,65 - 69,1,0
"2380",1992,11,70 - 74,2,1
"2380",1992,11,75 - 79,0,1
"2380",1992,11,80 - 84,2,1
"2380",1992,11,85 - 89,2,2
"2380",1992,11,90 - 94,0,0
"2380",1992,11,95+,0,0
"2380",1992,11,UNK,0,1
"2380",1992,12,Total,1278,1469
"2380",1992,12,0,8,29
"2380",1992,12,1,7,4
"2380",1992,12,2,0,0
"2380",1992,12,3,0,1
"2380",1992,12,4,1,0
"2380",1992,12,5 - 9,3,1
"2380",1992,12,10 - 14,3,0
"2380",1992,12,15 - 19,3,5
"2380",1992,12,20 - 24,8,5
"2380",1992,12,25 - 29,13,24
"2380",1992,12,30 - 34,12,19
"2380",1992,12,35 - 39,20,22
"2380",1992,12,40 - 44,11,30
"2380",1992,12,45 - 49,20,30
"2380",1992,12,50 - 54,24,37
"2380",1992,12,55 - 59,31,41
"2380",1992,12,60 - 64,54,97
"2380",1992,12,65 - 69,92,129
"2380",1992,12,70 - 74,118,171
"2380",1992,12,75 - 79,156,184
"2380",1992,12,80 - 84,219,264
"2380",1992,12,85 - 89,474,374
"2380",1992,12,90 - 94,0,0
"2380",1992,12,95+,0,0
"2380",1992,12,UNK,1,2
"2380",1992,13,Total,349,1389
"2380",1992,13,0,8,16
"2380",1992,13,1,3,5
"2380",1992,13,2,3,6
"2380",1992,13,3,2,3
"2380",1992,13,4,4,5
"2380",1992,13,5 - 9,8,16
"2380",1992,13,10 - 14,4,26
"2380",1992,13,15 - 19,14,89
"2380",1992,13,20 - 24,27,129
"2380",1992,13,25 - 29,20,137
"2380",1992,13,30 - 34,22,150
"2380",1992,13,35 - 39,23,125
"2380",1992,13,40 - 44,14,116
"2380",1992,13,45 - 49,23,102
"2380",1992,13,50 - 54,15,71
"2380",1992,13,55 - 59,18,66
"2380",1992,13,60 - 64,13,58
"2380",1992,13,65 - 69,16,62
"2380",1992,13,70 - 74,21,62
"2380",1992,13,75 - 79,21,51
"2380",1992,13,80 - 84,26,34
"2380",1992,13,85 - 89,39,43
"2380",1992,13,90 - 94,0,0
"2380",1992,13,95+,0,0
"2380",1992,13,UNK,5,17
"2380",1992,14,Total,75,776
"2380",1992,14,0,0,1
"2380",1992,14,1,0,1
"2380",1992,14,2,0,0
"2380",1992,14,3,0,1
"2380",1992,14,4,2,0
"2380",1992,14,5 - 9,0,1
"2380",1992,14,10 - 14,4,6
"2380",1992,14,15 - 19,7,111
"2380",1992,14,20 - 24,13,186
"2380",1992,14,25 - 29,12,128
"2380",1992,14,30 - 34,14,87
"2380",1992,14,35 - 39,7,75
"2380",1992,14,40 - 44,4,50
"2380",1992,14,45 - 49,0,26
"2380",1992,14,50 - 54,3,27
"2380",1992,14,55 - 59,1,17
"2380",1992,14,60 - 64,1,16
"2380",1992,14,65 - 69,2,14
"2380",1992,14,70 - 74,0,9
"2380",1992,14,75 - 79,2,5
"2380",1992,14,80 - 84,1,2
"2380",1992,14,85 - 89,1,2
"2380",1992,14,90 - 94,0,0
"2380",1992,14,95+,0,0
"2380",1992,14,UNK,1,11
"2380",1993,1,Total,11701,16791
"2380",1993,1,0,388,486
"2380",1993,1,1,25,24
"2380",1993,1,2,16,16
"2380",1993,1,3,12,10
"2380",1993,1,4,13,11
"2380",1993,1,5 - 9,20,31
"2380",1993,1,10 - 14,25,44
"2380",1993,1,15 - 19,75,286
"2380",1993,1,20 - 24,92,455
"2380",1993,1,25 - 29,138,479
"2380",1993,1,30 - 34,196,684
"2380",1993,1,35 - 39,227,755
"2380",1993,1,40 - 44,253,749
"2380",1993,1,45 - 49,285,706
"2380",1993,1,50 - 54,357,763
"2380",1993,1,55 - 59,474,859
"2380",1993,1,60 - 64,705,1191
"2380",1993,1,65 - 69,921,1434
"2380",1993,1,70 - 74,1242,1756
"2380",1993,1,75 - 79,1493,1728
"2380",1993,1,80 - 84,1759,1887
"2380",1993,1,85 - 89,2973,2369
"2380",1993,1,90 - 94,0,0
"2380",1993,1,95+,0,0
"2380",1993,1,UNK,12,68
"2380",1993,2,Total,320,401
"2380",1993,2,0,10,10
"2380",1993,2,1,2,3
"2380",1993,2,2,0,2
"2380",1993,2,3,0,0
"2380",1993,2,4,1,1
"2380",1993,2,5 - 9,0,1
"2380",1993,2,10 - 14,1,2
"2380",1993,2,15 - 19,1,3
"2380",1993,2,20 - 24,3,4
"2380",1993,2,25 - 29,2,5
"2380",1993,2,30 - 34,14,18
"2380",1993,2,35 - 39,5,16
"2380",1993,2,40 - 44,13,22
"2380",1993,2,45 - 49,1,18
"2380",1993,2,50 - 54,7,15
"2380",1993,2,55 - 59,10,25
"2380",1993,2,60 - 64,27,25
"2380",1993,2,65 - 69,26,37
"2380",1993,2,70 - 74,21,55
"2380",1993,2,75 - 79,25,31
"2380",1993,2,80 - 84,53,40
"2380",1993,2,85 - 89,96,68
"2380",1993,2,90 - 94,0,0
"2380",1993,2,95+,0,0
"2380",1993,2,UNK,2,0
"2380",1993,3,Total,1841,2704
"2380",1993,3,0,2,1
"2380",1993,3,1,2,2
"2380",1993,3,2,3,3
"2380",1993,3,3,1,3
"2380",1993,3,4,2,1
"2380",1993,3,5 - 9,1,6
"2380",1993,3,10 - 14,5,5
"2380",1993,3,15 - 19,7,4
"2380",1993,3,20 - 24,11,7
"2380",1993,3,25 - 29,12,15
"2380",1993,3,30 - 34,31,21
"2380",1993,3,35 - 39,35,31
"2380",1993,3,40 - 44,61,48
"2380",1993,3,45 - 49,90,82
"2380",1993,3,50 - 54,124,120
"2380",1993,3,55 - 59,146,168
"2380",1993,3,60 - 64,176,276
"2380",1993,3,65 - 69,187,351
"2380",1993,3,70 - 74,268,413
"2380",1993,3,75 - 79,235,385
"2380",1993,3,80 - 84,211,375
"2380",1993,3,85 - 89,231,386
"2380",1993,3,90 - 94,0,0
"2380",1993,3,95+,0,0
"2380",1993,3,UNK,0,1
"2380",1993,4,Total,4096,4683
"2380",1993,4,0,8,14
"2380",1993,4,1,1,0
"2380",1993,4,2,1,0
"2380",1993,4,3,2,0
"2380",1993,4,4,0,0
"2380",1993,4,5 - 9,1,2
"2380",1993,4,10 - 14,1,2
"2380",1993,4,15 - 19,5,11
"2380",1993,4,20 - 24,6,14
"2380",1993,4,25 - 29,12,24
"2380",1993,4,30 - 34,12,29
"2380",1993,4,35 - 39,25,58
"2380",1993,4,40 - 44,37,86
"2380",1993,4,45 - 49,57,119
"2380",1993,4,50 - 54,87,196
"2380",1993,4,55 - 59,135,254
"2380",1993,4,60 - 64,239,402
"2380",1993,4,65 - 69,326,497
"2380",1993,4,70 - 74,481,628
"2380",1993,4,75 - 79,579,622
"2380",1993,4,80 - 84,757,769
"2380",1993,4,85 - 89,1321,948
"2380",1993,4,90 - 94,0,0
"2380",1993,4,95+,0,0
"2380",1993,4,UNK,3,8
"2380",1993,5,Total,118,112
"2380",1993,5,0,9,14
"2380",1993,5,1,0,0
"2380",1993,5,2,1,0
"2380",1993,5,3,0,0
"2380",1993,5,4,1,1
"2380",1993,5,5 - 9,1,0
"2380",1993,5,10 - 14,1,0
"2380",1993,5,15 - 19,0,1
"2380",1993,5,20 - 24,1,4
"2380",1993,5,25 - 29,0,1
"2380",1993,5,30 - 34,1,1
"2380",1993,5,35 - 39,1,2
"2380",1993,5,40 - 44,0,3
"2380",1993,5,45 - 49,3,3
"2380",1993,5,50 - 54,3,4
"2380",1993,5,55 - 59,2,1
"2380",1993,5,60 - 64,3,4
"2380",1993,5,65 - 69,3,7
"2380",1993,5,70 - 74,4,9
"2380",1993,5,75 - 79,5,11
"2380",1993,5,80 - 84,15,9
"2380",1993,5,85 - 89,63,37
"2380",1993,5,90 - 94,0,0
"2380",1993,5,95+,0,0
"2380",1993,5,UNK,1,0
"2380",1993,6,Total,108,281
"2380",1993,6,0,0,0
"2380",1993,6,1,0,1
"2380",1993,6,2,0,0
"2380",1993,6,3,0,1
"2380",1993,6,4,0,0
"2380",1993,6,5 - 9,0,0
"2380",1993,6,10 - 14,0,0
"2380",1993,6,15 - 19,0,1
"2380",1993,6,20 - 24,1,0
"2380",1993,6,25 - 29,0,4
"2380",1993,6,30 - 34,3,3
"2380",1993,6,35 - 39,5,24
"2380",1993,6,40 - 44,2,25
"2380",1993,6,45 - 49,3,23
"2380",1993,6,50 - 54,3,25
"2380",1993,6,55 - 59,1,22
"2380",1993,6,60 - 64,3,22
"2380",1993,6,65 - 69,2,23
"2380",1993,6,70 - 74,6,22
"2380",1993,6,75 - 79,7,23
"2380",1993,6,80 - 84,18,21
"2380",1993,6,85 - 89,54,38
"2380",1993,6,90 - 94,0,0
"2380",1993,6,95+,0,0
"2380",1993,6,UNK,0,3
"2380",1993,7,Total,321,373
"2380",1993,7,0,7,8
"2380",1993,7,1,1,1
"2380",1993,7,2,0,1
"2380",1993,7,3,2,0
"2380",1993,7,4,3,2
"2380",1993,7,5 - 9,1,3
"2380",1993,7,10 - 14,2,3
"2380",1993,7,15 - 19,4,7
"2380",1993,7,20 - 24,3,7
"2380",1993,7,25 - 29,7,7
"2380",1993,7,30 - 34,5,15
"2380",1993,7,35 - 39,10,12
"2380",1993,7,40 - 44,11,13
"2380",1993,7,45 - 49,13,12
"2380",1993,7,50 - 54,8,13
"2380",1993,7,55 - 59,13,11
"2380",1993,7,60 - 64,11,20
"2380",1993,7,65 - 69,21,31
"2380",1993,7,70 - 74,32,36
"2380",1993,7,75 - 79,51,42
"2380",1993,7,80 - 84,47,61
"2380",1993,7,85 - 89,69,67
"2380",1993,7,90 - 94,0,0
"2380",1993,7,95+,0,0
"2380",1993,7,UNK,0,1
"2380",1993,8,Total,1589,2261
"2380",1993,8,0,6,10
"2380",1993,8,1,1,6
"2380",1993,8,2,3,2
"2380",1993,8,3,2,1
"2380",1993,8,4,2,4
"2380",1993,8,5 - 9,8,3
"2380",1993,8,10 - 14,3,1
"2380",1993,8,15 - 19,2,1
"2380",1993,8,20 - 24,15,28
"2380",1993,8,25 - 29,44,121
"2380",1993,8,30 - 34,65,247
"2380",1993,8,35 - 39,82,278
"2380",1993,8,40 - 44,54,241
"2380",1993,8,45 - 49,43,154
"2380",1993,8,50 - 54,44,133
"2380",1993,8,55 - 59,67,97
"2380",1993,8,60 - 64,104,114
"2380",1993,8,65 - 69,131,154
"2380",1993,8,70 - 74,161,172
"2380",1993,8,75 - 79,222,179
"2380",1993,8,80 - 84,236,148
"2380",1993,8,85 - 89,294,153
"2380",1993,8,90 - 94,0,0
"2380",1993,8,95+,0,0
"2380",1993,8,UNK,0,14
"2380",1993,9,Total,541,1048
"2380",1993,9,0,8,6
"2380",1993,9,1,0,1
"2380",1993,9,2,1,0
"2380",1993,9,3,0,0
"2380",1993,9,4,0,0
"2380",1993,9,5 - 9,1,1
"2380",1993,9,10 - 14,1,0
"2380",1993,9,15 - 19,1,1
"2380",1993,9,20 - 24,1,5
"2380",1993,9,25 - 29,4,8
"2380",1993,9,30 - 34,6,25
"2380",1993,9,35 - 39,7,42
"2380",1993,9,40 - 44,18,77
"2380",1993,9,45 - 49,23,100
"2380",1993,9,50 - 54,17,99
"2380",1993,9,55 - 59,36,109
"2380",1993,9,60 - 64,46,115
"2380",1993,9,65 - 69,65,108
"2380",1993,9,70 - 74,59,103
"2380",1993,9,75 - 79,81,89
"2380",1993,9,80 - 84,73,75
"2380",1993,9,85 - 89,91,77
"2380",1993,9,90 - 94,0,0
"2380",1993,9,95+,0,0
"2380",1993,9,UNK,2,7
"2380",1993,10,Total,343,419
"2380",1993,10,0,3,0
"2380",1993,10,1,0,0
"2380",1993,10,2,0,0
"2380",1993,10,3,0,0
"2380",1993,10,4,0,0
"2380",1993,10,5 - 9,0,0
"2380",1993,10,10 - 14,0,0
"2380",1993,10,15 - 19,1,0
"2380",1993,10,20 - 24,1,2
"2380",1993,10,25 - 29,3,6
"2380",1993,10,30 - 34,4,5
"2380",1993,10,35 - 39,3,8
"2380",1993,10,40 - 44,3,12
"2380",1993,10,45 - 49,9,18
"2380",1993,10,50 - 54,11,17
"2380",1993,10,55 - 59,6,21
"2380",1993,10,60 - 64,21,45
"2380",1993,10,65 - 69,30,28
"2380",1993,10,70 - 74,34,59
"2380",1993,10,75 - 79,46,47
"2380",1993,10,80 - 84,65,73
"2380",1993,10,85 - 89,102,78
"2380",1993,10,90 - 94,0,0
"2380",1993,10,95+,0,0
"2380",1993,10,UNK,1,0
"2380",1993,11,Total,335,399
"2380",1993,11,0,310,378
"2380",1993,11,1,5,3
"2380",1993,11,2,1,1
"2380",1993,11,3,3,0
"2380",1993,11,4,1,0
"2380",1993,11,5 - 9,0,1
"2380",1993,11,10 - 14,0,2
"2380",1993,11,15 - 19,1,4
"2380",1993,11,20 - 24,1,2
"2380",1993,11,25 - 29,3,2
"2380",1993,11,30 - 34,1,1
"2380",1993,11,35 - 39,1,1
"2380",1993,11,40 - 44,1,0
"2380",1993,11,45 - 49,1,1
"2380",1993,11,50 - 54,1,1
"2380",1993,11,55 - 59,1,0
"2380",1993,11,60 - 64,0,1
"2380",1993,11,65 - 69,1,0
"2380",1993,11,70 - 74,1,0
"2380",1993,11,75 - 79,1,1
"2380",1993,11,80 - 84,1,0
"2380",1993,11,85 - 89,0,0
"2380",1993,11,90 - 94,0,0
"2380",1993,11,95+,0,0
"2380",1993,11,UNK,0,0
"2380",1993,12,Total,1365,1549
"2380",1993,12,0,13,25
"2380",1993,12,1,3,5
"2380",1993,12,2,2,2
"2380",1993,12,3,0,1
"2380",1993,12,4,0,0
"2380",1993,12,5 - 9,0,2
"2380",1993,12,10 - 14,1,2
"2380",1993,12,15 - 19,8,0
"2380",1993,12,20 - 24,2,4
"2380",1993,12,25 - 29,9,15
"2380",1993,12,30 - 34,15,36
"2380",1993,12,35 - 39,12,22
"2380",1993,12,40 - 44,17,32
"2380",1993,12,45 - 49,15,39
"2380",1993,12,50 - 54,26,34
"2380",1993,12,55 - 59,37,57
"2380",1993,12,60 - 64,48,82
"2380",1993,12,65 - 69,92,122
"2380",1993,12,70 - 74,137,184
"2380",1993,12,75 - 79,188,208
"2380",1993,12,80 - 84,219,251
"2380",1993,12,85 - 89,521,423
"2380",1993,12,90 - 94,0,0
"2380",1993,12,95+,0,0
"2380",1993,12,UNK,0,3
"2380",1993,13,Total,350,1484
"2380",1993,13,0,6,13
"2380",1993,13,1,10,0
"2380",1993,13,2,3,5
"2380",1993,13,3,1,3
"2380",1993,13,4,2,2
"2380",1993,13,5 - 9,7,11
"2380",1993,13,10 - 14,9,17
"2380",1993,13,15 - 19,27,88
"2380",1993,13,20 - 24,24,142
"2380",1993,13,25 - 29,19,142
"2380",1993,13,30 - 34,20,184
"2380",1993,13,35 - 39,27,177
"2380",1993,13,40 - 44,23,130
"2380",1993,13,45 - 49,15,98
"2380",1993,13,50 - 54,12,75
"2380",1993,13,55 - 59,14,65
"2380",1993,13,60 - 64,14,68
"2380",1993,13,65 - 69,16,60
"2380",1993,13,70 - 74,13,53
"2380",1993,13,75 - 79,19,60
"2380",1993,13,80 - 84,20,31
"2380",1993,13,85 - 89,46,39
"2380",1993,13,90 - 94,0,0
"2380",1993,13,95+,0,0
"2380",1993,13,UNK,3,21
"2380",1993,14,Total,100,859
"2380",1993,14,0,2,1
"2380",1993,14,1,0,1
"2380",1993,14,2,0,0
"2380",1993,14,3,1,0
"2380",1993,14,4,0,0
"2380",1993,14,5 - 9,0,0
"2380",1993,14,10 - 14,1,9
"2380",1993,14,15 - 19,15,162
"2380",1993,14,20 - 24,19,235
"2380",1993,14,25 - 29,16,126
"2380",1993,14,30 - 34,11,93
"2380",1993,14,35 - 39,10,78
"2380",1993,14,40 - 44,8,50
"2380",1993,14,45 - 49,5,27
"2380",1993,14,50 - 54,4,21
"2380",1993,14,55 - 59,1,18
"2380",1993,14,60 - 64,2,10
"2380",1993,14,65 - 69,1,6
"2380",1993,14,70 - 74,1,5
"2380",1993,14,75 - 79,2,5
"2380",1993,14,80 - 84,1,2
"2380",1993,14,85 - 89,0,0
"2380",1993,14,90 - 94,0,0
"2380",1993,14,95+,0,0
"2380",1993,14,UNK,0,10
"2380",1994,1,Total,11736,16707
"2380",1994,1,0,341,396
"2380",1994,1,1,14,16
"2380",1994,1,2,4,12
"2380",1994,1,3,9,12
"2380",1994,1,4,2,7
"2380",1994,1,5 - 9,21,32
"2380",1994,1,10 - 14,37,66
"2380",1994,1,15 - 19,56,293
"2380",1994,1,20 - 24,77,436
"2380",1994,1,25 - 29,147,492
"2380",1994,1,30 - 34,210,665
"2380",1994,1,35 - 39,199,714
"2380",1994,1,40 - 44,274,776
"2380",1994,1,45 - 49,329,792
"2380",1994,1,50 - 54,360,787
"2380",1994,1,55 - 59,479,895
"2380",1994,1,60 - 64,667,1116
"2380",1994,1,65 - 69,956,1397
"2380",1994,1,70 - 74,1241,1752
"2380",1994,1,75 - 79,1529,1813
"2380",1994,1,80 - 84,1742,1807
"2380",1994,1,85 - 89,3028,2380
"2380",1994,1,90 - 94,0,0
"2380",1994,1,95+,0,0
"2380",1994,1,UNK,14,51
"2380",1994,2,Total,329,417
"2380",1994,2,0,8,5
"2380",1994,2,1,0,1
"2380",1994,2,2,0,0
"2380",1994,2,3,0,0
"2380",1994,2,4,0,1
"2380",1994,2,5 - 9,1,1
"2380",1994,2,10 - 14,0,0
"2380",1994,2,15 - 19,2,0
"2380",1994,2,20 - 24,6,1
"2380",1994,2,25 - 29,7,10
"2380",1994,2,30 - 34,11,21
"2380",1994,2,35 - 39,4,23
"2380",1994,2,40 - 44,6,25
"2380",1994,2,45 - 49,15,19
"2380",1994,2,50 - 54,8,24
"2380",1994,2,55 - 59,17,20
"2380",1994,2,60 - 64,18,25
"2380",1994,2,65 - 69,21,33
"2380",1994,2,70 - 74,22,44
"2380",1994,2,75 - 79,40,47
"2380",1994,2,80 - 84,55,45
"2380",1994,2,85 - 89,87,71
"2380",1994,2,90 - 94,0,0
"2380",1994,2,95+,0,0
"2380",1994,2,UNK,1,1
"2380",1994,3,Total,1834,2580
"2380",1994,3,0,0,3
"2380",1994,3,1,0,1
"2380",1994,3,2,1,1
"2380",1994,3,3,2,3
"2380",1994,3,4,1,0
"2380",1994,3,5 - 9,3,4
"2380",1994,3,10 - 14,2,6
"2380",1994,3,15 - 19,1,7
"2380",1994,3,20 - 24,8,6
"2380",1994,3,25 - 29,6,8
"2380",1994,3,30 - 34,21,15
"2380",1994,3,35 - 39,33,27
"2380",1994,3,40 - 44,74,46
"2380",1994,3,45 - 49,86,87
"2380",1994,3,50 - 54,114,120
"2380",1994,3,55 - 59,121,177
"2380",1994,3,60 - 64,164,247
"2380",1994,3,65 - 69,221,308
"2380",1994,3,70 - 74,236,393
"2380",1994,3,75 - 79,240,367
"2380",1994,3,80 - 84,241,359
"2380",1994,3,85 - 89,258,394
"2380",1994,3,90 - 94,0,0
"2380",1994,3,95+,0,0
"2380",1994,3,UNK,1,1
"2380",1994,4,Total,4074,4589
"2380",1994,4,0,4,4
"2380",1994,4,1,2,2
"2380",1994,4,2,0,3
"2380",1994,4,3,0,1
"2380",1994,4,4,0,0
"2380",1994,4,5 - 9,1,0
"2380",1994,4,10 - 14,3,2
"2380",1994,4,15 - 19,5,7
"2380",1994,4,20 - 24,4,8
"2380",1994,4,25 - 29,11,11
"2380",1994,4,30 - 34,11,39
"2380",1994,4,35 - 39,18,47
"2380",1994,4,40 - 44,38,89
"2380",1994,4,45 - 49,75,141
"2380",1994,4,50 - 54,92,205
"2380",1994,4,55 - 59,146,253
"2380",1994,4,60 - 64,201,364
"2380",1994,4,65 - 69,337,469
"2380",1994,4,70 - 74,471,638
"2380",1994,4,75 - 79,633,714
"2380",1994,4,80 - 84,674,679
"2380",1994,4,85 - 89,1345,906
"2380",1994,4,90 - 94,0,0
"2380",1994,4,95+,0,0
"2380",1994,4,UNK,3,7
"2380",1994,5,Total,120,117
"2380",1994,5,0,3,10
"2380",1994,5,1,0,0
"2380",1994,5,2,0,0
"2380",1994,5,3,0,0
"2380",1994,5,4,0,0
"2380",1994,5,5 - 9,0,0
"2380",1994,5,10 - 14,0,1
"2380",1994,5,15 - 19,1,0
"2380",1994,5,20 - 24,1,0
"2380",1994,5,25 - 29,0,3
"2380",1994,5,30 - 34,1,1
"2380",1994,5,35 - 39,0,2
"2380",1994,5,40 - 44,0,2
"2380",1994,5,45 - 49,1,4
"2380",1994,5,50 - 54,0,1
"2380",1994,5,55 - 59,1,2
"2380",1994,5,60 - 64,4,5
"2380",1994,5,65 - 69,3,9
"2380",1994,5,70 - 74,2,8
"2380",1994,5,75 - 79,10,8
"2380",1994,5,80 - 84,26,14
"2380",1994,5,85 - 89,67,43
"2380",1994,5,90 - 94,0,0
"2380",1994,5,95+,0,0
"2380",1994,5,UNK,0,4
"2380",1994,6,Total,84,301
"2380",1994,6,0,0,0
"2380",1994,6,1,0,0
"2380",1994,6,2,0,0
"2380",1994,6,3,0,1
"2380",1994,6,4,0,0
"2380",1994,6,5 - 9,0,0
"2380",1994,6,10 - 14,0,0
"2380",1994,6,15 - 19,0,1
"2380",1994,6,20 - 24,0,2
"2380",1994,6,25 - 29,2,3
"2380",1994,6,30 - 34,0,8
"2380",1994,6,35 - 39,3,13
"2380",1994,6,40 - 44,2,32
"2380",1994,6,45 - 49,4,38
"2380",1994,6,50 - 54,1,37
"2380",1994,6,55 - 59,0,30
"2380",1994,6,60 - 64,2,24
"2380",1994,6,65 - 69,7,30
"2380",1994,6,70 - 74,7,27
"2380",1994,6,75 - 79,7,20
"2380",1994,6,80 - 84,13,18
"2380",1994,6,85 - 89,33,14
"2380",1994,6,90 - 94,0,0
"2380",1994,6,95+,0,0
"2380",1994,6,UNK,3,3
"2380",1994,7,Total,368,361
"2380",1994,7,0,3,3
"2380",1994,7,1,1,1
"2380",1994,7,2,1,1
"2380",1994,7,3,1,2
"2380",1994,7,4,0,1
"2380",1994,7,5 - 9,2,5
"2380",1994,7,10 - 14,5,4
"2380",1994,7,15 - 19,6,4
"2380",1994,7,20 - 24,1,10
"2380",1994,7,25 - 29,3,9
"2380",1994,7,30 - 34,8,6
"2380",1994,7,35 - 39,7,11
"2380",1994,7,40 - 44,4,18
"2380",1994,7,45 - 49,13,16
"2380",1994,7,50 - 54,10,12
"2380",1994,7,55 - 59,12,20
"2380",1994,7,60 - 64,14,19
"2380",1994,7,65 - 69,33,31
"2380",1994,7,70 - 74,30,26
"2380",1994,7,75 - 79,50,56
"2380",1994,7,80 - 84,64,46
"2380",1994,7,85 - 89,100,60
"2380",1994,7,90 - 94,0,0
"2380",1994,7,95+,0,0
"2380",1994,7,UNK,0,0
"2380",1994,8,Total,1635,2339
"2380",1994,8,0,10,8
"2380",1994,8,1,3,1
"2380",1994,8,2,2,2
"2380",1994,8,3,1,2
"2380",1994,8,4,0,2
"2380",1994,8,5 - 9,6,4
"2380",1994,8,10 - 14,5,3
"2380",1994,8,15 - 19,3,1
"2380",1994,8,20 - 24,11,24
"2380",1994,8,25 - 29,63,115
"2380",1994,8,30 - 34,103,256
"2380",1994,8,35 - 39,67,287
"2380",1994,8,40 - 44,65,262
"2380",1994,8,45 - 49,53,190
"2380",1994,8,50 - 54,39,126
"2380",1994,8,55 - 59,74,124
"2380",1994,8,60 - 64,119,129
"2380",1994,8,65 - 69,119,153
"2380",1994,8,70 - 74,176,173
"2380",1994,8,75 - 79,195,157
"2380",1994,8,80 - 84,219,136
"2380",1994,8,85 - 89,301,180
"2380",1994,8,90 - 94,0,0
"2380",1994,8,95+,0,0
"2380",1994,8,UNK,1,4
"2380",1994,9,Total,543,1024
"2380",1994,9,0,8,5
"2380",1994,9,1,0,1
"2380",1994,9,2,0,0
"2380",1994,9,3,0,0
"2380",1994,9,4,0,0
"2380",1994,9,5 - 9,2,1
"2380",1994,9,10 - 14,1,2
"2380",1994,9,15 - 19,0,1
"2380",1994,9,20 - 24,1,1
"2380",1994,9,25 - 29,8,8
"2380",1994,9,30 - 34,3,22
"2380",1994,9,35 - 39,7,42
"2380",1994,9,40 - 44,20,72
"2380",1994,9,45 - 49,18,100
"2380",1994,9,50 - 54,27,89
"2380",1994,9,55 - 59,23,103
"2380",1994,9,60 - 64,46,107
"2380",1994,9,65 - 69,49,113
"2380",1994,9,70 - 74,82,102
"2380",1994,9,75 - 79,63,90
"2380",1994,9,80 - 84,82,75
"2380",1994,9,85 - 89,103,86
"2380",1994,9,90 - 94,0,0
"2380",1994,9,95+,0,0
"2380",1994,9,UNK,0,4
"2380",1994,10,Total,350,371
"2380",1994,10,0,1,0
"2380",1994,10,1,0,0
"2380",1994,10,2,0,0
"2380",1994,10,3,0,0
"2380",1994,10,4,0,0
"2380",1994,10,5 - 9,0,0
"2380",1994,10,10 - 14,1,0
"2380",1994,10,15 - 19,1,0
"2380",1994,10,20 - 24,3,0
"2380",1994,10,25 - 29,2,1
"2380",1994,10,30 - 34,2,4
"2380",1994,10,35 - 39,2,7
"2380",1994,10,40 - 44,6,7
"2380",1994,10,45 - 49,9,17
"2380",1994,10,50 - 54,12,16
"2380",1994,10,55 - 59,17,25
"2380",1994,10,60 - 64,21,20
"2380",1994,10,65 - 69,38,36
"2380",1994,10,70 - 74,40,46
"2380",1994,10,75 - 79,44,56
"2380",1994,10,80 - 84,62,67
"2380",1994,10,85 - 89,89,69
"2380",1994,10,90 - 94,0,0
"2380",1994,10,95+,0,0
"2380",1994,10,UNK,0,0
"2380",1994,11,Total,300,366
"2380",1994,11,0,274,335
"2380",1994,11,1,3,3
"2380",1994,11,2,0,0
"2380",1994,11,3,2,1
"2380",1994,11,4,0,1
"2380",1994,11,5 - 9,3,3
"2380",1994,11,10 - 14,1,2
"2380",1994,11,15 - 19,3,0
"2380",1994,11,20 - 24,1,1
"2380",1994,11,25 - 29,1,3
"2380",1994,11,30 - 34,1,0
"2380",1994,11,35 - 39,1,4
"2380",1994,11,40 - 44,0,1
"2380",1994,11,45 - 49,2,2
"2380",1994,11,50 - 54,1,3
"2380",1994,11,55 - 59,1,0
"2380",1994,11,60 - 64,0,3
"2380",1994,11,65 - 69,0,1
"2380",1994,11,70 - 74,0,0
"2380",1994,11,75 - 79,2,1
"2380",1994,11,80 - 84,1,0
"2380",1994,11,85 - 89,3,2
"2380",1994,11,90 - 94,0,0
"2380",1994,11,95+,0,0
"2380",1994,11,UNK,0,0
"2380",1994,12,Total,1384,1605
"2380",1994,12,0,11,11
"2380",1994,12,1,1,1
"2380",1994,12,2,0,0
"2380",1994,12,3,2,0
"2380",1994,12,4,0,0
"2380",1994,12,5 - 9,0,2
"2380",1994,12,10 - 14,4,2
"2380",1994,12,15 - 19,3,2
"2380",1994,12,20 - 24,6,4
"2380",1994,12,25 - 29,9,12
"2380",1994,12,30 - 34,9,30
"2380",1994,12,35 - 39,18,31
"2380",1994,12,40 - 44,15,32
"2380",1994,12,45 - 49,15,30
"2380",1994,12,50 - 54,23,46
"2380",1994,12,55 - 59,42,49
"2380",1994,12,60 - 64,46,76
"2380",1994,12,65 - 69,92,116
"2380",1994,12,70 - 74,136,202
"2380",1994,12,75 - 79,190,225
"2380",1994,12,80 - 84,251,281
"2380",1994,12,85 - 89,510,449
"2380",1994,12,90 - 94,0,0
"2380",1994,12,95+,0,0
"2380",1994,12,UNK,1,4
"2380",1994,13,Total,374,1473
"2380",1994,13,0,12,8
"2380",1994,13,1,4,5
"2380",1994,13,2,0,4
"2380",1994,13,3,1,2
"2380",1994,13,4,1,1
"2380",1994,13,5 - 9,3,11
"2380",1994,13,10 - 14,10,32
"2380",1994,13,15 - 19,16,92
"2380",1994,13,20 - 24,19,139
"2380",1994,13,25 - 29,19,146
"2380",1994,13,30 - 34,19,159
"2380",1994,13,35 - 39,24,133
"2380",1994,13,40 - 44,29,117
"2380",1994,13,45 - 49,17,110
"2380",1994,13,50 - 54,18,75
"2380",1994,13,55 - 59,15,71
"2380",1994,13,60 - 64,19,61
"2380",1994,13,65 - 69,19,70
"2380",1994,13,70 - 74,20,61
"2380",1994,13,75 - 79,22,44
"2380",1994,13,80 - 84,25,52
"2380",1994,13,85 - 89,58,62
"2380",1994,13,90 - 94,0,0
"2380",1994,13,95+,0,0
"2380",1994,13,UNK,4,18
"2380",1994,14,Total,86,931
"2380",1994,14,0,2,0
"2380",1994,14,1,0,0
"2380",1994,14,2,0,1
"2380",1994,14,3,0,0
"2380",1994,14,4,0,0
"2380",1994,14,5 - 9,0,1
"2380",1994,14,10 - 14,3,11
"2380",1994,14,15 - 19,11,176
"2380",1994,14,20 - 24,10,238
"2380",1994,14,25 - 29,10,156
"2380",1994,14,30 - 34,15,100
"2380",1994,14,35 - 39,8,78
"2380",1994,14,40 - 44,9,57
"2380",1994,14,45 - 49,8,33
"2380",1994,14,50 - 54,5,24
"2380",1994,14,55 - 59,2,15
"2380",1994,14,60 - 64,0,18
"2380",1994,14,65 - 69,2,9
"2380",1994,14,70 - 74,0,3
"2380",1994,14,75 - 79,1,3
"2380",1994,14,80 - 84,0,2
"2380",1994,14,85 - 89,0,1
"2380",1994,14,90 - 94,0,0
"2380",1994,14,95+,0,0
"2380",1994,14,UNK,0,5
"2380",1995,1,Total,12543,17653
"2380",1995,1,0,330,478
"2380",1995,1,1,19,34
"2380",1995,1,2,7,11
"2380",1995,1,3,6,10
"2380",1995,1,4,6,7
"2380",1995,1,5 - 9,25,33
"2380",1995,1,10 - 14,39,54
"2380",1995,1,15 - 19,63,286
"2380",1995,1,20 - 24,85,431
"2380",1995,1,25 - 29,129,495
"2380",1995,1,30 - 34,214,676
"2380",1995,1,35 - 39,267,762
"2380",1995,1,40 - 44,257,803
"2380",1995,1,45 - 49,322,839
"2380",1995,1,50 - 54,422,912
"2380",1995,1,55 - 59,481,924
"2380",1995,1,60 - 64,735,1250
"2380",1995,1,65 - 69,964,1432
"2380",1995,1,70 - 74,1265,1744
"2380",1995,1,75 - 79,1543,1844
"2380",1995,1,80 - 84,1976,1959
"2380",1995,1,85 - 89,3381,2614
"2380",1995,1,90 - 94,0,0
"2380",1995,1,95+,0,0
"2380",1995,1,UNK,7,55
"2380",1995,2,Total,371,514
"2380",1995,2,0,12,21
"2380",1995,2,1,2,1
"2380",1995,2,2,0,1
"2380",1995,2,3,0,0
"2380",1995,2,4,0,0
"2380",1995,2,5 - 9,1,3
"2380",1995,2,10 - 14,2,3
"2380",1995,2,15 - 19,3,2
"2380",1995,2,20 - 24,6,7
"2380",1995,2,25 - 29,6,16
"2380",1995,2,30 - 34,10,30
"2380",1995,2,35 - 39,17,33
"2380",1995,2,40 - 44,6,47
"2380",1995,2,45 - 49,6,36
"2380",1995,2,50 - 54,12,28
"2380",1995,2,55 - 59,4,24
"2380",1995,2,60 - 64,16,28
"2380",1995,2,65 - 69,20,28
"2380",1995,2,70 - 74,24,32
"2380",1995,2,75 - 79,49,32
"2380",1995,2,80 - 84,52,59
"2380",1995,2,85 - 89,123,80
"2380",1995,2,90 - 94,0,0
"2380",1995,2,95+,0,0
"2380",1995,2,UNK,0,3
"2380",1995,3,Total,1994,2613
"2380",1995,3,0,2,1
"2380",1995,3,1,0,2
"2380",1995,3,2,1,1
"2380",1995,3,3,0,0
"2380",1995,3,4,3,0
"2380",1995,3,5 - 9,5,3
"2380",1995,3,10 - 14,5,7
"2380",1995,3,15 - 19,2,6
"2380",1995,3,20 - 24,4,5
"2380",1995,3,25 - 29,12,14
"2380",1995,3,30 - 34,28,22
"2380",1995,3,35 - 39,52,27
"2380",1995,3,40 - 44,60,50
"2380",1995,3,45 - 49,102,85
"2380",1995,3,50 - 54,125,138
"2380",1995,3,55 - 59,141,168
"2380",1995,3,60 - 64,187,235
"2380",1995,3,65 - 69,230,315
"2380",1995,3,70 - 74,254,392
"2380",1995,3,75 - 79,227,398
"2380",1995,3,80 - 84,262,361
"2380",1995,3,85 - 89,292,382
"2380",1995,3,90 - 94,0,0
"2380",1995,3,95+,0,0
"2380",1995,3,UNK,0,1
"2380",1995,4,Total,4247,4748
"2380",1995,4,0,11,10
"2380",1995,4,1,0,2
"2380",1995,4,2,0,1
"2380",1995,4,3,0,0
"2380",1995,4,4,1,0
"2380",1995,4,5 - 9,1,0
"2380",1995,4,10 - 14,2,3
"2380",1995,4,15 - 19,8,1
"2380",1995,4,20 - 24,2,4
"2380",1995,4,25 - 29,6,17
"2380",1995,4,30 - 34,16,19
"2380",1995,4,35 - 39,29,57
"2380",1995,4,40 - 44,27,86
"2380",1995,4,45 - 49,57,150
"2380",1995,4,50 - 54,92,196
"2380",1995,4,55 - 59,121,273
"2380",1995,4,60 - 64,238,392
"2380",1995,4,65 - 69,314,475
"2380",1995,4,70 - 74,471,646
"2380",1995,4,75 - 79,585,681
"2380",1995,4,80 - 84,794,730
"2380",1995,4,85 - 89,1470,999
"2380",1995,4,90 - 94,0,0
"2380",1995,4,95+,0,0
"2380",1995,4,UNK,2,6
"2380",1995,5,Total,124,124
"2380",1995,5,0,6,13
"2380",1995,5,1,1,0
"2380",1995,5,2,0,0
"2380",1995,5,3,0,0
"2380",1995,5,4,0,0
"2380",1995,5,5 - 9,0,0
"2380",1995,5,10 - 14,1,1
"2380",1995,5,15 - 19,0,0
"2380",1995,5,20 - 24,0,0
"2380",1995,5,25 - 29,0,1
"2380",1995,5,30 - 34,1,3
"2380",1995,5,35 - 39,0,2
"2380",1995,5,40 - 44,1,1
"2380",1995,5,45 - 49,1,3
"2380",1995,5,50 - 54,0,4
"2380",1995,5,55 - 59,1,3
"2380",1995,5,60 - 64,1,7
"2380",1995,5,65 - 69,6,9
"2380",1995,5,70 - 74,10,6
"2380",1995,5,75 - 79,6,13
"2380",1995,5,80 - 84,16,11
"2380",1995,5,85 - 89,72,47
"2380",1995,5,90 - 94,0,0
"2380",1995,5,95+,0,0
"2380",1995,5,UNK,1,0
"2380",1995,6,Total,96,333
"2380",1995,6,0,0,0
"2380",1995,6,1,0,0
"2380",1995,6,2,0,0
"2380",1995,6,3,0,0
"2380",1995,6,4,0,0
"2380",1995,6,5 - 9,0,0
"2380",1995,6,10 - 14,0,2
"2380",1995,6,15 - 19,1,1
"2380",1995,6,20 - 24,1,1
"2380",1995,6,25 - 29,3,8
"2380",1995,6,30 - 34,0,12
"2380",1995,6,35 - 39,6,20
"2380",1995,6,40 - 44,3,28
"2380",1995,6,45 - 49,4,38
"2380",1995,6,50 - 54,5,46
"2380",1995,6,55 - 59,6,42
"2380",1995,6,60 - 64,6,32
"2380",1995,6,65 - 69,3,26
"2380",1995,6,70 - 74,2,15
"2380",1995,6,75 - 79,8,19
"2380",1995,6,80 - 84,7,18
"2380",1995,6,85 - 89,40,19
"2380",1995,6,90 - 94,0,0
"2380",1995,6,95+,0,0
"2380",1995,6,UNK,1,6
"2380",1995,7,Total,423,435
"2380",1995,7,0,4,2
"2380",1995,7,1,2,3
"2380",1995,7,2,0,2
"2380",1995,7,3,1,0
"2380",1995,7,4,0,0
"2380",1995,7,5 - 9,8,4
"2380",1995,7,10 - 14,7,4
"2380",1995,7,15 - 19,6,7
"2380",1995,7,20 - 24,4,9
"2380",1995,7,25 - 29,6,12
"2380",1995,7,30 - 34,4,9
"2380",1995,7,35 - 39,12,11
"2380",1995,7,40 - 44,5,16
"2380",1995,7,45 - 49,5,14
"2380",1995,7,50 - 54,8,23
"2380",1995,7,55 - 59,10,18
"2380",1995,7,60 - 64,14,22
"2380",1995,7,65 - 69,32,35
"2380",1995,7,70 - 74,37,44
"2380",1995,7,75 - 79,64,49
"2380",1995,7,80 - 84,87,72
"2380",1995,7,85 - 89,107,78
"2380",1995,7,90 - 94,0,0
"2380",1995,7,95+,0,0
"2380",1995,7,UNK,0,1
"2380",1995,8,Total,1772,2388
"2380",1995,8,0,4,2
"2380",1995,8,1,5,2
"2380",1995,8,2,1,0
"2380",1995,8,3,1,1
"2380",1995,8,4,1,0
"2380",1995,8,5 - 9,2,1
"2380",1995,8,10 - 14,5,2
"2380",1995,8,15 - 19,3,4
"2380",1995,8,20 - 24,9,22
"2380",1995,8,25 - 29,37,84
"2380",1995,8,30 - 34,71,251
"2380",1995,8,35 - 39,77,259
"2380",1995,8,40 - 44,65,240
"2380",1995,8,45 - 49,57,190
"2380",1995,8,50 - 54,73,149
"2380",1995,8,55 - 59,99,119
"2380",1995,8,60 - 64,109,163
"2380",1995,8,65 - 69,156,164
"2380",1995,8,70 - 74,167,157
"2380",1995,8,75 - 79,229,193
"2380",1995,8,80 - 84,257,165
"2380",1995,8,85 - 89,344,210
"2380",1995,8,90 - 94,0,0
"2380",1995,8,95+,0,0
"2380",1995,8,UNK,0,10
"2380",1995,9,Total,539,1103
"2380",1995,9,0,2,9
"2380",1995,9,1,1,2
"2380",1995,9,2,0,0
"2380",1995,9,3,0,1
"2380",1995,9,4,0,0
"2380",1995,9,5 - 9,0,2
"2380",1995,9,10 - 14,0,2
"2380",1995,9,15 - 19,2,3
"2380",1995,9,20 - 24,3,3
"2380",1995,9,25 - 29,4,5
"2380",1995,9,30 - 34,9,19
"2380",1995,9,35 - 39,10,50
"2380",1995,9,40 - 44,17,73
"2380",1995,9,45 - 49,16,94
"2380",1995,9,50 - 54,27,126
"2380",1995,9,55 - 59,19,104
"2380",1995,9,60 - 64,53,130
"2380",1995,9,65 - 69,56,105
"2380",1995,9,70 - 74,74,94
"2380",1995,9,75 - 79,82,81
"2380",1995,9,80 - 84,76,99
"2380",1995,9,85 - 89,88,97
"2380",1995,9,90 - 94,0,0
"2380",1995,9,95+,0,0
"2380",1995,9,UNK,0,4
"2380",1995,10,Total,378,445
"2380",1995,10,0,2,2
"2380",1995,10,1,0,0
"2380",1995,10,2,0,0
"2380",1995,10,3,0,0
"2380",1995,10,4,0,0
"2380",1995,10,5 - 9,0,0
"2380",1995,10,10 - 14,0,1
"2380",1995,10,15 - 19,1,4
"2380",1995,10,20 - 24,4,2
"2380",1995,10,25 - 29,3,1
"2380",1995,10,30 - 34,9,6
"2380",1995,10,35 - 39,4,5
"2380",1995,10,40 - 44,3,11
"2380",1995,10,45 - 49,13,16
"2380",1995,10,50 - 54,10,20
"2380",1995,10,55 - 59,17,21
"2380",1995,10,60 - 64,21,36
"2380",1995,10,65 - 69,29,54
"2380",1995,10,70 - 74,40,49
"2380",1995,10,75 - 79,57,55
"2380",1995,10,80 - 84,54,63
"2380",1995,10,85 - 89,111,98
"2380",1995,10,90 - 94,0,0
"2380",1995,10,95+,0,0
"2380",1995,10,UNK,0,1
"2380",1995,11,Total,292,416
"2380",1995,11,0,262,380
"2380",1995,11,1,3,7
"2380",1995,11,2,0,1
"2380",1995,11,3,2,1
"2380",1995,11,4,0,0
"2380",1995,11,5 - 9,4,7
"2380",1995,11,10 - 14,3,1
"2380",1995,11,15 - 19,2,2
"2380",1995,11,20 - 24,2,2
"2380",1995,11,25 - 29,0,1
"2380",1995,11,30 - 34,1,2
"2380",1995,11,35 - 39,2,0
"2380",1995,11,40 - 44,0,1
"2380",1995,11,45 - 49,2,3
"2380",1995,11,50 - 54,2,2
"2380",1995,11,55 - 59,1,2
"2380",1995,11,60 - 64,1,0
"2380",1995,11,65 - 69,1,0
"2380",1995,11,70 - 74,2,1
"2380",1995,11,75 - 79,1,2
"2380",1995,11,80 - 84,0,0
"2380",1995,11,85 - 89,1,0
"2380",1995,11,90 - 94,0,0
"2380",1995,11,95+,0,0
"2380",1995,11,UNK,0,1
"2380",1995,12,Total,1563,1839
"2380",1995,12,0,15,24
"2380",1995,12,1,3,4
"2380",1995,12,2,3,2
"2380",1995,12,3,0,4
"2380",1995,12,4,0,2
"2380",1995,12,5 - 9,2,1
"2380",1995,12,10 - 14,1,3
"2380",1995,12,15 - 19,5,3
"2380",1995,12,20 - 24,5,13
"2380",1995,12,25 - 29,10,21
"2380",1995,12,30 - 34,17,31
"2380",1995,12,35 - 39,16,45
"2380",1995,12,40 - 44,23,47
"2380",1995,12,45 - 49,25,41
"2380",1995,12,50 - 54,43,49
"2380",1995,12,55 - 59,32,63
"2380",1995,12,60 - 64,60,106
"2380",1995,12,65 - 69,85,140
"2380",1995,12,70 - 74,132,206
"2380",1995,12,75 - 79,184,241
"2380",1995,12,80 - 84,300,307
"2380",1995,12,85 - 89,602,484
"2380",1995,12,90 - 94,0,0
"2380",1995,12,95+,0,0
"2380",1995,12,UNK,0,2
"2380",1995,13,Total,392,1593
"2380",1995,13,0,7,11
"2380",1995,13,1,2,11
"2380",1995,13,2,2,2
"2380",1995,13,3,2,3
"2380",1995,13,4,1,5
"2380",1995,13,5 - 9,2,10
"2380",1995,13,10 - 14,10,22
"2380",1995,13,15 - 19,16,99
"2380",1995,13,20 - 24,27,138
"2380",1995,13,25 - 29,23,150
"2380",1995,13,30 - 34,28,172
"2380",1995,13,35 - 39,27,175
"2380",1995,13,40 - 44,30,152
"2380",1995,13,45 - 49,19,127
"2380",1995,13,50 - 54,11,95
"2380",1995,13,55 - 59,15,63
"2380",1995,13,60 - 64,17,73
"2380",1995,13,65 - 69,14,51
"2380",1995,13,70 - 74,29,74
"2380",1995,13,75 - 79,24,45
"2380",1995,13,80 - 84,32,41
"2380",1995,13,85 - 89,52,61
"2380",1995,13,90 - 94,0,0
"2380",1995,13,95+,0,0
"2380",1995,13,UNK,2,13
"2380",1995,14,Total,84,845
"2380",1995,14,0,0,0
"2380",1995,14,1,0,0
"2380",1995,14,2,0,1
"2380",1995,14,3,0,0
"2380",1995,14,4,0,0
"2380",1995,14,5 - 9,0,2
"2380",1995,14,10 - 14,1,3
"2380",1995,14,15 - 19,11,153
"2380",1995,14,20 - 24,13,223
"2380",1995,14,25 - 29,17,160
"2380",1995,14,30 - 34,9,89
"2380",1995,14,35 - 39,3,60
"2380",1995,14,40 - 44,10,42
"2380",1995,14,45 - 49,7,31
"2380",1995,14,50 - 54,5,19
"2380",1995,14,55 - 59,3,19
"2380",1995,14,60 - 64,0,11
"2380",1995,14,65 - 69,2,7
"2380",1995,14,70 - 74,0,10
"2380",1995,14,75 - 79,1,5
"2380",1995,14,80 - 84,1,1
"2380",1995,14,85 - 89,0,2
"2380",1995,14,90 - 94,0,0
"2380",1995,14,95+,0,0
"2380",1995,14,UNK,1,7
"2380",1996,1,Total,12537,17334
"2380",1996,1,0,316,349
"2380",1996,1,1,16,21
"2380",1996,1,2,9,15
"2380",1996,1,3,8,13
"2380",1996,1,4,3,10
"2380",1996,1,5 - 9,29,29
"2380",1996,1,10 - 14,29,59
"2380",1996,1,15 - 19,74,290
"2380",1996,1,20 - 24,82,424
"2380",1996,1,25 - 29,144,441
"2380",1996,1,30 - 34,192,574
"2380",1996,1,35 - 39,288,639
"2380",1996,1,40 - 44,301,751
"2380",1996,1,45 - 49,335,825
"2380",1996,1,50 - 54,387,872
"2380",1996,1,55 - 59,489,969
"2380",1996,1,60 - 64,757,1250
"2380",1996,1,65 - 69,969,1362
"2380",1996,1,70 - 74,1299,1794
"2380",1996,1,75 - 79,1583,1911
"2380",1996,1,80 - 84,1875,2034
"2380",1996,1,85 - 89,3344,2661
"2380",1996,1,90 - 94,0,0
"2380",1996,1,95+,0,0
"2380",1996,1,UNK,8,41
"2380",1996,2,Total,408,471
"2380",1996,2,0,13,4
"2380",1996,2,1,2,3
"2380",1996,2,2,0,0
"2380",1996,2,3,0,0
"2380",1996,2,4,0,0
"2380",1996,2,5 - 9,1,3
"2380",1996,2,10 - 14,1,2
"2380",1996,2,15 - 19,2,4
"2380",1996,2,20 - 24,3,3
"2380",1996,2,25 - 29,12,7
"2380",1996,2,30 - 34,7,15
"2380",1996,2,35 - 39,14,18
"2380",1996,2,40 - 44,19,18
"2380",1996,2,45 - 49,8,33
"2380",1996,2,50 - 54,9,17
"2380",1996,2,55 - 59,12,18
"2380",1996,2,60 - 64,19,30
"2380",1996,2,65 - 69,18,42
"2380",1996,2,70 - 74,32,50
"2380",1996,2,75 - 79,47,55
"2380",1996,2,80 - 84,63,72
"2380",1996,2,85 - 89,126,76
"2380",1996,2,90 - 94,0,0
"2380",1996,2,95+,0,0
"2380",1996,2,UNK,0,1
"2380",1996,3,Total,1933,2769
"2380",1996,3,0,0,0
"2380",1996,3,1,0,0
"2380",1996,3,2,0,1
"2380",1996,3,3,0,0
"2380",1996,3,4,0,2
"2380",1996,3,5 - 9,6,3
"2380",1996,3,10 - 14,3,6
"2380",1996,3,15 - 19,7,9
"2380",1996,3,20 - 24,11,12
"2380",1996,3,25 - 29,16,12
"2380",1996,3,30 - 34,27,20
"2380",1996,3,35 - 39,47,23
"2380",1996,3,40 - 44,71,55
"2380",1996,3,45 - 49,101,100
"2380",1996,3,50 - 54,116,129
"2380",1996,3,55 - 59,131,175
"2380",1996,3,60 - 64,192,264
"2380",1996,3,65 - 69,224,281
"2380",1996,3,70 - 74,252,392
"2380",1996,3,75 - 79,259,454
"2380",1996,3,80 - 84,228,394
"2380",1996,3,85 - 89,242,436
"2380",1996,3,90 - 94,0,0
"2380",1996,3,95+,0,0
"2380",1996,3,UNK,0,1
"2380",1996,4,Total,4262,4726
"2380",1996,4,0,6,2
"2380",1996,4,1,2,2
"2380",1996,4,2,0,2
"2380",1996,4,3,0,2
"2380",1996,4,4,0,0
"2380",1996,4,5 - 9,1,3
"2380",1996,4,10 - 14,4,3
"2380",1996,4,15 - 19,5,8
"2380",1996,4,20 - 24,6,10
"2380",1996,4,25 - 29,11,14
"2380",1996,4,30 - 34,13,20
"2380",1996,4,35 - 39,28,44
"2380",1996,4,40 - 44,42,78
"2380",1996,4,45 - 49,80,141
"2380",1996,4,50 - 54,97,222
"2380",1996,4,55 - 59,145,288
"2380",1996,4,60 - 64,220,399
"2380",1996,4,65 - 69,315,467
"2380",1996,4,70 - 74,468,622
"2380",1996,4,75 - 79,616,635
"2380",1996,4,80 - 84,756,742
"2380",1996,4,85 - 89,1446,1014
"2380",1996,4,90 - 94,0,0
"2380",1996,4,95+,0,0
"2380",1996,4,UNK,1,8
"2380",1996,5,Total,140,103
"2380",1996,5,0,7,7
"2380",1996,5,1,0,0
"2380",1996,5,2,0,0
"2380",1996,5,3,0,0
"2380",1996,5,4,0,0
"2380",1996,5,5 - 9,0,0
"2380",1996,5,10 - 14,0,1
"2380",1996,5,15 - 19,0,0
"2380",1996,5,20 - 24,0,0
"2380",1996,5,25 - 29,0,1
"2380",1996,5,30 - 34,0,1
"2380",1996,5,35 - 39,0,0
"2380",1996,5,40 - 44,1,2
"2380",1996,5,45 - 49,2,1
"2380",1996,5,50 - 54,2,1
"2380",1996,5,55 - 59,0,5
"2380",1996,5,60 - 64,2,6
"2380",1996,5,65 - 69,5,10
"2380",1996,5,70 - 74,12,11
"2380",1996,5,75 - 79,11,9
"2380",1996,5,80 - 84,19,12
"2380",1996,5,85 - 89,79,34
"2380",1996,5,90 - 94,0,0
"2380",1996,5,95+,0,0
"2380",1996,5,UNK,0,2
"2380",1996,6,Total,89,330
"2380",1996,6,0,0,0
"2380",1996,6,1,0,0
"2380",1996,6,2,1,0
"2380",1996,6,3,0,0
"2380",1996,6,4,0,0
"2380",1996,6,5 - 9,0,0
"2380",1996,6,10 - 14,0,1
"2380",1996,6,15 - 19,0,1
"2380",1996,6,20 - 24,0,3
"2380",1996,6,25 - 29,3,5
"2380",1996,6,30 - 34,0,8
"2380",1996,6,35 - 39,3,10
"2380",1996,6,40 - 44,5,35
"2380",1996,6,45 - 49,5,39
"2380",1996,6,50 - 54,3,45
"2380",1996,6,55 - 59,3,38
"2380",1996,6,60 - 64,2,38
"2380",1996,6,65 - 69,5,23
"2380",1996,6,70 - 74,5,16
"2380",1996,6,75 - 79,9,17
"2380",1996,6,80 - 84,10,25
"2380",1996,6,85 - 89,35,25
"2380",1996,6,90 - 94,0,0
"2380",1996,6,95+,0,0
"2380",1996,6,UNK,0,1
"2380",1996,7,Total,413,474
"2380",1996,7,0,6,6
"2380",1996,7,1,0,1
"2380",1996,7,2,0,2
"2380",1996,7,3,5,3
"2380",1996,7,4,0,0
"2380",1996,7,5 - 9,3,6
"2380",1996,7,10 - 14,4,8
"2380",1996,7,15 - 19,4,6
"2380",1996,7,20 - 24,3,5
"2380",1996,7,25 - 29,1,9
"2380",1996,7,30 - 34,7,8
"2380",1996,7,35 - 39,4,9
"2380",1996,7,40 - 44,10,10
"2380",1996,7,45 - 49,6,21
"2380",1996,7,50 - 54,11,11
"2380",1996,7,55 - 59,5,22
"2380",1996,7,60 - 64,19,26
"2380",1996,7,65 - 69,27,29
"2380",1996,7,70 - 74,38,48
"2380",1996,7,75 - 79,56,54
"2380",1996,7,80 - 84,71,85
"2380",1996,7,85 - 89,133,103
"2380",1996,7,90 - 94,0,0
"2380",1996,7,95+,0,0
"2380",1996,7,UNK,0,2
"2380",1996,8,Total,1749,2350
"2380",1996,8,0,2,3
"2380",1996,8,1,3,2
"2380",1996,8,2,2,3
"2380",1996,8,3,0,1
"2380",1996,8,4,1,3
"2380",1996,8,5 - 9,6,2
"2380",1996,8,10 - 14,1,3
"2380",1996,8,15 - 19,3,3
"2380",1996,8,20 - 24,12,11
"2380",1996,8,25 - 29,40,92
"2380",1996,8,30 - 34,78,227
"2380",1996,8,35 - 39,116,258
"2380",1996,8,40 - 44,77,250
"2380",1996,8,45 - 49,51,174
"2380",1996,8,50 - 54,56,149
"2380",1996,8,55 - 59,85,130
"2380",1996,8,60 - 64,129,146
"2380",1996,8,65 - 69,156,161
"2380",1996,8,70 - 74,157,194
"2380",1996,8,75 - 79,217,169
"2380",1996,8,80 - 84,231,166
"2380",1996,8,85 - 89,324,197
"2380",1996,8,90 - 94,0,0
"2380",1996,8,95+,0,0
"2380",1996,8,UNK,2,6
"2380",1996,9,Total,527,1005
"2380",1996,9,0,3,1
"2380",1996,9,1,1,0
"2380",1996,9,2,0,1
"2380",1996,9,3,1,0
"2380",1996,9,4,1,2
"2380",1996,9,5 - 9,2,2
"2380",1996,9,10 - 14,0,3
"2380",1996,9,15 - 19,5,1
"2380",1996,9,20 - 24,3,7
"2380",1996,9,25 - 29,3,8
"2380",1996,9,30 - 34,5,18
"2380",1996,9,35 - 39,11,37
"2380",1996,9,40 - 44,9,59
"2380",1996,9,45 - 49,13,108
"2380",1996,9,50 - 54,26,98
"2380",1996,9,55 - 59,24,98
"2380",1996,9,60 - 64,42,99
"2380",1996,9,65 - 69,55,97
"2380",1996,9,70 - 74,67,102
"2380",1996,9,75 - 79,64,96
"2380",1996,9,80 - 84,70,83
"2380",1996,9,85 - 89,122,81
"2380",1996,9,90 - 94,0,0
"2380",1996,9,95+,0,0
"2380",1996,9,UNK,0,4
"2380",1996,10,Total,414,497
"2380",1996,10,0,0,0
"2380",1996,10,1,0,2
"2380",1996,10,2,0,0
"2380",1996,10,3,0,0
"2380",1996,10,4,0,1
"2380",1996,10,5 - 9,0,0
"2380",1996,10,10 - 14,0,0
"2380",1996,10,15 - 19,0,1
"2380",1996,10,20 - 24,0,2
"2380",1996,10,25 - 29,2,5
"2380",1996,10,30 - 34,3,4
"2380",1996,10,35 - 39,5,10
"2380",1996,10,40 - 44,10,9
"2380",1996,10,45 - 49,9,15
"2380",1996,10,50 - 54,8,19
"2380",1996,10,55 - 59,19,24
"2380",1996,10,60 - 64,31,48
"2380",1996,10,65 - 69,25,40
"2380",1996,10,70 - 74,58,65
"2380",1996,10,75 - 79,62,63
"2380",1996,10,80 - 84,64,75
"2380",1996,10,85 - 89,118,114
"2380",1996,10,90 - 94,0,0
"2380",1996,10,95+,0,0
"2380",1996,10,UNK,0,0
"2380",1996,11,Total,290,326
"2380",1996,11,0,264,295
"2380",1996,11,1,3,8
"2380",1996,11,2,1,1
"2380",1996,11,3,0,1
"2380",1996,11,4,0,1
"2380",1996,11,5 - 9,1,0
"2380",1996,11,10 - 14,4,1
"2380",1996,11,15 - 19,0,3
"2380",1996,11,20 - 24,1,1
"2380",1996,11,25 - 29,2,2
"2380",1996,11,30 - 34,1,2
"2380",1996,11,35 - 39,1,2
"2380",1996,11,40 - 44,1,2
"2380",1996,11,45 - 49,1,1
"2380",1996,11,50 - 54,1,1
"2380",1996,11,55 - 59,1,1
"2380",1996,11,60 - 64,1,1
"2380",1996,11,65 - 69,0,0
"2380",1996,11,70 - 74,1,0
"2380",1996,11,75 - 79,2,0
"2380",1996,11,80 - 84,3,3
"2380",1996,11,85 - 89,1,0
"2380",1996,11,90 - 94,0,0
"2380",1996,11,95+,0,0
"2380",1996,11,UNK,0,0
"2380",1996,12,Total,1464,1640
"2380",1996,12,0,7,17
"2380",1996,12,1,1,1
"2380",1996,12,2,1,3
"2380",1996,12,3,2,0
"2380",1996,12,4,0,0
"2380",1996,12,5 - 9,1,2
"2380",1996,12,10 - 14,3,4
"2380",1996,12,15 - 19,0,6
"2380",1996,12,20 - 24,8,5
"2380",1996,12,25 - 29,8,7
"2380",1996,12,30 - 34,11,11
"2380",1996,12,35 - 39,19,23
"2380",1996,12,40 - 44,18,22
"2380",1996,12,45 - 49,27,37
"2380",1996,12,50 - 54,26,50
"2380",1996,12,55 - 59,38,59
"2380",1996,12,60 - 64,65,97
"2380",1996,12,65 - 69,91,118
"2380",1996,12,70 - 74,152,191
"2380",1996,12,75 - 79,168,258
"2380",1996,12,80 - 84,275,285
"2380",1996,12,85 - 89,543,441
"2380",1996,12,90 - 94,0,0
"2380",1996,12,95+,0,0
"2380",1996,12,UNK,0,3
"2380",1996,13,Total,459,1541
"2380",1996,13,0,4,7
"2380",1996,13,1,4,0
"2380",1996,13,2,3,2
"2380",1996,13,3,0,5
"2380",1996,13,4,1,1
"2380",1996,13,5 - 9,5,7
"2380",1996,13,10 - 14,5,24
"2380",1996,13,15 - 19,28,103
"2380",1996,13,20 - 24,18,122
"2380",1996,13,25 - 29,28,122
"2380",1996,13,30 - 34,21,153
"2380",1996,13,35 - 39,26,126
"2380",1996,13,40 - 44,19,155
"2380",1996,13,45 - 49,19,108
"2380",1996,13,50 - 54,21,102
"2380",1996,13,55 - 59,12,83
"2380",1996,13,60 - 64,21,68
"2380",1996,13,65 - 69,27,68
"2380",1996,13,70 - 74,32,79
"2380",1996,13,75 - 79,35,59
"2380",1996,13,80 - 84,45,57
"2380",1996,13,85 - 89,81,80
"2380",1996,13,90 - 94,0,0
"2380",1996,13,95+,0,0
"2380",1996,13,UNK,4,10
"2380",1996,14,Total,82,846
"2380",1996,14,0,2,0
"2380",1996,14,1,0,2
"2380",1996,14,2,1,0
"2380",1996,14,3,0,0
"2380",1996,14,4,0,0
"2380",1996,14,5 - 9,1,1
"2380",1996,14,10 - 14,2,3
"2380",1996,14,15 - 19,16,145
"2380",1996,14,20 - 24,10,243
"2380",1996,14,25 - 29,14,155
"2380",1996,14,30 - 34,8,80
"2380",1996,14,35 - 39,7,68
"2380",1996,14,40 - 44,5,43
"2380",1996,14,45 - 49,4,37
"2380",1996,14,50 - 54,3,21
"2380",1996,14,55 - 59,2,11
"2380",1996,14,60 - 64,3,12
"2380",1996,14,65 - 69,1,10
"2380",1996,14,70 - 74,1,3
"2380",1996,14,75 - 79,0,4
"2380",1996,14,80 - 84,1,3
"2380",1996,14,85 - 89,0,3
"2380",1996,14,90 - 94,0,0
"2380",1996,14,95+,0,0
"2380",1996,14,UNK,1,2
"2380",1997,1,Total,12369,16594
"2380",1997,1,0,327,397
"2380",1997,1,1,19,25
"2380",1997,1,2,4,11
"2380",1997,1,3,8,8
"2380",1997,1,4,9,6
"2380",1997,1,5 - 9,21,28
"2380",1997,1,10 - 14,33,50
"2380",1997,1,15 - 19,56,291
"2380",1997,1,20 - 24,82,426
"2380",1997,1,25 - 29,102,372
"2380",1997,1,30 - 34,154,449
"2380",1997,1,35 - 39,205,578
"2380",1997,1,40 - 44,223,658
"2380",1997,1,45 - 49,314,695
"2380",1997,1,50 - 54,365,816
"2380",1997,1,55 - 59,494,900
"2380",1997,1,60 - 64,749,1203
"2380",1997,1,65 - 69,923,1387
"2380",1997,1,70 - 74,1335,1706
"2380",1997,1,75 - 79,1586,1936
"2380",1997,1,80 - 84,1859,2000
"2380",1997,1,85 - 89,3493,2608
"2380",1997,1,90 - 94,0,0
"2380",1997,1,95+,0,0
"2380",1997,1,UNK,8,44
"2380",1997,2,Total,400,455
"2380",1997,2,0,8,12
"2380",1997,2,1,0,1
"2380",1997,2,2,1,0
"2380",1997,2,3,0,0
"2380",1997,2,4,0,1
"2380",1997,2,5 - 9,0,2
"2380",1997,2,10 - 14,0,3
"2380",1997,2,15 - 19,2,2
"2380",1997,2,20 - 24,0,5
"2380",1997,2,25 - 29,6,9
"2380",1997,2,30 - 34,4,15
"2380",1997,2,35 - 39,3,16
"2380",1997,2,40 - 44,3,22
"2380",1997,2,45 - 49,10,29
"2380",1997,2,50 - 54,9,14
"2380",1997,2,55 - 59,11,20
"2380",1997,2,60 - 64,20,22
"2380",1997,2,65 - 69,20,33
"2380",1997,2,70 - 74,32,36
"2380",1997,2,75 - 79,49,53
"2380",1997,2,80 - 84,68,54
"2380",1997,2,85 - 89,154,105
"2380",1997,2,90 - 94,0,0
"2380",1997,2,95+,0,0
"2380",1997,2,UNK,0,1
"2380",1997,3,Total,1944,2705
"2380",1997,3,0,0,0
"2380",1997,3,1,0,2
"2380",1997,3,2,0,2
"2380",1997,3,3,3,1
"2380",1997,3,4,3,0
"2380",1997,3,5 - 9,1,1
"2380",1997,3,10 - 14,5,6
"2380",1997,3,15 - 19,6,8
"2380",1997,3,20 - 24,7,8
"2380",1997,3,25 - 29,12,16
"2380",1997,3,30 - 34,26,22
"2380",1997,3,35 - 39,44,31
"2380",1997,3,40 - 44,44,60
"2380",1997,3,45 - 49,91,82
"2380",1997,3,50 - 54,122,145
"2380",1997,3,55 - 59,147,182
"2380",1997,3,60 - 64,160,252
"2380",1997,3,65 - 69,203,293
"2380",1997,3,70 - 74,260,372
"2380",1997,3,75 - 79,259,426
"2380",1997,3,80 - 84,251,389
"2380",1997,3,85 - 89,300,406
"2380",1997,3,90 - 94,0,0
"2380",1997,3,95+,0,0
"2380",1997,3,UNK,0,1
"2380",1997,4,Total,4278,4819
"2380",1997,4,0,10,11
"2380",1997,4,1,2,0
"2380",1997,4,2,0,0
"2380",1997,4,3,0,1
"2380",1997,4,4,2,0
"2380",1997,4,5 - 9,2,3
"2380",1997,4,10 - 14,3,2
"2380",1997,4,15 - 19,2,10
"2380",1997,4,20 - 24,9,7
"2380",1997,4,25 - 29,10,16
"2380",1997,4,30 - 34,7,32
"2380",1997,4,35 - 39,21,37
"2380",1997,4,40 - 44,34,83
"2380",1997,4,45 - 49,53,145
"2380",1997,4,50 - 54,92,200
"2380",1997,4,55 - 59,137,285
"2380",1997,4,60 - 64,259,403
"2380",1997,4,65 - 69,317,466
"2380",1997,4,70 - 74,503,630
"2380",1997,4,75 - 79,585,683
"2380",1997,4,80 - 84,735,758
"2380",1997,4,85 - 89,1494,1036
"2380",1997,4,90 - 94,0,0
"2380",1997,4,95+,0,0
"2380",1997,4,UNK,1,11
"2380",1997,5,Total,81,90
"2380",1997,5,0,5,7
"2380",1997,5,1,0,1
"2380",1997,5,2,0,0
"2380",1997,5,3,0,0
"2380",1997,5,4,0,0
"2380",1997,5,5 - 9,0,0
"2380",1997,5,10 - 14,1,0
"2380",1997,5,15 - 19,1,1
"2380",1997,5,20 - 24,0,0
"2380",1997,5,25 - 29,1,3
"2380",1997,5,30 - 34,2,4
"2380",1997,5,35 - 39,1,7
"2380",1997,5,40 - 44,0,2
"2380",1997,5,45 - 49,1,2
"2380",1997,5,50 - 54,2,4
"2380",1997,5,55 - 59,1,3
"2380",1997,5,60 - 64,4,4
"2380",1997,5,65 - 69,4,3
"2380",1997,5,70 - 74,6,8
"2380",1997,5,75 - 79,8,10
"2380",1997,5,80 - 84,12,9
"2380",1997,5,85 - 89,31,22
"2380",1997,5,90 - 94,0,0
"2380",1997,5,95+,0,0
"2380",1997,5,UNK,1,0
"2380",1997,6,Total,96,233
"2380",1997,6,0,0,0
"2380",1997,6,1,0,0
"2380",1997,6,2,0,0
"2380",1997,6,3,0,0
"2380",1997,6,4,0,0
"2380",1997,6,5 - 9,0,0
"2380",1997,6,10 - 14,0,0
"2380",1997,6,15 - 19,0,3
"2380",1997,6,20 - 24,0,3
"2380",1997,6,25 - 29,1,5
"2380",1997,6,30 - 34,1,18
"2380",1997,6,35 - 39,4,15
"2380",1997,6,40 - 44,3,22
"2380",1997,6,45 - 49,4,21
"2380",1997,6,50 - 54,2,22
"2380",1997,6,55 - 59,2,14
"2380",1997,6,60 - 64,4,22
"2380",1997,6,65 - 69,1,19
"2380",1997,6,70 - 74,3,18
"2380",1997,6,75 - 79,5,16
"2380",1997,6,80 - 84,15,6
"2380",1997,6,85 - 89,50,25
"2380",1997,6,90 - 94,0,0
"2380",1997,6,95+,0,0
"2380",1997,6,UNK,1,4
"2380",1997,7,Total,456,449
"2380",1997,7,0,7,7
"2380",1997,7,1,4,3
"2380",1997,7,2,0,1
"2380",1997,7,3,0,1
"2380",1997,7,4,0,0
"2380",1997,7,5 - 9,4,4
"2380",1997,7,10 - 14,3,4
"2380",1997,7,15 - 19,4,5
"2380",1997,7,20 - 24,4,5
"2380",1997,7,25 - 29,5,7
"2380",1997,7,30 - 34,5,6
"2380",1997,7,35 - 39,5,6
"2380",1997,7,40 - 44,6,12
"2380",1997,7,45 - 49,9,14
"2380",1997,7,50 - 54,11,11
"2380",1997,7,55 - 59,15,10
"2380",1997,7,60 - 64,12,25
"2380",1997,7,65 - 69,12,29
"2380",1997,7,70 - 74,39,43
"2380",1997,7,75 - 79,49,65
"2380",1997,7,80 - 84,111,92
"2380",1997,7,85 - 89,151,99
"2380",1997,7,90 - 94,0,0
"2380",1997,7,95+,0,0
"2380",1997,7,UNK,0,0
"2380",1997,8,Total,1638,1953
"2380",1997,8,0,9,11
"2380",1997,8,1,0,3
"2380",1997,8,2,0,1
"2380",1997,8,3,1,1
"2380",1997,8,4,0,0
"2380",1997,8,5 - 9,1,2
"2380",1997,8,10 - 14,4,2
"2380",1997,8,15 - 19,2,1
"2380",1997,8,20 - 24,8,12
"2380",1997,8,25 - 29,29,48
"2380",1997,8,30 - 34,43,113
"2380",1997,8,35 - 39,54,184
"2380",1997,8,40 - 44,61,145
"2380",1997,8,45 - 49,46,120
"2380",1997,8,50 - 54,47,111
"2380",1997,8,55 - 59,81,108
"2380",1997,8,60 - 64,115,134
"2380",1997,8,65 - 69,131,169
"2380",1997,8,70 - 74,195,190
"2380",1997,8,75 - 79,251,202
"2380",1997,8,80 - 84,213,202
"2380",1997,8,85 - 89,346,191
"2380",1997,8,90 - 94,0,0
"2380",1997,8,95+,0,0
"2380",1997,8,UNK,1,3
"2380",1997,9,Total,535,1118
"2380",1997,9,0,4,6
"2380",1997,9,1,0,0
"2380",1997,9,2,1,0
"2380",1997,9,3,1,0
"2380",1997,9,4,0,1
"2380",1997,9,5 - 9,0,0
"2380",1997,9,10 - 14,0,1
"2380",1997,9,15 - 19,1,1
"2380",1997,9,20 - 24,3,1
"2380",1997,9,25 - 29,2,2
"2380",1997,9,30 - 34,5,14
"2380",1997,9,35 - 39,14,39
"2380",1997,9,40 - 44,11,76
"2380",1997,9,45 - 49,23,106
"2380",1997,9,50 - 54,26,117
"2380",1997,9,55 - 59,28,128
"2380",1997,9,60 - 64,54,123
"2380",1997,9,65 - 69,61,113
"2380",1997,9,70 - 74,62,116
"2380",1997,9,75 - 79,73,99
"2380",1997,9,80 - 84,69,82
"2380",1997,9,85 - 89,97,92
"2380",1997,9,90 - 94,0,0
"2380",1997,9,95+,0,0
"2380",1997,9,UNK,0,1
"2380",1997,10,Total,424,490
"2380",1997,10,0,2,1
"2380",1997,10,1,0,2
"2380",1997,10,2,0,0
"2380",1997,10,3,0,0
"2380",1997,10,4,1,0
"2380",1997,10,5 - 9,0,0
"2380",1997,10,10 - 14,0,1
"2380",1997,10,15 - 19,1,0
"2380",1997,10,20 - 24,1,1
"2380",1997,10,25 - 29,2,1
"2380",1997,10,30 - 34,3,0
"2380",1997,10,35 - 39,3,7
"2380",1997,10,40 - 44,4,11
"2380",1997,10,45 - 49,10,19
"2380",1997,10,50 - 54,12,24
"2380",1997,10,55 - 59,12,29
"2380",1997,10,60 - 64,26,40
"2380",1997,10,65 - 69,44,57
"2380",1997,10,70 - 74,41,65
"2380",1997,10,75 - 79,61,67
"2380",1997,10,80 - 84,62,67
"2380",1997,10,85 - 89,139,97
"2380",1997,10,90 - 94,0,0
"2380",1997,10,95+,0,0
"2380",1997,10,UNK,0,1
"2380",1997,11,Total,291,336
"2380",1997,11,0,258,300
"2380",1997,11,1,1,6
"2380",1997,11,2,0,1
"2380",1997,11,3,1,0
"2380",1997,11,4,0,1
"2380",1997,11,5 - 9,2,2
"2380",1997,11,10 - 14,1,2
"2380",1997,11,15 - 19,5,4
"2380",1997,11,20 - 24,3,2
"2380",1997,11,25 - 29,1,1
"2380",1997,11,30 - 34,2,2
"2380",1997,11,35 - 39,0,1
"2380",1997,11,40 - 44,4,1
"2380",1997,11,45 - 49,3,0
"2380",1997,11,50 - 54,1,3
"2380",1997,11,55 - 59,2,0
"2380",1997,11,60 - 64,0,3
"2380",1997,11,65 - 69,2,2
"2380",1997,11,70 - 74,0,3
"2380",1997,11,75 - 79,2,2
"2380",1997,11,80 - 84,2,0
"2380",1997,11,85 - 89,1,0
"2380",1997,11,90 - 94,0,0
"2380",1997,11,95+,0,0
"2380",1997,11,UNK,0,0
"2380",1997,12,Total,1460,1514
"2380",1997,12,0,16,24
"2380",1997,12,1,4,2
"2380",1997,12,2,0,1
"2380",1997,12,3,0,1
"2380",1997,12,4,1,0
"2380",1997,12,5 - 9,3,1
"2380",1997,12,10 - 14,2,1
"2380",1997,12,15 - 19,4,3
"2380",1997,12,20 - 24,4,6
"2380",1997,12,25 - 29,7,3
"2380",1997,12,30 - 34,11,7
"2380",1997,12,35 - 39,16,25
"2380",1997,12,40 - 44,17,31
"2380",1997,12,45 - 49,28,31
"2380",1997,12,50 - 54,18,49
"2380",1997,12,55 - 59,29,51
"2380",1997,12,60 - 64,59,83
"2380",1997,12,65 - 69,78,123
"2380",1997,12,70 - 74,148,149
"2380",1997,12,75 - 79,179,236
"2380",1997,12,80 - 84,255,261
"2380",1997,12,85 - 89,581,424
"2380",1997,12,90 - 94,0,0
"2380",1997,12,95+,0,0
"2380",1997,12,UNK,0,2
"2380",1997,13,Total,384,1391
"2380",1997,13,0,4,12
"2380",1997,13,1,8,5
"2380",1997,13,2,2,4
"2380",1997,13,3,2,3
"2380",1997,13,4,2,3
"2380",1997,13,5 - 9,6,12
"2380",1997,13,10 - 14,12,21
"2380",1997,13,15 - 19,18,110
"2380",1997,13,20 - 24,24,133
"2380",1997,13,25 - 29,14,111
"2380",1997,13,30 - 34,23,117
"2380",1997,13,35 - 39,22,143
"2380",1997,13,40 - 44,21,159
"2380",1997,13,45 - 49,29,98
"2380",1997,13,50 - 54,11,87
"2380",1997,13,55 - 59,18,60
"2380",1997,13,60 - 64,16,64
"2380",1997,13,65 - 69,21,55
"2380",1997,13,70 - 74,18,48
"2380",1997,13,75 - 79,30,44
"2380",1997,13,80 - 84,31,40
"2380",1997,13,85 - 89,50,45
"2380",1997,13,90 - 94,0,0
"2380",1997,13,95+,0,0
"2380",1997,13,UNK,2,17
"2380",1997,14,Total,71,806
"2380",1997,14,0,0,0
"2380",1997,14,1,0,0
"2380",1997,14,2,0,0
"2380",1997,14,3,0,0
"2380",1997,14,4,0,0
"2380",1997,14,5 - 9,1,0
"2380",1997,14,10 - 14,2,4
"2380",1997,14,15 - 19,7,142
"2380",1997,14,20 - 24,13,241
"2380",1997,14,25 - 29,7,150
"2380",1997,14,30 - 34,6,95
"2380",1997,14,35 - 39,9,60
"2380",1997,14,40 - 44,8,29
"2380",1997,14,45 - 49,3,24
"2380",1997,14,50 - 54,4,20
"2380",1997,14,55 - 59,5,5
"2380",1997,14,60 - 64,0,14
"2380",1997,14,65 - 69,0,6
"2380",1997,14,70 - 74,3,5
"2380",1997,14,75 - 79,1,3
"2380",1997,14,80 - 84,0,4
"2380",1997,14,85 - 89,0,1
"2380",1997,14,90 - 94,0,0
"2380",1997,14,95+,0,0
"2380",1997,14,UNK,2,3
"2380",1998,1,Total,12768,17093
"2380",1998,1,0,280,356
"2380",1998,1,1,14,18
"2380",1998,1,2,6,15
"2380",1998,1,3,7,8
"2380",1998,1,4,4,10
"2380",1998,1,5 - 9,21,28
"2380",1998,1,10 - 14,18,48
"2380",1998,1,15 - 19,52,259
"2380",1998,1,20 - 24,74,409
"2380",1998,1,25 - 29,99,347
"2380",1998,1,30 - 34,157,438
"2380",1998,1,35 - 39,217,530
"2380",1998,1,40 - 44,223,591
"2380",1998,1,45 - 49,335,698
"2380",1998,1,50 - 54,407,931
"2380",1998,1,55 - 59,542,1060
"2380",1998,1,60 - 64,731,1183
"2380",1998,1,65 - 69,965,1477
"2380",1998,1,70 - 74,1320,1827
"2380",1998,1,75 - 79,1759,2038
"2380",1998,1,80 - 84,1899,2016
"2380",1998,1,85 - 89,3634,2785
"2380",1998,1,90 - 94,0,0
"2380",1998,1,95+,0,0
"2380",1998,1,UNK,4,21
"2380",1998,2,Total,396,452
"2380",1998,2,0,8,16
"2380",1998,2,1,2,2
"2380",1998,2,2,0,0
"2380",1998,2,3,1,0
"2380",1998,2,4,1,2
"2380",1998,2,5 - 9,0,1
"2380",1998,2,10 - 14,1,0
"2380",1998,2,15 - 19,2,1
"2380",1998,2,20 - 24,5,3
"2380",1998,2,25 - 29,7,6
"2380",1998,2,30 - 34,8,13
"2380",1998,2,35 - 39,9,20
"2380",1998,2,40 - 44,8,20
"2380",1998,2,45 - 49,17,34
"2380",1998,2,50 - 54,8,24
"2380",1998,2,55 - 59,21,29
"2380",1998,2,60 - 64,18,25
"2380",1998,2,65 - 69,23,33
"2380",1998,2,70 - 74,37,40
"2380",1998,2,75 - 79,41,51
"2380",1998,2,80 - 84,50,46
"2380",1998,2,85 - 89,129,86
"2380",1998,2,90 - 94,0,0
"2380",1998,2,95+,0,0
"2380",1998,2,UNK,0,0
"2380",1998,3,Total,2036,2777
"2380",1998,3,0,2,0
"2380",1998,3,1,2,0
"2380",1998,3,2,1,3
"2380",1998,3,3,0,1
"2380",1998,3,4,0,1
"2380",1998,3,5 - 9,0,3
"2380",1998,3,10 - 14,0,8
"2380",1998,3,15 - 19,6,7
"2380",1998,3,20 - 24,5,6
"2380",1998,3,25 - 29,13,12
"2380",1998,3,30 - 34,31,10
"2380",1998,3,35 - 39,47,28
"2380",1998,3,40 - 44,53,41
"2380",1998,3,45 - 49,109,99
"2380",1998,3,50 - 54,134,157
"2380",1998,3,55 - 59,173,231
"2380",1998,3,60 - 64,200,236
"2380",1998,3,65 - 69,211,324
"2380",1998,3,70 - 74,231,384
"2380",1998,3,75 - 79,274,421
"2380",1998,3,80 - 84,225,385
"2380",1998,3,85 - 89,319,419
"2380",1998,3,90 - 94,0,0
"2380",1998,3,95+,0,0
"2380",1998,3,UNK,0,1
"2380",1998,4,Total,4460,4966
"2380",1998,4,0,7,17
"2380",1998,4,1,2,1
"2380",1998,4,2,1,2
"2380",1998,4,3,1,0
"2380",1998,4,4,0,2
"2380",1998,4,5 - 9,3,0
"2380",1998,4,10 - 14,3,3
"2380",1998,4,15 - 19,2,6
"2380",1998,4,20 - 24,8,4
"2380",1998,4,25 - 29,7,16
"2380",1998,4,30 - 34,20,27
"2380",1998,4,35 - 39,33,45
"2380",1998,4,40 - 44,42,100
"2380",1998,4,45 - 49,68,120
"2380",1998,4,50 - 54,89,234
"2380",1998,4,55 - 59,135,312
"2380",1998,4,60 - 64,216,378
"2380",1998,4,65 - 69,348,506
"2380",1998,4,70 - 74,459,658
"2380",1998,4,75 - 79,662,727
"2380",1998,4,80 - 84,797,734
"2380",1998,4,85 - 89,1555,1066
"2380",1998,4,90 - 94,0,0
"2380",1998,4,95+,0,0
"2380",1998,4,UNK,2,8
"2380",1998,5,Total,94,106
"2380",1998,5,0,6,4
"2380",1998,5,1,0,0
"2380",1998,5,2,1,1
"2380",1998,5,3,0,0
"2380",1998,5,4,0,0
"2380",1998,5,5 - 9,0,0
"2380",1998,5,10 - 14,1,2
"2380",1998,5,15 - 19,0,2
"2380",1998,5,20 - 24,1,1
"2380",1998,5,25 - 29,0,1
"2380",1998,5,30 - 34,3,5
"2380",1998,5,35 - 39,0,9
"2380",1998,5,40 - 44,2,2
"2380",1998,5,45 - 49,2,3
"2380",1998,5,50 - 54,2,4
"2380",1998,5,55 - 59,1,0
"2380",1998,5,60 - 64,2,4
"2380",1998,5,65 - 69,6,8
"2380",1998,5,70 - 74,8,9
"2380",1998,5,75 - 79,12,9
"2380",1998,5,80 - 84,13,15
"2380",1998,5,85 - 89,34,27
"2380",1998,5,90 - 94,0,0
"2380",1998,5,95+,0,0
"2380",1998,5,UNK,0,0
"2380",1998,6,Total,104,299
"2380",1998,6,0,1,0
"2380",1998,6,1,1,0
"2380",1998,6,2,0,0
"2380",1998,6,3,0,0
"2380",1998,6,4,0,0
"2380",1998,6,5 - 9,0,0
"2380",1998,6,10 - 14,0,0
"2380",1998,6,15 - 19,1,0
"2380",1998,6,20 - 24,2,2
"2380",1998,6,25 - 29,2,9
"2380",1998,6,30 - 34,1,21
"2380",1998,6,35 - 39,10,22
"2380",1998,6,40 - 44,5,31
"2380",1998,6,45 - 49,2,29
"2380",1998,6,50 - 54,4,31
"2380",1998,6,55 - 59,1,29
"2380",1998,6,60 - 64,6,18
"2380",1998,6,65 - 69,4,18
"2380",1998,6,70 - 74,7,13
"2380",1998,6,75 - 79,6,21
"2380",1998,6,80 - 84,14,23
"2380",1998,6,85 - 89,36,31
"2380",1998,6,90 - 94,0,0
"2380",1998,6,95+,0,0
"2380",1998,6,UNK,1,1
"2380",1998,7,Total,493,516
"2380",1998,7,0,6,5
"2380",1998,7,1,0,3
"2380",1998,7,2,0,2
"2380",1998,7,3,0,1
"2380",1998,7,4,0,0
"2380",1998,7,5 - 9,4,3
"2380",1998,7,10 - 14,5,8
"2380",1998,7,15 - 19,1,10
"2380",1998,7,20 - 24,1,8
"2380",1998,7,25 - 29,3,7
"2380",1998,7,30 - 34,2,5
"2380",1998,7,35 - 39,1,11
"2380",1998,7,40 - 44,9,14
"2380",1998,7,45 - 49,7,12
"2380",1998,7,50 - 54,9,12
"2380",1998,7,55 - 59,21,20
"2380",1998,7,60 - 64,12,20
"2380",1998,7,65 - 69,23,35
"2380",1998,7,70 - 74,33,51
"2380",1998,7,75 - 79,64,80
"2380",1998,7,80 - 84,105,83
"2380",1998,7,85 - 89,187,126
"2380",1998,7,90 - 94,0,0
"2380",1998,7,95+,0,0
"2380",1998,7,UNK,0,0
"2380",1998,8,Total,1714,1914
"2380",1998,8,0,4,8
"2380",1998,8,1,0,1
"2380",1998,8,2,1,1
"2380",1998,8,3,1,0
"2380",1998,8,4,1,0
"2380",1998,8,5 - 9,1,1
"2380",1998,8,10 - 14,1,1
"2380",1998,8,15 - 19,2,1
"2380",1998,8,20 - 24,5,7
"2380",1998,8,25 - 29,17,31
"2380",1998,8,30 - 34,43,94
"2380",1998,8,35 - 39,47,157
"2380",1998,8,40 - 44,38,130
"2380",1998,8,45 - 49,59,112
"2380",1998,8,50 - 54,55,129
"2380",1998,8,55 - 59,81,116
"2380",1998,8,60 - 64,120,138
"2380",1998,8,65 - 69,160,169
"2380",1998,8,70 - 74,261,219
"2380",1998,8,75 - 79,248,218
"2380",1998,8,80 - 84,224,190
"2380",1998,8,85 - 89,345,189
"2380",1998,8,90 - 94,0,0
"2380",1998,8,95+,0,0
"2380",1998,8,UNK,0,2
"2380",1998,9,Total,590,1107
"2380",1998,9,0,8,6
"2380",1998,9,1,1,1
"2380",1998,9,2,0,0
"2380",1998,9,3,0,0
"2380",1998,9,4,0,0
"2380",1998,9,5 - 9,1,0
"2380",1998,9,10 - 14,0,1
"2380",1998,9,15 - 19,1,2
"2380",1998,9,20 - 24,3,3
"2380",1998,9,25 - 29,6,6
"2380",1998,9,30 - 34,5,11
"2380",1998,9,35 - 39,14,33
"2380",1998,9,40 - 44,15,63
"2380",1998,9,45 - 49,19,102
"2380",1998,9,50 - 54,33,131
"2380",1998,9,55 - 59,37,137
"2380",1998,9,60 - 64,46,136
"2380",1998,9,65 - 69,43,109
"2380",1998,9,70 - 74,61,107
"2380",1998,9,75 - 79,91,83
"2380",1998,9,80 - 84,72,79
"2380",1998,9,85 - 89,134,95
"2380",1998,9,90 - 94,0,0
"2380",1998,9,95+,0,0
"2380",1998,9,UNK,0,2
"2380",1998,10,Total,375,532
"2380",1998,10,0,3,1
"2380",1998,10,1,0,0
"2380",1998,10,2,0,0
"2380",1998,10,3,0,0
"2380",1998,10,4,0,1
"2380",1998,10,5 - 9,0,2
"2380",1998,10,10 - 14,0,0
"2380",1998,10,15 - 19,0,0
"2380",1998,10,20 - 24,0,2
"2380",1998,10,25 - 29,3,2
"2380",1998,10,30 - 34,8,4
"2380",1998,10,35 - 39,3,9
"2380",1998,10,40 - 44,6,12
"2380",1998,10,45 - 49,6,12
"2380",1998,10,50 - 54,18,25
"2380",1998,10,55 - 59,17,35
"2380",1998,10,60 - 64,27,46
"2380",1998,10,65 - 69,26,57
"2380",1998,10,70 - 74,47,68
"2380",1998,10,75 - 79,51,71
"2380",1998,10,80 - 84,57,77
"2380",1998,10,85 - 89,103,108
"2380",1998,10,90 - 94,0,0
"2380",1998,10,95+,0,0
"2380",1998,10,UNK,0,0
"2380",1998,11,Total,237,310
"2380",1998,11,0,216,265
"2380",1998,11,1,2,4
"2380",1998,11,2,1,1
"2380",1998,11,3,1,1
"2380",1998,11,4,0,1
"2380",1998,11,5 - 9,2,2
"2380",1998,11,10 - 14,1,3
"2380",1998,11,15 - 19,3,1
"2380",1998,11,20 - 24,0,2
"2380",1998,11,25 - 29,1,1
"2380",1998,11,30 - 34,2,5
"2380",1998,11,35 - 39,1,0
"2380",1998,11,40 - 44,3,4
"2380",1998,11,45 - 49,1,3
"2380",1998,11,50 - 54,1,3
"2380",1998,11,55 - 59,0,5
"2380",1998,11,60 - 64,0,5
"2380",1998,11,65 - 69,1,1
"2380",1998,11,70 - 74,1,0
"2380",1998,11,75 - 79,0,1
"2380",1998,11,80 - 84,0,2
"2380",1998,11,85 - 89,0,0
"2380",1998,11,90 - 94,0,0
"2380",1998,11,95+,0,0
"2380",1998,11,UNK,0,0
"2380",1998,12,Total,1544,1748
"2380",1998,12,0,14,25
"2380",1998,12,1,2,1
"2380",1998,12,2,0,1
"2380",1998,12,3,0,0
"2380",1998,12,4,0,0
"2380",1998,12,5 - 9,4,2
"2380",1998,12,10 - 14,1,0
"2380",1998,12,15 - 19,0,6
"2380",1998,12,20 - 24,6,6
"2380",1998,12,25 - 29,1,9
"2380",1998,12,30 - 34,8,14
"2380",1998,12,35 - 39,17,27
"2380",1998,12,40 - 44,14,20
"2380",1998,12,45 - 49,24,27
"2380",1998,12,50 - 54,28,53
"2380",1998,12,55 - 59,38,60
"2380",1998,12,60 - 64,54,97
"2380",1998,12,65 - 69,89,130
"2380",1998,12,70 - 74,129,191
"2380",1998,12,75 - 79,236,257
"2380",1998,12,80 - 84,265,304
"2380",1998,12,85 - 89,613,517
"2380",1998,12,90 - 94,0,0
"2380",1998,12,95+,0,0
"2380",1998,12,UNK,1,1
"2380",1998,13,Total,331,1363
"2380",1998,13,0,0,7
"2380",1998,13,1,2,4
"2380",1998,13,2,1,3
"2380",1998,13,3,3,4
"2380",1998,13,4,2,3
"2380",1998,13,5 - 9,6,11
"2380",1998,13,10 - 14,4,17
"2380",1998,13,15 - 19,20,93
"2380",1998,13,20 - 24,27,138
"2380",1998,13,25 - 29,15,99
"2380",1998,13,30 - 34,10,151
"2380",1998,13,35 - 39,19,123
"2380",1998,13,40 - 44,17,109
"2380",1998,13,45 - 49,10,103
"2380",1998,13,50 - 54,12,94
"2380",1998,13,55 - 59,12,67
"2380",1998,13,60 - 64,15,61
"2380",1998,13,65 - 69,16,60
"2380",1998,13,70 - 74,16,58
"2380",1998,13,75 - 79,23,57
"2380",1998,13,80 - 84,29,42
"2380",1998,13,85 - 89,72,57
"2380",1998,13,90 - 94,0,0
"2380",1998,13,95+,0,0
"2380",1998,13,UNK,0,2
"2380",1998,14,Total,73,731
"2380",1998,14,0,3,0
"2380",1998,14,1,0,0
"2380",1998,14,2,0,0
"2380",1998,14,3,0,1
"2380",1998,14,4,0,0
"2380",1998,14,5 - 9,0,3
"2380",1998,14,10 - 14,1,4
"2380",1998,14,15 - 19,11,130
"2380",1998,14,20 - 24,8,220
"2380",1998,14,25 - 29,14,147
"2380",1998,14,30 - 34,10,70
"2380",1998,14,35 - 39,10,41
"2380",1998,14,40 - 44,3,37
"2380",1998,14,45 - 49,6,31
"2380",1998,14,50 - 54,1,16
"2380",1998,14,55 - 59,0,12
"2380",1998,14,60 - 64,1,5
"2380",1998,14,65 - 69,1,3
"2380",1998,14,70 - 74,1,4
"2380",1998,14,75 - 79,0,1
"2380",1998,14,80 - 84,2,1
"2380",1998,14,85 - 89,1,1
"2380",1998,14,90 - 94,0,0
"2380",1998,14,95+,0,0
"2380",1998,14,UNK,0,4
