"","Year","Cause","Age","Female","Male"
"2180",1990,1,Total,22437,27780
"2180",1990,1,0,3612,4365
"2180",1990,1,1,1634,1736
"2180",1990,1,2,0,0
"2180",1990,1,3,0,0
"2180",1990,1,4,0,0
"2180",1990,1,5 - 9,406,531
"2180",1990,1,10 - 14,344,489
"2180",1990,1,15 - 19,452,771
"2180",1990,1,20 - 24,524,1056
"2180",1990,1,25 - 29,442,954
"2180",1990,1,30 - 34,496,952
"2180",1990,1,35 - 39,549,980
"2180",1990,1,40 - 44,590,947
"2180",1990,1,45 - 49,619,1017
"2180",1990,1,50 - 54,757,1142
"2180",1990,1,55 - 59,906,1251
"2180",1990,1,60 - 64,1118,1515
"2180",1990,1,65 - 69,1221,1687
"2180",1990,1,70 - 74,1539,1859
"2180",1990,1,75 - 79,1694,2080
"2180",1990,1,80 - 84,1877,1855
"2180",1990,1,85 - 89,3529,2448
"2180",1990,1,90 - 94,0,0
"2180",1990,1,95+,0,0
"2180",1990,1,UNK,128,145
"2180",1990,2,Total,2192,2703
"2180",1990,2,0,591,784
"2180",1990,2,1,510,522
"2180",1990,2,2,0,0
"2180",1990,2,3,0,0
"2180",1990,2,4,0,0
"2180",1990,2,5 - 9,74,85
"2180",1990,2,10 - 14,49,54
"2180",1990,2,15 - 19,63,49
"2180",1990,2,20 - 24,79,65
"2180",1990,2,25 - 29,52,84
"2180",1990,2,30 - 34,63,85
"2180",1990,2,35 - 39,52,86
"2180",1990,2,40 - 44,62,80
"2180",1990,2,45 - 49,39,82
"2180",1990,2,50 - 54,55,83
"2180",1990,2,55 - 59,46,92
"2180",1990,2,60 - 64,73,85
"2180",1990,2,65 - 69,64,107
"2180",1990,2,70 - 74,68,91
"2180",1990,2,75 - 79,85,104
"2180",1990,2,80 - 84,64,75
"2180",1990,2,85 - 89,93,77
"2180",1990,2,90 - 94,0,0
"2180",1990,2,95+,0,0
"2180",1990,2,UNK,10,13
"2180",1990,3,Total,2809,2520
"2180",1990,3,0,5,8
"2180",1990,3,1,24,46
"2180",1990,3,2,0,0
"2180",1990,3,3,0,0
"2180",1990,3,4,0,0
"2180",1990,3,5 - 9,19,30
"2180",1990,3,10 - 14,32,27
"2180",1990,3,15 - 19,34,47
"2180",1990,3,20 - 24,38,45
"2180",1990,3,25 - 29,34,32
"2180",1990,3,30 - 34,70,44
"2180",1990,3,35 - 39,106,55
"2180",1990,3,40 - 44,138,79
"2180",1990,3,45 - 49,165,98
"2180",1990,3,50 - 54,201,130
"2180",1990,3,55 - 59,249,189
"2180",1990,3,60 - 64,285,239
"2180",1990,3,65 - 69,287,297
"2180",1990,3,70 - 74,312,343
"2180",1990,3,75 - 79,276,341
"2180",1990,3,80 - 84,247,237
"2180",1990,3,85 - 89,268,219
"2180",1990,3,90 - 94,0,0
"2180",1990,3,95+,0,0
"2180",1990,3,UNK,19,14
"2180",1990,4,Total,4372,4542
"2180",1990,4,0,25,34
"2180",1990,4,1,17,22
"2180",1990,4,2,0,0
"2180",1990,4,3,0,0
"2180",1990,4,4,0,0
"2180",1990,4,5 - 9,10,19
"2180",1990,4,10 - 14,25,22
"2180",1990,4,15 - 19,37,58
"2180",1990,4,20 - 24,31,63
"2180",1990,4,25 - 29,52,70
"2180",1990,4,30 - 34,53,77
"2180",1990,4,35 - 39,74,92
"2180",1990,4,40 - 44,90,133
"2180",1990,4,45 - 49,113,163
"2180",1990,4,50 - 54,162,204
"2180",1990,4,55 - 59,207,293
"2180",1990,4,60 - 64,262,345
"2180",1990,4,65 - 69,329,441
"2180",1990,4,70 - 74,453,510
"2180",1990,4,75 - 79,541,594
"2180",1990,4,80 - 84,654,600
"2180",1990,4,85 - 89,1216,784
"2180",1990,4,90 - 94,0,0
"2180",1990,4,95+,0,0
"2180",1990,4,UNK,21,18
"2180",1990,5,Total,3600,3573
"2180",1990,5,0,391,424
"2180",1990,5,1,213,202
"2180",1990,5,2,0,0
"2180",1990,5,3,0,0
"2180",1990,5,4,0,0
"2180",1990,5,5 - 9,68,80
"2180",1990,5,10 - 14,37,40
"2180",1990,5,15 - 19,52,69
"2180",1990,5,20 - 24,61,68
"2180",1990,5,25 - 29,61,51
"2180",1990,5,30 - 34,54,101
"2180",1990,5,35 - 39,74,90
"2180",1990,5,40 - 44,66,115
"2180",1990,5,45 - 49,100,104
"2180",1990,5,50 - 54,100,133
"2180",1990,5,55 - 59,127,130
"2180",1990,5,60 - 64,156,210
"2180",1990,5,65 - 69,172,225
"2180",1990,5,70 - 74,248,278
"2180",1990,5,75 - 79,279,329
"2180",1990,5,80 - 84,365,310
"2180",1990,5,85 - 89,949,590
"2180",1990,5,90 - 94,0,0
"2180",1990,5,95+,0,0
"2180",1990,5,UNK,27,24
"2180",1990,6,Total,103,459
"2180",1990,6,0,1,0
"2180",1990,6,1,0,0
"2180",1990,6,2,0,0
"2180",1990,6,3,0,0
"2180",1990,6,4,0,0
"2180",1990,6,5 - 9,0,0
"2180",1990,6,10 - 14,0,0
"2180",1990,6,15 - 19,0,4
"2180",1990,6,20 - 24,1,5
"2180",1990,6,25 - 29,3,21
"2180",1990,6,30 - 34,2,29
"2180",1990,6,35 - 39,4,37
"2180",1990,6,40 - 44,11,36
"2180",1990,6,45 - 49,7,61
"2180",1990,6,50 - 54,8,55
"2180",1990,6,55 - 59,8,47
"2180",1990,6,60 - 64,7,46
"2180",1990,6,65 - 69,7,35
"2180",1990,6,70 - 74,8,27
"2180",1990,6,75 - 79,9,26
"2180",1990,6,80 - 84,8,11
"2180",1990,6,85 - 89,17,12
"2180",1990,6,90 - 94,0,0
"2180",1990,6,95+,0,0
"2180",1990,6,UNK,2,7
"2180",1990,7,Total,352,519
"2180",1990,7,0,57,69
"2180",1990,7,1,39,49
"2180",1990,7,2,0,0
"2180",1990,7,3,0,0
"2180",1990,7,4,0,0
"2180",1990,7,5 - 9,20,29
"2180",1990,7,10 - 14,19,40
"2180",1990,7,15 - 19,23,35
"2180",1990,7,20 - 24,23,38
"2180",1990,7,25 - 29,22,30
"2180",1990,7,30 - 34,20,25
"2180",1990,7,35 - 39,15,33
"2180",1990,7,40 - 44,11,19
"2180",1990,7,45 - 49,5,29
"2180",1990,7,50 - 54,12,21
"2180",1990,7,55 - 59,9,16
"2180",1990,7,60 - 64,14,10
"2180",1990,7,65 - 69,12,18
"2180",1990,7,70 - 74,13,16
"2180",1990,7,75 - 79,17,18
"2180",1990,7,80 - 84,9,10
"2180",1990,7,85 - 89,11,12
"2180",1990,7,90 - 94,0,0
"2180",1990,7,95+,0,0
"2180",1990,7,UNK,1,2
"2180",1990,8,Total,1246,1027
"2180",1990,8,0,195,200
"2180",1990,8,1,134,148
"2180",1990,8,2,0,0
"2180",1990,8,3,0,0
"2180",1990,8,4,0,0
"2180",1990,8,5 - 9,14,10
"2180",1990,8,10 - 14,5,6
"2180",1990,8,15 - 19,4,5
"2180",1990,8,20 - 24,8,15
"2180",1990,8,25 - 29,6,8
"2180",1990,8,30 - 34,9,7
"2180",1990,8,35 - 39,10,11
"2180",1990,8,40 - 44,17,16
"2180",1990,8,45 - 49,31,19
"2180",1990,8,50 - 54,53,46
"2180",1990,8,55 - 59,65,55
"2180",1990,8,60 - 64,96,75
"2180",1990,8,65 - 69,105,67
"2180",1990,8,70 - 74,107,68
"2180",1990,8,75 - 79,103,93
"2180",1990,8,80 - 84,100,74
"2180",1990,8,85 - 89,180,101
"2180",1990,8,90 - 94,0,0
"2180",1990,8,95+,0,0
"2180",1990,8,UNK,4,3
"2180",1990,9,Total,961,1655
"2180",1990,9,0,42,43
"2180",1990,9,1,36,33
"2180",1990,9,2,0,0
"2180",1990,9,3,0,0
"2180",1990,9,4,0,0
"2180",1990,9,5 - 9,6,16
"2180",1990,9,10 - 14,10,16
"2180",1990,9,15 - 19,11,19
"2180",1990,9,20 - 24,24,25
"2180",1990,9,25 - 29,30,35
"2180",1990,9,30 - 34,24,68
"2180",1990,9,35 - 39,36,64
"2180",1990,9,40 - 44,35,111
"2180",1990,9,45 - 49,40,115
"2180",1990,9,50 - 54,43,131
"2180",1990,9,55 - 59,65,128
"2180",1990,9,60 - 64,73,160
"2180",1990,9,65 - 69,76,154
"2180",1990,9,70 - 74,86,164
"2180",1990,9,75 - 79,104,131
"2180",1990,9,80 - 84,84,130
"2180",1990,9,85 - 89,129,104
"2180",1990,9,90 - 94,0,0
"2180",1990,9,95+,0,0
"2180",1990,9,UNK,7,8
"2180",1990,10,Total,523,549
"2180",1990,10,0,11,14
"2180",1990,10,1,17,22
"2180",1990,10,2,0,0
"2180",1990,10,3,0,0
"2180",1990,10,4,0,0
"2180",1990,10,5 - 9,8,8
"2180",1990,10,10 - 14,12,5
"2180",1990,10,15 - 19,12,12
"2180",1990,10,20 - 24,19,13
"2180",1990,10,25 - 29,13,6
"2180",1990,10,30 - 34,17,10
"2180",1990,10,35 - 39,22,19
"2180",1990,10,40 - 44,26,19
"2180",1990,10,45 - 49,22,20
"2180",1990,10,50 - 54,21,25
"2180",1990,10,55 - 59,28,27
"2180",1990,10,60 - 64,30,36
"2180",1990,10,65 - 69,30,41
"2180",1990,10,70 - 74,39,51
"2180",1990,10,75 - 79,39,67
"2180",1990,10,80 - 84,62,60
"2180",1990,10,85 - 89,91,92
"2180",1990,10,90 - 94,0,0
"2180",1990,10,95+,0,0
"2180",1990,10,UNK,4,2
"2180",1990,11,Total,1465,1881
"2180",1990,11,0,1390,1786
"2180",1990,11,1,35,52
"2180",1990,11,2,0,0
"2180",1990,11,3,0,0
"2180",1990,11,4,0,0
"2180",1990,11,5 - 9,12,10
"2180",1990,11,10 - 14,4,12
"2180",1990,11,15 - 19,6,6
"2180",1990,11,20 - 24,7,4
"2180",1990,11,25 - 29,3,3
"2180",1990,11,30 - 34,1,4
"2180",1990,11,35 - 39,5,3
"2180",1990,11,40 - 44,0,1
"2180",1990,11,45 - 49,0,0
"2180",1990,11,50 - 54,1,0
"2180",1990,11,55 - 59,0,0
"2180",1990,11,60 - 64,0,0
"2180",1990,11,65 - 69,1,0
"2180",1990,11,70 - 74,0,0
"2180",1990,11,75 - 79,0,0
"2180",1990,11,80 - 84,0,0
"2180",1990,11,85 - 89,0,0
"2180",1990,11,90 - 94,0,0
"2180",1990,11,95+,0,0
"2180",1990,11,UNK,0,0
"2180",1990,12,Total,2554,2852
"2180",1990,12,0,827,916
"2180",1990,12,1,418,375
"2180",1990,12,2,0,0
"2180",1990,12,3,0,0
"2180",1990,12,4,0,0
"2180",1990,12,5 - 9,51,60
"2180",1990,12,10 - 14,38,40
"2180",1990,12,15 - 19,23,22
"2180",1990,12,20 - 24,28,25
"2180",1990,12,25 - 29,22,27
"2180",1990,12,30 - 34,14,24
"2180",1990,12,35 - 39,16,34
"2180",1990,12,40 - 44,22,34
"2180",1990,12,45 - 49,26,38
"2180",1990,12,50 - 54,29,42
"2180",1990,12,55 - 59,37,55
"2180",1990,12,60 - 64,58,94
"2180",1990,12,65 - 69,65,114
"2180",1990,12,70 - 74,121,146
"2180",1990,12,75 - 79,154,220
"2180",1990,12,80 - 84,183,220
"2180",1990,12,85 - 89,404,351
"2180",1990,12,90 - 94,0,0
"2180",1990,12,95+,0,0
"2180",1990,12,UNK,18,15
"2180",1990,13,Total,1385,4173
"2180",1990,13,0,50,64
"2180",1990,13,1,158,226
"2180",1990,13,2,0,0
"2180",1990,13,3,0,0
"2180",1990,13,4,0,0
"2180",1990,13,5 - 9,107,166
"2180",1990,13,10 - 14,98,211
"2180",1990,13,15 - 19,123,340
"2180",1990,13,20 - 24,111,489
"2180",1990,13,25 - 29,81,403
"2180",1990,13,30 - 34,69,351
"2180",1990,13,35 - 39,59,331
"2180",1990,13,40 - 44,62,235
"2180",1990,13,45 - 49,42,236
"2180",1990,13,50 - 54,53,214
"2180",1990,13,55 - 59,47,171
"2180",1990,13,60 - 64,36,162
"2180",1990,13,65 - 69,39,155
"2180",1990,13,70 - 74,54,133
"2180",1990,13,75 - 79,42,107
"2180",1990,13,80 - 84,55,92
"2180",1990,13,85 - 89,90,62
"2180",1990,13,90 - 94,0,0
"2180",1990,13,95+,0,0
"2180",1990,13,UNK,9,25
"2180",1990,14,Total,99,961
"2180",1990,14,0,1,2
"2180",1990,14,1,4,3
"2180",1990,14,2,0,0
"2180",1990,14,3,0,0
"2180",1990,14,4,0,0
"2180",1990,14,5 - 9,2,5
"2180",1990,14,10 - 14,4,11
"2180",1990,14,15 - 19,6,96
"2180",1990,14,20 - 24,14,187
"2180",1990,14,25 - 29,9,179
"2180",1990,14,30 - 34,12,115
"2180",1990,14,35 - 39,9,112
"2180",1990,14,40 - 44,4,63
"2180",1990,14,45 - 49,7,44
"2180",1990,14,50 - 54,5,40
"2180",1990,14,55 - 59,1,33
"2180",1990,14,60 - 64,5,29
"2180",1990,14,65 - 69,6,13
"2180",1990,14,70 - 74,2,10
"2180",1990,14,75 - 79,3,7
"2180",1990,14,80 - 84,3,2
"2180",1990,14,85 - 89,1,3
"2180",1990,14,90 - 94,0,0
"2180",1990,14,95+,0,0
"2180",1990,14,UNK,1,7
"2180",1991,1,Total,23603,29730
"2180",1991,1,0,3362,4089
"2180",1991,1,1,917,990
"2180",1991,1,2,337,357
"2180",1991,1,3,217,224
"2180",1991,1,4,122,194
"2180",1991,1,5 - 9,425,560
"2180",1991,1,10 - 14,381,504
"2180",1991,1,15 - 19,517,820
"2180",1991,1,20 - 24,544,1076
"2180",1991,1,25 - 29,500,1088
"2180",1991,1,30 - 34,522,1014
"2180",1991,1,35 - 39,586,1054
"2180",1991,1,40 - 44,623,1116
"2180",1991,1,45 - 49,659,1139
"2180",1991,1,50 - 54,815,1262
"2180",1991,1,55 - 59,941,1413
"2180",1991,1,60 - 64,1240,1697
"2180",1991,1,65 - 69,1366,1766
"2180",1991,1,70 - 74,1577,2140
"2180",1991,1,75 - 79,1866,2245
"2180",1991,1,80 - 84,2183,2137
"2180",1991,1,85 - 89,3807,2736
"2180",1991,1,90 - 94,0,0
"2180",1991,1,95+,0,0
"2180",1991,1,UNK,96,109
"2180",1991,2,Total,2519,3230
"2180",1991,2,0,560,667
"2180",1991,2,1,308,373
"2180",1991,2,2,84,111
"2180",1991,2,3,38,56
"2180",1991,2,4,35,53
"2180",1991,2,5 - 9,87,87
"2180",1991,2,10 - 14,66,77
"2180",1991,2,15 - 19,58,67
"2180",1991,2,20 - 24,79,91
"2180",1991,2,25 - 29,87,108
"2180",1991,2,30 - 34,84,96
"2180",1991,2,35 - 39,75,93
"2180",1991,2,40 - 44,69,118
"2180",1991,2,45 - 49,58,132
"2180",1991,2,50 - 54,71,140
"2180",1991,2,55 - 59,81,122
"2180",1991,2,60 - 64,114,146
"2180",1991,2,65 - 69,102,155
"2180",1991,2,70 - 74,107,163
"2180",1991,2,75 - 79,100,147
"2180",1991,2,80 - 84,105,122
"2180",1991,2,85 - 89,142,92
"2180",1991,2,90 - 94,0,0
"2180",1991,2,95+,0,0
"2180",1991,2,UNK,9,14
"2180",1991,3,Total,2856,2633
"2180",1991,3,0,8,6
"2180",1991,3,1,10,6
"2180",1991,3,2,7,8
"2180",1991,3,3,15,7
"2180",1991,3,4,4,9
"2180",1991,3,5 - 9,24,36
"2180",1991,3,10 - 14,35,46
"2180",1991,3,15 - 19,34,38
"2180",1991,3,20 - 24,40,48
"2180",1991,3,25 - 29,43,34
"2180",1991,3,30 - 34,67,44
"2180",1991,3,35 - 39,115,60
"2180",1991,3,40 - 44,144,77
"2180",1991,3,45 - 49,159,94
"2180",1991,3,50 - 54,206,127
"2180",1991,3,55 - 59,227,186
"2180",1991,3,60 - 64,279,257
"2180",1991,3,65 - 69,292,286
"2180",1991,3,70 - 74,278,384
"2180",1991,3,75 - 79,309,352
"2180",1991,3,80 - 84,273,250
"2180",1991,3,85 - 89,275,269
"2180",1991,3,90 - 94,0,0
"2180",1991,3,95+,0,0
"2180",1991,3,UNK,12,9
"2180",1991,4,Total,4829,5079
"2180",1991,4,0,18,26
"2180",1991,4,1,12,9
"2180",1991,4,2,5,5
"2180",1991,4,3,4,2
"2180",1991,4,4,6,4
"2180",1991,4,5 - 9,15,14
"2180",1991,4,10 - 14,23,26
"2180",1991,4,15 - 19,35,46
"2180",1991,4,20 - 24,52,69
"2180",1991,4,25 - 29,63,70
"2180",1991,4,30 - 34,65,91
"2180",1991,4,35 - 39,90,112
"2180",1991,4,40 - 44,107,153
"2180",1991,4,45 - 49,129,180
"2180",1991,4,50 - 54,173,232
"2180",1991,4,55 - 59,234,314
"2180",1991,4,60 - 64,293,415
"2180",1991,4,65 - 69,403,465
"2180",1991,4,70 - 74,461,585
"2180",1991,4,75 - 79,579,667
"2180",1991,4,80 - 84,734,670
"2180",1991,4,85 - 89,1307,908
"2180",1991,4,90 - 94,0,0
"2180",1991,4,95+,0,0
"2180",1991,4,UNK,21,16
"2180",1991,5,Total,3633,3609
"2180",1991,5,0,362,388
"2180",1991,5,1,109,98
"2180",1991,5,2,42,41
"2180",1991,5,3,27,30
"2180",1991,5,4,12,28
"2180",1991,5,5 - 9,51,65
"2180",1991,5,10 - 14,53,44
"2180",1991,5,15 - 19,70,56
"2180",1991,5,20 - 24,50,71
"2180",1991,5,25 - 29,58,72
"2180",1991,5,30 - 34,57,57
"2180",1991,5,35 - 39,70,100
"2180",1991,5,40 - 44,83,84
"2180",1991,5,45 - 49,93,101
"2180",1991,5,50 - 54,118,131
"2180",1991,5,55 - 59,93,156
"2180",1991,5,60 - 64,164,192
"2180",1991,5,65 - 69,163,209
"2180",1991,5,70 - 74,228,324
"2180",1991,5,75 - 79,301,349
"2180",1991,5,80 - 84,405,375
"2180",1991,5,85 - 89,998,619
"2180",1991,5,90 - 94,0,0
"2180",1991,5,95+,0,0
"2180",1991,5,UNK,26,19
"2180",1991,6,Total,106,553
"2180",1991,6,0,0,0
"2180",1991,6,1,0,0
"2180",1991,6,2,0,0
"2180",1991,6,3,0,0
"2180",1991,6,4,0,0
"2180",1991,6,5 - 9,0,0
"2180",1991,6,10 - 14,0,0
"2180",1991,6,15 - 19,0,6
"2180",1991,6,20 - 24,0,13
"2180",1991,6,25 - 29,1,24
"2180",1991,6,30 - 34,2,42
"2180",1991,6,35 - 39,1,48
"2180",1991,6,40 - 44,4,51
"2180",1991,6,45 - 49,8,64
"2180",1991,6,50 - 54,9,66
"2180",1991,6,55 - 59,11,58
"2180",1991,6,60 - 64,14,63
"2180",1991,6,65 - 69,8,37
"2180",1991,6,70 - 74,8,31
"2180",1991,6,75 - 79,7,18
"2180",1991,6,80 - 84,13,13
"2180",1991,6,85 - 89,18,11
"2180",1991,6,90 - 94,0,0
"2180",1991,6,95+,0,0
"2180",1991,6,UNK,2,8
"2180",1991,7,Total,391,471
"2180",1991,7,0,53,60
"2180",1991,7,1,33,37
"2180",1991,7,2,15,13
"2180",1991,7,3,7,9
"2180",1991,7,4,9,5
"2180",1991,7,5 - 9,21,23
"2180",1991,7,10 - 14,21,28
"2180",1991,7,15 - 19,29,36
"2180",1991,7,20 - 24,25,35
"2180",1991,7,25 - 29,14,24
"2180",1991,7,30 - 34,17,33
"2180",1991,7,35 - 39,12,19
"2180",1991,7,40 - 44,11,17
"2180",1991,7,45 - 49,14,11
"2180",1991,7,50 - 54,5,21
"2180",1991,7,55 - 59,12,16
"2180",1991,7,60 - 64,16,11
"2180",1991,7,65 - 69,16,15
"2180",1991,7,70 - 74,11,20
"2180",1991,7,75 - 79,18,16
"2180",1991,7,80 - 84,10,10
"2180",1991,7,85 - 89,22,11
"2180",1991,7,90 - 94,0,0
"2180",1991,7,95+,0,0
"2180",1991,7,UNK,0,1
"2180",1991,8,Total,1297,1159
"2180",1991,8,0,176,198
"2180",1991,8,1,86,90
"2180",1991,8,2,19,25
"2180",1991,8,3,10,11
"2180",1991,8,4,6,12
"2180",1991,8,5 - 9,8,8
"2180",1991,8,10 - 14,10,4
"2180",1991,8,15 - 19,7,9
"2180",1991,8,20 - 24,11,10
"2180",1991,8,25 - 29,6,16
"2180",1991,8,30 - 34,7,17
"2180",1991,8,35 - 39,13,20
"2180",1991,8,40 - 44,23,35
"2180",1991,8,45 - 49,23,35
"2180",1991,8,50 - 54,45,43
"2180",1991,8,55 - 59,67,74
"2180",1991,8,60 - 64,98,93
"2180",1991,8,65 - 69,99,72
"2180",1991,8,70 - 74,144,96
"2180",1991,8,75 - 79,124,90
"2180",1991,8,80 - 84,147,84
"2180",1991,8,85 - 89,163,112
"2180",1991,8,90 - 94,0,0
"2180",1991,8,95+,0,0
"2180",1991,8,UNK,5,5
"2180",1991,9,Total,1048,1763
"2180",1991,9,0,33,46
"2180",1991,9,1,12,18
"2180",1991,9,2,5,6
"2180",1991,9,3,4,12
"2180",1991,9,4,1,6
"2180",1991,9,5 - 9,11,11
"2180",1991,9,10 - 14,9,7
"2180",1991,9,15 - 19,21,18
"2180",1991,9,20 - 24,15,24
"2180",1991,9,25 - 29,22,38
"2180",1991,9,30 - 34,28,55
"2180",1991,9,35 - 39,28,82
"2180",1991,9,40 - 44,34,122
"2180",1991,9,45 - 49,53,144
"2180",1991,9,50 - 54,57,130
"2180",1991,9,55 - 59,79,160
"2180",1991,9,60 - 64,98,176
"2180",1991,9,65 - 69,87,153
"2180",1991,9,70 - 74,98,138
"2180",1991,9,75 - 79,108,158
"2180",1991,9,80 - 84,102,139
"2180",1991,9,85 - 89,141,115
"2180",1991,9,90 - 94,0,0
"2180",1991,9,95+,0,0
"2180",1991,9,UNK,2,5
"2180",1991,10,Total,614,614
"2180",1991,10,0,11,9
"2180",1991,10,1,17,7
"2180",1991,10,2,6,3
"2180",1991,10,3,3,3
"2180",1991,10,4,4,1
"2180",1991,10,5 - 9,8,11
"2180",1991,10,10 - 14,14,4
"2180",1991,10,15 - 19,18,11
"2180",1991,10,20 - 24,18,18
"2180",1991,10,25 - 29,20,12
"2180",1991,10,30 - 34,23,21
"2180",1991,10,35 - 39,21,14
"2180",1991,10,40 - 44,20,17
"2180",1991,10,45 - 49,26,26
"2180",1991,10,50 - 54,36,27
"2180",1991,10,55 - 59,23,31
"2180",1991,10,60 - 64,36,47
"2180",1991,10,65 - 69,44,52
"2180",1991,10,70 - 74,57,64
"2180",1991,10,75 - 79,45,71
"2180",1991,10,80 - 84,61,57
"2180",1991,10,85 - 89,101,108
"2180",1991,10,90 - 94,0,0
"2180",1991,10,95+,0,0
"2180",1991,10,UNK,2,0
"2180",1991,11,Total,1376,1765
"2180",1991,11,0,1281,1681
"2180",1991,11,1,19,26
"2180",1991,11,2,11,11
"2180",1991,11,3,10,6
"2180",1991,11,4,6,5
"2180",1991,11,5 - 9,15,8
"2180",1991,11,10 - 14,7,3
"2180",1991,11,15 - 19,8,7
"2180",1991,11,20 - 24,6,3
"2180",1991,11,25 - 29,2,3
"2180",1991,11,30 - 34,3,2
"2180",1991,11,35 - 39,1,1
"2180",1991,11,40 - 44,2,2
"2180",1991,11,45 - 49,2,0
"2180",1991,11,50 - 54,1,3
"2180",1991,11,55 - 59,0,2
"2180",1991,11,60 - 64,1,2
"2180",1991,11,65 - 69,0,0
"2180",1991,11,70 - 74,1,0
"2180",1991,11,75 - 79,0,0
"2180",1991,11,80 - 84,0,0
"2180",1991,11,85 - 89,0,0
"2180",1991,11,90 - 94,0,0
"2180",1991,11,95+,0,0
"2180",1991,11,UNK,0,0
"2180",1991,12,Total,2617,3047
"2180",1991,12,0,771,925
"2180",1991,12,1,237,256
"2180",1991,12,2,87,80
"2180",1991,12,3,53,35
"2180",1991,12,4,12,24
"2180",1991,12,5 - 9,59,69
"2180",1991,12,10 - 14,35,41
"2180",1991,12,15 - 19,25,26
"2180",1991,12,20 - 24,29,39
"2180",1991,12,25 - 29,24,28
"2180",1991,12,30 - 34,18,33
"2180",1991,12,35 - 39,30,31
"2180",1991,12,40 - 44,20,46
"2180",1991,12,45 - 49,23,43
"2180",1991,12,50 - 54,32,55
"2180",1991,12,55 - 59,52,60
"2180",1991,12,60 - 64,55,74
"2180",1991,12,65 - 69,76,126
"2180",1991,12,70 - 74,111,157
"2180",1991,12,75 - 79,178,238
"2180",1991,12,80 - 84,216,282
"2180",1991,12,85 - 89,464,368
"2180",1991,12,90 - 94,0,0
"2180",1991,12,95+,0,0
"2180",1991,12,UNK,10,11
"2180",1991,13,Total,1360,4335
"2180",1991,13,0,61,53
"2180",1991,13,1,55,63
"2180",1991,13,2,48,49
"2180",1991,13,3,38,48
"2180",1991,13,4,25,44
"2180",1991,13,5 - 9,109,218
"2180",1991,13,10 - 14,85,193
"2180",1991,13,15 - 19,140,399
"2180",1991,13,20 - 24,119,460
"2180",1991,13,25 - 29,72,474
"2180",1991,13,30 - 34,50,374
"2180",1991,13,35 - 39,57,334
"2180",1991,13,40 - 44,55,293
"2180",1991,13,45 - 49,48,222
"2180",1991,13,50 - 54,41,222
"2180",1991,13,55 - 59,39,180
"2180",1991,13,60 - 64,45,176
"2180",1991,13,65 - 69,46,153
"2180",1991,13,70 - 74,43,126
"2180",1991,13,75 - 79,43,96
"2180",1991,13,80 - 84,61,77
"2180",1991,13,85 - 89,76,71
"2180",1991,13,90 - 94,0,0
"2180",1991,13,95+,0,0
"2180",1991,13,UNK,4,10
"2180",1991,14,Total,115,1083
"2180",1991,14,0,1,2
"2180",1991,14,1,2,0
"2180",1991,14,2,0,0
"2180",1991,14,3,2,2
"2180",1991,14,4,1,0
"2180",1991,14,5 - 9,4,1
"2180",1991,14,10 - 14,6,13
"2180",1991,14,15 - 19,13,95
"2180",1991,14,20 - 24,12,185
"2180",1991,14,25 - 29,13,168
"2180",1991,14,30 - 34,17,138
"2180",1991,14,35 - 39,8,128
"2180",1991,14,40 - 44,9,91
"2180",1991,14,45 - 49,7,82
"2180",1991,14,50 - 54,0,51
"2180",1991,14,55 - 59,4,36
"2180",1991,14,60 - 64,3,31
"2180",1991,14,65 - 69,5,20
"2180",1991,14,70 - 74,1,13
"2180",1991,14,75 - 79,3,10
"2180",1991,14,80 - 84,1,6
"2180",1991,14,85 - 89,2,4
"2180",1991,14,90 - 94,0,0
"2180",1991,14,95+,0,0
"2180",1991,14,UNK,1,7
"2180",1992,1,Total,23722,29708
"2180",1992,1,0,3355,3971
"2180",1992,1,1,955,1023
"2180",1992,1,2,354,369
"2180",1992,1,3,214,227
"2180",1992,1,4,123,161
"2180",1992,1,5 - 9,438,532
"2180",1992,1,10 - 14,356,504
"2180",1992,1,15 - 19,511,799
"2180",1992,1,20 - 24,458,1175
"2180",1992,1,25 - 29,551,1146
"2180",1992,1,30 - 34,542,1084
"2180",1992,1,35 - 39,616,1094
"2180",1992,1,40 - 44,659,1027
"2180",1992,1,45 - 49,686,1102
"2180",1992,1,50 - 54,851,1201
"2180",1992,1,55 - 59,965,1350
"2180",1992,1,60 - 64,1224,1736
"2180",1992,1,65 - 69,1392,1873
"2180",1992,1,70 - 74,1628,2075
"2180",1992,1,75 - 79,1803,2178
"2180",1992,1,80 - 84,2145,2189
"2180",1992,1,85 - 89,3768,2754
"2180",1992,1,90 - 94,0,0
"2180",1992,1,95+,0,0
"2180",1992,1,UNK,128,138
"2180",1992,2,Total,2451,3133
"2180",1992,2,0,587,693
"2180",1992,2,1,330,366
"2180",1992,2,2,107,106
"2180",1992,2,3,58,51
"2180",1992,2,4,35,41
"2180",1992,2,5 - 9,100,103
"2180",1992,2,10 - 14,46,54
"2180",1992,2,15 - 19,71,81
"2180",1992,2,20 - 24,61,95
"2180",1992,2,25 - 29,91,87
"2180",1992,2,30 - 34,67,85
"2180",1992,2,35 - 39,65,129
"2180",1992,2,40 - 44,60,108
"2180",1992,2,45 - 49,42,101
"2180",1992,2,50 - 54,75,88
"2180",1992,2,55 - 59,65,106
"2180",1992,2,60 - 64,85,159
"2180",1992,2,65 - 69,85,175
"2180",1992,2,70 - 74,94,147
"2180",1992,2,75 - 79,91,142
"2180",1992,2,80 - 84,95,92
"2180",1992,2,85 - 89,127,104
"2180",1992,2,90 - 94,0,0
"2180",1992,2,95+,0,0
"2180",1992,2,UNK,14,20
"2180",1992,3,Total,2951,2676
"2180",1992,3,0,3,11
"2180",1992,3,1,9,4
"2180",1992,3,2,6,10
"2180",1992,3,3,7,7
"2180",1992,3,4,6,5
"2180",1992,3,5 - 9,23,25
"2180",1992,3,10 - 14,25,30
"2180",1992,3,15 - 19,27,42
"2180",1992,3,20 - 24,24,36
"2180",1992,3,25 - 29,43,35
"2180",1992,3,30 - 34,70,52
"2180",1992,3,35 - 39,98,62
"2180",1992,3,40 - 44,152,72
"2180",1992,3,45 - 49,174,99
"2180",1992,3,50 - 54,224,147
"2180",1992,3,55 - 59,274,181
"2180",1992,3,60 - 64,335,290
"2180",1992,3,65 - 69,323,306
"2180",1992,3,70 - 74,308,336
"2180",1992,3,75 - 79,298,356
"2180",1992,3,80 - 84,252,315
"2180",1992,3,85 - 89,259,250
"2180",1992,3,90 - 94,0,0
"2180",1992,3,95+,0,0
"2180",1992,3,UNK,11,5
"2180",1992,4,Total,4884,5119
"2180",1992,4,0,28,23
"2180",1992,4,1,9,10
"2180",1992,4,2,4,6
"2180",1992,4,3,3,7
"2180",1992,4,4,2,1
"2180",1992,4,5 - 9,10,20
"2180",1992,4,10 - 14,20,14
"2180",1992,4,15 - 19,49,38
"2180",1992,4,20 - 24,49,67
"2180",1992,4,25 - 29,68,67
"2180",1992,4,30 - 34,59,82
"2180",1992,4,35 - 39,106,125
"2180",1992,4,40 - 44,122,140
"2180",1992,4,45 - 49,151,189
"2180",1992,4,50 - 54,194,234
"2180",1992,4,55 - 59,211,284
"2180",1992,4,60 - 64,286,416
"2180",1992,4,65 - 69,345,473
"2180",1992,4,70 - 74,473,642
"2180",1992,4,75 - 79,583,647
"2180",1992,4,80 - 84,747,673
"2180",1992,4,85 - 89,1346,942
"2180",1992,4,90 - 94,0,0
"2180",1992,4,95+,0,0
"2180",1992,4,UNK,19,19
"2180",1992,5,Total,3638,3518
"2180",1992,5,0,316,366
"2180",1992,5,1,115,110
"2180",1992,5,2,46,46
"2180",1992,5,3,25,27
"2180",1992,5,4,18,17
"2180",1992,5,5 - 9,61,58
"2180",1992,5,10 - 14,54,58
"2180",1992,5,15 - 19,59,55
"2180",1992,5,20 - 24,59,68
"2180",1992,5,25 - 29,62,74
"2180",1992,5,30 - 34,58,59
"2180",1992,5,35 - 39,73,74
"2180",1992,5,40 - 44,86,73
"2180",1992,5,45 - 49,92,95
"2180",1992,5,50 - 54,101,120
"2180",1992,5,55 - 59,117,148
"2180",1992,5,60 - 64,154,186
"2180",1992,5,65 - 69,188,223
"2180",1992,5,70 - 74,257,275
"2180",1992,5,75 - 79,295,312
"2180",1992,5,80 - 84,406,407
"2180",1992,5,85 - 89,959,638
"2180",1992,5,90 - 94,0,0
"2180",1992,5,95+,0,0
"2180",1992,5,UNK,37,29
"2180",1992,6,Total,87,477
"2180",1992,6,0,0,0
"2180",1992,6,1,0,1
"2180",1992,6,2,0,0
"2180",1992,6,3,0,0
"2180",1992,6,4,0,0
"2180",1992,6,5 - 9,0,0
"2180",1992,6,10 - 14,0,0
"2180",1992,6,15 - 19,1,2
"2180",1992,6,20 - 24,0,12
"2180",1992,6,25 - 29,3,20
"2180",1992,6,30 - 34,2,42
"2180",1992,6,35 - 39,1,47
"2180",1992,6,40 - 44,3,42
"2180",1992,6,45 - 49,8,58
"2180",1992,6,50 - 54,6,54
"2180",1992,6,55 - 59,10,57
"2180",1992,6,60 - 64,5,44
"2180",1992,6,65 - 69,8,28
"2180",1992,6,70 - 74,9,23
"2180",1992,6,75 - 79,6,20
"2180",1992,6,80 - 84,8,9
"2180",1992,6,85 - 89,15,13
"2180",1992,6,90 - 94,0,0
"2180",1992,6,95+,0,0
"2180",1992,6,UNK,2,5
"2180",1992,7,Total,429,495
"2180",1992,7,0,64,61
"2180",1992,7,1,12,22
"2180",1992,7,2,26,17
"2180",1992,7,3,17,5
"2180",1992,7,4,7,9
"2180",1992,7,5 - 9,25,34
"2180",1992,7,10 - 14,24,32
"2180",1992,7,15 - 19,26,36
"2180",1992,7,20 - 24,23,34
"2180",1992,7,25 - 29,25,32
"2180",1992,7,30 - 34,18,29
"2180",1992,7,35 - 39,14,17
"2180",1992,7,40 - 44,14,12
"2180",1992,7,45 - 49,13,16
"2180",1992,7,50 - 54,13,20
"2180",1992,7,55 - 59,10,21
"2180",1992,7,60 - 64,19,19
"2180",1992,7,65 - 69,14,15
"2180",1992,7,70 - 74,14,19
"2180",1992,7,75 - 79,21,20
"2180",1992,7,80 - 84,17,15
"2180",1992,7,85 - 89,10,8
"2180",1992,7,90 - 94,0,0
"2180",1992,7,95+,0,0
"2180",1992,7,UNK,3,2
"2180",1992,8,Total,1308,1210
"2180",1992,8,0,130,160
"2180",1992,8,1,104,106
"2180",1992,8,2,26,21
"2180",1992,8,3,15,14
"2180",1992,8,4,3,5
"2180",1992,8,5 - 9,13,9
"2180",1992,8,10 - 14,5,9
"2180",1992,8,15 - 19,3,8
"2180",1992,8,20 - 24,8,12
"2180",1992,8,25 - 29,10,17
"2180",1992,8,30 - 34,14,17
"2180",1992,8,35 - 39,13,22
"2180",1992,8,40 - 44,24,38
"2180",1992,8,45 - 49,31,34
"2180",1992,8,50 - 54,37,47
"2180",1992,8,55 - 59,78,78
"2180",1992,8,60 - 64,96,100
"2180",1992,8,65 - 69,129,99
"2180",1992,8,70 - 74,131,95
"2180",1992,8,75 - 79,136,104
"2180",1992,8,80 - 84,122,91
"2180",1992,8,85 - 89,172,121
"2180",1992,8,90 - 94,0,0
"2180",1992,8,95+,0,0
"2180",1992,8,UNK,8,3
"2180",1992,9,Total,1004,1719
"2180",1992,9,0,28,32
"2180",1992,9,1,15,15
"2180",1992,9,2,2,9
"2180",1992,9,3,5,3
"2180",1992,9,4,2,6
"2180",1992,9,5 - 9,13,14
"2180",1992,9,10 - 14,14,11
"2180",1992,9,15 - 19,14,18
"2180",1992,9,20 - 24,19,27
"2180",1992,9,25 - 29,20,40
"2180",1992,9,30 - 34,33,70
"2180",1992,9,35 - 39,35,85
"2180",1992,9,40 - 44,33,105
"2180",1992,9,45 - 49,42,134
"2180",1992,9,50 - 54,60,123
"2180",1992,9,55 - 59,68,151
"2180",1992,9,60 - 64,85,171
"2180",1992,9,65 - 69,88,169
"2180",1992,9,70 - 74,92,149
"2180",1992,9,75 - 79,97,142
"2180",1992,9,80 - 84,104,123
"2180",1992,9,85 - 89,131,120
"2180",1992,9,90 - 94,0,0
"2180",1992,9,95+,0,0
"2180",1992,9,UNK,4,2
"2180",1992,10,Total,589,550
"2180",1992,10,0,16,13
"2180",1992,10,1,9,9
"2180",1992,10,2,7,2
"2180",1992,10,3,2,7
"2180",1992,10,4,0,3
"2180",1992,10,5 - 9,10,6
"2180",1992,10,10 - 14,13,9
"2180",1992,10,15 - 19,20,8
"2180",1992,10,20 - 24,16,11
"2180",1992,10,25 - 29,20,14
"2180",1992,10,30 - 34,29,14
"2180",1992,10,35 - 39,24,27
"2180",1992,10,40 - 44,34,24
"2180",1992,10,45 - 49,20,19
"2180",1992,10,50 - 54,21,20
"2180",1992,10,55 - 59,33,39
"2180",1992,10,60 - 64,29,37
"2180",1992,10,65 - 69,38,46
"2180",1992,10,70 - 74,44,48
"2180",1992,10,75 - 79,53,61
"2180",1992,10,80 - 84,59,57
"2180",1992,10,85 - 89,88,76
"2180",1992,10,90 - 94,0,0
"2180",1992,10,95+,0,0
"2180",1992,10,UNK,4,0
"2180",1992,11,Total,1391,1738
"2180",1992,11,0,1301,1650
"2180",1992,11,1,25,34
"2180",1992,11,2,10,13
"2180",1992,11,3,7,4
"2180",1992,11,4,3,3
"2180",1992,11,5 - 9,17,12
"2180",1992,11,10 - 14,8,7
"2180",1992,11,15 - 19,4,3
"2180",1992,11,20 - 24,2,3
"2180",1992,11,25 - 29,0,0
"2180",1992,11,30 - 34,4,4
"2180",1992,11,35 - 39,3,1
"2180",1992,11,40 - 44,3,2
"2180",1992,11,45 - 49,0,0
"2180",1992,11,50 - 54,1,0
"2180",1992,11,55 - 59,2,1
"2180",1992,11,60 - 64,1,0
"2180",1992,11,65 - 69,0,1
"2180",1992,11,70 - 74,0,0
"2180",1992,11,75 - 79,0,0
"2180",1992,11,80 - 84,0,0
"2180",1992,11,85 - 89,0,0
"2180",1992,11,90 - 94,0,0
"2180",1992,11,95+,0,0
"2180",1992,11,UNK,0,0
"2180",1992,12,Total,2669,2940
"2180",1992,12,0,807,876
"2180",1992,12,1,271,267
"2180",1992,12,2,68,89
"2180",1992,12,3,42,50
"2180",1992,12,4,25,32
"2180",1992,12,5 - 9,52,56
"2180",1992,12,10 - 14,30,27
"2180",1992,12,15 - 19,24,20
"2180",1992,12,20 - 24,20,34
"2180",1992,12,25 - 29,27,27
"2180",1992,12,30 - 34,19,23
"2180",1992,12,35 - 39,25,27
"2180",1992,12,40 - 44,25,31
"2180",1992,12,45 - 49,30,36
"2180",1992,12,50 - 54,38,48
"2180",1992,12,55 - 59,41,54
"2180",1992,12,60 - 64,64,92
"2180",1992,12,65 - 69,90,120
"2180",1992,12,70 - 74,112,173
"2180",1992,12,75 - 79,131,229
"2180",1992,12,80 - 84,221,268
"2180",1992,12,85 - 89,494,347
"2180",1992,12,90 - 94,0,0
"2180",1992,12,95+,0,0
"2180",1992,12,UNK,13,14
"2180",1992,13,Total,1349,4505
"2180",1992,13,0,48,52
"2180",1992,13,1,43,62
"2180",1992,13,2,48,45
"2180",1992,13,3,31,48
"2180",1992,13,4,19,34
"2180",1992,13,5 - 9,98,174
"2180",1992,13,10 - 14,95,228
"2180",1992,13,15 - 19,136,357
"2180",1992,13,20 - 24,90,550
"2180",1992,13,25 - 29,91,490
"2180",1992,13,30 - 34,76,426
"2180",1992,13,35 - 39,66,346
"2180",1992,13,40 - 44,51,270
"2180",1992,13,45 - 49,52,245
"2180",1992,13,50 - 54,54,239
"2180",1992,13,55 - 59,38,170
"2180",1992,13,60 - 64,33,190
"2180",1992,13,65 - 69,37,166
"2180",1992,13,70 - 74,53,116
"2180",1992,13,75 - 79,56,108
"2180",1992,13,80 - 84,54,81
"2180",1992,13,85 - 89,72,77
"2180",1992,13,90 - 94,0,0
"2180",1992,13,95+,0,0
"2180",1992,13,UNK,8,31
"2180",1992,14,Total,109,1197
"2180",1992,14,0,2,3
"2180",1992,14,1,1,1
"2180",1992,14,2,2,1
"2180",1992,14,3,1,1
"2180",1992,14,4,0,0
"2180",1992,14,5 - 9,2,5
"2180",1992,14,10 - 14,5,12
"2180",1992,14,15 - 19,9,120
"2180",1992,14,20 - 24,13,208
"2180",1992,14,25 - 29,11,228
"2180",1992,14,30 - 34,10,168
"2180",1992,14,35 - 39,14,119
"2180",1992,14,40 - 44,9,97
"2180",1992,14,45 - 49,7,67
"2180",1992,14,50 - 54,8,42
"2180",1992,14,55 - 59,0,39
"2180",1992,14,60 - 64,6,21
"2180",1992,14,65 - 69,5,26
"2180",1992,14,70 - 74,0,14
"2180",1992,14,75 - 79,1,7
"2180",1992,14,80 - 84,2,7
"2180",1992,14,85 - 89,0,3
"2180",1992,14,90 - 94,0,0
"2180",1992,14,95+,0,0
"2180",1992,14,UNK,1,8
"2180",1993,1,Total,23161,29292
"2180",1993,1,0,3117,3889
"2180",1993,1,1,740,886
"2180",1993,1,2,285,332
"2180",1993,1,3,164,215
"2180",1993,1,4,120,144
"2180",1993,1,5 - 9,397,486
"2180",1993,1,10 - 14,368,494
"2180",1993,1,15 - 19,535,778
"2180",1993,1,20 - 24,566,1117
"2180",1993,1,25 - 29,530,1176
"2180",1993,1,30 - 34,578,1149
"2180",1993,1,35 - 39,622,1060
"2180",1993,1,40 - 44,604,1052
"2180",1993,1,45 - 49,697,1114
"2180",1993,1,50 - 54,821,1189
"2180",1993,1,55 - 59,932,1385
"2180",1993,1,60 - 64,1196,1684
"2180",1993,1,65 - 69,1301,1782
"2180",1993,1,70 - 74,1574,1990
"2180",1993,1,75 - 79,1795,2167
"2180",1993,1,80 - 84,2253,2196
"2180",1993,1,85 - 89,3863,2870
"2180",1993,1,90 - 94,0,0
"2180",1993,1,95+,0,0
"2180",1993,1,UNK,103,137
"2180",1993,2,Total,2048,2574
"2180",1993,2,0,499,587
"2180",1993,2,1,248,295
"2180",1993,2,2,64,62
"2180",1993,2,3,37,38
"2180",1993,2,4,21,19
"2180",1993,2,5 - 9,69,82
"2180",1993,2,10 - 14,53,71
"2180",1993,2,15 - 19,57,61
"2180",1993,2,20 - 24,77,84
"2180",1993,2,25 - 29,79,89
"2180",1993,2,30 - 34,69,88
"2180",1993,2,35 - 39,70,86
"2180",1993,2,40 - 44,48,93
"2180",1993,2,45 - 49,53,85
"2180",1993,2,50 - 54,60,90
"2180",1993,2,55 - 59,60,85
"2180",1993,2,60 - 64,58,108
"2180",1993,2,65 - 69,56,107
"2180",1993,2,70 - 74,84,116
"2180",1993,2,75 - 79,72,109
"2180",1993,2,80 - 84,90,102
"2180",1993,2,85 - 89,118,107
"2180",1993,2,90 - 94,0,0
"2180",1993,2,95+,0,0
"2180",1993,2,UNK,6,10
"2180",1993,3,Total,3015,2766
"2180",1993,3,0,8,8
"2180",1993,3,1,6,8
"2180",1993,3,2,7,7
"2180",1993,3,3,4,13
"2180",1993,3,4,8,11
"2180",1993,3,5 - 9,27,28
"2180",1993,3,10 - 14,34,36
"2180",1993,3,15 - 19,38,41
"2180",1993,3,20 - 24,46,46
"2180",1993,3,25 - 29,54,33
"2180",1993,3,30 - 34,92,61
"2180",1993,3,35 - 39,112,63
"2180",1993,3,40 - 44,149,76
"2180",1993,3,45 - 49,188,108
"2180",1993,3,50 - 54,214,140
"2180",1993,3,55 - 59,237,205
"2180",1993,3,60 - 64,310,281
"2180",1993,3,65 - 69,276,316
"2180",1993,3,70 - 74,331,361
"2180",1993,3,75 - 79,299,330
"2180",1993,3,80 - 84,280,316
"2180",1993,3,85 - 89,285,271
"2180",1993,3,90 - 94,0,0
"2180",1993,3,95+,0,0
"2180",1993,3,UNK,10,7
"2180",1993,4,Total,4964,5208
"2180",1993,4,0,33,35
"2180",1993,4,1,8,6
"2180",1993,4,2,4,10
"2180",1993,4,3,3,5
"2180",1993,4,4,6,6
"2180",1993,4,5 - 9,15,14
"2180",1993,4,10 - 14,19,26
"2180",1993,4,15 - 19,34,45
"2180",1993,4,20 - 24,52,71
"2180",1993,4,25 - 29,53,70
"2180",1993,4,30 - 34,72,105
"2180",1993,4,35 - 39,98,113
"2180",1993,4,40 - 44,102,152
"2180",1993,4,45 - 49,138,169
"2180",1993,4,50 - 54,173,214
"2180",1993,4,55 - 59,219,319
"2180",1993,4,60 - 64,327,409
"2180",1993,4,65 - 69,373,494
"2180",1993,4,70 - 74,439,575
"2180",1993,4,75 - 79,590,695
"2180",1993,4,80 - 84,783,670
"2180",1993,4,85 - 89,1407,986
"2180",1993,4,90 - 94,0,0
"2180",1993,4,95+,0,0
"2180",1993,4,UNK,16,19
"2180",1993,5,Total,3403,3419
"2180",1993,5,0,241,305
"2180",1993,5,1,83,92
"2180",1993,5,2,37,43
"2180",1993,5,3,26,19
"2180",1993,5,4,9,16
"2180",1993,5,5 - 9,55,50
"2180",1993,5,10 - 14,49,40
"2180",1993,5,15 - 19,58,52
"2180",1993,5,20 - 24,52,66
"2180",1993,5,25 - 29,68,63
"2180",1993,5,30 - 34,63,55
"2180",1993,5,35 - 39,63,75
"2180",1993,5,40 - 44,91,61
"2180",1993,5,45 - 49,94,97
"2180",1993,5,50 - 54,106,131
"2180",1993,5,55 - 59,108,146
"2180",1993,5,60 - 64,126,228
"2180",1993,5,65 - 69,169,215
"2180",1993,5,70 - 74,227,267
"2180",1993,5,75 - 79,259,355
"2180",1993,5,80 - 84,438,412
"2180",1993,5,85 - 89,950,598
"2180",1993,5,90 - 94,0,0
"2180",1993,5,95+,0,0
"2180",1993,5,UNK,31,33
"2180",1993,6,Total,101,389
"2180",1993,6,0,0,0
"2180",1993,6,1,0,0
"2180",1993,6,2,0,0
"2180",1993,6,3,0,0
"2180",1993,6,4,0,0
"2180",1993,6,5 - 9,0,0
"2180",1993,6,10 - 14,0,0
"2180",1993,6,15 - 19,1,1
"2180",1993,6,20 - 24,0,10
"2180",1993,6,25 - 29,2,22
"2180",1993,6,30 - 34,3,25
"2180",1993,6,35 - 39,6,31
"2180",1993,6,40 - 44,4,42
"2180",1993,6,45 - 49,9,53
"2180",1993,6,50 - 54,11,30
"2180",1993,6,55 - 59,7,36
"2180",1993,6,60 - 64,8,36
"2180",1993,6,65 - 69,8,26
"2180",1993,6,70 - 74,8,30
"2180",1993,6,75 - 79,8,16
"2180",1993,6,80 - 84,7,10
"2180",1993,6,85 - 89,17,15
"2180",1993,6,90 - 94,0,0
"2180",1993,6,95+,0,0
"2180",1993,6,UNK,2,6
"2180",1993,7,Total,350,496
"2180",1993,7,0,63,77
"2180",1993,7,1,13,23
"2180",1993,7,2,12,16
"2180",1993,7,3,11,9
"2180",1993,7,4,5,13
"2180",1993,7,5 - 9,17,33
"2180",1993,7,10 - 14,21,25
"2180",1993,7,15 - 19,21,26
"2180",1993,7,20 - 24,20,28
"2180",1993,7,25 - 29,23,32
"2180",1993,7,30 - 34,10,23
"2180",1993,7,35 - 39,17,27
"2180",1993,7,40 - 44,10,22
"2180",1993,7,45 - 49,9,13
"2180",1993,7,50 - 54,10,15
"2180",1993,7,55 - 59,9,16
"2180",1993,7,60 - 64,11,22
"2180",1993,7,65 - 69,10,16
"2180",1993,7,70 - 74,10,10
"2180",1993,7,75 - 79,15,19
"2180",1993,7,80 - 84,16,11
"2180",1993,7,85 - 89,16,20
"2180",1993,7,90 - 94,0,0
"2180",1993,7,95+,0,0
"2180",1993,7,UNK,1,0
"2180",1993,8,Total,1319,1167
"2180",1993,8,0,141,154
"2180",1993,8,1,75,83
"2180",1993,8,2,20,18
"2180",1993,8,3,4,8
"2180",1993,8,4,4,3
"2180",1993,8,5 - 9,4,9
"2180",1993,8,10 - 14,6,5
"2180",1993,8,15 - 19,10,7
"2180",1993,8,20 - 24,12,12
"2180",1993,8,25 - 29,13,18
"2180",1993,8,30 - 34,19,30
"2180",1993,8,35 - 39,24,24
"2180",1993,8,40 - 44,25,41
"2180",1993,8,45 - 49,39,46
"2180",1993,8,50 - 54,44,48
"2180",1993,8,55 - 59,71,67
"2180",1993,8,60 - 64,111,81
"2180",1993,8,65 - 69,129,99
"2180",1993,8,70 - 74,128,101
"2180",1993,8,75 - 79,131,98
"2180",1993,8,80 - 84,135,96
"2180",1993,8,85 - 89,170,114
"2180",1993,8,90 - 94,0,0
"2180",1993,8,95+,0,0
"2180",1993,8,UNK,4,5
"2180",1993,9,Total,998,1636
"2180",1993,9,0,30,34
"2180",1993,9,1,11,11
"2180",1993,9,2,8,5
"2180",1993,9,3,2,4
"2180",1993,9,4,2,2
"2180",1993,9,5 - 9,15,15
"2180",1993,9,10 - 14,8,14
"2180",1993,9,15 - 19,11,17
"2180",1993,9,20 - 24,28,33
"2180",1993,9,25 - 29,22,46
"2180",1993,9,30 - 34,33,47
"2180",1993,9,35 - 39,24,78
"2180",1993,9,40 - 44,29,103
"2180",1993,9,45 - 49,51,125
"2180",1993,9,50 - 54,63,135
"2180",1993,9,55 - 59,61,160
"2180",1993,9,60 - 64,77,167
"2180",1993,9,65 - 69,94,133
"2180",1993,9,70 - 74,105,145
"2180",1993,9,75 - 79,104,144
"2180",1993,9,80 - 84,91,114
"2180",1993,9,85 - 89,124,95
"2180",1993,9,90 - 94,0,0
"2180",1993,9,95+,0,0
"2180",1993,9,UNK,5,9
"2180",1993,10,Total,568,570
"2180",1993,10,0,11,12
"2180",1993,10,1,13,14
"2180",1993,10,2,2,2
"2180",1993,10,3,2,1
"2180",1993,10,4,2,2
"2180",1993,10,5 - 9,7,10
"2180",1993,10,10 - 14,17,8
"2180",1993,10,15 - 19,14,11
"2180",1993,10,20 - 24,18,9
"2180",1993,10,25 - 29,13,14
"2180",1993,10,30 - 34,17,21
"2180",1993,10,35 - 39,16,14
"2180",1993,10,40 - 44,13,22
"2180",1993,10,45 - 49,26,24
"2180",1993,10,50 - 54,14,29
"2180",1993,10,55 - 59,37,31
"2180",1993,10,60 - 64,37,30
"2180",1993,10,65 - 69,38,52
"2180",1993,10,70 - 74,42,51
"2180",1993,10,75 - 79,55,53
"2180",1993,10,80 - 84,62,61
"2180",1993,10,85 - 89,106,98
"2180",1993,10,90 - 94,0,0
"2180",1993,10,95+,0,0
"2180",1993,10,UNK,6,1
"2180",1993,11,Total,1413,1768
"2180",1993,11,0,1331,1672
"2180",1993,11,1,22,32
"2180",1993,11,2,7,11
"2180",1993,11,3,5,6
"2180",1993,11,4,3,5
"2180",1993,11,5 - 9,8,10
"2180",1993,11,10 - 14,4,15
"2180",1993,11,15 - 19,5,5
"2180",1993,11,20 - 24,5,3
"2180",1993,11,25 - 29,4,6
"2180",1993,11,30 - 34,4,0
"2180",1993,11,35 - 39,4,2
"2180",1993,11,40 - 44,1,0
"2180",1993,11,45 - 49,3,1
"2180",1993,11,50 - 54,3,0
"2180",1993,11,55 - 59,0,0
"2180",1993,11,60 - 64,1,0
"2180",1993,11,65 - 69,3,0
"2180",1993,11,70 - 74,0,0
"2180",1993,11,75 - 79,0,0
"2180",1993,11,80 - 84,0,0
"2180",1993,11,85 - 89,0,0
"2180",1993,11,90 - 94,0,0
"2180",1993,11,95+,0,0
"2180",1993,11,UNK,0,0
"2180",1993,12,Total,2529,3050
"2180",1993,12,0,688,901
"2180",1993,12,1,203,232
"2180",1993,12,2,81,86
"2180",1993,12,3,26,45
"2180",1993,12,4,22,28
"2180",1993,12,5 - 9,49,53
"2180",1993,12,10 - 14,38,32
"2180",1993,12,15 - 19,30,26
"2180",1993,12,20 - 24,27,28
"2180",1993,12,25 - 29,21,40
"2180",1993,12,30 - 34,18,34
"2180",1993,12,35 - 39,15,33
"2180",1993,12,40 - 44,26,40
"2180",1993,12,45 - 49,22,49
"2180",1993,12,50 - 54,39,47
"2180",1993,12,55 - 59,59,59
"2180",1993,12,60 - 64,50,95
"2180",1993,12,65 - 69,72,118
"2180",1993,12,70 - 74,125,159
"2180",1993,12,75 - 79,168,226
"2180",1993,12,80 - 84,230,278
"2180",1993,12,85 - 89,513,428
"2180",1993,12,90 - 94,0,0
"2180",1993,12,95+,0,0
"2180",1993,12,UNK,7,13
"2180",1993,13,Total,1501,4513
"2180",1993,13,0,54,73
"2180",1993,13,1,48,78
"2180",1993,13,2,38,70
"2180",1993,13,3,38,61
"2180",1993,13,4,35,36
"2180",1993,13,5 - 9,119,171
"2180",1993,13,10 - 14,103,188
"2180",1993,13,15 - 19,169,375
"2180",1993,13,20 - 24,136,487
"2180",1993,13,25 - 29,83,510
"2180",1993,13,30 - 34,86,450
"2180",1993,13,35 - 39,73,339
"2180",1993,13,40 - 44,44,267
"2180",1993,13,45 - 49,45,258
"2180",1993,13,50 - 54,59,249
"2180",1993,13,55 - 59,43,195
"2180",1993,13,60 - 64,53,164
"2180",1993,13,65 - 69,42,157
"2180",1993,13,70 - 74,42,127
"2180",1993,13,75 - 79,56,82
"2180",1993,13,80 - 84,56,77
"2180",1993,13,85 - 89,71,77
"2180",1993,13,90 - 94,0,0
"2180",1993,13,95+,0,0
"2180",1993,13,UNK,8,22
"2180",1993,14,Total,127,1317
"2180",1993,14,0,4,2
"2180",1993,14,1,1,1
"2180",1993,14,2,1,0
"2180",1993,14,3,1,2
"2180",1993,14,4,0,2
"2180",1993,14,5 - 9,2,2
"2180",1993,14,10 - 14,3,12
"2180",1993,14,15 - 19,22,97
"2180",1993,14,20 - 24,14,230
"2180",1993,14,25 - 29,17,218
"2180",1993,14,30 - 34,8,199
"2180",1993,14,35 - 39,14,162
"2180",1993,14,40 - 44,8,120
"2180",1993,14,45 - 49,4,72
"2180",1993,14,50 - 54,6,46
"2180",1993,14,55 - 59,5,48
"2180",1993,14,60 - 64,3,37
"2180",1993,14,65 - 69,5,21
"2180",1993,14,70 - 74,4,16
"2180",1993,14,75 - 79,2,8
"2180",1993,14,80 - 84,3,9
"2180",1993,14,85 - 89,0,2
"2180",1993,14,90 - 94,0,0
"2180",1993,14,95+,0,0
"2180",1993,14,UNK,0,11
"2180",1994,1,Total,22476,28689
"2180",1994,1,0,2768,3357
"2180",1994,1,1,722,823
"2180",1994,1,2,296,310
"2180",1994,1,3,174,172
"2180",1994,1,4,105,149
"2180",1994,1,5 - 9,372,449
"2180",1994,1,10 - 14,282,453
"2180",1994,1,15 - 19,452,749
"2180",1994,1,20 - 24,538,1122
"2180",1994,1,25 - 29,504,1186
"2180",1994,1,30 - 34,536,1147
"2180",1994,1,35 - 39,595,1101
"2180",1994,1,40 - 44,627,1087
"2180",1994,1,45 - 49,768,1147
"2180",1994,1,50 - 54,809,1224
"2180",1994,1,55 - 59,926,1421
"2180",1994,1,60 - 64,1151,1631
"2180",1994,1,65 - 69,1290,1843
"2180",1994,1,70 - 74,1571,2094
"2180",1994,1,75 - 79,1739,2214
"2180",1994,1,80 - 84,2254,2142
"2180",1994,1,85 - 89,3817,2724
"2180",1994,1,90 - 94,0,0
"2180",1994,1,95+,0,0
"2180",1994,1,UNK,180,144
"2180",1994,2,Total,1388,1809
"2180",1994,2,0,285,363
"2180",1994,2,1,187,211
"2180",1994,2,2,58,54
"2180",1994,2,3,22,20
"2180",1994,2,4,9,24
"2180",1994,2,5 - 9,38,47
"2180",1994,2,10 - 14,34,33
"2180",1994,2,15 - 19,36,41
"2180",1994,2,20 - 24,49,67
"2180",1994,2,25 - 29,61,59
"2180",1994,2,30 - 34,49,75
"2180",1994,2,35 - 39,42,73
"2180",1994,2,40 - 44,41,73
"2180",1994,2,45 - 49,46,67
"2180",1994,2,50 - 54,45,66
"2180",1994,2,55 - 59,32,74
"2180",1994,2,60 - 64,54,71
"2180",1994,2,65 - 69,45,96
"2180",1994,2,70 - 74,58,81
"2180",1994,2,75 - 79,58,87
"2180",1994,2,80 - 84,56,75
"2180",1994,2,85 - 89,81,45
"2180",1994,2,90 - 94,0,0
"2180",1994,2,95+,0,0
"2180",1994,2,UNK,2,7
"2180",1994,3,Total,3058,2689
"2180",1994,3,0,13,13
"2180",1994,3,1,5,6
"2180",1994,3,2,7,4
"2180",1994,3,3,6,8
"2180",1994,3,4,8,15
"2180",1994,3,5 - 9,27,26
"2180",1994,3,10 - 14,24,28
"2180",1994,3,15 - 19,33,36
"2180",1994,3,20 - 24,34,42
"2180",1994,3,25 - 29,27,51
"2180",1994,3,30 - 34,53,51
"2180",1994,3,35 - 39,106,70
"2180",1994,3,40 - 44,152,78
"2180",1994,3,45 - 49,192,93
"2180",1994,3,50 - 54,231,134
"2180",1994,3,55 - 59,268,199
"2180",1994,3,60 - 64,306,239
"2180",1994,3,65 - 69,318,320
"2180",1994,3,70 - 74,310,381
"2180",1994,3,75 - 79,318,361
"2180",1994,3,80 - 84,292,277
"2180",1994,3,85 - 89,313,251
"2180",1994,3,90 - 94,0,0
"2180",1994,3,95+,0,0
"2180",1994,3,UNK,15,6
"2180",1994,4,Total,5554,5986
"2180",1994,4,0,39,45
"2180",1994,4,1,11,24
"2180",1994,4,2,13,17
"2180",1994,4,3,16,7
"2180",1994,4,4,8,8
"2180",1994,4,5 - 9,24,21
"2180",1994,4,10 - 14,33,37
"2180",1994,4,15 - 19,52,62
"2180",1994,4,20 - 24,73,99
"2180",1994,4,25 - 29,90,105
"2180",1994,4,30 - 34,101,147
"2180",1994,4,35 - 39,120,146
"2180",1994,4,40 - 44,137,202
"2180",1994,4,45 - 49,210,219
"2180",1994,4,50 - 54,201,255
"2180",1994,4,55 - 59,230,355
"2180",1994,4,60 - 64,296,442
"2180",1994,4,65 - 69,397,541
"2180",1994,4,70 - 74,519,670
"2180",1994,4,75 - 79,590,744
"2180",1994,4,80 - 84,873,762
"2180",1994,4,85 - 89,1450,1023
"2180",1994,4,90 - 94,0,0
"2180",1994,4,95+,0,0
"2180",1994,4,UNK,71,55
"2180",1994,5,Total,3341,3544
"2180",1994,5,0,276,363
"2180",1994,5,1,90,110
"2180",1994,5,2,46,56
"2180",1994,5,3,25,30
"2180",1994,5,4,12,18
"2180",1994,5,5 - 9,47,64
"2180",1994,5,10 - 14,31,54
"2180",1994,5,15 - 19,46,64
"2180",1994,5,20 - 24,61,70
"2180",1994,5,25 - 29,65,74
"2180",1994,5,30 - 34,78,73
"2180",1994,5,35 - 39,75,87
"2180",1994,5,40 - 44,79,93
"2180",1994,5,45 - 49,79,108
"2180",1994,5,50 - 54,98,105
"2180",1994,5,55 - 59,111,151
"2180",1994,5,60 - 64,129,210
"2180",1994,5,65 - 69,179,242
"2180",1994,5,70 - 74,249,277
"2180",1994,5,75 - 79,265,334
"2180",1994,5,80 - 84,378,379
"2180",1994,5,85 - 89,874,552
"2180",1994,5,90 - 94,0,0
"2180",1994,5,95+,0,0
"2180",1994,5,UNK,48,30
"2180",1994,6,Total,54,369
"2180",1994,6,0,1,1
"2180",1994,6,1,0,0
"2180",1994,6,2,0,0
"2180",1994,6,3,0,0
"2180",1994,6,4,0,0
"2180",1994,6,5 - 9,0,1
"2180",1994,6,10 - 14,1,0
"2180",1994,6,15 - 19,0,5
"2180",1994,6,20 - 24,0,15
"2180",1994,6,25 - 29,1,14
"2180",1994,6,30 - 34,2,27
"2180",1994,6,35 - 39,0,45
"2180",1994,6,40 - 44,2,36
"2180",1994,6,45 - 49,6,43
"2180",1994,6,50 - 54,3,46
"2180",1994,6,55 - 59,5,33
"2180",1994,6,60 - 64,10,27
"2180",1994,6,65 - 69,4,23
"2180",1994,6,70 - 74,4,22
"2180",1994,6,75 - 79,5,15
"2180",1994,6,80 - 84,3,9
"2180",1994,6,85 - 89,6,3
"2180",1994,6,90 - 94,0,0
"2180",1994,6,95+,0,0
"2180",1994,6,UNK,1,4
"2180",1994,7,Total,350,441
"2180",1994,7,0,34,44
"2180",1994,7,1,17,31
"2180",1994,7,2,5,7
"2180",1994,7,3,6,4
"2180",1994,7,4,12,7
"2180",1994,7,5 - 9,18,28
"2180",1994,7,10 - 14,15,19
"2180",1994,7,15 - 19,22,31
"2180",1994,7,20 - 24,35,30
"2180",1994,7,25 - 29,21,31
"2180",1994,7,30 - 34,14,19
"2180",1994,7,35 - 39,16,30
"2180",1994,7,40 - 44,8,17
"2180",1994,7,45 - 49,10,14
"2180",1994,7,50 - 54,12,12
"2180",1994,7,55 - 59,14,12
"2180",1994,7,60 - 64,10,25
"2180",1994,7,65 - 69,17,17
"2180",1994,7,70 - 74,13,12
"2180",1994,7,75 - 79,8,25
"2180",1994,7,80 - 84,18,20
"2180",1994,7,85 - 89,22,6
"2180",1994,7,90 - 94,0,0
"2180",1994,7,95+,0,0
"2180",1994,7,UNK,3,0
"2180",1994,8,Total,1331,1189
"2180",1994,8,0,125,121
"2180",1994,8,1,81,84
"2180",1994,8,2,20,25
"2180",1994,8,3,5,10
"2180",1994,8,4,3,5
"2180",1994,8,5 - 9,15,12
"2180",1994,8,10 - 14,9,13
"2180",1994,8,15 - 19,12,6
"2180",1994,8,20 - 24,14,20
"2180",1994,8,25 - 29,17,24
"2180",1994,8,30 - 34,14,40
"2180",1994,8,35 - 39,16,33
"2180",1994,8,40 - 44,19,50
"2180",1994,8,45 - 49,39,41
"2180",1994,8,50 - 54,48,56
"2180",1994,8,55 - 59,69,66
"2180",1994,8,60 - 64,112,83
"2180",1994,8,65 - 69,91,92
"2180",1994,8,70 - 74,117,108
"2180",1994,8,75 - 79,131,87
"2180",1994,8,80 - 84,134,84
"2180",1994,8,85 - 89,233,123
"2180",1994,8,90 - 94,0,0
"2180",1994,8,95+,0,0
"2180",1994,8,UNK,7,6
"2180",1994,9,Total,898,1558
"2180",1994,9,0,26,28
"2180",1994,9,1,7,11
"2180",1994,9,2,6,8
"2180",1994,9,3,3,2
"2180",1994,9,4,3,4
"2180",1994,9,5 - 9,19,12
"2180",1994,9,10 - 14,8,13
"2180",1994,9,15 - 19,14,18
"2180",1994,9,20 - 24,15,25
"2180",1994,9,25 - 29,22,38
"2180",1994,9,30 - 34,19,51
"2180",1994,9,35 - 39,34,80
"2180",1994,9,40 - 44,37,81
"2180",1994,9,45 - 49,50,116
"2180",1994,9,50 - 54,43,152
"2180",1994,9,55 - 59,64,131
"2180",1994,9,60 - 64,71,142
"2180",1994,9,65 - 69,71,153
"2180",1994,9,70 - 74,85,133
"2180",1994,9,75 - 79,86,119
"2180",1994,9,80 - 84,98,111
"2180",1994,9,85 - 89,112,129
"2180",1994,9,90 - 94,0,0
"2180",1994,9,95+,0,0
"2180",1994,9,UNK,5,1
"2180",1994,10,Total,630,730
"2180",1994,10,0,16,21
"2180",1994,10,1,4,17
"2180",1994,10,2,4,7
"2180",1994,10,3,5,2
"2180",1994,10,4,3,1
"2180",1994,10,5 - 9,8,9
"2180",1994,10,10 - 14,7,7
"2180",1994,10,15 - 19,22,14
"2180",1994,10,20 - 24,13,12
"2180",1994,10,25 - 29,17,19
"2180",1994,10,30 - 34,26,23
"2180",1994,10,35 - 39,18,28
"2180",1994,10,40 - 44,25,18
"2180",1994,10,45 - 49,34,31
"2180",1994,10,50 - 54,30,31
"2180",1994,10,55 - 59,31,35
"2180",1994,10,60 - 64,44,52
"2180",1994,10,65 - 69,44,71
"2180",1994,10,70 - 74,44,76
"2180",1994,10,75 - 79,59,84
"2180",1994,10,80 - 84,65,78
"2180",1994,10,85 - 89,104,94
"2180",1994,10,90 - 94,0,0
"2180",1994,10,95+,0,0
"2180",1994,10,UNK,7,0
"2180",1994,11,Total,1306,1636
"2180",1994,11,0,1230,1553
"2180",1994,11,1,23,21
"2180",1994,11,2,6,13
"2180",1994,11,3,8,6
"2180",1994,11,4,3,3
"2180",1994,11,5 - 9,5,9
"2180",1994,11,10 - 14,8,4
"2180",1994,11,15 - 19,2,8
"2180",1994,11,20 - 24,6,1
"2180",1994,11,25 - 29,3,2
"2180",1994,11,30 - 34,1,1
"2180",1994,11,35 - 39,1,2
"2180",1994,11,40 - 44,1,1
"2180",1994,11,45 - 49,0,0
"2180",1994,11,50 - 54,1,3
"2180",1994,11,55 - 59,3,1
"2180",1994,11,60 - 64,0,0
"2180",1994,11,65 - 69,0,2
"2180",1994,11,70 - 74,2,0
"2180",1994,11,75 - 79,1,4
"2180",1994,11,80 - 84,0,1
"2180",1994,11,85 - 89,2,1
"2180",1994,11,90 - 94,0,0
"2180",1994,11,95+,0,0
"2180",1994,11,UNK,0,0
"2180",1994,12,Total,2378,2702
"2180",1994,12,0,650,723
"2180",1994,12,1,248,235
"2180",1994,12,2,77,55
"2180",1994,12,3,46,36
"2180",1994,12,4,23,27
"2180",1994,12,5 - 9,49,57
"2180",1994,12,10 - 14,22,48
"2180",1994,12,15 - 19,22,21
"2180",1994,12,20 - 24,26,26
"2180",1994,12,25 - 29,17,32
"2180",1994,12,30 - 34,22,41
"2180",1994,12,35 - 39,20,32
"2180",1994,12,40 - 44,9,31
"2180",1994,12,45 - 49,25,54
"2180",1994,12,50 - 54,30,64
"2180",1994,12,55 - 59,37,63
"2180",1994,12,60 - 64,53,82
"2180",1994,12,65 - 69,62,100
"2180",1994,12,70 - 74,103,158
"2180",1994,12,75 - 79,134,194
"2180",1994,12,80 - 84,250,223
"2180",1994,12,85 - 89,440,388
"2180",1994,12,90 - 94,0,0
"2180",1994,12,95+,0,0
"2180",1994,12,UNK,13,12
"2180",1994,13,Total,1390,4504
"2180",1994,13,0,45,56
"2180",1994,13,1,36,59
"2180",1994,13,2,49,59
"2180",1994,13,3,29,42
"2180",1994,13,4,17,32
"2180",1994,13,5 - 9,110,150
"2180",1994,13,10 - 14,76,167
"2180",1994,13,15 - 19,134,333
"2180",1994,13,20 - 24,125,486
"2180",1994,13,25 - 29,92,519
"2180",1994,13,30 - 34,92,406
"2180",1994,13,35 - 39,66,357
"2180",1994,13,40 - 44,73,308
"2180",1994,13,45 - 49,57,273
"2180",1994,13,50 - 54,39,234
"2180",1994,13,55 - 59,43,245
"2180",1994,13,60 - 64,48,199
"2180",1994,13,65 - 69,38,143
"2180",1994,13,70 - 74,40,143
"2180",1994,13,75 - 79,49,125
"2180",1994,13,80 - 84,46,83
"2180",1994,13,85 - 89,81,64
"2180",1994,13,90 - 94,0,0
"2180",1994,13,95+,0,0
"2180",1994,13,UNK,5,21
"2180",1994,14,Total,104,1176
"2180",1994,14,0,1,2
"2180",1994,14,1,2,1
"2180",1994,14,2,1,0
"2180",1994,14,3,1,1
"2180",1994,14,4,1,3
"2180",1994,14,5 - 9,0,5
"2180",1994,14,10 - 14,5,17
"2180",1994,14,15 - 19,10,99
"2180",1994,14,20 - 24,18,212
"2180",1994,14,25 - 29,11,208
"2180",1994,14,30 - 34,11,183
"2180",1994,14,35 - 39,10,107
"2180",1994,14,40 - 44,5,88
"2180",1994,14,45 - 49,6,74
"2180",1994,14,50 - 54,6,54
"2180",1994,14,55 - 59,3,44
"2180",1994,14,60 - 64,4,34
"2180",1994,14,65 - 69,1,18
"2180",1994,14,70 - 74,2,11
"2180",1994,14,75 - 79,1,7
"2180",1994,14,80 - 84,3,4
"2180",1994,14,85 - 89,2,2
"2180",1994,14,90 - 94,0,0
"2180",1994,14,95+,0,0
"2180",1994,14,UNK,0,2
"2180",1995,1,Total,22259,28608
"2180",1995,1,0,2459,3074
"2180",1995,1,1,787,816
"2180",1995,1,2,248,277
"2180",1995,1,3,152,182
"2180",1995,1,4,100,139
"2180",1995,1,5 - 9,347,474
"2180",1995,1,10 - 14,296,416
"2180",1995,1,15 - 19,538,908
"2180",1995,1,20 - 24,505,1215
"2180",1995,1,25 - 29,499,1215
"2180",1995,1,30 - 34,504,1148
"2180",1995,1,35 - 39,538,1147
"2180",1995,1,40 - 44,645,1103
"2180",1995,1,45 - 49,701,1121
"2180",1995,1,50 - 54,784,1211
"2180",1995,1,55 - 59,946,1329
"2180",1995,1,60 - 64,1202,1647
"2180",1995,1,65 - 69,1338,1843
"2180",1995,1,70 - 74,1675,2006
"2180",1995,1,75 - 79,1831,2080
"2180",1995,1,80 - 84,2081,2182
"2180",1995,1,85 - 89,4008,2986
"2180",1995,1,90 - 94,0,0
"2180",1995,1,95+,0,0
"2180",1995,1,UNK,75,89
"2180",1995,2,Total,1478,1928
"2180",1995,2,0,257,318
"2180",1995,2,1,198,210
"2180",1995,2,2,53,56
"2180",1995,2,3,23,28
"2180",1995,2,4,15,18
"2180",1995,2,5 - 9,40,46
"2180",1995,2,10 - 14,36,23
"2180",1995,2,15 - 19,49,50
"2180",1995,2,20 - 24,68,56
"2180",1995,2,25 - 29,51,73
"2180",1995,2,30 - 34,41,77
"2180",1995,2,35 - 39,48,77
"2180",1995,2,40 - 44,50,81
"2180",1995,2,45 - 49,37,63
"2180",1995,2,50 - 54,38,61
"2180",1995,2,55 - 59,53,76
"2180",1995,2,60 - 64,63,90
"2180",1995,2,65 - 69,48,109
"2180",1995,2,70 - 74,64,111
"2180",1995,2,75 - 79,62,87
"2180",1995,2,80 - 84,79,106
"2180",1995,2,85 - 89,102,111
"2180",1995,2,90 - 94,0,0
"2180",1995,2,95+,0,0
"2180",1995,2,UNK,3,1
"2180",1995,3,Total,3278,2724
"2180",1995,3,0,1,9
"2180",1995,3,1,7,10
"2180",1995,3,2,5,6
"2180",1995,3,3,9,11
"2180",1995,3,4,4,13
"2180",1995,3,5 - 9,25,37
"2180",1995,3,10 - 14,26,22
"2180",1995,3,15 - 19,43,43
"2180",1995,3,20 - 24,29,39
"2180",1995,3,25 - 29,45,43
"2180",1995,3,30 - 34,63,59
"2180",1995,3,35 - 39,118,63
"2180",1995,3,40 - 44,182,74
"2180",1995,3,45 - 49,190,94
"2180",1995,3,50 - 54,216,125
"2180",1995,3,55 - 59,247,187
"2180",1995,3,60 - 64,310,271
"2180",1995,3,65 - 69,346,325
"2180",1995,3,70 - 74,387,351
"2180",1995,3,75 - 79,364,339
"2180",1995,3,80 - 84,324,298
"2180",1995,3,85 - 89,331,298
"2180",1995,3,90 - 94,0,0
"2180",1995,3,95+,0,0
"2180",1995,3,UNK,6,7
"2180",1995,4,Total,4435,4827
"2180",1995,4,0,28,36
"2180",1995,4,1,18,17
"2180",1995,4,2,8,8
"2180",1995,4,3,4,2
"2180",1995,4,4,3,6
"2180",1995,4,5 - 9,15,19
"2180",1995,4,10 - 14,23,26
"2180",1995,4,15 - 19,49,54
"2180",1995,4,20 - 24,50,83
"2180",1995,4,25 - 29,74,85
"2180",1995,4,30 - 34,77,105
"2180",1995,4,35 - 39,94,131
"2180",1995,4,40 - 44,103,131
"2180",1995,4,45 - 49,166,182
"2180",1995,4,50 - 54,170,205
"2180",1995,4,55 - 59,215,276
"2180",1995,4,60 - 64,249,357
"2180",1995,4,65 - 69,307,427
"2180",1995,4,70 - 74,422,555
"2180",1995,4,75 - 79,492,602
"2180",1995,4,80 - 84,629,646
"2180",1995,4,85 - 89,1223,868
"2180",1995,4,90 - 94,0,0
"2180",1995,4,95+,0,0
"2180",1995,4,UNK,16,6
"2180",1995,5,Total,3943,4140
"2180",1995,5,0,266,277
"2180",1995,5,1,123,136
"2180",1995,5,2,39,44
"2180",1995,5,3,27,25
"2180",1995,5,4,13,20
"2180",1995,5,5 - 9,61,53
"2180",1995,5,10 - 14,54,52
"2180",1995,5,15 - 19,69,92
"2180",1995,5,20 - 24,83,100
"2180",1995,5,25 - 29,75,84
"2180",1995,5,30 - 34,90,95
"2180",1995,5,35 - 39,72,121
"2180",1995,5,40 - 44,80,108
"2180",1995,5,45 - 49,75,115
"2180",1995,5,50 - 54,117,148
"2180",1995,5,55 - 59,144,193
"2180",1995,5,60 - 64,163,216
"2180",1995,5,65 - 69,178,283
"2180",1995,5,70 - 74,251,320
"2180",1995,5,75 - 79,353,381
"2180",1995,5,80 - 84,440,439
"2180",1995,5,85 - 89,1144,817
"2180",1995,5,90 - 94,0,0
"2180",1995,5,95+,0,0
"2180",1995,5,UNK,26,21
"2180",1995,6,Total,45,259
"2180",1995,6,0,0,0
"2180",1995,6,1,0,0
"2180",1995,6,2,0,0
"2180",1995,6,3,0,0
"2180",1995,6,4,0,0
"2180",1995,6,5 - 9,1,0
"2180",1995,6,10 - 14,0,0
"2180",1995,6,15 - 19,1,3
"2180",1995,6,20 - 24,2,5
"2180",1995,6,25 - 29,1,19
"2180",1995,6,30 - 34,1,17
"2180",1995,6,35 - 39,1,25
"2180",1995,6,40 - 44,4,22
"2180",1995,6,45 - 49,2,26
"2180",1995,6,50 - 54,3,36
"2180",1995,6,55 - 59,3,30
"2180",1995,6,60 - 64,2,23
"2180",1995,6,65 - 69,2,12
"2180",1995,6,70 - 74,4,19
"2180",1995,6,75 - 79,2,9
"2180",1995,6,80 - 84,6,5
"2180",1995,6,85 - 89,10,4
"2180",1995,6,90 - 94,0,0
"2180",1995,6,95+,0,0
"2180",1995,6,UNK,0,4
"2180",1995,7,Total,318,508
"2180",1995,7,0,27,46
"2180",1995,7,1,21,38
"2180",1995,7,2,4,13
"2180",1995,7,3,4,4
"2180",1995,7,4,5,9
"2180",1995,7,5 - 9,17,25
"2180",1995,7,10 - 14,11,30
"2180",1995,7,15 - 19,24,33
"2180",1995,7,20 - 24,19,31
"2180",1995,7,25 - 29,21,26
"2180",1995,7,30 - 34,15,30
"2180",1995,7,35 - 39,16,23
"2180",1995,7,40 - 44,10,14
"2180",1995,7,45 - 49,12,19
"2180",1995,7,50 - 54,9,20
"2180",1995,7,55 - 59,13,23
"2180",1995,7,60 - 64,15,25
"2180",1995,7,65 - 69,8,17
"2180",1995,7,70 - 74,16,21
"2180",1995,7,75 - 79,19,24
"2180",1995,7,80 - 84,12,21
"2180",1995,7,85 - 89,20,15
"2180",1995,7,90 - 94,0,0
"2180",1995,7,95+,0,0
"2180",1995,7,UNK,0,1
"2180",1995,8,Total,1420,1182
"2180",1995,8,0,88,84
"2180",1995,8,1,63,62
"2180",1995,8,2,9,20
"2180",1995,8,3,5,4
"2180",1995,8,4,8,2
"2180",1995,8,5 - 9,5,6
"2180",1995,8,10 - 14,4,7
"2180",1995,8,15 - 19,9,4
"2180",1995,8,20 - 24,8,15
"2180",1995,8,25 - 29,11,12
"2180",1995,8,30 - 34,11,33
"2180",1995,8,35 - 39,18,42
"2180",1995,8,40 - 44,26,42
"2180",1995,8,45 - 49,38,50
"2180",1995,8,50 - 54,61,64
"2180",1995,8,55 - 59,72,86
"2180",1995,8,60 - 64,145,99
"2180",1995,8,65 - 69,162,111
"2180",1995,8,70 - 74,167,111
"2180",1995,8,75 - 79,159,109
"2180",1995,8,80 - 84,130,103
"2180",1995,8,85 - 89,218,113
"2180",1995,8,90 - 94,0,0
"2180",1995,8,95+,0,0
"2180",1995,8,UNK,3,3
"2180",1995,9,Total,925,1720
"2180",1995,9,0,17,19
"2180",1995,9,1,18,7
"2180",1995,9,2,3,5
"2180",1995,9,3,3,4
"2180",1995,9,4,1,3
"2180",1995,9,5 - 9,8,13
"2180",1995,9,10 - 14,11,12
"2180",1995,9,15 - 19,10,30
"2180",1995,9,20 - 24,17,32
"2180",1995,9,25 - 29,18,51
"2180",1995,9,30 - 34,20,63
"2180",1995,9,35 - 39,29,85
"2180",1995,9,40 - 44,34,120
"2180",1995,9,45 - 49,55,140
"2180",1995,9,50 - 54,57,158
"2180",1995,9,55 - 59,78,137
"2180",1995,9,60 - 64,71,170
"2180",1995,9,65 - 69,76,153
"2180",1995,9,70 - 74,93,134
"2180",1995,9,75 - 79,80,123
"2180",1995,9,80 - 84,92,128
"2180",1995,9,85 - 89,132,129
"2180",1995,9,90 - 94,0,0
"2180",1995,9,95+,0,0
"2180",1995,9,UNK,2,4
"2180",1995,10,Total,589,613
"2180",1995,10,0,10,11
"2180",1995,10,1,17,16
"2180",1995,10,2,5,1
"2180",1995,10,3,2,5
"2180",1995,10,4,1,0
"2180",1995,10,5 - 9,9,15
"2180",1995,10,10 - 14,9,5
"2180",1995,10,15 - 19,11,14
"2180",1995,10,20 - 24,14,12
"2180",1995,10,25 - 29,17,15
"2180",1995,10,30 - 34,18,12
"2180",1995,10,35 - 39,15,15
"2180",1995,10,40 - 44,22,23
"2180",1995,10,45 - 49,28,25
"2180",1995,10,50 - 54,25,30
"2180",1995,10,55 - 59,29,30
"2180",1995,10,60 - 64,33,33
"2180",1995,10,65 - 69,53,59
"2180",1995,10,70 - 74,43,63
"2180",1995,10,75 - 79,46,70
"2180",1995,10,80 - 84,50,63
"2180",1995,10,85 - 89,130,93
"2180",1995,10,90 - 94,0,0
"2180",1995,10,95+,0,0
"2180",1995,10,UNK,2,3
"2180",1995,11,Total,1309,1713
"2180",1995,11,0,1229,1635
"2180",1995,11,1,25,23
"2180",1995,11,2,11,7
"2180",1995,11,3,7,4
"2180",1995,11,4,3,6
"2180",1995,11,5 - 9,13,5
"2180",1995,11,10 - 14,4,4
"2180",1995,11,15 - 19,6,6
"2180",1995,11,20 - 24,2,3
"2180",1995,11,25 - 29,0,1
"2180",1995,11,30 - 34,2,4
"2180",1995,11,35 - 39,0,0
"2180",1995,11,40 - 44,0,1
"2180",1995,11,45 - 49,1,4
"2180",1995,11,50 - 54,0,1
"2180",1995,11,55 - 59,0,0
"2180",1995,11,60 - 64,1,3
"2180",1995,11,65 - 69,2,0
"2180",1995,11,70 - 74,0,2
"2180",1995,11,75 - 79,1,2
"2180",1995,11,80 - 84,0,0
"2180",1995,11,85 - 89,2,2
"2180",1995,11,90 - 94,0,0
"2180",1995,11,95+,0,0
"2180",1995,11,UNK,0,0
"2180",1995,12,Total,2508,2761
"2180",1995,12,0,495,568
"2180",1995,12,1,255,225
"2180",1995,12,2,76,62
"2180",1995,12,3,33,34
"2180",1995,12,4,18,17
"2180",1995,12,5 - 9,47,65
"2180",1995,12,10 - 14,34,39
"2180",1995,12,15 - 19,55,36
"2180",1995,12,20 - 24,32,43
"2180",1995,12,25 - 29,32,50
"2180",1995,12,30 - 34,28,45
"2180",1995,12,35 - 39,18,36
"2180",1995,12,40 - 44,28,47
"2180",1995,12,45 - 49,27,62
"2180",1995,12,50 - 54,27,61
"2180",1995,12,55 - 59,38,68
"2180",1995,12,60 - 64,69,110
"2180",1995,12,65 - 69,83,126
"2180",1995,12,70 - 74,149,150
"2180",1995,12,75 - 79,179,208
"2180",1995,12,80 - 84,236,273
"2180",1995,12,85 - 89,542,429
"2180",1995,12,90 - 94,0,0
"2180",1995,12,95+,0,0
"2180",1995,12,UNK,7,7
"2180",1995,13,Total,1355,4580
"2180",1995,13,0,33,49
"2180",1995,13,1,34,63
"2180",1995,13,2,32,51
"2180",1995,13,3,34,57
"2180",1995,13,4,25,42
"2180",1995,13,5 - 9,95,174
"2180",1995,13,10 - 14,75,180
"2180",1995,13,15 - 19,152,393
"2180",1995,13,20 - 24,107,531
"2180",1995,13,25 - 29,100,495
"2180",1995,13,30 - 34,84,426
"2180",1995,13,35 - 39,59,369
"2180",1995,13,40 - 44,61,326
"2180",1995,13,45 - 49,50,246
"2180",1995,13,50 - 54,47,231
"2180",1995,13,55 - 59,35,178
"2180",1995,13,60 - 64,60,199
"2180",1995,13,65 - 69,50,171
"2180",1995,13,70 - 74,49,131
"2180",1995,13,75 - 79,47,102
"2180",1995,13,80 - 84,45,73
"2180",1995,13,85 - 89,72,71
"2180",1995,13,90 - 94,0,0
"2180",1995,13,95+,0,0
"2180",1995,13,UNK,9,22
"2180",1995,14,Total,136,1395
"2180",1995,14,0,1,3
"2180",1995,14,1,0,2
"2180",1995,14,2,1,0
"2180",1995,14,3,0,0
"2180",1995,14,4,1,3
"2180",1995,14,5 - 9,2,6
"2180",1995,14,10 - 14,5,9
"2180",1995,14,15 - 19,24,134
"2180",1995,14,20 - 24,22,256
"2180",1995,14,25 - 29,19,246
"2180",1995,14,30 - 34,14,176
"2180",1995,14,35 - 39,9,153
"2180",1995,14,40 - 44,11,105
"2180",1995,14,45 - 49,9,88
"2180",1995,14,50 - 54,2,63
"2180",1995,14,55 - 59,4,40
"2180",1995,14,60 - 64,5,44
"2180",1995,14,65 - 69,2,27
"2180",1995,14,70 - 74,2,16
"2180",1995,14,75 - 79,1,5
"2180",1995,14,80 - 84,2,6
"2180",1995,14,85 - 89,0,3
"2180",1995,14,90 - 94,0,0
"2180",1995,14,95+,0,0
"2180",1995,14,UNK,0,10
"2180",1996,1,Total,22749,29551
"2180",1996,1,0,2420,2931
"2180",1996,1,1,605,721
"2180",1996,1,2,267,263
"2180",1996,1,3,122,154
"2180",1996,1,4,107,99
"2180",1996,1,5 - 9,344,429
"2180",1996,1,10 - 14,294,429
"2180",1996,1,15 - 19,517,904
"2180",1996,1,20 - 24,485,1202
"2180",1996,1,25 - 29,495,1242
"2180",1996,1,30 - 34,525,1167
"2180",1996,1,35 - 39,541,1181
"2180",1996,1,40 - 44,686,1122
"2180",1996,1,45 - 49,738,1208
"2180",1996,1,50 - 54,830,1324
"2180",1996,1,55 - 59,991,1432
"2180",1996,1,60 - 64,1192,1647
"2180",1996,1,65 - 69,1481,2035
"2180",1996,1,70 - 74,1567,2151
"2180",1996,1,75 - 79,1875,2281
"2180",1996,1,80 - 84,2141,2237
"2180",1996,1,85 - 89,4463,3297
"2180",1996,1,90 - 94,0,0
"2180",1996,1,95+,0,0
"2180",1996,1,UNK,63,95
"2180",1996,2,Total,1304,1740
"2180",1996,2,0,259,289
"2180",1996,2,1,159,200
"2180",1996,2,2,41,44
"2180",1996,2,3,17,21
"2180",1996,2,4,12,10
"2180",1996,2,5 - 9,36,44
"2180",1996,2,10 - 14,30,40
"2180",1996,2,15 - 19,34,36
"2180",1996,2,20 - 24,51,63
"2180",1996,2,25 - 29,39,85
"2180",1996,2,30 - 34,50,84
"2180",1996,2,35 - 39,43,60
"2180",1996,2,40 - 44,34,65
"2180",1996,2,45 - 49,36,64
"2180",1996,2,50 - 54,35,63
"2180",1996,2,55 - 59,46,61
"2180",1996,2,60 - 64,44,76
"2180",1996,2,65 - 69,46,85
"2180",1996,2,70 - 74,50,89
"2180",1996,2,75 - 79,57,84
"2180",1996,2,80 - 84,65,66
"2180",1996,2,85 - 89,116,110
"2180",1996,2,90 - 94,0,0
"2180",1996,2,95+,0,0
"2180",1996,2,UNK,4,1
"2180",1996,3,Total,3311,2990
"2180",1996,3,0,11,4
"2180",1996,3,1,8,10
"2180",1996,3,2,8,10
"2180",1996,3,3,9,7
"2180",1996,3,4,8,2
"2180",1996,3,5 - 9,38,49
"2180",1996,3,10 - 14,28,35
"2180",1996,3,15 - 19,40,36
"2180",1996,3,20 - 24,34,34
"2180",1996,3,25 - 29,62,47
"2180",1996,3,30 - 34,72,61
"2180",1996,3,35 - 39,90,59
"2180",1996,3,40 - 44,183,83
"2180",1996,3,45 - 49,208,100
"2180",1996,3,50 - 54,233,151
"2180",1996,3,55 - 59,247,186
"2180",1996,3,60 - 64,337,276
"2180",1996,3,65 - 69,377,394
"2180",1996,3,70 - 74,331,397
"2180",1996,3,75 - 79,320,376
"2180",1996,3,80 - 84,307,340
"2180",1996,3,85 - 89,353,329
"2180",1996,3,90 - 94,0,0
"2180",1996,3,95+,0,0
"2180",1996,3,UNK,7,4
"2180",1996,4,Total,4757,5349
"2180",1996,4,0,15,14
"2180",1996,4,1,9,13
"2180",1996,4,2,4,4
"2180",1996,4,3,3,4
"2180",1996,4,4,3,5
"2180",1996,4,5 - 9,11,10
"2180",1996,4,10 - 14,22,17
"2180",1996,4,15 - 19,46,65
"2180",1996,4,20 - 24,57,82
"2180",1996,4,25 - 29,54,104
"2180",1996,4,30 - 34,83,94
"2180",1996,4,35 - 39,87,140
"2180",1996,4,40 - 44,126,141
"2180",1996,4,45 - 49,146,200
"2180",1996,4,50 - 54,167,266
"2180",1996,4,55 - 59,239,316
"2180",1996,4,60 - 64,283,379
"2180",1996,4,65 - 69,336,520
"2180",1996,4,70 - 74,418,605
"2180",1996,4,75 - 79,585,690
"2180",1996,4,80 - 84,684,688
"2180",1996,4,85 - 89,1364,975
"2180",1996,4,90 - 94,0,0
"2180",1996,4,95+,0,0
"2180",1996,4,UNK,15,17
"2180",1996,5,Total,3903,4038
"2180",1996,5,0,201,245
"2180",1996,5,1,110,118
"2180",1996,5,2,46,37
"2180",1996,5,3,15,15
"2180",1996,5,4,12,11
"2180",1996,5,5 - 9,38,39
"2180",1996,5,10 - 14,38,40
"2180",1996,5,15 - 19,73,68
"2180",1996,5,20 - 24,60,80
"2180",1996,5,25 - 29,62,86
"2180",1996,5,30 - 34,79,83
"2180",1996,5,35 - 39,80,113
"2180",1996,5,40 - 44,99,93
"2180",1996,5,45 - 49,84,134
"2180",1996,5,50 - 54,111,148
"2180",1996,5,55 - 59,131,197
"2180",1996,5,60 - 64,148,238
"2180",1996,5,65 - 69,203,273
"2180",1996,5,70 - 74,257,338
"2180",1996,5,75 - 79,310,359
"2180",1996,5,80 - 84,454,463
"2180",1996,5,85 - 89,1273,844
"2180",1996,5,90 - 94,0,0
"2180",1996,5,95+,0,0
"2180",1996,5,UNK,19,16
"2180",1996,6,Total,32,190
"2180",1996,6,0,0,0
"2180",1996,6,1,0,0
"2180",1996,6,2,0,0
"2180",1996,6,3,0,0
"2180",1996,6,4,0,0
"2180",1996,6,5 - 9,0,0
"2180",1996,6,10 - 14,0,0
"2180",1996,6,15 - 19,0,2
"2180",1996,6,20 - 24,0,10
"2180",1996,6,25 - 29,2,12
"2180",1996,6,30 - 34,4,17
"2180",1996,6,35 - 39,1,14
"2180",1996,6,40 - 44,1,17
"2180",1996,6,45 - 49,1,17
"2180",1996,6,50 - 54,4,25
"2180",1996,6,55 - 59,3,15
"2180",1996,6,60 - 64,3,12
"2180",1996,6,65 - 69,2,20
"2180",1996,6,70 - 74,3,12
"2180",1996,6,75 - 79,0,8
"2180",1996,6,80 - 84,2,3
"2180",1996,6,85 - 89,6,4
"2180",1996,6,90 - 94,0,0
"2180",1996,6,95+,0,0
"2180",1996,6,UNK,0,2
"2180",1996,7,Total,380,510
"2180",1996,7,0,27,51
"2180",1996,7,1,25,26
"2180",1996,7,2,11,14
"2180",1996,7,3,5,3
"2180",1996,7,4,8,8
"2180",1996,7,5 - 9,21,31
"2180",1996,7,10 - 14,24,32
"2180",1996,7,15 - 19,20,38
"2180",1996,7,20 - 24,25,31
"2180",1996,7,25 - 29,23,25
"2180",1996,7,30 - 34,18,36
"2180",1996,7,35 - 39,16,24
"2180",1996,7,40 - 44,14,19
"2180",1996,7,45 - 49,7,15
"2180",1996,7,50 - 54,14,15
"2180",1996,7,55 - 59,11,14
"2180",1996,7,60 - 64,11,18
"2180",1996,7,65 - 69,19,20
"2180",1996,7,70 - 74,16,27
"2180",1996,7,75 - 79,18,32
"2180",1996,7,80 - 84,16,18
"2180",1996,7,85 - 89,31,13
"2180",1996,7,90 - 94,0,0
"2180",1996,7,95+,0,0
"2180",1996,7,UNK,0,0
"2180",1996,8,Total,1573,1323
"2180",1996,8,0,80,102
"2180",1996,8,1,42,68
"2180",1996,8,2,13,15
"2180",1996,8,3,4,3
"2180",1996,8,4,4,1
"2180",1996,8,5 - 9,5,7
"2180",1996,8,10 - 14,12,10
"2180",1996,8,15 - 19,8,10
"2180",1996,8,20 - 24,13,14
"2180",1996,8,25 - 29,12,27
"2180",1996,8,30 - 34,15,30
"2180",1996,8,35 - 39,10,48
"2180",1996,8,40 - 44,32,43
"2180",1996,8,45 - 49,66,56
"2180",1996,8,50 - 54,73,68
"2180",1996,8,55 - 59,110,90
"2180",1996,8,60 - 64,135,110
"2180",1996,8,65 - 69,172,139
"2180",1996,8,70 - 74,173,115
"2180",1996,8,75 - 79,172,121
"2180",1996,8,80 - 84,171,121
"2180",1996,8,85 - 89,248,123
"2180",1996,8,90 - 94,0,0
"2180",1996,8,95+,0,0
"2180",1996,8,UNK,3,2
"2180",1996,9,Total,1094,1843
"2180",1996,9,0,15,13
"2180",1996,9,1,7,10
"2180",1996,9,2,4,4
"2180",1996,9,3,4,2
"2180",1996,9,4,6,2
"2180",1996,9,5 - 9,12,10
"2180",1996,9,10 - 14,11,11
"2180",1996,9,15 - 19,28,15
"2180",1996,9,20 - 24,14,36
"2180",1996,9,25 - 29,29,41
"2180",1996,9,30 - 34,20,69
"2180",1996,9,35 - 39,41,94
"2180",1996,9,40 - 44,39,116
"2180",1996,9,45 - 49,60,154
"2180",1996,9,50 - 54,57,171
"2180",1996,9,55 - 59,70,156
"2180",1996,9,60 - 64,88,160
"2180",1996,9,65 - 69,98,195
"2180",1996,9,70 - 74,97,153
"2180",1996,9,75 - 79,115,158
"2180",1996,9,80 - 84,100,116
"2180",1996,9,85 - 89,176,152
"2180",1996,9,90 - 94,0,0
"2180",1996,9,95+,0,0
"2180",1996,9,UNK,3,5
"2180",1996,10,Total,623,729
"2180",1996,10,0,4,5
"2180",1996,10,1,8,12
"2180",1996,10,2,4,2
"2180",1996,10,3,3,2
"2180",1996,10,4,0,2
"2180",1996,10,5 - 9,7,6
"2180",1996,10,10 - 14,5,10
"2180",1996,10,15 - 19,13,20
"2180",1996,10,20 - 24,17,19
"2180",1996,10,25 - 29,19,14
"2180",1996,10,30 - 34,15,10
"2180",1996,10,35 - 39,25,19
"2180",1996,10,40 - 44,24,31
"2180",1996,10,45 - 49,33,40
"2180",1996,10,50 - 54,24,36
"2180",1996,10,55 - 59,42,49
"2180",1996,10,60 - 64,35,45
"2180",1996,10,65 - 69,46,68
"2180",1996,10,70 - 74,55,65
"2180",1996,10,75 - 79,49,80
"2180",1996,10,80 - 84,64,71
"2180",1996,10,85 - 89,130,116
"2180",1996,10,90 - 94,0,0
"2180",1996,10,95+,0,0
"2180",1996,10,UNK,1,7
"2180",1996,11,Total,1389,1792
"2180",1996,11,0,1315,1713
"2180",1996,11,1,18,20
"2180",1996,11,2,11,17
"2180",1996,11,3,4,8
"2180",1996,11,4,7,4
"2180",1996,11,5 - 9,11,12
"2180",1996,11,10 - 14,6,4
"2180",1996,11,15 - 19,3,4
"2180",1996,11,20 - 24,2,1
"2180",1996,11,25 - 29,0,1
"2180",1996,11,30 - 34,1,2
"2180",1996,11,35 - 39,3,1
"2180",1996,11,40 - 44,1,2
"2180",1996,11,45 - 49,1,0
"2180",1996,11,50 - 54,1,0
"2180",1996,11,55 - 59,0,0
"2180",1996,11,60 - 64,0,2
"2180",1996,11,65 - 69,4,0
"2180",1996,11,70 - 74,0,0
"2180",1996,11,75 - 79,0,1
"2180",1996,11,80 - 84,1,0
"2180",1996,11,85 - 89,0,0
"2180",1996,11,90 - 94,0,0
"2180",1996,11,95+,0,0
"2180",1996,11,UNK,0,0
"2180",1996,12,Total,2273,2687
"2180",1996,12,0,439,433
"2180",1996,12,1,169,193
"2180",1996,12,2,68,60
"2180",1996,12,3,25,38
"2180",1996,12,4,22,23
"2180",1996,12,5 - 9,38,49
"2180",1996,12,10 - 14,24,26
"2180",1996,12,15 - 19,39,44
"2180",1996,12,20 - 24,32,49
"2180",1996,12,25 - 29,26,53
"2180",1996,12,30 - 34,21,48
"2180",1996,12,35 - 39,24,38
"2180",1996,12,40 - 44,26,40
"2180",1996,12,45 - 49,27,55
"2180",1996,12,50 - 54,37,69
"2180",1996,12,55 - 59,45,72
"2180",1996,12,60 - 64,56,90
"2180",1996,12,65 - 69,93,128
"2180",1996,12,70 - 74,107,190
"2180",1996,12,75 - 79,165,240
"2180",1996,12,80 - 84,198,249
"2180",1996,12,85 - 89,588,495
"2180",1996,12,90 - 94,0,0
"2180",1996,12,95+,0,0
"2180",1996,12,UNK,4,5
"2180",1996,13,Total,1431,4589
"2180",1996,13,0,38,43
"2180",1996,13,1,45,47
"2180",1996,13,2,52,51
"2180",1996,13,3,28,43
"2180",1996,13,4,25,28
"2180",1996,13,5 - 9,115,165
"2180",1996,13,10 - 14,84,173
"2180",1996,13,15 - 19,158,400
"2180",1996,13,20 - 24,124,502
"2180",1996,13,25 - 29,96,476
"2180",1996,13,30 - 34,83,417
"2180",1996,13,35 - 39,59,382
"2180",1996,13,40 - 44,62,335
"2180",1996,13,45 - 49,53,266
"2180",1996,13,50 - 54,54,248
"2180",1996,13,55 - 59,35,237
"2180",1996,13,60 - 64,41,202
"2180",1996,13,65 - 69,55,148
"2180",1996,13,70 - 74,35,134
"2180",1996,13,75 - 79,45,102
"2180",1996,13,80 - 84,52,76
"2180",1996,13,85 - 89,87,87
"2180",1996,13,90 - 94,0,0
"2180",1996,13,95+,0,0
"2180",1996,13,UNK,5,27
"2180",1996,14,Total,131,1501
"2180",1996,14,0,0,2
"2180",1996,14,1,1,0
"2180",1996,14,2,2,0
"2180",1996,14,3,2,2
"2180",1996,14,4,0,1
"2180",1996,14,5 - 9,4,3
"2180",1996,14,10 - 14,1,18
"2180",1996,14,15 - 19,19,147
"2180",1996,14,20 - 24,17,275
"2180",1996,14,25 - 29,18,258
"2180",1996,14,30 - 34,14,211
"2180",1996,14,35 - 39,12,185
"2180",1996,14,40 - 44,14,136
"2180",1996,14,45 - 49,6,100
"2180",1996,14,50 - 54,2,48
"2180",1996,14,55 - 59,1,29
"2180",1996,14,60 - 64,2,29
"2180",1996,14,65 - 69,3,26
"2180",1996,14,70 - 74,2,8
"2180",1996,14,75 - 79,7,5
"2180",1996,14,80 - 84,2,6
"2180",1996,14,85 - 89,2,4
"2180",1996,14,90 - 94,0,0
"2180",1996,14,95+,0,0
"2180",1996,14,UNK,0,8
