"","Year","Cause","Age","Female","Male"
"2140",1990,1,Total,4836,6530
"2140",1990,1,0,546,704
"2140",1990,1,1,47,54
"2140",1990,1,2,17,21
"2140",1990,1,3,8,22
"2140",1990,1,4,13,20
"2140",1990,1,5 - 9,45,54
"2140",1990,1,10 - 14,46,63
"2140",1990,1,15 - 19,49,119
"2140",1990,1,20 - 24,50,178
"2140",1990,1,25 - 29,64,190
"2140",1990,1,30 - 34,93,187
"2140",1990,1,35 - 39,117,200
"2140",1990,1,40 - 44,108,177
"2140",1990,1,45 - 49,129,214
"2140",1990,1,50 - 54,183,258
"2140",1990,1,55 - 59,219,331
"2140",1990,1,60 - 64,307,418
"2140",1990,1,65 - 69,336,537
"2140",1990,1,70 - 74,426,578
"2140",1990,1,75 - 79,601,685
"2140",1990,1,80 - 84,575,652
"2140",1990,1,85 - 89,824,800
"2140",1990,1,90 - 94,0,0
"2140",1990,1,95+,0,0
"2140",1990,1,UNK,33,68
"2140",1990,2,Total,156,236
"2140",1990,2,0,45,62
"2140",1990,2,1,6,9
"2140",1990,2,2,0,2
"2140",1990,2,3,1,3
"2140",1990,2,4,1,1
"2140",1990,2,5 - 9,2,1
"2140",1990,2,10 - 14,2,3
"2140",1990,2,15 - 19,1,1
"2140",1990,2,20 - 24,3,1
"2140",1990,2,25 - 29,2,6
"2140",1990,2,30 - 34,1,2
"2140",1990,2,35 - 39,5,5
"2140",1990,2,40 - 44,2,4
"2140",1990,2,45 - 49,3,5
"2140",1990,2,50 - 54,3,7
"2140",1990,2,55 - 59,4,11
"2140",1990,2,60 - 64,4,5
"2140",1990,2,65 - 69,10,21
"2140",1990,2,70 - 74,7,13
"2140",1990,2,75 - 79,11,23
"2140",1990,2,80 - 84,21,20
"2140",1990,2,85 - 89,20,24
"2140",1990,2,90 - 94,0,0
"2140",1990,2,95+,0,0
"2140",1990,2,UNK,2,7
"2140",1990,3,Total,978,1277
"2140",1990,3,0,1,6
"2140",1990,3,1,4,2
"2140",1990,3,2,3,2
"2140",1990,3,3,1,0
"2140",1990,3,4,3,6
"2140",1990,3,5 - 9,11,7
"2140",1990,3,10 - 14,13,10
"2140",1990,3,15 - 19,8,6
"2140",1990,3,20 - 24,8,20
"2140",1990,3,25 - 29,9,15
"2140",1990,3,30 - 34,23,20
"2140",1990,3,35 - 39,44,28
"2140",1990,3,40 - 44,39,18
"2140",1990,3,45 - 49,44,44
"2140",1990,3,50 - 54,69,54
"2140",1990,3,55 - 59,71,80
"2140",1990,3,60 - 64,90,130
"2140",1990,3,65 - 69,113,157
"2140",1990,3,70 - 74,118,177
"2140",1990,3,75 - 79,123,202
"2140",1990,3,80 - 84,94,152
"2140",1990,3,85 - 89,84,137
"2140",1990,3,90 - 94,0,0
"2140",1990,3,95+,0,0
"2140",1990,3,UNK,5,4
"2140",1990,4,Total,1480,1677
"2140",1990,4,0,4,5
"2140",1990,4,1,1,1
"2140",1990,4,2,1,0
"2140",1990,4,3,0,0
"2140",1990,4,4,2,0
"2140",1990,4,5 - 9,2,2
"2140",1990,4,10 - 14,3,3
"2140",1990,4,15 - 19,3,8
"2140",1990,4,20 - 24,6,12
"2140",1990,4,25 - 29,8,9
"2140",1990,4,30 - 34,13,15
"2140",1990,4,35 - 39,17,29
"2140",1990,4,40 - 44,17,28
"2140",1990,4,45 - 49,31,40
"2140",1990,4,50 - 54,48,73
"2140",1990,4,55 - 59,58,101
"2140",1990,4,60 - 64,101,122
"2140",1990,4,65 - 69,97,192
"2140",1990,4,70 - 74,158,198
"2140",1990,4,75 - 79,257,251
"2140",1990,4,80 - 84,251,259
"2140",1990,4,85 - 89,395,323
"2140",1990,4,90 - 94,0,0
"2140",1990,4,95+,0,0
"2140",1990,4,UNK,7,6
"2140",1990,5,Total,181,247
"2140",1990,5,0,24,32
"2140",1990,5,1,3,3
"2140",1990,5,2,0,1
"2140",1990,5,3,0,1
"2140",1990,5,4,0,0
"2140",1990,5,5 - 9,0,2
"2140",1990,5,10 - 14,4,2
"2140",1990,5,15 - 19,0,1
"2140",1990,5,20 - 24,0,9
"2140",1990,5,25 - 29,1,7
"2140",1990,5,30 - 34,2,9
"2140",1990,5,35 - 39,2,12
"2140",1990,5,40 - 44,4,4
"2140",1990,5,45 - 49,3,8
"2140",1990,5,50 - 54,5,7
"2140",1990,5,55 - 59,9,10
"2140",1990,5,60 - 64,12,8
"2140",1990,5,65 - 69,6,12
"2140",1990,5,70 - 74,8,12
"2140",1990,5,75 - 79,14,23
"2140",1990,5,80 - 84,24,26
"2140",1990,5,85 - 89,58,54
"2140",1990,5,90 - 94,0,0
"2140",1990,5,95+,0,0
"2140",1990,5,UNK,2,4
"2140",1990,6,Total,7,38
"2140",1990,6,0,0,0
"2140",1990,6,1,0,0
"2140",1990,6,2,0,0
"2140",1990,6,3,0,0
"2140",1990,6,4,0,0
"2140",1990,6,5 - 9,0,0
"2140",1990,6,10 - 14,0,0
"2140",1990,6,15 - 19,0,0
"2140",1990,6,20 - 24,0,0
"2140",1990,6,25 - 29,0,1
"2140",1990,6,30 - 34,2,4
"2140",1990,6,35 - 39,1,2
"2140",1990,6,40 - 44,0,4
"2140",1990,6,45 - 49,0,4
"2140",1990,6,50 - 54,0,6
"2140",1990,6,55 - 59,0,4
"2140",1990,6,60 - 64,1,3
"2140",1990,6,65 - 69,0,4
"2140",1990,6,70 - 74,0,1
"2140",1990,6,75 - 79,1,2
"2140",1990,6,80 - 84,1,1
"2140",1990,6,85 - 89,1,2
"2140",1990,6,90 - 94,0,0
"2140",1990,6,95+,0,0
"2140",1990,6,UNK,0,0
"2140",1990,7,Total,101,146
"2140",1990,7,0,7,17
"2140",1990,7,1,3,2
"2140",1990,7,2,1,1
"2140",1990,7,3,0,6
"2140",1990,7,4,3,2
"2140",1990,7,5 - 9,6,6
"2140",1990,7,10 - 14,4,8
"2140",1990,7,15 - 19,8,13
"2140",1990,7,20 - 24,4,5
"2140",1990,7,25 - 29,3,4
"2140",1990,7,30 - 34,9,8
"2140",1990,7,35 - 39,1,6
"2140",1990,7,40 - 44,1,4
"2140",1990,7,45 - 49,5,5
"2140",1990,7,50 - 54,2,2
"2140",1990,7,55 - 59,6,8
"2140",1990,7,60 - 64,5,7
"2140",1990,7,65 - 69,7,12
"2140",1990,7,70 - 74,2,11
"2140",1990,7,75 - 79,10,7
"2140",1990,7,80 - 84,6,3
"2140",1990,7,85 - 89,8,8
"2140",1990,7,90 - 94,0,0
"2140",1990,7,95+,0,0
"2140",1990,7,UNK,0,1
"2140",1990,8,Total,209,150
"2140",1990,8,0,8,11
"2140",1990,8,1,1,2
"2140",1990,8,2,0,1
"2140",1990,8,3,0,0
"2140",1990,8,4,0,0
"2140",1990,8,5 - 9,2,1
"2140",1990,8,10 - 14,1,2
"2140",1990,8,15 - 19,1,2
"2140",1990,8,20 - 24,3,4
"2140",1990,8,25 - 29,2,9
"2140",1990,8,30 - 34,4,6
"2140",1990,8,35 - 39,6,5
"2140",1990,8,40 - 44,6,5
"2140",1990,8,45 - 49,4,2
"2140",1990,8,50 - 54,16,11
"2140",1990,8,55 - 59,26,6
"2140",1990,8,60 - 64,21,22
"2140",1990,8,65 - 69,22,13
"2140",1990,8,70 - 74,19,14
"2140",1990,8,75 - 79,32,7
"2140",1990,8,80 - 84,19,11
"2140",1990,8,85 - 89,14,9
"2140",1990,8,90 - 94,0,0
"2140",1990,8,95+,0,0
"2140",1990,8,UNK,2,7
"2140",1990,9,Total,215,318
"2140",1990,9,0,6,6
"2140",1990,9,1,2,0
"2140",1990,9,2,0,1
"2140",1990,9,3,0,0
"2140",1990,9,4,0,2
"2140",1990,9,5 - 9,3,3
"2140",1990,9,10 - 14,0,1
"2140",1990,9,15 - 19,2,3
"2140",1990,9,20 - 24,1,1
"2140",1990,9,25 - 29,8,8
"2140",1990,9,30 - 34,2,6
"2140",1990,9,35 - 39,6,16
"2140",1990,9,40 - 44,12,20
"2140",1990,9,45 - 49,11,27
"2140",1990,9,50 - 54,6,26
"2140",1990,9,55 - 59,17,29
"2140",1990,9,60 - 64,15,22
"2140",1990,9,65 - 69,22,35
"2140",1990,9,70 - 74,28,28
"2140",1990,9,75 - 79,18,33
"2140",1990,9,80 - 84,25,23
"2140",1990,9,85 - 89,29,22
"2140",1990,9,90 - 94,0,0
"2140",1990,9,95+,0,0
"2140",1990,9,UNK,2,6
"2140",1990,10,Total,143,165
"2140",1990,10,0,0,4
"2140",1990,10,1,0,0
"2140",1990,10,2,0,0
"2140",1990,10,3,1,1
"2140",1990,10,4,0,0
"2140",1990,10,5 - 9,1,0
"2140",1990,10,10 - 14,2,1
"2140",1990,10,15 - 19,3,4
"2140",1990,10,20 - 24,2,5
"2140",1990,10,25 - 29,3,3
"2140",1990,10,30 - 34,5,5
"2140",1990,10,35 - 39,7,3
"2140",1990,10,40 - 44,6,6
"2140",1990,10,45 - 49,7,6
"2140",1990,10,50 - 54,8,4
"2140",1990,10,55 - 59,5,8
"2140",1990,10,60 - 64,13,7
"2140",1990,10,65 - 69,9,14
"2140",1990,10,70 - 74,9,23
"2140",1990,10,75 - 79,24,19
"2140",1990,10,80 - 84,13,19
"2140",1990,10,85 - 89,23,33
"2140",1990,10,90 - 94,0,0
"2140",1990,10,95+,0,0
"2140",1990,10,UNK,2,0
"2140",1990,11,Total,398,508
"2140",1990,11,0,372,475
"2140",1990,11,1,10,15
"2140",1990,11,2,4,3
"2140",1990,11,3,1,1
"2140",1990,11,4,1,1
"2140",1990,11,5 - 9,4,5
"2140",1990,11,10 - 14,0,1
"2140",1990,11,15 - 19,1,2
"2140",1990,11,20 - 24,1,1
"2140",1990,11,25 - 29,0,1
"2140",1990,11,30 - 34,2,0
"2140",1990,11,35 - 39,0,0
"2140",1990,11,40 - 44,0,0
"2140",1990,11,45 - 49,0,0
"2140",1990,11,50 - 54,0,0
"2140",1990,11,55 - 59,0,0
"2140",1990,11,60 - 64,0,0
"2140",1990,11,65 - 69,0,0
"2140",1990,11,70 - 74,0,0
"2140",1990,11,75 - 79,0,0
"2140",1990,11,80 - 84,0,0
"2140",1990,11,85 - 89,0,0
"2140",1990,11,90 - 94,0,0
"2140",1990,11,95+,0,0
"2140",1990,11,UNK,2,3
"2140",1990,12,Total,584,626
"2140",1990,12,0,73,73
"2140",1990,12,1,9,13
"2140",1990,12,2,4,2
"2140",1990,12,3,0,2
"2140",1990,12,4,1,0
"2140",1990,12,5 - 9,3,1
"2140",1990,12,10 - 14,2,1
"2140",1990,12,15 - 19,4,6
"2140",1990,12,20 - 24,2,5
"2140",1990,12,25 - 29,2,6
"2140",1990,12,30 - 34,4,6
"2140",1990,12,35 - 39,5,2
"2140",1990,12,40 - 44,3,6
"2140",1990,12,45 - 49,10,11
"2140",1990,12,50 - 54,12,14
"2140",1990,12,55 - 59,14,17
"2140",1990,12,60 - 64,30,39
"2140",1990,12,65 - 69,41,42
"2140",1990,12,70 - 74,62,52
"2140",1990,12,75 - 79,76,88
"2140",1990,12,80 - 84,90,85
"2140",1990,12,85 - 89,135,146
"2140",1990,12,90 - 94,0,0
"2140",1990,12,95+,0,0
"2140",1990,12,UNK,2,9
"2140",1990,13,Total,242,944
"2140",1990,13,0,4,8
"2140",1990,13,1,6,7
"2140",1990,13,2,4,8
"2140",1990,13,3,4,7
"2140",1990,13,4,2,7
"2140",1990,13,5 - 9,9,24
"2140",1990,13,10 - 14,12,27
"2140",1990,13,15 - 19,11,63
"2140",1990,13,20 - 24,14,101
"2140",1990,13,25 - 29,16,101
"2140",1990,13,30 - 34,11,87
"2140",1990,13,35 - 39,17,80
"2140",1990,13,40 - 44,10,68
"2140",1990,13,45 - 49,7,53
"2140",1990,13,50 - 54,9,44
"2140",1990,13,55 - 59,6,49
"2140",1990,13,60 - 64,9,44
"2140",1990,13,65 - 69,4,31
"2140",1990,13,70 - 74,8,38
"2140",1990,13,75 - 79,21,19
"2140",1990,13,80 - 84,21,34
"2140",1990,13,85 - 89,31,27
"2140",1990,13,90 - 94,0,0
"2140",1990,13,95+,0,0
"2140",1990,13,UNK,6,17
"2140",1990,14,Total,27,108
"2140",1990,14,0,1,3
"2140",1990,14,1,1,0
"2140",1990,14,2,0,0
"2140",1990,14,3,0,0
"2140",1990,14,4,0,0
"2140",1990,14,5 - 9,0,0
"2140",1990,14,10 - 14,1,1
"2140",1990,14,15 - 19,4,9
"2140",1990,14,20 - 24,0,14
"2140",1990,14,25 - 29,4,16
"2140",1990,14,30 - 34,5,17
"2140",1990,14,35 - 39,3,10
"2140",1990,14,40 - 44,4,10
"2140",1990,14,45 - 49,1,3
"2140",1990,14,50 - 54,2,8
"2140",1990,14,55 - 59,0,5
"2140",1990,14,60 - 64,0,4
"2140",1990,14,65 - 69,0,2
"2140",1990,14,70 - 74,0,0
"2140",1990,14,75 - 79,0,2
"2140",1990,14,80 - 84,0,0
"2140",1990,14,85 - 89,0,0
"2140",1990,14,90 - 94,0,0
"2140",1990,14,95+,0,0
"2140",1990,14,UNK,1,4
"2140",1991,1,Total,5140,6655
"2140",1991,1,0,486,636
"2140",1991,1,1,56,49
"2140",1991,1,2,11,25
"2140",1991,1,3,15,16
"2140",1991,1,4,14,20
"2140",1991,1,5 - 9,39,50
"2140",1991,1,10 - 14,31,59
"2140",1991,1,15 - 19,56,91
"2140",1991,1,20 - 24,59,146
"2140",1991,1,25 - 29,70,182
"2140",1991,1,30 - 34,96,180
"2140",1991,1,35 - 39,107,199
"2140",1991,1,40 - 44,119,232
"2140",1991,1,45 - 49,161,225
"2140",1991,1,50 - 54,170,284
"2140",1991,1,55 - 59,224,337
"2140",1991,1,60 - 64,329,472
"2140",1991,1,65 - 69,395,497
"2140",1991,1,70 - 74,461,607
"2140",1991,1,75 - 79,590,707
"2140",1991,1,80 - 84,662,703
"2140",1991,1,85 - 89,954,862
"2140",1991,1,90 - 94,0,0
"2140",1991,1,95+,0,0
"2140",1991,1,UNK,35,76
"2140",1991,2,Total,149,179
"2140",1991,2,0,23,36
"2140",1991,2,1,7,10
"2140",1991,2,2,1,3
"2140",1991,2,3,1,3
"2140",1991,2,4,2,1
"2140",1991,2,5 - 9,5,2
"2140",1991,2,10 - 14,2,7
"2140",1991,2,15 - 19,5,0
"2140",1991,2,20 - 24,9,5
"2140",1991,2,25 - 29,5,3
"2140",1991,2,30 - 34,3,6
"2140",1991,2,35 - 39,2,4
"2140",1991,2,40 - 44,4,0
"2140",1991,2,45 - 49,4,3
"2140",1991,2,50 - 54,7,9
"2140",1991,2,55 - 59,4,5
"2140",1991,2,60 - 64,8,11
"2140",1991,2,65 - 69,7,10
"2140",1991,2,70 - 74,11,8
"2140",1991,2,75 - 79,16,19
"2140",1991,2,80 - 84,11,13
"2140",1991,2,85 - 89,12,20
"2140",1991,2,90 - 94,0,0
"2140",1991,2,95+,0,0
"2140",1991,2,UNK,0,1
"2140",1991,3,Total,1105,1254
"2140",1991,3,0,4,3
"2140",1991,3,1,3,1
"2140",1991,3,2,1,1
"2140",1991,3,3,3,0
"2140",1991,3,4,1,1
"2140",1991,3,5 - 9,6,8
"2140",1991,3,10 - 14,7,9
"2140",1991,3,15 - 19,7,11
"2140",1991,3,20 - 24,11,14
"2140",1991,3,25 - 29,13,20
"2140",1991,3,30 - 34,26,18
"2140",1991,3,35 - 39,42,26
"2140",1991,3,40 - 44,38,34
"2140",1991,3,45 - 49,71,39
"2140",1991,3,50 - 54,65,70
"2140",1991,3,55 - 59,95,82
"2140",1991,3,60 - 64,100,130
"2140",1991,3,65 - 69,123,141
"2140",1991,3,70 - 74,119,192
"2140",1991,3,75 - 79,127,162
"2140",1991,3,80 - 84,120,143
"2140",1991,3,85 - 89,118,136
"2140",1991,3,90 - 94,0,0
"2140",1991,3,95+,0,0
"2140",1991,3,UNK,5,13
"2140",1991,4,Total,1610,1856
"2140",1991,4,0,5,3
"2140",1991,4,1,1,2
"2140",1991,4,2,0,1
"2140",1991,4,3,2,1
"2140",1991,4,4,0,0
"2140",1991,4,5 - 9,2,3
"2140",1991,4,10 - 14,2,6
"2140",1991,4,15 - 19,1,7
"2140",1991,4,20 - 24,2,11
"2140",1991,4,25 - 29,10,11
"2140",1991,4,30 - 34,12,11
"2140",1991,4,35 - 39,16,20
"2140",1991,4,40 - 44,32,45
"2140",1991,4,45 - 49,37,60
"2140",1991,4,50 - 54,38,76
"2140",1991,4,55 - 59,63,104
"2140",1991,4,60 - 64,104,138
"2140",1991,4,65 - 69,140,197
"2140",1991,4,70 - 74,167,217
"2140",1991,4,75 - 79,248,288
"2140",1991,4,80 - 84,278,288
"2140",1991,4,85 - 89,445,356
"2140",1991,4,90 - 94,0,0
"2140",1991,4,95+,0,0
"2140",1991,4,UNK,5,11
"2140",1991,5,Total,235,287
"2140",1991,5,0,12,22
"2140",1991,5,1,0,2
"2140",1991,5,2,1,3
"2140",1991,5,3,0,1
"2140",1991,5,4,1,0
"2140",1991,5,5 - 9,2,0
"2140",1991,5,10 - 14,0,1
"2140",1991,5,15 - 19,1,0
"2140",1991,5,20 - 24,2,2
"2140",1991,5,25 - 29,0,2
"2140",1991,5,30 - 34,1,2
"2140",1991,5,35 - 39,2,5
"2140",1991,5,40 - 44,4,5
"2140",1991,5,45 - 49,4,6
"2140",1991,5,50 - 54,4,10
"2140",1991,5,55 - 59,4,11
"2140",1991,5,60 - 64,7,20
"2140",1991,5,65 - 69,14,22
"2140",1991,5,70 - 74,22,26
"2140",1991,5,75 - 79,30,34
"2140",1991,5,80 - 84,37,42
"2140",1991,5,85 - 89,82,66
"2140",1991,5,90 - 94,0,0
"2140",1991,5,95+,0,0
"2140",1991,5,UNK,5,5
"2140",1991,6,Total,8,31
"2140",1991,6,0,0,0
"2140",1991,6,1,0,0
"2140",1991,6,2,0,0
"2140",1991,6,3,0,0
"2140",1991,6,4,0,0
"2140",1991,6,5 - 9,0,0
"2140",1991,6,10 - 14,0,0
"2140",1991,6,15 - 19,0,0
"2140",1991,6,20 - 24,0,0
"2140",1991,6,25 - 29,0,1
"2140",1991,6,30 - 34,1,2
"2140",1991,6,35 - 39,1,3
"2140",1991,6,40 - 44,0,6
"2140",1991,6,45 - 49,0,5
"2140",1991,6,50 - 54,1,3
"2140",1991,6,55 - 59,0,1
"2140",1991,6,60 - 64,0,4
"2140",1991,6,65 - 69,0,2
"2140",1991,6,70 - 74,1,0
"2140",1991,6,75 - 79,0,2
"2140",1991,6,80 - 84,2,1
"2140",1991,6,85 - 89,2,0
"2140",1991,6,90 - 94,0,0
"2140",1991,6,95+,0,0
"2140",1991,6,UNK,0,1
"2140",1991,7,Total,113,143
"2140",1991,7,0,6,10
"2140",1991,7,1,5,6
"2140",1991,7,2,1,3
"2140",1991,7,3,2,3
"2140",1991,7,4,1,0
"2140",1991,7,5 - 9,7,7
"2140",1991,7,10 - 14,6,8
"2140",1991,7,15 - 19,9,7
"2140",1991,7,20 - 24,1,3
"2140",1991,7,25 - 29,2,10
"2140",1991,7,30 - 34,12,4
"2140",1991,7,35 - 39,5,5
"2140",1991,7,40 - 44,4,6
"2140",1991,7,45 - 49,5,5
"2140",1991,7,50 - 54,2,5
"2140",1991,7,55 - 59,5,5
"2140",1991,7,60 - 64,6,6
"2140",1991,7,65 - 69,9,7
"2140",1991,7,70 - 74,4,12
"2140",1991,7,75 - 79,7,12
"2140",1991,7,80 - 84,9,8
"2140",1991,7,85 - 89,5,10
"2140",1991,7,90 - 94,0,0
"2140",1991,7,95+,0,0
"2140",1991,7,UNK,0,1
"2140",1991,8,Total,227,243
"2140",1991,8,0,5,17
"2140",1991,8,1,5,3
"2140",1991,8,2,0,2
"2140",1991,8,3,0,0
"2140",1991,8,4,0,2
"2140",1991,8,5 - 9,0,3
"2140",1991,8,10 - 14,0,0
"2140",1991,8,15 - 19,3,1
"2140",1991,8,20 - 24,0,10
"2140",1991,8,25 - 29,4,12
"2140",1991,8,30 - 34,3,20
"2140",1991,8,35 - 39,2,13
"2140",1991,8,40 - 44,5,14
"2140",1991,8,45 - 49,6,12
"2140",1991,8,50 - 54,12,14
"2140",1991,8,55 - 59,16,14
"2140",1991,8,60 - 64,34,25
"2140",1991,8,65 - 69,26,21
"2140",1991,8,70 - 74,25,11
"2140",1991,8,75 - 79,29,18
"2140",1991,8,80 - 84,28,14
"2140",1991,8,85 - 89,23,16
"2140",1991,8,90 - 94,0,0
"2140",1991,8,95+,0,0
"2140",1991,8,UNK,1,1
"2140",1991,9,Total,250,368
"2140",1991,9,0,7,6
"2140",1991,9,1,0,0
"2140",1991,9,2,0,0
"2140",1991,9,3,0,0
"2140",1991,9,4,0,1
"2140",1991,9,5 - 9,2,2
"2140",1991,9,10 - 14,0,1
"2140",1991,9,15 - 19,1,1
"2140",1991,9,20 - 24,1,2
"2140",1991,9,25 - 29,4,4
"2140",1991,9,30 - 34,5,12
"2140",1991,9,35 - 39,6,26
"2140",1991,9,40 - 44,7,19
"2140",1991,9,45 - 49,14,29
"2140",1991,9,50 - 54,13,34
"2140",1991,9,55 - 59,15,36
"2140",1991,9,60 - 64,18,41
"2140",1991,9,65 - 69,24,18
"2140",1991,9,70 - 74,28,28
"2140",1991,9,75 - 79,24,33
"2140",1991,9,80 - 84,36,39
"2140",1991,9,85 - 89,43,35
"2140",1991,9,90 - 94,0,0
"2140",1991,9,95+,0,0
"2140",1991,9,UNK,2,1
"2140",1991,10,Total,96,120
"2140",1991,10,0,3,2
"2140",1991,10,1,1,0
"2140",1991,10,2,0,0
"2140",1991,10,3,0,0
"2140",1991,10,4,1,0
"2140",1991,10,5 - 9,0,1
"2140",1991,10,10 - 14,0,0
"2140",1991,10,15 - 19,2,0
"2140",1991,10,20 - 24,2,2
"2140",1991,10,25 - 29,1,2
"2140",1991,10,30 - 34,0,3
"2140",1991,10,35 - 39,2,1
"2140",1991,10,40 - 44,4,2
"2140",1991,10,45 - 49,6,3
"2140",1991,10,50 - 54,5,1
"2140",1991,10,55 - 59,3,9
"2140",1991,10,60 - 64,6,14
"2140",1991,10,65 - 69,4,8
"2140",1991,10,70 - 74,14,14
"2140",1991,10,75 - 79,12,15
"2140",1991,10,80 - 84,9,18
"2140",1991,10,85 - 89,20,25
"2140",1991,10,90 - 94,0,0
"2140",1991,10,95+,0,0
"2140",1991,10,UNK,1,0
"2140",1991,11,Total,396,496
"2140",1991,11,0,361,454
"2140",1991,11,1,14,10
"2140",1991,11,2,2,5
"2140",1991,11,3,3,2
"2140",1991,11,4,4,5
"2140",1991,11,5 - 9,4,6
"2140",1991,11,10 - 14,0,2
"2140",1991,11,15 - 19,2,0
"2140",1991,11,20 - 24,0,1
"2140",1991,11,25 - 29,1,1
"2140",1991,11,30 - 34,2,2
"2140",1991,11,35 - 39,0,0
"2140",1991,11,40 - 44,0,0
"2140",1991,11,45 - 49,0,2
"2140",1991,11,50 - 54,0,0
"2140",1991,11,55 - 59,0,0
"2140",1991,11,60 - 64,0,0
"2140",1991,11,65 - 69,1,0
"2140",1991,11,70 - 74,0,1
"2140",1991,11,75 - 79,0,0
"2140",1991,11,80 - 84,0,0
"2140",1991,11,85 - 89,0,0
"2140",1991,11,90 - 94,0,0
"2140",1991,11,95+,0,0
"2140",1991,11,UNK,2,5
"2140",1991,12,Total,562,638
"2140",1991,12,0,51,71
"2140",1991,12,1,11,7
"2140",1991,12,2,2,3
"2140",1991,12,3,1,1
"2140",1991,12,4,2,0
"2140",1991,12,5 - 9,2,0
"2140",1991,12,10 - 14,0,1
"2140",1991,12,15 - 19,0,2
"2140",1991,12,20 - 24,2,6
"2140",1991,12,25 - 29,3,5
"2140",1991,12,30 - 34,4,8
"2140",1991,12,35 - 39,8,10
"2140",1991,12,40 - 44,5,5
"2140",1991,12,45 - 49,5,7
"2140",1991,12,50 - 54,12,15
"2140",1991,12,55 - 59,10,11
"2140",1991,12,60 - 64,29,34
"2140",1991,12,65 - 69,37,39
"2140",1991,12,70 - 74,54,61
"2140",1991,12,75 - 79,71,84
"2140",1991,12,80 - 84,100,102
"2140",1991,12,85 - 89,149,159
"2140",1991,12,90 - 94,0,0
"2140",1991,12,95+,0,0
"2140",1991,12,UNK,4,7
"2140",1991,13,Total,242,865
"2140",1991,13,0,5,9
"2140",1991,13,1,8,8
"2140",1991,13,2,3,3
"2140",1991,13,3,2,5
"2140",1991,13,4,2,8
"2140",1991,13,5 - 9,7,18
"2140",1991,13,10 - 14,9,19
"2140",1991,13,15 - 19,16,59
"2140",1991,13,20 - 24,20,79
"2140",1991,13,25 - 29,13,90
"2140",1991,13,30 - 34,14,79
"2140",1991,13,35 - 39,14,69
"2140",1991,13,40 - 44,11,86
"2140",1991,13,45 - 49,6,48
"2140",1991,13,50 - 54,6,42
"2140",1991,13,55 - 59,6,52
"2140",1991,13,60 - 64,10,39
"2140",1991,13,65 - 69,6,31
"2140",1991,13,70 - 74,11,28
"2140",1991,13,75 - 79,14,26
"2140",1991,13,80 - 84,17,21
"2140",1991,13,85 - 89,37,23
"2140",1991,13,90 - 94,0,0
"2140",1991,13,95+,0,0
"2140",1991,13,UNK,5,23
"2140",1991,14,Total,24,104
"2140",1991,14,0,1,1
"2140",1991,14,1,1,0
"2140",1991,14,2,0,0
"2140",1991,14,3,0,0
"2140",1991,14,4,0,1
"2140",1991,14,5 - 9,2,0
"2140",1991,14,10 - 14,2,2
"2140",1991,14,15 - 19,1,2
"2140",1991,14,20 - 24,1,10
"2140",1991,14,25 - 29,5,19
"2140",1991,14,30 - 34,1,13
"2140",1991,14,35 - 39,0,15
"2140",1991,14,40 - 44,2,10
"2140",1991,14,45 - 49,0,5
"2140",1991,14,50 - 54,1,5
"2140",1991,14,55 - 59,0,5
"2140",1991,14,60 - 64,0,4
"2140",1991,14,65 - 69,0,1
"2140",1991,14,70 - 74,0,2
"2140",1991,14,75 - 79,2,0
"2140",1991,14,80 - 84,1,2
"2140",1991,14,85 - 89,0,1
"2140",1991,14,90 - 94,0,0
"2140",1991,14,95+,0,0
"2140",1991,14,UNK,4,6
"2140",1992,1,Total,5152,7103
"2140",1992,1,0,458,642
"2140",1992,1,1,41,58
"2140",1992,1,2,28,24
"2140",1992,1,3,13,19
"2140",1992,1,4,11,16
"2140",1992,1,5 - 9,31,80
"2140",1992,1,10 - 14,47,68
"2140",1992,1,15 - 19,56,131
"2140",1992,1,20 - 24,62,169
"2140",1992,1,25 - 29,72,201
"2140",1992,1,30 - 34,103,240
"2140",1992,1,35 - 39,108,233
"2140",1992,1,40 - 44,124,249
"2140",1992,1,45 - 49,133,225
"2140",1992,1,50 - 54,168,299
"2140",1992,1,55 - 59,234,366
"2140",1992,1,60 - 64,295,449
"2140",1992,1,65 - 69,389,521
"2140",1992,1,70 - 74,487,668
"2140",1992,1,75 - 79,622,708
"2140",1992,1,80 - 84,663,733
"2140",1992,1,85 - 89,985,929
"2140",1992,1,90 - 94,0,0
"2140",1992,1,95+,0,0
"2140",1992,1,UNK,22,75
"2140",1992,2,Total,111,171
"2140",1992,2,0,17,18
"2140",1992,2,1,4,10
"2140",1992,2,2,3,0
"2140",1992,2,3,1,0
"2140",1992,2,4,3,2
"2140",1992,2,5 - 9,5,2
"2140",1992,2,10 - 14,1,3
"2140",1992,2,15 - 19,1,0
"2140",1992,2,20 - 24,1,3
"2140",1992,2,25 - 29,6,6
"2140",1992,2,30 - 34,5,3
"2140",1992,2,35 - 39,4,7
"2140",1992,2,40 - 44,2,10
"2140",1992,2,45 - 49,2,7
"2140",1992,2,50 - 54,3,9
"2140",1992,2,55 - 59,8,8
"2140",1992,2,60 - 64,5,6
"2140",1992,2,65 - 69,4,17
"2140",1992,2,70 - 74,4,23
"2140",1992,2,75 - 79,9,12
"2140",1992,2,80 - 84,9,11
"2140",1992,2,85 - 89,14,12
"2140",1992,2,90 - 94,0,0
"2140",1992,2,95+,0,0
"2140",1992,2,UNK,0,2
"2140",1992,3,Total,1117,1430
"2140",1992,3,0,4,4
"2140",1992,3,1,0,4
"2140",1992,3,2,3,5
"2140",1992,3,3,4,3
"2140",1992,3,4,1,4
"2140",1992,3,5 - 9,7,14
"2140",1992,3,10 - 14,13,8
"2140",1992,3,15 - 19,8,20
"2140",1992,3,20 - 24,14,8
"2140",1992,3,25 - 29,19,14
"2140",1992,3,30 - 34,30,24
"2140",1992,3,35 - 39,37,22
"2140",1992,3,40 - 44,49,35
"2140",1992,3,45 - 49,60,41
"2140",1992,3,50 - 54,61,74
"2140",1992,3,55 - 59,86,113
"2140",1992,3,60 - 64,100,134
"2140",1992,3,65 - 69,113,174
"2140",1992,3,70 - 74,136,195
"2140",1992,3,75 - 79,133,203
"2140",1992,3,80 - 84,128,175
"2140",1992,3,85 - 89,110,148
"2140",1992,3,90 - 94,0,0
"2140",1992,3,95+,0,0
"2140",1992,3,UNK,1,8
"2140",1992,4,Total,1733,2023
"2140",1992,4,0,4,4
"2140",1992,4,1,2,1
"2140",1992,4,2,0,0
"2140",1992,4,3,1,1
"2140",1992,4,4,0,0
"2140",1992,4,5 - 9,1,3
"2140",1992,4,10 - 14,2,3
"2140",1992,4,15 - 19,3,7
"2140",1992,4,20 - 24,5,3
"2140",1992,4,25 - 29,10,15
"2140",1992,4,30 - 34,15,21
"2140",1992,4,35 - 39,18,29
"2140",1992,4,40 - 44,30,44
"2140",1992,4,45 - 49,26,59
"2140",1992,4,50 - 54,46,74
"2140",1992,4,55 - 59,66,100
"2140",1992,4,60 - 64,91,148
"2140",1992,4,65 - 69,140,183
"2140",1992,4,70 - 74,199,268
"2140",1992,4,75 - 79,262,287
"2140",1992,4,80 - 84,294,311
"2140",1992,4,85 - 89,510,451
"2140",1992,4,90 - 94,0,0
"2140",1992,4,95+,0,0
"2140",1992,4,UNK,8,11
"2140",1992,5,Total,105,138
"2140",1992,5,0,14,20
"2140",1992,5,1,0,0
"2140",1992,5,2,1,0
"2140",1992,5,3,1,2
"2140",1992,5,4,0,1
"2140",1992,5,5 - 9,2,0
"2140",1992,5,10 - 14,1,1
"2140",1992,5,15 - 19,1,1
"2140",1992,5,20 - 24,1,0
"2140",1992,5,25 - 29,1,2
"2140",1992,5,30 - 34,1,4
"2140",1992,5,35 - 39,0,4
"2140",1992,5,40 - 44,0,10
"2140",1992,5,45 - 49,3,3
"2140",1992,5,50 - 54,2,5
"2140",1992,5,55 - 59,5,6
"2140",1992,5,60 - 64,5,9
"2140",1992,5,65 - 69,6,2
"2140",1992,5,70 - 74,7,12
"2140",1992,5,75 - 79,7,14
"2140",1992,5,80 - 84,11,10
"2140",1992,5,85 - 89,33,28
"2140",1992,5,90 - 94,0,0
"2140",1992,5,95+,0,0
"2140",1992,5,UNK,3,4
"2140",1992,6,Total,26,45
"2140",1992,6,0,0,0
"2140",1992,6,1,0,0
"2140",1992,6,2,0,0
"2140",1992,6,3,0,0
"2140",1992,6,4,0,0
"2140",1992,6,5 - 9,0,0
"2140",1992,6,10 - 14,0,0
"2140",1992,6,15 - 19,0,0
"2140",1992,6,20 - 24,1,0
"2140",1992,6,25 - 29,0,2
"2140",1992,6,30 - 34,0,4
"2140",1992,6,35 - 39,0,4
"2140",1992,6,40 - 44,3,2
"2140",1992,6,45 - 49,0,6
"2140",1992,6,50 - 54,2,6
"2140",1992,6,55 - 59,2,5
"2140",1992,6,60 - 64,1,1
"2140",1992,6,65 - 69,1,3
"2140",1992,6,70 - 74,1,3
"2140",1992,6,75 - 79,3,3
"2140",1992,6,80 - 84,5,1
"2140",1992,6,85 - 89,7,3
"2140",1992,6,90 - 94,0,0
"2140",1992,6,95+,0,0
"2140",1992,6,UNK,0,2
"2140",1992,7,Total,106,143
"2140",1992,7,0,5,15
"2140",1992,7,1,2,3
"2140",1992,7,2,1,3
"2140",1992,7,3,3,2
"2140",1992,7,4,1,1
"2140",1992,7,5 - 9,5,7
"2140",1992,7,10 - 14,7,10
"2140",1992,7,15 - 19,6,11
"2140",1992,7,20 - 24,6,11
"2140",1992,7,25 - 29,3,2
"2140",1992,7,30 - 34,8,8
"2140",1992,7,35 - 39,6,9
"2140",1992,7,40 - 44,4,4
"2140",1992,7,45 - 49,3,5
"2140",1992,7,50 - 54,5,6
"2140",1992,7,55 - 59,3,4
"2140",1992,7,60 - 64,2,3
"2140",1992,7,65 - 69,8,6
"2140",1992,7,70 - 74,5,7
"2140",1992,7,75 - 79,10,14
"2140",1992,7,80 - 84,7,7
"2140",1992,7,85 - 89,5,5
"2140",1992,7,90 - 94,0,0
"2140",1992,7,95+,0,0
"2140",1992,7,UNK,1,0
"2140",1992,8,Total,212,236
"2140",1992,8,0,6,9
"2140",1992,8,1,1,3
"2140",1992,8,2,3,1
"2140",1992,8,3,0,0
"2140",1992,8,4,0,0
"2140",1992,8,5 - 9,0,3
"2140",1992,8,10 - 14,1,1
"2140",1992,8,15 - 19,0,0
"2140",1992,8,20 - 24,4,7
"2140",1992,8,25 - 29,4,16
"2140",1992,8,30 - 34,2,25
"2140",1992,8,35 - 39,1,14
"2140",1992,8,40 - 44,4,14
"2140",1992,8,45 - 49,5,9
"2140",1992,8,50 - 54,6,13
"2140",1992,8,55 - 59,18,13
"2140",1992,8,60 - 64,22,21
"2140",1992,8,65 - 69,27,17
"2140",1992,8,70 - 74,29,18
"2140",1992,8,75 - 79,30,19
"2140",1992,8,80 - 84,23,18
"2140",1992,8,85 - 89,25,14
"2140",1992,8,90 - 94,0,0
"2140",1992,8,95+,0,0
"2140",1992,8,UNK,1,1
"2140",1992,9,Total,280,421
"2140",1992,9,0,2,9
"2140",1992,9,1,1,1
"2140",1992,9,2,0,0
"2140",1992,9,3,0,1
"2140",1992,9,4,0,0
"2140",1992,9,5 - 9,1,3
"2140",1992,9,10 - 14,1,0
"2140",1992,9,15 - 19,2,0
"2140",1992,9,20 - 24,7,3
"2140",1992,9,25 - 29,2,9
"2140",1992,9,30 - 34,5,10
"2140",1992,9,35 - 39,8,34
"2140",1992,9,40 - 44,5,25
"2140",1992,9,45 - 49,8,31
"2140",1992,9,50 - 54,7,40
"2140",1992,9,55 - 59,16,39
"2140",1992,9,60 - 64,20,32
"2140",1992,9,65 - 69,38,33
"2140",1992,9,70 - 74,23,34
"2140",1992,9,75 - 79,45,38
"2140",1992,9,80 - 84,40,39
"2140",1992,9,85 - 89,48,33
"2140",1992,9,90 - 94,0,0
"2140",1992,9,95+,0,0
"2140",1992,9,UNK,1,7
"2140",1992,10,Total,80,115
"2140",1992,10,0,0,1
"2140",1992,10,1,0,0
"2140",1992,10,2,0,1
"2140",1992,10,3,0,0
"2140",1992,10,4,0,1
"2140",1992,10,5 - 9,1,3
"2140",1992,10,10 - 14,2,2
"2140",1992,10,15 - 19,0,1
"2140",1992,10,20 - 24,1,0
"2140",1992,10,25 - 29,3,4
"2140",1992,10,30 - 34,3,3
"2140",1992,10,35 - 39,0,2
"2140",1992,10,40 - 44,6,4
"2140",1992,10,45 - 49,2,5
"2140",1992,10,50 - 54,4,1
"2140",1992,10,55 - 59,3,8
"2140",1992,10,60 - 64,6,6
"2140",1992,10,65 - 69,5,11
"2140",1992,10,70 - 74,5,14
"2140",1992,10,75 - 79,9,6
"2140",1992,10,80 - 84,13,15
"2140",1992,10,85 - 89,17,27
"2140",1992,10,90 - 94,0,0
"2140",1992,10,95+,0,0
"2140",1992,10,UNK,0,0
"2140",1992,11,Total,379,522
"2140",1992,11,0,340,484
"2140",1992,11,1,16,14
"2140",1992,11,2,6,2
"2140",1992,11,3,2,1
"2140",1992,11,4,1,2
"2140",1992,11,5 - 9,2,5
"2140",1992,11,10 - 14,1,3
"2140",1992,11,15 - 19,4,2
"2140",1992,11,20 - 24,1,4
"2140",1992,11,25 - 29,0,1
"2140",1992,11,30 - 34,1,0
"2140",1992,11,35 - 39,1,2
"2140",1992,11,40 - 44,0,0
"2140",1992,11,45 - 49,0,1
"2140",1992,11,50 - 54,2,0
"2140",1992,11,55 - 59,0,0
"2140",1992,11,60 - 64,1,0
"2140",1992,11,65 - 69,1,0
"2140",1992,11,70 - 74,0,0
"2140",1992,11,75 - 79,0,0
"2140",1992,11,80 - 84,0,0
"2140",1992,11,85 - 89,0,0
"2140",1992,11,90 - 94,0,0
"2140",1992,11,95+,0,0
"2140",1992,11,UNK,0,1
"2140",1992,12,Total,580,632
"2140",1992,12,0,58,68
"2140",1992,12,1,6,10
"2140",1992,12,2,5,1
"2140",1992,12,3,1,2
"2140",1992,12,4,1,0
"2140",1992,12,5 - 9,0,4
"2140",1992,12,10 - 14,1,1
"2140",1992,12,15 - 19,0,2
"2140",1992,12,20 - 24,3,6
"2140",1992,12,25 - 29,1,5
"2140",1992,12,30 - 34,4,13
"2140",1992,12,35 - 39,6,7
"2140",1992,12,40 - 44,3,7
"2140",1992,12,45 - 49,7,7
"2140",1992,12,50 - 54,15,6
"2140",1992,12,55 - 59,13,20
"2140",1992,12,60 - 64,29,30
"2140",1992,12,65 - 69,34,44
"2140",1992,12,70 - 74,56,53
"2140",1992,12,75 - 79,76,77
"2140",1992,12,80 - 84,99,111
"2140",1992,12,85 - 89,158,153
"2140",1992,12,90 - 94,0,0
"2140",1992,12,95+,0,0
"2140",1992,12,UNK,4,5
"2140",1992,13,Total,289,1033
"2140",1992,13,0,6,9
"2140",1992,13,1,9,11
"2140",1992,13,2,6,9
"2140",1992,13,3,0,6
"2140",1992,13,4,2,5
"2140",1992,13,5 - 9,5,34
"2140",1992,13,10 - 14,13,32
"2140",1992,13,15 - 19,19,77
"2140",1992,13,20 - 24,9,98
"2140",1992,13,25 - 29,15,105
"2140",1992,13,30 - 34,17,102
"2140",1992,13,35 - 39,14,83
"2140",1992,13,40 - 44,11,78
"2140",1992,13,45 - 49,14,39
"2140",1992,13,50 - 54,12,59
"2140",1992,13,55 - 59,8,45
"2140",1992,13,60 - 64,8,49
"2140",1992,13,65 - 69,5,29
"2140",1992,13,70 - 74,16,34
"2140",1992,13,75 - 79,24,28
"2140",1992,13,80 - 84,27,28
"2140",1992,13,85 - 89,47,44
"2140",1992,13,90 - 94,0,0
"2140",1992,13,95+,0,0
"2140",1992,13,UNK,2,29
"2140",1992,14,Total,25,137
"2140",1992,14,0,1,1
"2140",1992,14,1,0,0
"2140",1992,14,2,0,1
"2140",1992,14,3,0,0
"2140",1992,14,4,2,0
"2140",1992,14,5 - 9,1,1
"2140",1992,14,10 - 14,0,0
"2140",1992,14,15 - 19,2,8
"2140",1992,14,20 - 24,3,24
"2140",1992,14,25 - 29,3,18
"2140",1992,14,30 - 34,4,22
"2140",1992,14,35 - 39,5,14
"2140",1992,14,40 - 44,1,14
"2140",1992,14,45 - 49,1,9
"2140",1992,14,50 - 54,0,5
"2140",1992,14,55 - 59,0,4
"2140",1992,14,60 - 64,1,6
"2140",1992,14,65 - 69,0,2
"2140",1992,14,70 - 74,0,1
"2140",1992,14,75 - 79,1,0
"2140",1992,14,80 - 84,0,1
"2140",1992,14,85 - 89,0,1
"2140",1992,14,90 - 94,0,0
"2140",1992,14,95+,0,0
"2140",1992,14,UNK,0,5
"2140",1993,1,Total,5420,7124
"2140",1993,1,0,508,582
"2140",1993,1,1,38,41
"2140",1993,1,2,29,29
"2140",1993,1,3,17,10
"2140",1993,1,4,12,14
"2140",1993,1,5 - 9,46,61
"2140",1993,1,10 - 14,39,44
"2140",1993,1,15 - 19,49,116
"2140",1993,1,20 - 24,75,173
"2140",1993,1,25 - 29,79,225
"2140",1993,1,30 - 34,96,211
"2140",1993,1,35 - 39,113,219
"2140",1993,1,40 - 44,107,253
"2140",1993,1,45 - 49,142,262
"2140",1993,1,50 - 54,176,295
"2140",1993,1,55 - 59,246,366
"2140",1993,1,60 - 64,316,488
"2140",1993,1,65 - 69,447,585
"2140",1993,1,70 - 74,497,667
"2140",1993,1,75 - 79,636,740
"2140",1993,1,80 - 84,707,757
"2140",1993,1,85 - 89,1032,949
"2140",1993,1,90 - 94,0,0
"2140",1993,1,95+,0,0
"2140",1993,1,UNK,13,37
"2140",1993,2,Total,120,175
"2140",1993,2,0,20,19
"2140",1993,2,1,3,9
"2140",1993,2,2,5,4
"2140",1993,2,3,1,1
"2140",1993,2,4,1,2
"2140",1993,2,5 - 9,4,3
"2140",1993,2,10 - 14,2,5
"2140",1993,2,15 - 19,5,2
"2140",1993,2,20 - 24,2,2
"2140",1993,2,25 - 29,2,4
"2140",1993,2,30 - 34,1,3
"2140",1993,2,35 - 39,4,5
"2140",1993,2,40 - 44,2,6
"2140",1993,2,45 - 49,1,5
"2140",1993,2,50 - 54,4,6
"2140",1993,2,55 - 59,6,9
"2140",1993,2,60 - 64,2,10
"2140",1993,2,65 - 69,13,12
"2140",1993,2,70 - 74,5,19
"2140",1993,2,75 - 79,12,14
"2140",1993,2,80 - 84,11,16
"2140",1993,2,85 - 89,13,18
"2140",1993,2,90 - 94,0,0
"2140",1993,2,95+,0,0
"2140",1993,2,UNK,1,1
"2140",1993,3,Total,1223,1385
"2140",1993,3,0,3,1
"2140",1993,3,1,1,2
"2140",1993,3,2,1,3
"2140",1993,3,3,2,3
"2140",1993,3,4,3,1
"2140",1993,3,5 - 9,6,10
"2140",1993,3,10 - 14,6,9
"2140",1993,3,15 - 19,6,16
"2140",1993,3,20 - 24,16,10
"2140",1993,3,25 - 29,21,17
"2140",1993,3,30 - 34,38,21
"2140",1993,3,35 - 39,45,23
"2140",1993,3,40 - 44,49,36
"2140",1993,3,45 - 49,67,39
"2140",1993,3,50 - 54,68,78
"2140",1993,3,55 - 59,92,86
"2140",1993,3,60 - 64,115,139
"2140",1993,3,65 - 69,131,164
"2140",1993,3,70 - 74,134,197
"2140",1993,3,75 - 79,177,199
"2140",1993,3,80 - 84,113,167
"2140",1993,3,85 - 89,128,163
"2140",1993,3,90 - 94,0,0
"2140",1993,3,95+,0,0
"2140",1993,3,UNK,1,1
"2140",1993,4,Total,1772,2158
"2140",1993,4,0,7,4
"2140",1993,4,1,0,2
"2140",1993,4,2,1,0
"2140",1993,4,3,1,0
"2140",1993,4,4,2,1
"2140",1993,4,5 - 9,0,1
"2140",1993,4,10 - 14,1,3
"2140",1993,4,15 - 19,5,2
"2140",1993,4,20 - 24,12,9
"2140",1993,4,25 - 29,14,18
"2140",1993,4,30 - 34,10,23
"2140",1993,4,35 - 39,16,26
"2140",1993,4,40 - 44,21,38
"2140",1993,4,45 - 49,31,76
"2140",1993,4,50 - 54,55,70
"2140",1993,4,55 - 59,81,130
"2140",1993,4,60 - 64,111,165
"2140",1993,4,65 - 69,158,224
"2140",1993,4,70 - 74,192,271
"2140",1993,4,75 - 79,246,321
"2140",1993,4,80 - 84,309,343
"2140",1993,4,85 - 89,497,426
"2140",1993,4,90 - 94,0,0
"2140",1993,4,95+,0,0
"2140",1993,4,UNK,2,5
"2140",1993,5,Total,105,136
"2140",1993,5,0,12,12
"2140",1993,5,1,2,3
"2140",1993,5,2,1,1
"2140",1993,5,3,0,0
"2140",1993,5,4,0,0
"2140",1993,5,5 - 9,2,1
"2140",1993,5,10 - 14,1,0
"2140",1993,5,15 - 19,1,2
"2140",1993,5,20 - 24,2,3
"2140",1993,5,25 - 29,0,0
"2140",1993,5,30 - 34,0,4
"2140",1993,5,35 - 39,1,5
"2140",1993,5,40 - 44,1,4
"2140",1993,5,45 - 49,1,1
"2140",1993,5,50 - 54,0,7
"2140",1993,5,55 - 59,3,2
"2140",1993,5,60 - 64,1,9
"2140",1993,5,65 - 69,11,12
"2140",1993,5,70 - 74,5,13
"2140",1993,5,75 - 79,10,6
"2140",1993,5,80 - 84,18,13
"2140",1993,5,85 - 89,33,36
"2140",1993,5,90 - 94,0,0
"2140",1993,5,95+,0,0
"2140",1993,5,UNK,0,2
"2140",1993,6,Total,23,60
"2140",1993,6,0,0,0
"2140",1993,6,1,0,0
"2140",1993,6,2,0,0
"2140",1993,6,3,0,0
"2140",1993,6,4,0,0
"2140",1993,6,5 - 9,0,0
"2140",1993,6,10 - 14,0,0
"2140",1993,6,15 - 19,0,1
"2140",1993,6,20 - 24,0,0
"2140",1993,6,25 - 29,0,3
"2140",1993,6,30 - 34,0,7
"2140",1993,6,35 - 39,2,9
"2140",1993,6,40 - 44,1,5
"2140",1993,6,45 - 49,1,1
"2140",1993,6,50 - 54,0,8
"2140",1993,6,55 - 59,1,5
"2140",1993,6,60 - 64,0,4
"2140",1993,6,65 - 69,1,4
"2140",1993,6,70 - 74,3,3
"2140",1993,6,75 - 79,6,2
"2140",1993,6,80 - 84,3,3
"2140",1993,6,85 - 89,5,2
"2140",1993,6,90 - 94,0,0
"2140",1993,6,95+,0,0
"2140",1993,6,UNK,0,3
"2140",1993,7,Total,100,124
"2140",1993,7,0,7,10
"2140",1993,7,1,1,2
"2140",1993,7,2,3,3
"2140",1993,7,3,2,2
"2140",1993,7,4,1,1
"2140",1993,7,5 - 9,7,4
"2140",1993,7,10 - 14,4,6
"2140",1993,7,15 - 19,7,5
"2140",1993,7,20 - 24,4,11
"2140",1993,7,25 - 29,6,9
"2140",1993,7,30 - 34,5,5
"2140",1993,7,35 - 39,3,6
"2140",1993,7,40 - 44,3,7
"2140",1993,7,45 - 49,5,1
"2140",1993,7,50 - 54,3,7
"2140",1993,7,55 - 59,5,5
"2140",1993,7,60 - 64,3,5
"2140",1993,7,65 - 69,8,4
"2140",1993,7,70 - 74,8,11
"2140",1993,7,75 - 79,7,10
"2140",1993,7,80 - 84,5,8
"2140",1993,7,85 - 89,3,2
"2140",1993,7,90 - 94,0,0
"2140",1993,7,95+,0,0
"2140",1993,7,UNK,0,0
"2140",1993,8,Total,185,235
"2140",1993,8,0,6,10
"2140",1993,8,1,3,2
"2140",1993,8,2,1,1
"2140",1993,8,3,0,0
"2140",1993,8,4,1,0
"2140",1993,8,5 - 9,3,2
"2140",1993,8,10 - 14,2,1
"2140",1993,8,15 - 19,3,4
"2140",1993,8,20 - 24,1,14
"2140",1993,8,25 - 29,1,18
"2140",1993,8,30 - 34,4,19
"2140",1993,8,35 - 39,3,14
"2140",1993,8,40 - 44,5,18
"2140",1993,8,45 - 49,5,10
"2140",1993,8,50 - 54,9,15
"2140",1993,8,55 - 59,16,8
"2140",1993,8,60 - 64,17,17
"2140",1993,8,65 - 69,25,19
"2140",1993,8,70 - 74,15,20
"2140",1993,8,75 - 79,20,16
"2140",1993,8,80 - 84,22,12
"2140",1993,8,85 - 89,22,15
"2140",1993,8,90 - 94,0,0
"2140",1993,8,95+,0,0
"2140",1993,8,UNK,1,0
"2140",1993,9,Total,347,426
"2140",1993,9,0,5,4
"2140",1993,9,1,1,1
"2140",1993,9,2,0,0
"2140",1993,9,3,0,1
"2140",1993,9,4,0,0
"2140",1993,9,5 - 9,4,2
"2140",1993,9,10 - 14,2,2
"2140",1993,9,15 - 19,1,0
"2140",1993,9,20 - 24,2,3
"2140",1993,9,25 - 29,1,8
"2140",1993,9,30 - 34,3,16
"2140",1993,9,35 - 39,8,22
"2140",1993,9,40 - 44,4,36
"2140",1993,9,45 - 49,14,27
"2140",1993,9,50 - 54,18,27
"2140",1993,9,55 - 59,22,37
"2140",1993,9,60 - 64,29,40
"2140",1993,9,65 - 69,39,43
"2140",1993,9,70 - 74,36,32
"2140",1993,9,75 - 79,44,37
"2140",1993,9,80 - 84,55,44
"2140",1993,9,85 - 89,57,41
"2140",1993,9,90 - 94,0,0
"2140",1993,9,95+,0,0
"2140",1993,9,UNK,2,3
"2140",1993,10,Total,118,149
"2140",1993,10,0,1,0
"2140",1993,10,1,0,0
"2140",1993,10,2,0,0
"2140",1993,10,3,0,0
"2140",1993,10,4,0,0
"2140",1993,10,5 - 9,0,0
"2140",1993,10,10 - 14,1,1
"2140",1993,10,15 - 19,1,1
"2140",1993,10,20 - 24,2,2
"2140",1993,10,25 - 29,5,3
"2140",1993,10,30 - 34,3,1
"2140",1993,10,35 - 39,2,5
"2140",1993,10,40 - 44,2,5
"2140",1993,10,45 - 49,2,5
"2140",1993,10,50 - 54,3,12
"2140",1993,10,55 - 59,3,4
"2140",1993,10,60 - 64,4,13
"2140",1993,10,65 - 69,10,14
"2140",1993,10,70 - 74,8,11
"2140",1993,10,75 - 79,15,18
"2140",1993,10,80 - 84,23,24
"2140",1993,10,85 - 89,33,29
"2140",1993,10,90 - 94,0,0
"2140",1993,10,95+,0,0
"2140",1993,10,UNK,0,1
"2140",1993,11,Total,423,493
"2140",1993,11,0,389,468
"2140",1993,11,1,11,3
"2140",1993,11,2,6,3
"2140",1993,11,3,4,3
"2140",1993,11,4,0,2
"2140",1993,11,5 - 9,2,6
"2140",1993,11,10 - 14,3,1
"2140",1993,11,15 - 19,1,1
"2140",1993,11,20 - 24,3,1
"2140",1993,11,25 - 29,2,1
"2140",1993,11,30 - 34,0,0
"2140",1993,11,35 - 39,0,0
"2140",1993,11,40 - 44,0,0
"2140",1993,11,45 - 49,1,2
"2140",1993,11,50 - 54,0,1
"2140",1993,11,55 - 59,1,0
"2140",1993,11,60 - 64,0,0
"2140",1993,11,65 - 69,0,0
"2140",1993,11,70 - 74,0,0
"2140",1993,11,75 - 79,0,0
"2140",1993,11,80 - 84,0,0
"2140",1993,11,85 - 89,0,0
"2140",1993,11,90 - 94,0,0
"2140",1993,11,95+,0,0
"2140",1993,11,UNK,0,1
"2140",1993,12,Total,597,591
"2140",1993,12,0,47,47
"2140",1993,12,1,10,8
"2140",1993,12,2,4,1
"2140",1993,12,3,2,0
"2140",1993,12,4,0,0
"2140",1993,12,5 - 9,4,1
"2140",1993,12,10 - 14,0,3
"2140",1993,12,15 - 19,2,1
"2140",1993,12,20 - 24,1,5
"2140",1993,12,25 - 29,4,8
"2140",1993,12,30 - 34,10,3
"2140",1993,12,35 - 39,7,6
"2140",1993,12,40 - 44,6,9
"2140",1993,12,45 - 49,6,12
"2140",1993,12,50 - 54,7,15
"2140",1993,12,55 - 59,8,14
"2140",1993,12,60 - 64,22,26
"2140",1993,12,65 - 69,33,39
"2140",1993,12,70 - 74,58,56
"2140",1993,12,75 - 79,79,88
"2140",1993,12,80 - 84,111,85
"2140",1993,12,85 - 89,173,161
"2140",1993,12,90 - 94,0,0
"2140",1993,12,95+,0,0
"2140",1993,12,UNK,3,3
"2140",1993,13,Total,286,987
"2140",1993,13,0,9,5
"2140",1993,13,1,6,8
"2140",1993,13,2,7,7
"2140",1993,13,3,5,0
"2140",1993,13,4,4,6
"2140",1993,13,5 - 9,13,29
"2140",1993,13,10 - 14,12,12
"2140",1993,13,15 - 19,11,72
"2140",1993,13,20 - 24,22,90
"2140",1993,13,25 - 29,13,110
"2140",1993,13,30 - 34,14,95
"2140",1993,13,35 - 39,19,76
"2140",1993,13,40 - 44,7,76
"2140",1993,13,45 - 49,7,69
"2140",1993,13,50 - 54,7,44
"2140",1993,13,55 - 59,5,54
"2140",1993,13,60 - 64,6,47
"2140",1993,13,65 - 69,7,39
"2140",1993,13,70 - 74,20,29
"2140",1993,13,75 - 79,13,24
"2140",1993,13,80 - 84,27,37
"2140",1993,13,85 - 89,51,44
"2140",1993,13,90 - 94,0,0
"2140",1993,13,95+,0,0
"2140",1993,13,UNK,1,14
"2140",1993,14,Total,20,146
"2140",1993,14,0,1,1
"2140",1993,14,1,0,1
"2140",1993,14,2,0,2
"2140",1993,14,3,0,0
"2140",1993,14,4,0,1
"2140",1993,14,5 - 9,0,0
"2140",1993,14,10 - 14,0,1
"2140",1993,14,15 - 19,3,9
"2140",1993,14,20 - 24,1,20
"2140",1993,14,25 - 29,1,25
"2140",1993,14,30 - 34,3,13
"2140",1993,14,35 - 39,1,21
"2140",1993,14,40 - 44,3,12
"2140",1993,14,45 - 49,1,9
"2140",1993,14,50 - 54,0,3
"2140",1993,14,55 - 59,0,8
"2140",1993,14,60 - 64,2,8
"2140",1993,14,65 - 69,1,6
"2140",1993,14,70 - 74,1,2
"2140",1993,14,75 - 79,0,1
"2140",1993,14,80 - 84,1,0
"2140",1993,14,85 - 89,0,0
"2140",1993,14,90 - 94,0,0
"2140",1993,14,95+,0,0
"2140",1993,14,UNK,1,3
"2140",1994,1,Total,5692,7622
"2140",1994,1,0,467,578
"2140",1994,1,1,41,52
"2140",1994,1,2,19,31
"2140",1994,1,3,10,15
"2140",1994,1,4,11,18
"2140",1994,1,5 - 9,40,57
"2140",1994,1,10 - 14,38,66
"2140",1994,1,15 - 19,54,131
"2140",1994,1,20 - 24,60,173
"2140",1994,1,25 - 29,80,212
"2140",1994,1,30 - 34,102,284
"2140",1994,1,35 - 39,124,247
"2140",1994,1,40 - 44,138,258
"2140",1994,1,45 - 49,162,285
"2140",1994,1,50 - 54,193,295
"2140",1994,1,55 - 59,275,417
"2140",1994,1,60 - 64,356,532
"2140",1994,1,65 - 69,455,613
"2140",1994,1,70 - 74,535,712
"2140",1994,1,75 - 79,624,746
"2140",1994,1,80 - 84,744,825
"2140",1994,1,85 - 89,1155,1048
"2140",1994,1,90 - 94,0,0
"2140",1994,1,95+,0,0
"2140",1994,1,UNK,9,27
"2140",1994,2,Total,135,183
"2140",1994,2,0,21,19
"2140",1994,2,1,7,11
"2140",1994,2,2,5,3
"2140",1994,2,3,0,1
"2140",1994,2,4,0,0
"2140",1994,2,5 - 9,2,1
"2140",1994,2,10 - 14,2,2
"2140",1994,2,15 - 19,1,2
"2140",1994,2,20 - 24,3,1
"2140",1994,2,25 - 29,3,1
"2140",1994,2,30 - 34,4,8
"2140",1994,2,35 - 39,4,5
"2140",1994,2,40 - 44,2,10
"2140",1994,2,45 - 49,2,9
"2140",1994,2,50 - 54,4,8
"2140",1994,2,55 - 59,7,14
"2140",1994,2,60 - 64,5,16
"2140",1994,2,65 - 69,11,9
"2140",1994,2,70 - 74,7,13
"2140",1994,2,75 - 79,12,12
"2140",1994,2,80 - 84,15,19
"2140",1994,2,85 - 89,18,16
"2140",1994,2,90 - 94,0,0
"2140",1994,2,95+,0,0
"2140",1994,2,UNK,0,3
"2140",1994,3,Total,1232,1447
"2140",1994,3,0,2,1
"2140",1994,3,1,1,2
"2140",1994,3,2,2,3
"2140",1994,3,3,4,1
"2140",1994,3,4,0,1
"2140",1994,3,5 - 9,5,12
"2140",1994,3,10 - 14,9,7
"2140",1994,3,15 - 19,6,23
"2140",1994,3,20 - 24,11,6
"2140",1994,3,25 - 29,15,24
"2140",1994,3,30 - 34,40,28
"2140",1994,3,35 - 39,41,30
"2140",1994,3,40 - 44,53,35
"2140",1994,3,45 - 49,74,48
"2140",1994,3,50 - 54,81,66
"2140",1994,3,55 - 59,96,103
"2140",1994,3,60 - 64,119,149
"2140",1994,3,65 - 69,132,162
"2140",1994,3,70 - 74,129,188
"2140",1994,3,75 - 79,129,194
"2140",1994,3,80 - 84,132,194
"2140",1994,3,85 - 89,150,169
"2140",1994,3,90 - 94,0,0
"2140",1994,3,95+,0,0
"2140",1994,3,UNK,1,1
"2140",1994,4,Total,1923,2211
"2140",1994,4,0,4,4
"2140",1994,4,1,3,1
"2140",1994,4,2,0,1
"2140",1994,4,3,0,0
"2140",1994,4,4,2,0
"2140",1994,4,5 - 9,2,2
"2140",1994,4,10 - 14,1,3
"2140",1994,4,15 - 19,5,3
"2140",1994,4,20 - 24,5,6
"2140",1994,4,25 - 29,6,9
"2140",1994,4,30 - 34,7,26
"2140",1994,4,35 - 39,24,31
"2140",1994,4,40 - 44,25,44
"2140",1994,4,45 - 49,34,59
"2140",1994,4,50 - 54,44,73
"2140",1994,4,55 - 59,96,130
"2140",1994,4,60 - 64,115,168
"2140",1994,4,65 - 69,174,240
"2140",1994,4,70 - 74,222,291
"2140",1994,4,75 - 79,278,297
"2140",1994,4,80 - 84,341,349
"2140",1994,4,85 - 89,532,470
"2140",1994,4,90 - 94,0,0
"2140",1994,4,95+,0,0
"2140",1994,4,UNK,3,4
"2140",1994,5,Total,114,166
"2140",1994,5,0,9,11
"2140",1994,5,1,6,1
"2140",1994,5,2,0,0
"2140",1994,5,3,0,0
"2140",1994,5,4,0,0
"2140",1994,5,5 - 9,2,0
"2140",1994,5,10 - 14,0,1
"2140",1994,5,15 - 19,2,0
"2140",1994,5,20 - 24,0,1
"2140",1994,5,25 - 29,0,2
"2140",1994,5,30 - 34,2,5
"2140",1994,5,35 - 39,1,7
"2140",1994,5,40 - 44,3,5
"2140",1994,5,45 - 49,3,5
"2140",1994,5,50 - 54,2,5
"2140",1994,5,55 - 59,1,7
"2140",1994,5,60 - 64,5,9
"2140",1994,5,65 - 69,5,10
"2140",1994,5,70 - 74,10,11
"2140",1994,5,75 - 79,10,19
"2140",1994,5,80 - 84,11,17
"2140",1994,5,85 - 89,41,46
"2140",1994,5,90 - 94,0,0
"2140",1994,5,95+,0,0
"2140",1994,5,UNK,1,4
"2140",1994,6,Total,21,69
"2140",1994,6,0,0,0
"2140",1994,6,1,0,0
"2140",1994,6,2,0,0
"2140",1994,6,3,0,0
"2140",1994,6,4,0,0
"2140",1994,6,5 - 9,0,0
"2140",1994,6,10 - 14,0,0
"2140",1994,6,15 - 19,0,2
"2140",1994,6,20 - 24,0,1
"2140",1994,6,25 - 29,0,1
"2140",1994,6,30 - 34,0,6
"2140",1994,6,35 - 39,1,3
"2140",1994,6,40 - 44,1,6
"2140",1994,6,45 - 49,0,7
"2140",1994,6,50 - 54,1,5
"2140",1994,6,55 - 59,0,3
"2140",1994,6,60 - 64,1,5
"2140",1994,6,65 - 69,0,5
"2140",1994,6,70 - 74,1,6
"2140",1994,6,75 - 79,1,6
"2140",1994,6,80 - 84,7,4
"2140",1994,6,85 - 89,8,7
"2140",1994,6,90 - 94,0,0
"2140",1994,6,95+,0,0
"2140",1994,6,UNK,0,2
"2140",1994,7,Total,133,148
"2140",1994,7,0,8,11
"2140",1994,7,1,2,0
"2140",1994,7,2,2,3
"2140",1994,7,3,1,1
"2140",1994,7,4,2,4
"2140",1994,7,5 - 9,11,7
"2140",1994,7,10 - 14,7,11
"2140",1994,7,15 - 19,9,11
"2140",1994,7,20 - 24,7,7
"2140",1994,7,25 - 29,10,3
"2140",1994,7,30 - 34,5,8
"2140",1994,7,35 - 39,6,9
"2140",1994,7,40 - 44,8,6
"2140",1994,7,45 - 49,6,8
"2140",1994,7,50 - 54,6,6
"2140",1994,7,55 - 59,3,5
"2140",1994,7,60 - 64,7,10
"2140",1994,7,65 - 69,8,11
"2140",1994,7,70 - 74,6,11
"2140",1994,7,75 - 79,5,8
"2140",1994,7,80 - 84,6,4
"2140",1994,7,85 - 89,8,4
"2140",1994,7,90 - 94,0,0
"2140",1994,7,95+,0,0
"2140",1994,7,UNK,0,0
"2140",1994,8,Total,191,238
"2140",1994,8,0,5,0
"2140",1994,8,1,2,3
"2140",1994,8,2,0,2
"2140",1994,8,3,0,0
"2140",1994,8,4,1,1
"2140",1994,8,5 - 9,0,0
"2140",1994,8,10 - 14,0,1
"2140",1994,8,15 - 19,0,2
"2140",1994,8,20 - 24,3,6
"2140",1994,8,25 - 29,7,12
"2140",1994,8,30 - 34,2,29
"2140",1994,8,35 - 39,5,23
"2140",1994,8,40 - 44,7,18
"2140",1994,8,45 - 49,4,20
"2140",1994,8,50 - 54,8,12
"2140",1994,8,55 - 59,13,8
"2140",1994,8,60 - 64,22,14
"2140",1994,8,65 - 69,24,24
"2140",1994,8,70 - 74,23,18
"2140",1994,8,75 - 79,25,20
"2140",1994,8,80 - 84,16,10
"2140",1994,8,85 - 89,24,14
"2140",1994,8,90 - 94,0,0
"2140",1994,8,95+,0,0
"2140",1994,8,UNK,0,1
"2140",1994,9,Total,344,461
"2140",1994,9,0,7,7
"2140",1994,9,1,1,2
"2140",1994,9,2,1,0
"2140",1994,9,3,0,1
"2140",1994,9,4,0,1
"2140",1994,9,5 - 9,2,0
"2140",1994,9,10 - 14,1,2
"2140",1994,9,15 - 19,1,3
"2140",1994,9,20 - 24,0,0
"2140",1994,9,25 - 29,4,8
"2140",1994,9,30 - 34,6,12
"2140",1994,9,35 - 39,7,19
"2140",1994,9,40 - 44,10,28
"2140",1994,9,45 - 49,10,34
"2140",1994,9,50 - 54,19,40
"2140",1994,9,55 - 59,19,58
"2140",1994,9,60 - 64,35,45
"2140",1994,9,65 - 69,34,44
"2140",1994,9,70 - 74,44,40
"2140",1994,9,75 - 79,40,36
"2140",1994,9,80 - 84,39,42
"2140",1994,9,85 - 89,62,37
"2140",1994,9,90 - 94,0,0
"2140",1994,9,95+,0,0
"2140",1994,9,UNK,2,2
"2140",1994,10,Total,126,173
"2140",1994,10,0,1,1
"2140",1994,10,1,1,0
"2140",1994,10,2,0,1
"2140",1994,10,3,0,0
"2140",1994,10,4,2,0
"2140",1994,10,5 - 9,0,0
"2140",1994,10,10 - 14,1,0
"2140",1994,10,15 - 19,2,1
"2140",1994,10,20 - 24,1,3
"2140",1994,10,25 - 29,2,1
"2140",1994,10,30 - 34,3,8
"2140",1994,10,35 - 39,4,0
"2140",1994,10,40 - 44,6,4
"2140",1994,10,45 - 49,3,5
"2140",1994,10,50 - 54,8,6
"2140",1994,10,55 - 59,6,8
"2140",1994,10,60 - 64,7,17
"2140",1994,10,65 - 69,7,14
"2140",1994,10,70 - 74,13,17
"2140",1994,10,75 - 79,11,18
"2140",1994,10,80 - 84,23,25
"2140",1994,10,85 - 89,25,44
"2140",1994,10,90 - 94,0,0
"2140",1994,10,95+,0,0
"2140",1994,10,UNK,0,0
"2140",1994,11,Total,367,486
"2140",1994,11,0,347,453
"2140",1994,11,1,7,7
"2140",1994,11,2,4,5
"2140",1994,11,3,2,2
"2140",1994,11,4,1,4
"2140",1994,11,5 - 9,1,4
"2140",1994,11,10 - 14,2,3
"2140",1994,11,15 - 19,1,3
"2140",1994,11,20 - 24,0,4
"2140",1994,11,25 - 29,0,1
"2140",1994,11,30 - 34,0,0
"2140",1994,11,35 - 39,2,0
"2140",1994,11,40 - 44,0,0
"2140",1994,11,45 - 49,0,0
"2140",1994,11,50 - 54,0,0
"2140",1994,11,55 - 59,0,0
"2140",1994,11,60 - 64,0,0
"2140",1994,11,65 - 69,0,0
"2140",1994,11,70 - 74,0,0
"2140",1994,11,75 - 79,0,0
"2140",1994,11,80 - 84,0,0
"2140",1994,11,85 - 89,0,0
"2140",1994,11,90 - 94,0,0
"2140",1994,11,95+,0,0
"2140",1994,11,UNK,0,0
"2140",1994,12,Total,597,731
"2140",1994,12,0,48,60
"2140",1994,12,1,4,15
"2140",1994,12,2,2,4
"2140",1994,12,3,3,3
"2140",1994,12,4,0,1
"2140",1994,12,5 - 9,1,2
"2140",1994,12,10 - 14,2,2
"2140",1994,12,15 - 19,1,2
"2140",1994,12,20 - 24,2,3
"2140",1994,12,25 - 29,3,7
"2140",1994,12,30 - 34,1,5
"2140",1994,12,35 - 39,5,4
"2140",1994,12,40 - 44,5,11
"2140",1994,12,45 - 49,4,14
"2140",1994,12,50 - 54,6,9
"2140",1994,12,55 - 59,18,24
"2140",1994,12,60 - 64,25,41
"2140",1994,12,65 - 69,32,42
"2140",1994,12,70 - 74,46,72
"2140",1994,12,75 - 79,74,95
"2140",1994,12,80 - 84,116,118
"2140",1994,12,85 - 89,199,193
"2140",1994,12,90 - 94,0,0
"2140",1994,12,95+,0,0
"2140",1994,12,UNK,0,4
"2140",1994,13,Total,351,1087
"2140",1994,13,0,12,7
"2140",1994,13,1,7,9
"2140",1994,13,2,1,9
"2140",1994,13,3,0,6
"2140",1994,13,4,3,6
"2140",1994,13,5 - 9,13,28
"2140",1994,13,10 - 14,10,32
"2140",1994,13,15 - 19,19,70
"2140",1994,13,20 - 24,18,109
"2140",1994,13,25 - 29,19,109
"2140",1994,13,30 - 34,16,115
"2140",1994,13,35 - 39,5,92
"2140",1994,13,40 - 44,12,77
"2140",1994,13,45 - 49,17,64
"2140",1994,13,50 - 54,9,54
"2140",1994,13,55 - 59,12,51
"2140",1994,13,60 - 64,12,52
"2140",1994,13,65 - 69,19,47
"2140",1994,13,70 - 74,24,38
"2140",1994,13,75 - 79,27,36
"2140",1994,13,80 - 84,30,35
"2140",1994,13,85 - 89,65,35
"2140",1994,13,90 - 94,0,0
"2140",1994,13,95+,0,0
"2140",1994,13,UNK,1,6
"2140",1994,14,Total,25,159
"2140",1994,14,0,1,0
"2140",1994,14,1,0,0
"2140",1994,14,2,0,0
"2140",1994,14,3,0,0
"2140",1994,14,4,0,0
"2140",1994,14,5 - 9,0,1
"2140",1994,14,10 - 14,1,2
"2140",1994,14,15 - 19,2,8
"2140",1994,14,20 - 24,2,21
"2140",1994,14,25 - 29,6,32
"2140",1994,14,30 - 34,4,31
"2140",1994,14,35 - 39,5,20
"2140",1994,14,40 - 44,1,14
"2140",1994,14,45 - 49,0,9
"2140",1994,14,50 - 54,0,7
"2140",1994,14,55 - 59,0,3
"2140",1994,14,60 - 64,0,5
"2140",1994,14,65 - 69,1,3
"2140",1994,14,70 - 74,0,2
"2140",1994,14,75 - 79,1,0
"2140",1994,14,80 - 84,0,1
"2140",1994,14,85 - 89,0,0
"2140",1994,14,90 - 94,0,0
"2140",1994,14,95+,0,0
"2140",1994,14,UNK,1,0
"2140",1995,1,Total,6010,8052
"2140",1995,1,0,453,610
"2140",1995,1,1,41,52
"2140",1995,1,2,19,20
"2140",1995,1,3,12,21
"2140",1995,1,4,9,14
"2140",1995,1,5 - 9,43,64
"2140",1995,1,10 - 14,47,72
"2140",1995,1,15 - 19,72,156
"2140",1995,1,20 - 24,64,209
"2140",1995,1,25 - 29,67,243
"2140",1995,1,30 - 34,111,257
"2140",1995,1,35 - 39,115,277
"2140",1995,1,40 - 44,157,299
"2140",1995,1,45 - 49,177,280
"2140",1995,1,50 - 54,213,359
"2140",1995,1,55 - 59,297,423
"2140",1995,1,60 - 64,341,548
"2140",1995,1,65 - 69,470,653
"2140",1995,1,70 - 74,604,773
"2140",1995,1,75 - 79,666,790
"2140",1995,1,80 - 84,790,766
"2140",1995,1,85 - 89,1232,1135
"2140",1995,1,90 - 94,0,0
"2140",1995,1,95+,0,0
"2140",1995,1,UNK,10,31
"2140",1995,2,Total,161,218
"2140",1995,2,0,20,27
"2140",1995,2,1,5,14
"2140",1995,2,2,2,4
"2140",1995,2,3,1,0
"2140",1995,2,4,0,2
"2140",1995,2,5 - 9,3,1
"2140",1995,2,10 - 14,2,3
"2140",1995,2,15 - 19,2,3
"2140",1995,2,20 - 24,4,2
"2140",1995,2,25 - 29,3,1
"2140",1995,2,30 - 34,8,10
"2140",1995,2,35 - 39,2,6
"2140",1995,2,40 - 44,4,3
"2140",1995,2,45 - 49,2,4
"2140",1995,2,50 - 54,9,10
"2140",1995,2,55 - 59,6,7
"2140",1995,2,60 - 64,10,16
"2140",1995,2,65 - 69,7,12
"2140",1995,2,70 - 74,17,16
"2140",1995,2,75 - 79,14,30
"2140",1995,2,80 - 84,17,19
"2140",1995,2,85 - 89,23,26
"2140",1995,2,90 - 94,0,0
"2140",1995,2,95+,0,0
"2140",1995,2,UNK,0,2
"2140",1995,3,Total,1314,1505
"2140",1995,3,0,0,0
"2140",1995,3,1,3,0
"2140",1995,3,2,2,1
"2140",1995,3,3,4,3
"2140",1995,3,4,1,1
"2140",1995,3,5 - 9,6,10
"2140",1995,3,10 - 14,8,13
"2140",1995,3,15 - 19,17,17
"2140",1995,3,20 - 24,11,17
"2140",1995,3,25 - 29,16,18
"2140",1995,3,30 - 34,36,23
"2140",1995,3,35 - 39,37,30
"2140",1995,3,40 - 44,67,38
"2140",1995,3,45 - 49,71,44
"2140",1995,3,50 - 54,91,67
"2140",1995,3,55 - 59,100,111
"2140",1995,3,60 - 64,108,138
"2140",1995,3,65 - 69,138,176
"2140",1995,3,70 - 74,157,220
"2140",1995,3,75 - 79,145,195
"2140",1995,3,80 - 84,153,191
"2140",1995,3,85 - 89,142,188
"2140",1995,3,90 - 94,0,0
"2140",1995,3,95+,0,0
"2140",1995,3,UNK,1,4
"2140",1995,4,Total,1946,2228
"2140",1995,4,0,5,3
"2140",1995,4,1,1,3
"2140",1995,4,2,0,1
"2140",1995,4,3,0,0
"2140",1995,4,4,0,0
"2140",1995,4,5 - 9,1,0
"2140",1995,4,10 - 14,4,4
"2140",1995,4,15 - 19,4,6
"2140",1995,4,20 - 24,5,7
"2140",1995,4,25 - 29,8,16
"2140",1995,4,30 - 34,17,22
"2140",1995,4,35 - 39,22,41
"2140",1995,4,40 - 44,28,46
"2140",1995,4,45 - 49,44,61
"2140",1995,4,50 - 54,55,99
"2140",1995,4,55 - 59,78,134
"2140",1995,4,60 - 64,111,186
"2140",1995,4,65 - 69,171,219
"2140",1995,4,70 - 74,229,280
"2140",1995,4,75 - 79,265,319
"2140",1995,4,80 - 84,333,295
"2140",1995,4,85 - 89,562,481
"2140",1995,4,90 - 94,0,0
"2140",1995,4,95+,0,0
"2140",1995,4,UNK,3,5
"2140",1995,5,Total,122,174
"2140",1995,5,0,8,15
"2140",1995,5,1,0,1
"2140",1995,5,2,1,0
"2140",1995,5,3,2,1
"2140",1995,5,4,0,0
"2140",1995,5,5 - 9,1,3
"2140",1995,5,10 - 14,0,0
"2140",1995,5,15 - 19,2,4
"2140",1995,5,20 - 24,1,3
"2140",1995,5,25 - 29,1,5
"2140",1995,5,30 - 34,3,3
"2140",1995,5,35 - 39,3,4
"2140",1995,5,40 - 44,2,8
"2140",1995,5,45 - 49,1,7
"2140",1995,5,50 - 54,3,7
"2140",1995,5,55 - 59,3,13
"2140",1995,5,60 - 64,4,6
"2140",1995,5,65 - 69,9,12
"2140",1995,5,70 - 74,12,12
"2140",1995,5,75 - 79,10,15
"2140",1995,5,80 - 84,10,16
"2140",1995,5,85 - 89,45,35
"2140",1995,5,90 - 94,0,0
"2140",1995,5,95+,0,0
"2140",1995,5,UNK,1,4
"2140",1995,6,Total,21,58
"2140",1995,6,0,0,0
"2140",1995,6,1,0,0
"2140",1995,6,2,0,0
"2140",1995,6,3,0,0
"2140",1995,6,4,0,0
"2140",1995,6,5 - 9,0,0
"2140",1995,6,10 - 14,0,0
"2140",1995,6,15 - 19,0,0
"2140",1995,6,20 - 24,0,1
"2140",1995,6,25 - 29,0,2
"2140",1995,6,30 - 34,1,2
"2140",1995,6,35 - 39,0,9
"2140",1995,6,40 - 44,2,6
"2140",1995,6,45 - 49,0,11
"2140",1995,6,50 - 54,0,3
"2140",1995,6,55 - 59,2,4
"2140",1995,6,60 - 64,1,6
"2140",1995,6,65 - 69,1,2
"2140",1995,6,70 - 74,1,4
"2140",1995,6,75 - 79,2,1
"2140",1995,6,80 - 84,4,4
"2140",1995,6,85 - 89,6,3
"2140",1995,6,90 - 94,0,0
"2140",1995,6,95+,0,0
"2140",1995,6,UNK,1,0
"2140",1995,7,Total,91,161
"2140",1995,7,0,7,18
"2140",1995,7,1,4,1
"2140",1995,7,2,1,5
"2140",1995,7,3,1,5
"2140",1995,7,4,1,0
"2140",1995,7,5 - 9,6,7
"2140",1995,7,10 - 14,6,9
"2140",1995,7,15 - 19,8,8
"2140",1995,7,20 - 24,4,6
"2140",1995,7,25 - 29,7,10
"2140",1995,7,30 - 34,4,5
"2140",1995,7,35 - 39,1,7
"2140",1995,7,40 - 44,4,6
"2140",1995,7,45 - 49,3,6
"2140",1995,7,50 - 54,0,8
"2140",1995,7,55 - 59,2,11
"2140",1995,7,60 - 64,3,5
"2140",1995,7,65 - 69,4,11
"2140",1995,7,70 - 74,4,11
"2140",1995,7,75 - 79,6,7
"2140",1995,7,80 - 84,2,6
"2140",1995,7,85 - 89,13,9
"2140",1995,7,90 - 94,0,0
"2140",1995,7,95+,0,0
"2140",1995,7,UNK,0,0
"2140",1995,8,Total,310,312
"2140",1995,8,0,6,5
"2140",1995,8,1,0,2
"2140",1995,8,2,2,2
"2140",1995,8,3,0,0
"2140",1995,8,4,1,0
"2140",1995,8,5 - 9,0,1
"2140",1995,8,10 - 14,6,2
"2140",1995,8,15 - 19,4,1
"2140",1995,8,20 - 24,2,8
"2140",1995,8,25 - 29,7,28
"2140",1995,8,30 - 34,0,33
"2140",1995,8,35 - 39,8,35
"2140",1995,8,40 - 44,8,24
"2140",1995,8,45 - 49,13,13
"2140",1995,8,50 - 54,11,14
"2140",1995,8,55 - 59,26,14
"2140",1995,8,60 - 64,35,19
"2140",1995,8,65 - 69,40,30
"2140",1995,8,70 - 74,35,29
"2140",1995,8,75 - 79,40,18
"2140",1995,8,80 - 84,32,20
"2140",1995,8,85 - 89,33,12
"2140",1995,8,90 - 94,0,0
"2140",1995,8,95+,0,0
"2140",1995,8,UNK,1,2
"2140",1995,9,Total,346,562
"2140",1995,9,0,4,2
"2140",1995,9,1,5,2
"2140",1995,9,2,0,0
"2140",1995,9,3,0,0
"2140",1995,9,4,1,0
"2140",1995,9,5 - 9,2,1
"2140",1995,9,10 - 14,1,1
"2140",1995,9,15 - 19,2,2
"2140",1995,9,20 - 24,3,2
"2140",1995,9,25 - 29,1,7
"2140",1995,9,30 - 34,8,26
"2140",1995,9,35 - 39,7,33
"2140",1995,9,40 - 44,10,35
"2140",1995,9,45 - 49,18,40
"2140",1995,9,50 - 54,13,59
"2140",1995,9,55 - 59,26,40
"2140",1995,9,60 - 64,23,59
"2140",1995,9,65 - 69,29,54
"2140",1995,9,70 - 74,39,54
"2140",1995,9,75 - 79,42,46
"2140",1995,9,80 - 84,55,35
"2140",1995,9,85 - 89,56,62
"2140",1995,9,90 - 94,0,0
"2140",1995,9,95+,0,0
"2140",1995,9,UNK,1,2
"2140",1995,10,Total,114,176
"2140",1995,10,0,1,1
"2140",1995,10,1,0,0
"2140",1995,10,2,0,0
"2140",1995,10,3,0,2
"2140",1995,10,4,0,0
"2140",1995,10,5 - 9,1,1
"2140",1995,10,10 - 14,0,0
"2140",1995,10,15 - 19,0,3
"2140",1995,10,20 - 24,2,3
"2140",1995,10,25 - 29,0,4
"2140",1995,10,30 - 34,2,3
"2140",1995,10,35 - 39,1,6
"2140",1995,10,40 - 44,2,7
"2140",1995,10,45 - 49,3,3
"2140",1995,10,50 - 54,7,5
"2140",1995,10,55 - 59,6,6
"2140",1995,10,60 - 64,8,20
"2140",1995,10,65 - 69,8,13
"2140",1995,10,70 - 74,12,15
"2140",1995,10,75 - 79,19,32
"2140",1995,10,80 - 84,17,22
"2140",1995,10,85 - 89,25,30
"2140",1995,10,90 - 94,0,0
"2140",1995,10,95+,0,0
"2140",1995,10,UNK,0,0
"2140",1995,11,Total,381,491
"2140",1995,11,0,353,461
"2140",1995,11,1,9,8
"2140",1995,11,2,2,2
"2140",1995,11,3,2,1
"2140",1995,11,4,3,2
"2140",1995,11,5 - 9,5,5
"2140",1995,11,10 - 14,2,3
"2140",1995,11,15 - 19,2,4
"2140",1995,11,20 - 24,0,2
"2140",1995,11,25 - 29,0,0
"2140",1995,11,30 - 34,0,2
"2140",1995,11,35 - 39,1,1
"2140",1995,11,40 - 44,1,0
"2140",1995,11,45 - 49,0,0
"2140",1995,11,50 - 54,0,0
"2140",1995,11,55 - 59,0,0
"2140",1995,11,60 - 64,0,0
"2140",1995,11,65 - 69,1,0
"2140",1995,11,70 - 74,0,0
"2140",1995,11,75 - 79,0,0
"2140",1995,11,80 - 84,0,0
"2140",1995,11,85 - 89,0,0
"2140",1995,11,90 - 94,0,0
"2140",1995,11,95+,0,0
"2140",1995,11,UNK,0,0
"2140",1995,12,Total,736,803
"2140",1995,12,0,41,67
"2140",1995,12,1,8,7
"2140",1995,12,2,3,0
"2140",1995,12,3,0,1
"2140",1995,12,4,0,2
"2140",1995,12,5 - 9,6,0
"2140",1995,12,10 - 14,1,2
"2140",1995,12,15 - 19,3,4
"2140",1995,12,20 - 24,0,2
"2140",1995,12,25 - 29,3,8
"2140",1995,12,30 - 34,7,6
"2140",1995,12,35 - 39,8,7
"2140",1995,12,40 - 44,6,23
"2140",1995,12,45 - 49,11,16
"2140",1995,12,50 - 54,8,17
"2140",1995,12,55 - 59,25,20
"2140",1995,12,60 - 64,24,36
"2140",1995,12,65 - 69,51,74
"2140",1995,12,70 - 74,69,81
"2140",1995,12,75 - 79,90,89
"2140",1995,12,80 - 84,130,119
"2140",1995,12,85 - 89,242,220
"2140",1995,12,90 - 94,0,0
"2140",1995,12,95+,0,0
"2140",1995,12,UNK,0,2
"2140",1995,13,Total,329,1158
"2140",1995,13,0,6,8
"2140",1995,13,1,4,10
"2140",1995,13,2,5,4
"2140",1995,13,3,2,8
"2140",1995,13,4,1,7
"2140",1995,13,5 - 9,11,33
"2140",1995,13,10 - 14,13,34
"2140",1995,13,15 - 19,19,94
"2140",1995,13,20 - 24,22,131
"2140",1995,13,25 - 29,11,119
"2140",1995,13,30 - 34,12,91
"2140",1995,13,35 - 39,15,83
"2140",1995,13,40 - 44,15,85
"2140",1995,13,45 - 49,9,59
"2140",1995,13,50 - 54,14,64
"2140",1995,13,55 - 59,16,57
"2140",1995,13,60 - 64,10,56
"2140",1995,13,65 - 69,9,40
"2140",1995,13,70 - 74,14,43
"2140",1995,13,75 - 79,26,33
"2140",1995,13,80 - 84,33,34
"2140",1995,13,85 - 89,61,58
"2140",1995,13,90 - 94,0,0
"2140",1995,13,95+,0,0
"2140",1995,13,UNK,1,7
"2140",1995,14,Total,26,153
"2140",1995,14,0,0,1
"2140",1995,14,1,1,1
"2140",1995,14,2,0,1
"2140",1995,14,3,0,0
"2140",1995,14,4,0,0
"2140",1995,14,5 - 9,0,0
"2140",1995,14,10 - 14,2,1
"2140",1995,14,15 - 19,4,8
"2140",1995,14,20 - 24,5,24
"2140",1995,14,25 - 29,5,24
"2140",1995,14,30 - 34,3,29
"2140",1995,14,35 - 39,2,14
"2140",1995,14,40 - 44,2,18
"2140",1995,14,45 - 49,1,12
"2140",1995,14,50 - 54,0,4
"2140",1995,14,55 - 59,0,6
"2140",1995,14,60 - 64,0,0
"2140",1995,14,65 - 69,0,3
"2140",1995,14,70 - 74,0,3
"2140",1995,14,75 - 79,0,0
"2140",1995,14,80 - 84,0,0
"2140",1995,14,85 - 89,0,1
"2140",1995,14,90 - 94,0,0
"2140",1995,14,95+,0,0
"2140",1995,14,UNK,1,3
"2140",1996,1,Total,6046,7947
"2140",1996,1,0,409,528
"2140",1996,1,1,23,40
"2140",1996,1,2,17,22
"2140",1996,1,3,15,23
"2140",1996,1,4,8,12
"2140",1996,1,5 - 9,59,57
"2140",1996,1,10 - 14,44,68
"2140",1996,1,15 - 19,67,155
"2140",1996,1,20 - 24,59,182
"2140",1996,1,25 - 29,87,221
"2140",1996,1,30 - 34,100,277
"2140",1996,1,35 - 39,124,255
"2140",1996,1,40 - 44,169,284
"2140",1996,1,45 - 49,201,296
"2140",1996,1,50 - 54,197,306
"2140",1996,1,55 - 59,259,427
"2140",1996,1,60 - 64,366,497
"2140",1996,1,65 - 69,485,656
"2140",1996,1,70 - 74,600,796
"2140",1996,1,75 - 79,654,809
"2140",1996,1,80 - 84,781,819
"2140",1996,1,85 - 89,1312,1177
"2140",1996,1,90 - 94,0,0
"2140",1996,1,95+,0,0
"2140",1996,1,UNK,10,40
"2140",1996,2,Total,149,195
"2140",1996,2,0,20,23
"2140",1996,2,1,4,10
"2140",1996,2,2,2,4
"2140",1996,2,3,2,2
"2140",1996,2,4,1,0
"2140",1996,2,5 - 9,4,4
"2140",1996,2,10 - 14,2,0
"2140",1996,2,15 - 19,1,2
"2140",1996,2,20 - 24,6,4
"2140",1996,2,25 - 29,6,2
"2140",1996,2,30 - 34,4,3
"2140",1996,2,35 - 39,3,2
"2140",1996,2,40 - 44,5,7
"2140",1996,2,45 - 49,4,6
"2140",1996,2,50 - 54,6,6
"2140",1996,2,55 - 59,6,15
"2140",1996,2,60 - 64,10,13
"2140",1996,2,65 - 69,11,11
"2140",1996,2,70 - 74,12,11
"2140",1996,2,75 - 79,8,16
"2140",1996,2,80 - 84,14,20
"2140",1996,2,85 - 89,18,33
"2140",1996,2,90 - 94,0,0
"2140",1996,2,95+,0,0
"2140",1996,2,UNK,0,1
"2140",1996,3,Total,1358,1544
"2140",1996,3,0,1,1
"2140",1996,3,1,1,0
"2140",1996,3,2,1,2
"2140",1996,3,3,4,4
"2140",1996,3,4,1,0
"2140",1996,3,5 - 9,10,14
"2140",1996,3,10 - 14,9,9
"2140",1996,3,15 - 19,7,15
"2140",1996,3,20 - 24,5,14
"2140",1996,3,25 - 29,26,15
"2140",1996,3,30 - 34,25,24
"2140",1996,3,35 - 39,44,26
"2140",1996,3,40 - 44,77,44
"2140",1996,3,45 - 49,86,49
"2140",1996,3,50 - 54,73,61
"2140",1996,3,55 - 59,94,125
"2140",1996,3,60 - 64,136,131
"2140",1996,3,65 - 69,130,196
"2140",1996,3,70 - 74,160,222
"2140",1996,3,75 - 79,143,204
"2140",1996,3,80 - 84,148,196
"2140",1996,3,85 - 89,176,191
"2140",1996,3,90 - 94,0,0
"2140",1996,3,95+,0,0
"2140",1996,3,UNK,1,1
"2140",1996,4,Total,2011,2297
"2140",1996,4,0,6,2
"2140",1996,4,1,0,0
"2140",1996,4,2,1,0
"2140",1996,4,3,0,0
"2140",1996,4,4,1,0
"2140",1996,4,5 - 9,1,1
"2140",1996,4,10 - 14,2,5
"2140",1996,4,15 - 19,4,6
"2140",1996,4,20 - 24,7,6
"2140",1996,4,25 - 29,13,12
"2140",1996,4,30 - 34,21,24
"2140",1996,4,35 - 39,18,30
"2140",1996,4,40 - 44,27,52
"2140",1996,4,45 - 49,36,69
"2140",1996,4,50 - 54,44,84
"2140",1996,4,55 - 59,77,121
"2140",1996,4,60 - 64,108,185
"2140",1996,4,65 - 69,178,245
"2140",1996,4,70 - 74,235,292
"2140",1996,4,75 - 79,268,330
"2140",1996,4,80 - 84,355,313
"2140",1996,4,85 - 89,608,510
"2140",1996,4,90 - 94,0,0
"2140",1996,4,95+,0,0
"2140",1996,4,UNK,1,10
"2140",1996,5,Total,103,140
"2140",1996,5,0,5,7
"2140",1996,5,1,0,0
"2140",1996,5,2,0,0
"2140",1996,5,3,0,0
"2140",1996,5,4,0,0
"2140",1996,5,5 - 9,0,0
"2140",1996,5,10 - 14,1,1
"2140",1996,5,15 - 19,1,1
"2140",1996,5,20 - 24,1,5
"2140",1996,5,25 - 29,1,1
"2140",1996,5,30 - 34,2,2
"2140",1996,5,35 - 39,0,4
"2140",1996,5,40 - 44,3,5
"2140",1996,5,45 - 49,4,4
"2140",1996,5,50 - 54,2,5
"2140",1996,5,55 - 59,3,9
"2140",1996,5,60 - 64,2,7
"2140",1996,5,65 - 69,2,9
"2140",1996,5,70 - 74,8,10
"2140",1996,5,75 - 79,10,14
"2140",1996,5,80 - 84,19,16
"2140",1996,5,85 - 89,38,37
"2140",1996,5,90 - 94,0,0
"2140",1996,5,95+,0,0
"2140",1996,5,UNK,1,3
"2140",1996,6,Total,15,68
"2140",1996,6,0,0,0
"2140",1996,6,1,0,0
"2140",1996,6,2,0,0
"2140",1996,6,3,0,0
"2140",1996,6,4,0,0
"2140",1996,6,5 - 9,0,0
"2140",1996,6,10 - 14,0,0
"2140",1996,6,15 - 19,0,2
"2140",1996,6,20 - 24,1,1
"2140",1996,6,25 - 29,1,3
"2140",1996,6,30 - 34,0,6
"2140",1996,6,35 - 39,0,6
"2140",1996,6,40 - 44,1,8
"2140",1996,6,45 - 49,0,5
"2140",1996,6,50 - 54,1,2
"2140",1996,6,55 - 59,0,2
"2140",1996,6,60 - 64,0,7
"2140",1996,6,65 - 69,2,5
"2140",1996,6,70 - 74,2,3
"2140",1996,6,75 - 79,0,4
"2140",1996,6,80 - 84,2,8
"2140",1996,6,85 - 89,5,5
"2140",1996,6,90 - 94,0,0
"2140",1996,6,95+,0,0
"2140",1996,6,UNK,0,1
"2140",1996,7,Total,112,145
"2140",1996,7,0,7,6
"2140",1996,7,1,2,5
"2140",1996,7,2,1,4
"2140",1996,7,3,2,0
"2140",1996,7,4,1,4
"2140",1996,7,5 - 9,8,11
"2140",1996,7,10 - 14,7,6
"2140",1996,7,15 - 19,11,13
"2140",1996,7,20 - 24,10,7
"2140",1996,7,25 - 29,5,9
"2140",1996,7,30 - 34,2,4
"2140",1996,7,35 - 39,7,8
"2140",1996,7,40 - 44,3,4
"2140",1996,7,45 - 49,8,5
"2140",1996,7,50 - 54,3,3
"2140",1996,7,55 - 59,3,4
"2140",1996,7,60 - 64,7,5
"2140",1996,7,65 - 69,1,9
"2140",1996,7,70 - 74,5,9
"2140",1996,7,75 - 79,3,10
"2140",1996,7,80 - 84,3,14
"2140",1996,7,85 - 89,13,5
"2140",1996,7,90 - 94,0,0
"2140",1996,7,95+,0,0
"2140",1996,7,UNK,0,0
"2140",1996,8,Total,312,344
"2140",1996,8,0,4,5
"2140",1996,8,1,1,2
"2140",1996,8,2,0,2
"2140",1996,8,3,1,0
"2140",1996,8,4,0,1
"2140",1996,8,5 - 9,1,0
"2140",1996,8,10 - 14,1,0
"2140",1996,8,15 - 19,2,0
"2140",1996,8,20 - 24,2,14
"2140",1996,8,25 - 29,3,26
"2140",1996,8,30 - 34,8,28
"2140",1996,8,35 - 39,4,33
"2140",1996,8,40 - 44,12,20
"2140",1996,8,45 - 49,12,30
"2140",1996,8,50 - 54,14,19
"2140",1996,8,55 - 59,20,19
"2140",1996,8,60 - 64,28,17
"2140",1996,8,65 - 69,54,21
"2140",1996,8,70 - 74,37,37
"2140",1996,8,75 - 79,42,25
"2140",1996,8,80 - 84,31,17
"2140",1996,8,85 - 89,35,27
"2140",1996,8,90 - 94,0,0
"2140",1996,8,95+,0,0
"2140",1996,8,UNK,0,1
"2140",1996,9,Total,390,489
"2140",1996,9,0,3,3
"2140",1996,9,1,3,0
"2140",1996,9,2,2,0
"2140",1996,9,3,0,0
"2140",1996,9,4,0,0
"2140",1996,9,5 - 9,2,0
"2140",1996,9,10 - 14,2,1
"2140",1996,9,15 - 19,2,0
"2140",1996,9,20 - 24,5,2
"2140",1996,9,25 - 29,5,5
"2140",1996,9,30 - 34,3,20
"2140",1996,9,35 - 39,10,22
"2140",1996,9,40 - 44,8,29
"2140",1996,9,45 - 49,17,39
"2140",1996,9,50 - 54,16,38
"2140",1996,9,55 - 59,24,40
"2140",1996,9,60 - 64,24,39
"2140",1996,9,65 - 69,38,48
"2140",1996,9,70 - 74,52,48
"2140",1996,9,75 - 79,53,51
"2140",1996,9,80 - 84,46,42
"2140",1996,9,85 - 89,75,60
"2140",1996,9,90 - 94,0,0
"2140",1996,9,95+,0,0
"2140",1996,9,UNK,0,2
"2140",1996,10,Total,128,185
"2140",1996,10,0,3,0
"2140",1996,10,1,0,0
"2140",1996,10,2,1,0
"2140",1996,10,3,0,0
"2140",1996,10,4,0,0
"2140",1996,10,5 - 9,2,1
"2140",1996,10,10 - 14,2,2
"2140",1996,10,15 - 19,3,5
"2140",1996,10,20 - 24,0,2
"2140",1996,10,25 - 29,0,1
"2140",1996,10,30 - 34,2,6
"2140",1996,10,35 - 39,3,1
"2140",1996,10,40 - 44,6,10
"2140",1996,10,45 - 49,4,6
"2140",1996,10,50 - 54,5,5
"2140",1996,10,55 - 59,4,12
"2140",1996,10,60 - 64,10,12
"2140",1996,10,65 - 69,12,16
"2140",1996,10,70 - 74,13,14
"2140",1996,10,75 - 79,14,22
"2140",1996,10,80 - 84,14,29
"2140",1996,10,85 - 89,30,41
"2140",1996,10,90 - 94,0,0
"2140",1996,10,95+,0,0
"2140",1996,10,UNK,0,0
"2140",1996,11,Total,334,423
"2140",1996,11,0,312,393
"2140",1996,11,1,2,5
"2140",1996,11,2,1,5
"2140",1996,11,3,4,3
"2140",1996,11,4,0,3
"2140",1996,11,5 - 9,4,6
"2140",1996,11,10 - 14,2,3
"2140",1996,11,15 - 19,1,1
"2140",1996,11,20 - 24,1,2
"2140",1996,11,25 - 29,3,1
"2140",1996,11,30 - 34,2,0
"2140",1996,11,35 - 39,0,0
"2140",1996,11,40 - 44,1,0
"2140",1996,11,45 - 49,1,0
"2140",1996,11,50 - 54,0,1
"2140",1996,11,55 - 59,0,0
"2140",1996,11,60 - 64,0,0
"2140",1996,11,65 - 69,0,0
"2140",1996,11,70 - 74,0,0
"2140",1996,11,75 - 79,0,0
"2140",1996,11,80 - 84,0,0
"2140",1996,11,85 - 89,0,0
"2140",1996,11,90 - 94,0,0
"2140",1996,11,95+,0,0
"2140",1996,11,UNK,0,0
"2140",1996,12,Total,689,798
"2140",1996,12,0,42,75
"2140",1996,12,1,4,3
"2140",1996,12,2,5,1
"2140",1996,12,3,1,3
"2140",1996,12,4,1,0
"2140",1996,12,5 - 9,2,2
"2140",1996,12,10 - 14,1,2
"2140",1996,12,15 - 19,3,5
"2140",1996,12,20 - 24,3,6
"2140",1996,12,25 - 29,5,2
"2140",1996,12,30 - 34,6,10
"2140",1996,12,35 - 39,6,9
"2140",1996,12,40 - 44,5,6
"2140",1996,12,45 - 49,12,11
"2140",1996,12,50 - 54,15,22
"2140",1996,12,55 - 59,15,24
"2140",1996,12,60 - 64,30,29
"2140",1996,12,65 - 69,34,57
"2140",1996,12,70 - 74,59,101
"2140",1996,12,75 - 79,86,94
"2140",1996,12,80 - 84,109,127
"2140",1996,12,85 - 89,243,202
"2140",1996,12,90 - 94,0,0
"2140",1996,12,95+,0,0
"2140",1996,12,UNK,2,7
"2140",1996,13,Total,292,1083
"2140",1996,13,0,4,10
"2140",1996,13,1,5,13
"2140",1996,13,2,3,4
"2140",1996,13,3,1,9
"2140",1996,13,4,3,4
"2140",1996,13,5 - 9,16,17
"2140",1996,13,10 - 14,12,35
"2140",1996,13,15 - 19,24,94
"2140",1996,13,20 - 24,11,93
"2140",1996,13,25 - 29,11,123
"2140",1996,13,30 - 34,11,119
"2140",1996,13,35 - 39,24,95
"2140",1996,13,40 - 44,13,76
"2140",1996,13,45 - 49,13,57
"2140",1996,13,50 - 54,10,44
"2140",1996,13,55 - 59,9,46
"2140",1996,13,60 - 64,7,44
"2140",1996,13,65 - 69,16,37
"2140",1996,13,70 - 74,10,44
"2140",1996,13,75 - 79,15,31
"2140",1996,13,80 - 84,28,29
"2140",1996,13,85 - 89,44,45
"2140",1996,13,90 - 94,0,0
"2140",1996,13,95+,0,0
"2140",1996,13,UNK,2,14
"2140",1996,14,Total,19,176
"2140",1996,14,0,1,1
"2140",1996,14,1,0,1
"2140",1996,14,2,0,0
"2140",1996,14,3,0,2
"2140",1996,14,4,0,0
"2140",1996,14,5 - 9,4,0
"2140",1996,14,10 - 14,0,0
"2140",1996,14,15 - 19,1,11
"2140",1996,14,20 - 24,1,26
"2140",1996,14,25 - 29,3,20
"2140",1996,14,30 - 34,1,30
"2140",1996,14,35 - 39,0,19
"2140",1996,14,40 - 44,1,21
"2140",1996,14,45 - 49,2,12
"2140",1996,14,50 - 54,2,14
"2140",1996,14,55 - 59,0,9
"2140",1996,14,60 - 64,1,4
"2140",1996,14,65 - 69,0,0
"2140",1996,14,70 - 74,0,3
"2140",1996,14,75 - 79,0,2
"2140",1996,14,80 - 84,1,0
"2140",1996,14,85 - 89,0,1
"2140",1996,14,90 - 94,0,0
"2140",1996,14,95+,0,0
"2140",1996,14,UNK,1,0
