"","Year","Cause","Age","Female","Male"
"2450",1990,1,Total,1035046,1113417
"2450",1990,1,0,16495,21856
"2450",1990,1,1,1254,1548
"2450",1990,1,2,706,1027
"2450",1990,1,3,552,757
"2450",1990,1,4,450,637
"2450",1990,1,5 - 9,1632,2363
"2450",1990,1,10 - 14,1677,2764
"2450",1990,1,15 - 19,4040,11671
"2450",1990,1,20 - 24,4820,16202
"2450",1990,1,25 - 29,6785,19794
"2450",1990,1,30 - 34,9249,24263
"2450",1990,1,35 - 39,11492,27601
"2450",1990,1,40 - 44,14608,29861
"2450",1990,1,45 - 49,18759,33097
"2450",1990,1,50 - 54,25195,41557
"2450",1990,1,55 - 59,37338,60527
"2450",1990,1,60 - 64,60712,94119
"2450",1990,1,65 - 69,88977,128356
"2450",1990,1,70 - 74,112905,147711
"2450",1990,1,75 - 79,143241,157873
"2450",1990,1,80 - 84,162792,137533
"2450",1990,1,85 - 89,311208,151897
"2450",1990,1,90 - 94,0,0
"2450",1990,1,95+,0,0
"2450",1990,1,UNK,159,403
"2450",1990,2,Total,15488,14936
"2450",1990,2,0,326,408
"2450",1990,2,1,73,74
"2450",1990,2,2,30,39
"2450",1990,2,3,16,26
"2450",1990,2,4,13,23
"2450",1990,2,5 - 9,50,60
"2450",1990,2,10 - 14,42,36
"2450",1990,2,15 - 19,60,79
"2450",1990,2,20 - 24,111,126
"2450",1990,2,25 - 29,183,309
"2450",1990,2,30 - 34,228,508
"2450",1990,2,35 - 39,254,634
"2450",1990,2,40 - 44,293,657
"2450",1990,2,45 - 49,320,583
"2450",1990,2,50 - 54,380,575
"2450",1990,2,55 - 59,541,698
"2450",1990,2,60 - 64,847,1088
"2450",1990,2,65 - 69,1196,1495
"2450",1990,2,70 - 74,1557,1761
"2450",1990,2,75 - 79,2048,1940
"2450",1990,2,80 - 84,2360,1778
"2450",1990,2,85 - 89,4557,2037
"2450",1990,2,90 - 94,0,0
"2450",1990,2,95+,0,0
"2450",1990,2,UNK,3,2
"2450",1990,3,Total,240779,271295
"2450",1990,3,0,82,79
"2450",1990,3,1,74,73
"2450",1990,3,2,58,78
"2450",1990,3,3,76,92
"2450",1990,3,4,65,72
"2450",1990,3,5 - 9,275,347
"2450",1990,3,10 - 14,253,319
"2450",1990,3,15 - 19,339,465
"2450",1990,3,20 - 24,448,660
"2450",1990,3,25 - 29,911,1072
"2450",1990,3,30 - 34,1901,1756
"2450",1990,3,35 - 39,3443,2711
"2450",1990,3,40 - 44,5786,4579
"2450",1990,3,45 - 49,8374,7593
"2450",1990,3,50 - 54,11774,12481
"2450",1990,3,55 - 59,16818,20428
"2450",1990,3,60 - 64,25425,33003
"2450",1990,3,65 - 69,33652,43628
"2450",1990,3,70 - 74,35753,45909
"2450",1990,3,75 - 79,35525,42284
"2450",1990,3,80 - 84,28984,30224
"2450",1990,3,85 - 89,30750,23427
"2450",1990,3,90 - 94,0,0
"2450",1990,3,95+,0,0
"2450",1990,3,UNK,13,15
"2450",1990,4,Total,475482,444763
"2450",1990,4,0,448,571
"2450",1990,4,1,85,69
"2450",1990,4,2,41,40
"2450",1990,4,3,28,34
"2450",1990,4,4,20,25
"2450",1990,4,5 - 9,78,88
"2450",1990,4,10 - 14,113,130
"2450",1990,4,15 - 19,161,293
"2450",1990,4,20 - 24,322,485
"2450",1990,4,25 - 29,610,940
"2450",1990,4,30 - 34,1087,1942
"2450",1990,4,35 - 39,1613,3744
"2450",1990,4,40 - 44,2675,6942
"2450",1990,4,45 - 49,4242,10673
"2450",1990,4,50 - 54,6366,15264
"2450",1990,4,55 - 59,10762,23857
"2450",1990,4,60 - 64,19659,38120
"2450",1990,4,65 - 69,32596,54246
"2450",1990,4,70 - 74,47528,65348
"2450",1990,4,75 - 79,68930,73070
"2450",1990,4,80 - 84,88040,67831
"2450",1990,4,85 - 89,190025,80978
"2450",1990,4,90 - 94,0,0
"2450",1990,4,95+,0,0
"2450",1990,4,UNK,53,73
"2450",1990,5,Total,10604,13533
"2450",1990,5,0,2499,3910
"2450",1990,5,1,66,91
"2450",1990,5,2,30,32
"2450",1990,5,3,18,14
"2450",1990,5,4,12,7
"2450",1990,5,5 - 9,22,28
"2450",1990,5,10 - 14,23,50
"2450",1990,5,15 - 19,77,162
"2450",1990,5,20 - 24,149,323
"2450",1990,5,25 - 29,222,514
"2450",1990,5,30 - 34,292,665
"2450",1990,5,35 - 39,313,778
"2450",1990,5,40 - 44,260,664
"2450",1990,5,45 - 49,230,463
"2450",1990,5,50 - 54,227,432
"2450",1990,5,55 - 59,235,491
"2450",1990,5,60 - 64,344,631
"2450",1990,5,65 - 69,450,746
"2450",1990,5,70 - 74,614,769
"2450",1990,5,75 - 79,751,817
"2450",1990,5,80 - 84,1026,804
"2450",1990,5,85 - 89,2721,1080
"2450",1990,5,90 - 94,0,0
"2450",1990,5,95+,0,0
"2450",1990,5,UNK,23,62
"2450",1990,6,Total,13611,12245
"2450",1990,6,0,8,5
"2450",1990,6,1,2,2
"2450",1990,6,2,1,5
"2450",1990,6,3,2,1
"2450",1990,6,4,2,2
"2450",1990,6,5 - 9,9,15
"2450",1990,6,10 - 14,13,17
"2450",1990,6,15 - 19,18,58
"2450",1990,6,20 - 24,39,98
"2450",1990,6,25 - 29,98,238
"2450",1990,6,30 - 34,184,439
"2450",1990,6,35 - 39,229,672
"2450",1990,6,40 - 44,201,700
"2450",1990,6,45 - 49,188,696
"2450",1990,6,50 - 54,215,704
"2450",1990,6,55 - 59,204,687
"2450",1990,6,60 - 64,296,798
"2450",1990,6,65 - 69,369,843
"2450",1990,6,70 - 74,662,939
"2450",1990,6,75 - 79,1205,1300
"2450",1990,6,80 - 84,2324,1526
"2450",1990,6,85 - 89,7342,2494
"2450",1990,6,90 - 94,0,0
"2450",1990,6,95+,0,0
"2450",1990,6,UNK,0,6
"2450",1990,7,Total,20620,18748
"2450",1990,7,0,292,367
"2450",1990,7,1,83,119
"2450",1990,7,2,42,76
"2450",1990,7,3,40,51
"2450",1990,7,4,31,52
"2450",1990,7,5 - 9,118,170
"2450",1990,7,10 - 14,118,151
"2450",1990,7,15 - 19,110,265
"2450",1990,7,20 - 24,112,232
"2450",1990,7,25 - 29,164,259
"2450",1990,7,30 - 34,208,316
"2450",1990,7,35 - 39,251,391
"2450",1990,7,40 - 44,318,411
"2450",1990,7,45 - 49,339,458
"2450",1990,7,50 - 54,416,508
"2450",1990,7,55 - 59,570,660
"2450",1990,7,60 - 64,939,1005
"2450",1990,7,65 - 69,1452,1622
"2450",1990,7,70 - 74,2021,2295
"2450",1990,7,75 - 79,3073,3101
"2450",1990,7,80 - 84,3785,3198
"2450",1990,7,85 - 89,6136,3039
"2450",1990,7,90 - 94,0,0
"2450",1990,7,95+,0,0
"2450",1990,7,UNK,2,2
"2450",1990,8,Total,39258,49506
"2450",1990,8,0,208,262
"2450",1990,8,1,63,52
"2450",1990,8,2,33,43
"2450",1990,8,3,19,27
"2450",1990,8,4,20,18
"2450",1990,8,5 - 9,77,99
"2450",1990,8,10 - 14,68,72
"2450",1990,8,15 - 19,107,102
"2450",1990,8,20 - 24,227,512
"2450",1990,8,25 - 29,593,2827
"2450",1990,8,30 - 34,927,5303
"2450",1990,8,35 - 39,976,5933
"2450",1990,8,40 - 44,860,4748
"2450",1990,8,45 - 49,866,3222
"2450",1990,8,50 - 54,1032,2401
"2450",1990,8,55 - 59,1585,2432
"2450",1990,8,60 - 64,2772,2973
"2450",1990,8,65 - 69,3999,3755
"2450",1990,8,70 - 74,4683,3864
"2450",1990,8,75 - 79,5429,4125
"2450",1990,8,80 - 84,5773,3247
"2450",1990,8,85 - 89,8937,3475
"2450",1990,8,90 - 94,0,0
"2450",1990,8,95+,0,0
"2450",1990,8,UNK,4,14
"2450",1990,9,Total,36954,38223
"2450",1990,9,0,159,239
"2450",1990,9,1,22,45
"2450",1990,9,2,13,17
"2450",1990,9,3,9,15
"2450",1990,9,4,9,11
"2450",1990,9,5 - 9,24,41
"2450",1990,9,10 - 14,21,21
"2450",1990,9,15 - 19,33,42
"2450",1990,9,20 - 24,72,91
"2450",1990,9,25 - 29,176,265
"2450",1990,9,30 - 34,397,720
"2450",1990,9,35 - 39,683,1583
"2450",1990,9,40 - 44,856,2135
"2450",1990,9,45 - 49,944,2265
"2450",1990,9,50 - 54,1183,2443
"2450",1990,9,55 - 59,1691,3061
"2450",1990,9,60 - 64,2460,3968
"2450",1990,9,65 - 69,3342,4530
"2450",1990,9,70 - 74,4036,4449
"2450",1990,9,75 - 79,4836,4381
"2450",1990,9,80 - 84,5679,3658
"2450",1990,9,85 - 89,10302,4229
"2450",1990,9,90 - 94,0,0
"2450",1990,9,95+,0,0
"2450",1990,9,UNK,7,14
"2450",1990,10,Total,21576,17061
"2450",1990,10,0,78,100
"2450",1990,10,1,5,6
"2450",1990,10,2,1,6
"2450",1990,10,3,4,2
"2450",1990,10,4,2,3
"2450",1990,10,5 - 9,3,8
"2450",1990,10,10 - 14,8,7
"2450",1990,10,15 - 19,16,16
"2450",1990,10,20 - 24,32,44
"2450",1990,10,25 - 29,48,76
"2450",1990,10,30 - 34,101,130
"2450",1990,10,35 - 39,131,241
"2450",1990,10,40 - 44,185,263
"2450",1990,10,45 - 49,213,284
"2450",1990,10,50 - 54,307,347
"2450",1990,10,55 - 59,461,510
"2450",1990,10,60 - 64,839,929
"2450",1990,10,65 - 69,1374,1456
"2450",1990,10,70 - 74,2049,2132
"2450",1990,10,75 - 79,2976,2890
"2450",1990,10,80 - 84,4091,3121
"2450",1990,10,85 - 89,8651,4490
"2450",1990,10,90 - 94,0,0
"2450",1990,10,95+,0,0
"2450",1990,10,UNK,1,0
"2450",1990,11,Total,13653,17106
"2450",1990,11,0,11265,14456
"2450",1990,11,1,241,320
"2450",1990,11,2,104,125
"2450",1990,11,3,76,74
"2450",1990,11,4,45,45
"2450",1990,11,5 - 9,144,167
"2450",1990,11,10 - 14,94,92
"2450",1990,11,15 - 19,82,147
"2450",1990,11,20 - 24,111,156
"2450",1990,11,25 - 29,102,138
"2450",1990,11,30 - 34,106,133
"2450",1990,11,35 - 39,94,144
"2450",1990,11,40 - 44,98,120
"2450",1990,11,45 - 49,93,98
"2450",1990,11,50 - 54,86,89
"2450",1990,11,55 - 59,97,97
"2450",1990,11,60 - 64,111,108
"2450",1990,11,65 - 69,135,132
"2450",1990,11,70 - 74,161,120
"2450",1990,11,75 - 79,120,123
"2450",1990,11,80 - 84,125,111
"2450",1990,11,85 - 89,159,104
"2450",1990,11,90 - 94,0,0
"2450",1990,11,95+,0,0
"2450",1990,11,UNK,4,7
"2450",1990,12,Total,92130,100075
"2450",1990,12,0,485,686
"2450",1990,12,1,96,106
"2450",1990,12,2,41,49
"2450",1990,12,3,24,38
"2450",1990,12,4,21,16
"2450",1990,12,5 - 9,72,95
"2450",1990,12,10 - 14,94,107
"2450",1990,12,15 - 19,110,111
"2450",1990,12,20 - 24,163,180
"2450",1990,12,25 - 29,252,317
"2450",1990,12,30 - 34,345,527
"2450",1990,12,35 - 39,442,722
"2450",1990,12,40 - 44,561,927
"2450",1990,12,45 - 49,805,1129
"2450",1990,12,50 - 54,1320,1669
"2450",1990,12,55 - 59,2344,3213
"2450",1990,12,60 - 64,4514,6565
"2450",1990,12,65 - 69,7391,10881
"2450",1990,12,70 - 74,10388,15085
"2450",1990,12,75 - 79,13877,18570
"2450",1990,12,80 - 84,15839,17537
"2450",1990,12,85 - 89,32941,21534
"2450",1990,12,90 - 94,0,0
"2450",1990,12,95+,0,0
"2450",1990,12,UNK,5,11
"2450",1990,13,Total,36896,88701
"2450",1990,13,0,444,539
"2450",1990,13,1,344,487
"2450",1990,13,2,262,449
"2450",1990,13,3,208,335
"2450",1990,13,4,190,323
"2450",1990,13,5 - 9,649,1146
"2450",1990,13,10 - 14,665,1507
"2450",1990,13,15 - 19,2352,7335
"2450",1990,13,20 - 24,2191,9622
"2450",1990,13,25 - 29,2406,9397
"2450",1990,13,30 - 34,2430,9037
"2450",1990,13,35 - 39,2222,7822
"2450",1990,13,40 - 44,1916,6126
"2450",1990,13,45 - 49,1594,4580
"2450",1990,13,50 - 54,1409,3798
"2450",1990,13,55 - 59,1484,3642
"2450",1990,13,60 - 64,1670,4004
"2450",1990,13,65 - 69,1935,3957
"2450",1990,13,70 - 74,2087,3784
"2450",1990,13,75 - 79,2663,3906
"2450",1990,13,80 - 84,2789,3264
"2450",1990,13,85 - 89,4969,3514
"2450",1990,13,90 - 94,0,0
"2450",1990,13,95+,0,0
"2450",1990,13,UNK,17,127
"2450",1990,14,Total,5316,19298
"2450",1990,14,0,154,178
"2450",1990,14,1,84,85
"2450",1990,14,2,43,53
"2450",1990,14,3,27,41
"2450",1990,14,4,15,29
"2450",1990,14,5 - 9,86,70
"2450",1990,14,10 - 14,127,229
"2450",1990,14,15 - 19,471,2549
"2450",1990,14,20 - 24,659,3595
"2450",1990,14,25 - 29,784,3334
"2450",1990,14,30 - 34,757,2645
"2450",1990,14,35 - 39,542,2052
"2450",1990,14,40 - 44,358,1391
"2450",1990,14,45 - 49,247,871
"2450",1990,14,50 - 54,160,589
"2450",1990,14,55 - 59,138,413
"2450",1990,14,60 - 64,115,381
"2450",1990,14,65 - 69,115,269
"2450",1990,14,70 - 74,111,186
"2450",1990,14,75 - 79,114,135
"2450",1990,14,80 - 84,101,77
"2450",1990,14,85 - 89,82,56
"2450",1990,14,90 - 94,0,0
"2450",1990,14,95+,0,0
"2450",1990,14,UNK,26,70
"2450",1991,1,Total,1047853,1121665
"2450",1991,1,0,15758,21008
"2450",1991,1,1,1330,1566
"2450",1991,1,2,811,1032
"2450",1991,1,3,595,813
"2450",1991,1,4,433,634
"2450",1991,1,5 - 9,1634,2292
"2450",1991,1,10 - 14,1573,2980
"2450",1991,1,15 - 19,3955,11358
"2450",1991,1,20 - 24,4948,16191
"2450",1991,1,25 - 29,6491,18994
"2450",1991,1,30 - 34,9428,24715
"2450",1991,1,35 - 39,12027,28534
"2450",1991,1,40 - 44,15543,32018
"2450",1991,1,45 - 49,19264,34363
"2450",1991,1,50 - 54,25384,41665
"2450",1991,1,55 - 59,37211,59342
"2450",1991,1,60 - 64,59431,92094
"2450",1991,1,65 - 69,88087,126381
"2450",1991,1,70 - 74,114693,149475
"2450",1991,1,75 - 79,143554,158268
"2450",1991,1,80 - 84,164986,140682
"2450",1991,1,85 - 89,320578,156823
"2450",1991,1,90 - 94,0,0
"2450",1991,1,95+,0,0
"2450",1991,1,UNK,139,437
"2450",1991,2,Total,15789,15054
"2450",1991,2,0,348,429
"2450",1991,2,1,49,71
"2450",1991,2,2,25,32
"2450",1991,2,3,23,22
"2450",1991,2,4,17,21
"2450",1991,2,5 - 9,49,49
"2450",1991,2,10 - 14,34,35
"2450",1991,2,15 - 19,61,52
"2450",1991,2,20 - 24,88,96
"2450",1991,2,25 - 29,166,251
"2450",1991,2,30 - 34,255,457
"2450",1991,2,35 - 39,270,671
"2450",1991,2,40 - 44,314,738
"2450",1991,2,45 - 49,314,604
"2450",1991,2,50 - 54,384,599
"2450",1991,2,55 - 59,554,769
"2450",1991,2,60 - 64,815,1094
"2450",1991,2,65 - 69,1199,1435
"2450",1991,2,70 - 74,1605,1731
"2450",1991,2,75 - 79,2020,1965
"2450",1991,2,80 - 84,2480,1791
"2450",1991,2,85 - 89,4718,2139
"2450",1991,2,90 - 94,0,0
"2450",1991,2,95+,0,0
"2450",1991,2,UNK,1,3
"2450",1991,3,Total,246092,275559
"2450",1991,3,0,63,74
"2450",1991,3,1,78,69
"2450",1991,3,2,57,76
"2450",1991,3,3,72,103
"2450",1991,3,4,68,79
"2450",1991,3,5 - 9,268,351
"2450",1991,3,10 - 14,217,343
"2450",1991,3,15 - 19,318,468
"2450",1991,3,20 - 24,467,664
"2450",1991,3,25 - 29,856,1032
"2450",1991,3,30 - 34,1924,1702
"2450",1991,3,35 - 39,3532,2842
"2450",1991,3,40 - 44,5958,4868
"2450",1991,3,45 - 49,8434,7758
"2450",1991,3,50 - 54,11673,12443
"2450",1991,3,55 - 59,17078,20130
"2450",1991,3,60 - 64,25263,32511
"2450",1991,3,65 - 69,33534,43667
"2450",1991,3,70 - 74,36695,47006
"2450",1991,3,75 - 79,36571,42871
"2450",1991,3,80 - 84,30220,31836
"2450",1991,3,85 - 89,32739,24652
"2450",1991,3,90 - 94,0,0
"2450",1991,3,95+,0,0
"2450",1991,3,UNK,7,14
"2450",1991,4,Total,476809,443673
"2450",1991,4,0,411,528
"2450",1991,4,1,92,111
"2450",1991,4,2,44,44
"2450",1991,4,3,33,37
"2450",1991,4,4,22,25
"2450",1991,4,5 - 9,83,92
"2450",1991,4,10 - 14,101,116
"2450",1991,4,15 - 19,176,300
"2450",1991,4,20 - 24,332,511
"2450",1991,4,25 - 29,604,984
"2450",1991,4,30 - 34,1128,1905
"2450",1991,4,35 - 39,1770,3897
"2450",1991,4,40 - 44,2926,7230
"2450",1991,4,45 - 49,4292,10953
"2450",1991,4,50 - 54,6356,15172
"2450",1991,4,55 - 59,10513,23128
"2450",1991,4,60 - 64,18830,36919
"2450",1991,4,65 - 69,31517,52950
"2450",1991,4,70 - 74,47265,65544
"2450",1991,4,75 - 79,67623,72613
"2450",1991,4,80 - 84,88244,67837
"2450",1991,4,85 - 89,194407,82691
"2450",1991,4,90 - 94,0,0
"2450",1991,4,95+,0,0
"2450",1991,4,UNK,40,86
"2450",1991,5,Total,10936,13407
"2450",1991,5,0,2445,3823
"2450",1991,5,1,81,119
"2450",1991,5,2,30,42
"2450",1991,5,3,17,24
"2450",1991,5,4,13,10
"2450",1991,5,5 - 9,31,35
"2450",1991,5,10 - 14,38,38
"2450",1991,5,15 - 19,78,147
"2450",1991,5,20 - 24,123,311
"2450",1991,5,25 - 29,238,467
"2450",1991,5,30 - 34,253,659
"2450",1991,5,35 - 39,287,752
"2450",1991,5,40 - 44,283,651
"2450",1991,5,45 - 49,266,509
"2450",1991,5,50 - 54,220,412
"2450",1991,5,55 - 59,254,429
"2450",1991,5,60 - 64,337,593
"2450",1991,5,65 - 69,476,726
"2450",1991,5,70 - 74,605,811
"2450",1991,5,75 - 79,767,810
"2450",1991,5,80 - 84,1110,803
"2450",1991,5,85 - 89,2958,1179
"2450",1991,5,90 - 94,0,0
"2450",1991,5,95+,0,0
"2450",1991,5,UNK,26,57
"2450",1991,6,Total,14617,12532
"2450",1991,6,0,4,8
"2450",1991,6,1,5,1
"2450",1991,6,2,0,6
"2450",1991,6,3,0,1
"2450",1991,6,4,2,3
"2450",1991,6,5 - 9,10,13
"2450",1991,6,10 - 14,11,21
"2450",1991,6,15 - 19,17,38
"2450",1991,6,20 - 24,37,89
"2450",1991,6,25 - 29,85,200
"2450",1991,6,30 - 34,151,378
"2450",1991,6,35 - 39,240,643
"2450",1991,6,40 - 44,227,782
"2450",1991,6,45 - 49,188,681
"2450",1991,6,50 - 54,173,586
"2450",1991,6,55 - 59,213,665
"2450",1991,6,60 - 64,272,768
"2450",1991,6,65 - 69,396,836
"2450",1991,6,70 - 74,639,943
"2450",1991,6,75 - 79,1354,1406
"2450",1991,6,80 - 84,2600,1682
"2450",1991,6,85 - 89,7990,2770
"2450",1991,6,90 - 94,0,0
"2450",1991,6,95+,0,0
"2450",1991,6,UNK,3,12
"2450",1991,7,Total,21101,18908
"2450",1991,7,0,273,364
"2450",1991,7,1,85,99
"2450",1991,7,2,65,59
"2450",1991,7,3,31,51
"2450",1991,7,4,29,39
"2450",1991,7,5 - 9,138,151
"2450",1991,7,10 - 14,119,170
"2450",1991,7,15 - 19,107,240
"2450",1991,7,20 - 24,138,262
"2450",1991,7,25 - 29,134,257
"2450",1991,7,30 - 34,203,307
"2450",1991,7,35 - 39,280,354
"2450",1991,7,40 - 44,346,414
"2450",1991,7,45 - 49,371,435
"2450",1991,7,50 - 54,467,482
"2450",1991,7,55 - 59,591,673
"2450",1991,7,60 - 64,894,1073
"2450",1991,7,65 - 69,1383,1552
"2450",1991,7,70 - 74,2079,2337
"2450",1991,7,75 - 79,2971,3166
"2450",1991,7,80 - 84,3871,3206
"2450",1991,7,85 - 89,6526,3216
"2450",1991,7,90 - 94,0,0
"2450",1991,7,95+,0,0
"2450",1991,7,UNK,0,1
"2450",1991,8,Total,40878,54500
"2450",1991,8,0,226,256
"2450",1991,8,1,69,71
"2450",1991,8,2,37,25
"2450",1991,8,3,23,30
"2450",1991,8,4,18,17
"2450",1991,8,5 - 9,91,96
"2450",1991,8,10 - 14,66,84
"2450",1991,8,15 - 19,94,107
"2450",1991,8,20 - 24,258,565
"2450",1991,8,25 - 29,670,3010
"2450",1991,8,30 - 34,1106,5948
"2450",1991,8,35 - 39,1146,6872
"2450",1991,8,40 - 44,1010,5720
"2450",1991,8,45 - 49,933,3731
"2450",1991,8,50 - 54,1234,2834
"2450",1991,8,55 - 59,1736,2620
"2450",1991,8,60 - 64,2703,3143
"2450",1991,8,65 - 69,4056,3876
"2450",1991,8,70 - 74,4866,4199
"2450",1991,8,75 - 79,5554,4160
"2450",1991,8,80 - 84,5667,3528
"2450",1991,8,85 - 89,9315,3594
"2450",1991,8,90 - 94,0,0
"2450",1991,8,95+,0,0
"2450",1991,8,UNK,0,14
"2450",1991,9,Total,37202,38356
"2450",1991,9,0,147,243
"2450",1991,9,1,42,39
"2450",1991,9,2,26,17
"2450",1991,9,3,8,14
"2450",1991,9,4,7,10
"2450",1991,9,5 - 9,22,24
"2450",1991,9,10 - 14,27,28
"2450",1991,9,15 - 19,26,53
"2450",1991,9,20 - 24,72,82
"2450",1991,9,25 - 29,163,282
"2450",1991,9,30 - 34,407,706
"2450",1991,9,35 - 39,688,1509
"2450",1991,9,40 - 44,921,2257
"2450",1991,9,45 - 49,1021,2280
"2450",1991,9,50 - 54,1225,2433
"2450",1991,9,55 - 59,1510,2907
"2450",1991,9,60 - 64,2451,4016
"2450",1991,9,65 - 69,3297,4366
"2450",1991,9,70 - 74,4175,4540
"2450",1991,9,75 - 79,4904,4473
"2450",1991,9,80 - 84,5637,3877
"2450",1991,9,85 - 89,10421,4182
"2450",1991,9,90 - 94,0,0
"2450",1991,9,95+,0,0
"2450",1991,9,UNK,5,18
"2450",1991,10,Total,22027,17506
"2450",1991,10,0,82,137
"2450",1991,10,1,5,7
"2450",1991,10,2,2,7
"2450",1991,10,3,1,2
"2450",1991,10,4,2,2
"2450",1991,10,5 - 9,8,12
"2450",1991,10,10 - 14,10,6
"2450",1991,10,15 - 19,28,16
"2450",1991,10,20 - 24,32,37
"2450",1991,10,25 - 29,66,74
"2450",1991,10,30 - 34,94,126
"2450",1991,10,35 - 39,139,243
"2450",1991,10,40 - 44,151,275
"2450",1991,10,45 - 49,204,269
"2450",1991,10,50 - 54,294,369
"2450",1991,10,55 - 59,450,520
"2450",1991,10,60 - 64,784,951
"2450",1991,10,65 - 69,1448,1443
"2450",1991,10,70 - 74,2102,2186
"2450",1991,10,75 - 79,3036,2846
"2450",1991,10,80 - 84,4112,3252
"2450",1991,10,85 - 89,8976,4724
"2450",1991,10,90 - 94,0,0
"2450",1991,10,95+,0,0
"2450",1991,10,UNK,1,2
"2450",1991,11,Total,13018,16361
"2450",1991,11,0,10624,13652
"2450",1991,11,1,236,272
"2450",1991,11,2,120,140
"2450",1991,11,3,65,79
"2450",1991,11,4,37,62
"2450",1991,11,5 - 9,140,157
"2450",1991,11,10 - 14,97,120
"2450",1991,11,15 - 19,99,136
"2450",1991,11,20 - 24,96,128
"2450",1991,11,25 - 29,99,126
"2450",1991,11,30 - 34,120,125
"2450",1991,11,35 - 39,89,136
"2450",1991,11,40 - 44,103,129
"2450",1991,11,45 - 49,95,112
"2450",1991,11,50 - 54,78,117
"2450",1991,11,55 - 59,93,100
"2450",1991,11,60 - 64,104,113
"2450",1991,11,65 - 69,133,150
"2450",1991,11,70 - 74,127,140
"2450",1991,11,75 - 79,145,142
"2450",1991,11,80 - 84,141,106
"2450",1991,11,85 - 89,177,115
"2450",1991,11,90 - 94,0,0
"2450",1991,11,95+,0,0
"2450",1991,11,UNK,0,4
"2450",1991,12,Total,94513,100920
"2450",1991,12,0,487,635
"2450",1991,12,1,85,118
"2450",1991,12,2,42,53
"2450",1991,12,3,24,36
"2450",1991,12,4,23,35
"2450",1991,12,5 - 9,72,93
"2450",1991,12,10 - 14,76,116
"2450",1991,12,15 - 19,113,143
"2450",1991,12,20 - 24,166,194
"2450",1991,12,25 - 29,233,321
"2450",1991,12,30 - 34,346,535
"2450",1991,12,35 - 39,479,768
"2450",1991,12,40 - 44,623,913
"2450",1991,12,45 - 49,837,1195
"2450",1991,12,50 - 54,1437,1628
"2450",1991,12,55 - 59,2361,3124
"2450",1991,12,60 - 64,4688,6318
"2450",1991,12,65 - 69,7752,10609
"2450",1991,12,70 - 74,11049,15069
"2450",1991,12,75 - 79,14269,18588
"2450",1991,12,80 - 84,15957,18122
"2450",1991,12,85 - 89,33387,22287
"2450",1991,12,90 - 94,0,0
"2450",1991,12,95+,0,0
"2450",1991,12,UNK,7,20
"2450",1991,13,Total,36419,86514
"2450",1991,13,0,425,584
"2450",1991,13,1,405,467
"2450",1991,13,2,290,445
"2450",1991,13,3,261,372
"2450",1991,13,4,168,298
"2450",1991,13,5 - 9,621,1130
"2450",1991,13,10 - 14,623,1603
"2450",1991,13,15 - 19,2290,6720
"2450",1991,13,20 - 24,2211,9203
"2450",1991,13,25 - 29,2167,8561
"2450",1991,13,30 - 34,2351,8944
"2450",1991,13,35 - 39,2264,7603
"2450",1991,13,40 - 44,1971,6406
"2450",1991,13,45 - 49,1711,4657
"2450",1991,13,50 - 54,1320,3726
"2450",1991,13,55 - 59,1296,3501
"2450",1991,13,60 - 64,1502,3686
"2450",1991,13,65 - 69,1820,3724
"2450",1991,13,70 - 74,2055,3746
"2450",1991,13,75 - 79,2534,3860
"2450",1991,13,80 - 84,2871,3404
"2450",1991,13,85 - 89,5239,3725
"2450",1991,13,90 - 94,0,0
"2450",1991,13,95+,0,0
"2450",1991,13,UNK,24,149
"2450",1991,14,Total,5736,20518
"2450",1991,14,0,174,206
"2450",1991,14,1,84,100
"2450",1991,14,2,59,74
"2450",1991,14,3,28,32
"2450",1991,14,4,22,29
"2450",1991,14,5 - 9,67,71
"2450",1991,14,10 - 14,115,265
"2450",1991,14,15 - 19,463,2876
"2450",1991,14,20 - 24,772,3976
"2450",1991,14,25 - 29,793,3313
"2450",1991,14,30 - 34,806,2789
"2450",1991,14,35 - 39,581,2082
"2450",1991,14,40 - 44,415,1440
"2450",1991,14,45 - 49,304,963
"2450",1991,14,50 - 54,194,632
"2450",1991,14,55 - 59,144,463
"2450",1991,14,60 - 64,147,390
"2450",1991,14,65 - 69,142,286
"2450",1991,14,70 - 74,102,206
"2450",1991,14,75 - 79,129,140
"2450",1991,14,80 - 84,89,80
"2450",1991,14,85 - 89,81,49
"2450",1991,14,90 - 94,0,0
"2450",1991,14,95+,0,0
"2450",1991,14,UNK,25,56
"2450",1992,1,Total,1053277,1122336
"2450",1992,1,0,15083,19545
"2450",1992,1,1,1233,1427
"2450",1992,1,2,785,1025
"2450",1992,1,3,514,762
"2450",1992,1,4,423,595
"2450",1992,1,5 - 9,1508,2231
"2450",1992,1,10 - 14,1605,2849
"2450",1992,1,15 - 19,3664,10747
"2450",1992,1,20 - 24,4677,15460
"2450",1992,1,25 - 29,6282,18032
"2450",1992,1,30 - 34,9304,24863
"2450",1992,1,35 - 39,12448,29641
"2450",1992,1,40 - 44,15847,33354
"2450",1992,1,45 - 49,19911,36622
"2450",1992,1,50 - 54,25848,42649
"2450",1992,1,55 - 59,36499,58083
"2450",1992,1,60 - 64,57612,88797
"2450",1992,1,65 - 69,86843,124228
"2450",1992,1,70 - 74,116908,149937
"2450",1992,1,75 - 79,143479,158257
"2450",1992,1,80 - 84,166476,141640
"2450",1992,1,85 - 89,326210,161236
"2450",1992,1,90 - 94,0,0
"2450",1992,1,95+,0,0
"2450",1992,1,UNK,118,356
"2450",1992,2,Total,16053,14999
"2450",1992,2,0,299,382
"2450",1992,2,1,48,60
"2450",1992,2,2,31,28
"2450",1992,2,3,15,21
"2450",1992,2,4,11,11
"2450",1992,2,5 - 9,54,50
"2450",1992,2,10 - 14,42,33
"2450",1992,2,15 - 19,58,73
"2450",1992,2,20 - 24,87,98
"2450",1992,2,25 - 29,159,263
"2450",1992,2,30 - 34,237,457
"2450",1992,2,35 - 39,317,668
"2450",1992,2,40 - 44,337,708
"2450",1992,2,45 - 49,387,663
"2450",1992,2,50 - 54,373,640
"2450",1992,2,55 - 59,547,705
"2450",1992,2,60 - 64,840,1040
"2450",1992,2,65 - 69,1198,1426
"2450",1992,2,70 - 74,1637,1831
"2450",1992,2,75 - 79,2066,1956
"2450",1992,2,80 - 84,2501,1750
"2450",1992,2,85 - 89,4807,2134
"2450",1992,2,90 - 94,0,0
"2450",1992,2,95+,0,0
"2450",1992,2,UNK,2,2
"2450",1992,3,Total,249554,278094
"2450",1992,3,0,71,86
"2450",1992,3,1,61,57
"2450",1992,3,2,76,80
"2450",1992,3,3,57,69
"2450",1992,3,4,64,76
"2450",1992,3,5 - 9,268,342
"2450",1992,3,10 - 14,246,346
"2450",1992,3,15 - 19,303,474
"2450",1992,3,20 - 24,471,662
"2450",1992,3,25 - 29,924,934
"2450",1992,3,30 - 34,1890,1752
"2450",1992,3,35 - 39,3593,2822
"2450",1992,3,40 - 44,5911,4877
"2450",1992,3,45 - 49,8738,8218
"2450",1992,3,50 - 54,12059,12629
"2450",1992,3,55 - 59,16480,19616
"2450",1992,3,60 - 64,24571,31699
"2450",1992,3,65 - 69,33514,43593
"2450",1992,3,70 - 74,38211,47478
"2450",1992,3,75 - 79,36936,43917
"2450",1992,3,80 - 84,31435,32435
"2450",1992,3,85 - 89,33662,25915
"2450",1992,3,90 - 94,0,0
"2450",1992,3,95+,0,0
"2450",1992,3,UNK,13,17
"2450",1992,4,Total,476675,441233
"2450",1992,4,0,410,534
"2450",1992,4,1,85,86
"2450",1992,4,2,41,46
"2450",1992,4,3,24,30
"2450",1992,4,4,21,24
"2450",1992,4,5 - 9,68,95
"2450",1992,4,10 - 14,88,118
"2450",1992,4,15 - 19,150,286
"2450",1992,4,20 - 24,320,527
"2450",1992,4,25 - 29,610,899
"2450",1992,4,30 - 34,1094,2003
"2450",1992,4,35 - 39,1792,3923
"2450",1992,4,40 - 44,3036,7494
"2450",1992,4,45 - 49,4405,11452
"2450",1992,4,50 - 54,6595,15491
"2450",1992,4,55 - 59,10430,22519
"2450",1992,4,60 - 64,18213,35536
"2450",1992,4,65 - 69,30430,50822
"2450",1992,4,70 - 74,47426,65061
"2450",1992,4,75 - 79,66509,71586
"2450",1992,4,80 - 84,87981,68296
"2450",1992,4,85 - 89,196906,84340
"2450",1992,4,90 - 94,0,0
"2450",1992,4,95+,0,0
"2450",1992,4,UNK,41,65
"2450",1992,5,Total,10850,12580
"2450",1992,5,0,2331,3507
"2450",1992,5,1,76,76
"2450",1992,5,2,20,31
"2450",1992,5,3,7,20
"2450",1992,5,4,11,17
"2450",1992,5,5 - 9,24,27
"2450",1992,5,10 - 14,30,47
"2450",1992,5,15 - 19,76,134
"2450",1992,5,20 - 24,121,303
"2450",1992,5,25 - 29,177,399
"2450",1992,5,30 - 34,250,607
"2450",1992,5,35 - 39,289,637
"2450",1992,5,40 - 44,258,580
"2450",1992,5,45 - 49,239,476
"2450",1992,5,50 - 54,208,374
"2450",1992,5,55 - 59,249,457
"2450",1992,5,60 - 64,335,573
"2450",1992,5,65 - 69,462,695
"2450",1992,5,70 - 74,596,808
"2450",1992,5,75 - 79,773,801
"2450",1992,5,80 - 84,1113,708
"2450",1992,5,85 - 89,3190,1260
"2450",1992,5,90 - 94,0,0
"2450",1992,5,95+,0,0
"2450",1992,5,UNK,15,43
"2450",1992,6,Total,15677,13330
"2450",1992,6,0,4,3
"2450",1992,6,1,2,3
"2450",1992,6,2,3,1
"2450",1992,6,3,4,6
"2450",1992,6,4,5,2
"2450",1992,6,5 - 9,7,8
"2450",1992,6,10 - 14,13,10
"2450",1992,6,15 - 19,13,33
"2450",1992,6,20 - 24,48,82
"2450",1992,6,25 - 29,78,212
"2450",1992,6,30 - 34,157,405
"2450",1992,6,35 - 39,223,746
"2450",1992,6,40 - 44,228,854
"2450",1992,6,45 - 49,210,759
"2450",1992,6,50 - 54,185,657
"2450",1992,6,55 - 59,222,649
"2450",1992,6,60 - 64,299,783
"2450",1992,6,65 - 69,385,841
"2450",1992,6,70 - 74,684,938
"2450",1992,6,75 - 79,1428,1436
"2450",1992,6,80 - 84,2758,1863
"2450",1992,6,85 - 89,8719,3031
"2450",1992,6,90 - 94,0,0
"2450",1992,6,95+,0,0
"2450",1992,6,UNK,2,8
"2450",1992,7,Total,21290,19153
"2450",1992,7,0,229,301
"2450",1992,7,1,85,89
"2450",1992,7,2,47,56
"2450",1992,7,3,43,41
"2450",1992,7,4,30,39
"2450",1992,7,5 - 9,123,157
"2450",1992,7,10 - 14,116,161
"2450",1992,7,15 - 19,99,248
"2450",1992,7,20 - 24,121,251
"2450",1992,7,25 - 29,147,257
"2450",1992,7,30 - 34,207,289
"2450",1992,7,35 - 39,283,404
"2450",1992,7,40 - 44,349,468
"2450",1992,7,45 - 49,412,513
"2450",1992,7,50 - 54,448,510
"2450",1992,7,55 - 59,509,626
"2450",1992,7,60 - 64,895,990
"2450",1992,7,65 - 69,1384,1571
"2450",1992,7,70 - 74,2064,2330
"2450",1992,7,75 - 79,2985,3180
"2450",1992,7,80 - 84,3806,3295
"2450",1992,7,85 - 89,6907,3375
"2450",1992,7,90 - 94,0,0
"2450",1992,7,95+,0,0
"2450",1992,7,UNK,1,2
"2450",1992,8,Total,42575,58502
"2450",1992,8,0,210,234
"2450",1992,8,1,74,69
"2450",1992,8,2,43,43
"2450",1992,8,3,26,27
"2450",1992,8,4,26,29
"2450",1992,8,5 - 9,74,103
"2450",1992,8,10 - 14,65,72
"2450",1992,8,15 - 19,75,117
"2450",1992,8,20 - 24,266,529
"2450",1992,8,25 - 29,754,3147
"2450",1992,8,30 - 34,1231,6619
"2450",1992,8,35 - 39,1357,7649
"2450",1992,8,40 - 44,1235,6510
"2450",1992,8,45 - 49,1086,4490
"2450",1992,8,50 - 54,1192,3125
"2450",1992,8,55 - 59,1805,2747
"2450",1992,8,60 - 64,2672,3225
"2450",1992,8,65 - 69,3981,3852
"2450",1992,8,70 - 74,5122,4328
"2450",1992,8,75 - 79,5717,4217
"2450",1992,8,80 - 84,5931,3514
"2450",1992,8,85 - 89,9631,3842
"2450",1992,8,90 - 94,0,0
"2450",1992,8,95+,0,0
"2450",1992,8,UNK,2,14
"2450",1992,9,Total,37495,38501
"2450",1992,9,0,162,213
"2450",1992,9,1,24,57
"2450",1992,9,2,22,19
"2450",1992,9,3,8,11
"2450",1992,9,4,12,5
"2450",1992,9,5 - 9,17,38
"2450",1992,9,10 - 14,21,28
"2450",1992,9,15 - 19,42,55
"2450",1992,9,20 - 24,65,80
"2450",1992,9,25 - 29,155,246
"2450",1992,9,30 - 34,351,667
"2450",1992,9,35 - 39,689,1517
"2450",1992,9,40 - 44,881,2302
"2450",1992,9,45 - 49,1023,2434
"2450",1992,9,50 - 54,1228,2469
"2450",1992,9,55 - 59,1564,2877
"2450",1992,9,60 - 64,2299,3649
"2450",1992,9,65 - 69,3365,4539
"2450",1992,9,70 - 74,4125,4503
"2450",1992,9,75 - 79,4991,4473
"2450",1992,9,80 - 84,5662,3794
"2450",1992,9,85 - 89,10787,4516
"2450",1992,9,90 - 94,0,0
"2450",1992,9,95+,0,0
"2450",1992,9,UNK,2,9
"2450",1992,10,Total,22395,18032
"2450",1992,10,0,102,109
"2450",1992,10,1,8,6
"2450",1992,10,2,6,2
"2450",1992,10,3,2,2
"2450",1992,10,4,0,1
"2450",1992,10,5 - 9,7,9
"2450",1992,10,10 - 14,8,9
"2450",1992,10,15 - 19,12,10
"2450",1992,10,20 - 24,38,36
"2450",1992,10,25 - 29,55,75
"2450",1992,10,30 - 34,82,143
"2450",1992,10,35 - 39,135,223
"2450",1992,10,40 - 44,168,267
"2450",1992,10,45 - 49,204,319
"2450",1992,10,50 - 54,323,364
"2450",1992,10,55 - 59,470,546
"2450",1992,10,60 - 64,793,960
"2450",1992,10,65 - 69,1442,1499
"2450",1992,10,70 - 74,2192,2228
"2450",1992,10,75 - 79,3088,3002
"2450",1992,10,80 - 84,4115,3256
"2450",1992,10,85 - 89,9143,4964
"2450",1992,10,90 - 94,0,0
"2450",1992,10,95+,0,0
"2450",1992,10,UNK,2,2
"2450",1992,11,Total,12779,15442
"2450",1992,11,0,10250,12761
"2450",1992,11,1,241,269
"2450",1992,11,2,97,125
"2450",1992,11,3,67,66
"2450",1992,11,4,42,62
"2450",1992,11,5 - 9,125,137
"2450",1992,11,10 - 14,96,121
"2450",1992,11,15 - 19,81,145
"2450",1992,11,20 - 24,91,135
"2450",1992,11,25 - 29,99,133
"2450",1992,11,30 - 34,118,121
"2450",1992,11,35 - 39,118,150
"2450",1992,11,40 - 44,98,120
"2450",1992,11,45 - 49,100,107
"2450",1992,11,50 - 54,89,93
"2450",1992,11,55 - 59,118,102
"2450",1992,11,60 - 64,129,120
"2450",1992,11,65 - 69,135,118
"2450",1992,11,70 - 74,165,157
"2450",1992,11,75 - 79,159,137
"2450",1992,11,80 - 84,163,141
"2450",1992,11,85 - 89,198,120
"2450",1992,11,90 - 94,0,0
"2450",1992,11,95+,0,0
"2450",1992,11,UNK,0,2
"2450",1992,12,Total,94336,99976
"2450",1992,12,0,436,680
"2450",1992,12,1,93,107
"2450",1992,12,2,46,43
"2450",1992,12,3,32,32
"2450",1992,12,4,15,24
"2450",1992,12,5 - 9,63,85
"2450",1992,12,10 - 14,82,93
"2450",1992,12,15 - 19,115,137
"2450",1992,12,20 - 24,147,183
"2450",1992,12,25 - 29,181,285
"2450",1992,12,30 - 34,322,478
"2450",1992,12,35 - 39,481,692
"2450",1992,12,40 - 44,596,920
"2450",1992,12,45 - 49,819,1143
"2450",1992,12,50 - 54,1249,1618
"2450",1992,12,55 - 59,2325,3108
"2450",1992,12,60 - 64,4401,5865
"2450",1992,12,65 - 69,7678,10571
"2450",1992,12,70 - 74,11201,15166
"2450",1992,12,75 - 79,14526,18398
"2450",1992,12,80 - 84,16244,17877
"2450",1992,12,85 - 89,33279,22460
"2450",1992,12,90 - 94,0,0
"2450",1992,12,95+,0,0
"2450",1992,12,UNK,5,11
"2450",1992,13,Total,35741,84770
"2450",1992,13,0,373,487
"2450",1992,13,1,343,426
"2450",1992,13,2,281,456
"2450",1992,13,3,186,387
"2450",1992,13,4,161,262
"2450",1992,13,5 - 9,577,1073
"2450",1992,13,10 - 14,622,1477
"2450",1992,13,15 - 19,2095,6150
"2450",1992,13,20 - 24,2024,8512
"2450",1992,13,25 - 29,1977,7992
"2450",1992,13,30 - 34,2331,8540
"2450",1992,13,35 - 39,2315,8046
"2450",1992,13,40 - 44,2018,6637
"2450",1992,13,45 - 49,1745,4880
"2450",1992,13,50 - 54,1380,3866
"2450",1992,13,55 - 59,1279,3414
"2450",1992,13,60 - 64,1457,3526
"2450",1992,13,65 - 69,1808,3689
"2450",1992,13,70 - 74,2047,3789
"2450",1992,13,75 - 79,2551,3819
"2450",1992,13,80 - 84,2823,3481
"2450",1992,13,85 - 89,5331,3718
"2450",1992,13,90 - 94,0,0
"2450",1992,13,95+,0,0
"2450",1992,13,UNK,17,143
"2450",1992,14,Total,5365,19779
"2450",1992,14,0,145,181
"2450",1992,14,1,74,96
"2450",1992,14,2,58,72
"2450",1992,14,3,37,41
"2450",1992,14,4,18,33
"2450",1992,14,5 - 9,68,78
"2450",1992,14,10 - 14,144,295
"2450",1992,14,15 - 19,437,2838
"2450",1992,14,20 - 24,689,3970
"2450",1992,14,25 - 29,776,3082
"2450",1992,14,30 - 34,733,2644
"2450",1992,14,35 - 39,558,1982
"2450",1992,14,40 - 44,422,1410
"2450",1992,14,45 - 49,269,947
"2450",1992,14,50 - 54,193,593
"2450",1992,14,55 - 59,109,414
"2450",1992,14,60 - 64,115,345
"2450",1992,14,65 - 69,124,254
"2450",1992,14,70 - 74,121,190
"2450",1992,14,75 - 79,107,123
"2450",1992,14,80 - 84,83,88
"2450",1992,14,85 - 89,69,65
"2450",1992,14,90 - 94,0,0
"2450",1992,14,95+,0,0
"2450",1992,14,UNK,16,38
"2450",1993,1,Total,1106756,1161797
"2450",1993,1,0,14507,18959
"2450",1993,1,1,1227,1449
"2450",1993,1,2,808,1055
"2450",1993,1,3,591,848
"2450",1993,1,4,448,640
"2450",1993,1,5 - 9,1715,2203
"2450",1993,1,10 - 14,1736,3004
"2450",1993,1,15 - 19,3834,11163
"2450",1993,1,20 - 24,4743,15743
"2450",1993,1,25 - 29,6326,17759
"2450",1993,1,30 - 34,9632,25928
"2450",1993,1,35 - 39,13145,31185
"2450",1993,1,40 - 44,16498,35210
"2450",1993,1,45 - 49,21186,38084
"2450",1993,1,50 - 54,27181,45364
"2450",1993,1,55 - 59,37204,59129
"2450",1993,1,60 - 64,57471,87777
"2450",1993,1,65 - 69,87921,125445
"2450",1993,1,70 - 74,120292,154161
"2450",1993,1,75 - 79,149097,163677
"2450",1993,1,80 - 84,175382,149882
"2450",1993,1,85 - 89,355659,172778
"2450",1993,1,90 - 94,0,0
"2450",1993,1,95+,0,0
"2450",1993,1,UNK,153,354
"2450",1993,2,Total,17016,15860
"2450",1993,2,0,315,368
"2450",1993,2,1,62,54
"2450",1993,2,2,27,41
"2450",1993,2,3,15,31
"2450",1993,2,4,21,16
"2450",1993,2,5 - 9,68,53
"2450",1993,2,10 - 14,39,49
"2450",1993,2,15 - 19,70,73
"2450",1993,2,20 - 24,91,110
"2450",1993,2,25 - 29,153,244
"2450",1993,2,30 - 34,228,501
"2450",1993,2,35 - 39,305,710
"2450",1993,2,40 - 44,335,756
"2450",1993,2,45 - 49,385,702
"2450",1993,2,50 - 54,450,691
"2450",1993,2,55 - 59,552,782
"2450",1993,2,60 - 64,842,1009
"2450",1993,2,65 - 69,1275,1492
"2450",1993,2,70 - 74,1743,1862
"2450",1993,2,75 - 79,2216,2047
"2450",1993,2,80 - 84,2521,2007
"2450",1993,2,85 - 89,5301,2260
"2450",1993,2,90 - 94,0,0
"2450",1993,2,95+,0,0
"2450",1993,2,UNK,2,2
"2450",1993,3,Total,254546,282799
"2450",1993,3,0,63,86
"2450",1993,3,1,64,73
"2450",1993,3,2,64,91
"2450",1993,3,3,65,95
"2450",1993,3,4,58,89
"2450",1993,3,5 - 9,276,344
"2450",1993,3,10 - 14,229,312
"2450",1993,3,15 - 19,315,446
"2450",1993,3,20 - 24,452,621
"2450",1993,3,25 - 29,860,911
"2450",1993,3,30 - 34,1816,1711
"2450",1993,3,35 - 39,3405,2913
"2450",1993,3,40 - 44,5807,4971
"2450",1993,3,45 - 49,9029,8281
"2450",1993,3,50 - 54,12476,13063
"2450",1993,3,55 - 59,16506,19800
"2450",1993,3,60 - 64,24144,31006
"2450",1993,3,65 - 69,33544,43365
"2450",1993,3,70 - 74,38833,49147
"2450",1993,3,75 - 79,38187,44647
"2450",1993,3,80 - 84,32378,33536
"2450",1993,3,85 - 89,35959,27278
"2450",1993,3,90 - 94,0,0
"2450",1993,3,95+,0,0
"2450",1993,3,UNK,16,13
"2450",1993,4,Total,497858,454352
"2450",1993,4,0,422,523
"2450",1993,4,1,74,96
"2450",1993,4,2,32,46
"2450",1993,4,3,33,33
"2450",1993,4,4,23,24
"2450",1993,4,5 - 9,93,85
"2450",1993,4,10 - 14,103,135
"2450",1993,4,15 - 19,172,306
"2450",1993,4,20 - 24,342,477
"2450",1993,4,25 - 29,541,980
"2450",1993,4,30 - 34,1170,2028
"2450",1993,4,35 - 39,2013,4071
"2450",1993,4,40 - 44,3103,7486
"2450",1993,4,45 - 49,4660,11642
"2450",1993,4,50 - 54,6840,16431
"2450",1993,4,55 - 59,10534,22817
"2450",1993,4,60 - 64,17986,34934
"2450",1993,4,65 - 69,30462,51617
"2450",1993,4,70 - 74,48107,65596
"2450",1993,4,75 - 79,67937,73595
"2450",1993,4,80 - 84,91158,71518
"2450",1993,4,85 - 89,212010,89858
"2450",1993,4,90 - 94,0,0
"2450",1993,4,95+,0,0
"2450",1993,4,UNK,43,54
"2450",1993,5,Total,12361,14179
"2450",1993,5,0,2196,3463
"2450",1993,5,1,71,84
"2450",1993,5,2,30,36
"2450",1993,5,3,19,22
"2450",1993,5,4,15,20
"2450",1993,5,5 - 9,53,40
"2450",1993,5,10 - 14,38,63
"2450",1993,5,15 - 19,84,124
"2450",1993,5,20 - 24,123,285
"2450",1993,5,25 - 29,164,405
"2450",1993,5,30 - 34,277,644
"2450",1993,5,35 - 39,323,783
"2450",1993,5,40 - 44,305,759
"2450",1993,5,45 - 49,314,621
"2450",1993,5,50 - 54,300,524
"2450",1993,5,55 - 59,305,552
"2450",1993,5,60 - 64,368,691
"2450",1993,5,65 - 69,542,802
"2450",1993,5,70 - 74,761,870
"2450",1993,5,75 - 79,943,959
"2450",1993,5,80 - 84,1252,886
"2450",1993,5,85 - 89,3859,1495
"2450",1993,5,90 - 94,0,0
"2450",1993,5,95+,0,0
"2450",1993,5,UNK,19,51
"2450",1993,6,Total,18725,14791
"2450",1993,6,0,6,7
"2450",1993,6,1,5,3
"2450",1993,6,2,0,1
"2450",1993,6,3,2,1
"2450",1993,6,4,2,2
"2450",1993,6,5 - 9,14,11
"2450",1993,6,10 - 14,15,16
"2450",1993,6,15 - 19,14,39
"2450",1993,6,20 - 24,39,95
"2450",1993,6,25 - 29,86,177
"2450",1993,6,30 - 34,185,398
"2450",1993,6,35 - 39,236,702
"2450",1993,6,40 - 44,279,880
"2450",1993,6,45 - 49,255,804
"2450",1993,6,50 - 54,202,721
"2450",1993,6,55 - 59,206,674
"2450",1993,6,60 - 64,258,805
"2450",1993,6,65 - 69,418,863
"2450",1993,6,70 - 74,747,1133
"2450",1993,6,75 - 79,1648,1683
"2450",1993,6,80 - 84,3205,2100
"2450",1993,6,85 - 89,10901,3668
"2450",1993,6,90 - 94,0,0
"2450",1993,6,95+,0,0
"2450",1993,6,UNK,2,8
"2450",1993,7,Total,24100,20904
"2450",1993,7,0,231,303
"2450",1993,7,1,89,108
"2450",1993,7,2,58,63
"2450",1993,7,3,58,51
"2450",1993,7,4,29,41
"2450",1993,7,5 - 9,114,178
"2450",1993,7,10 - 14,126,185
"2450",1993,7,15 - 19,118,246
"2450",1993,7,20 - 24,106,245
"2450",1993,7,25 - 29,160,230
"2450",1993,7,30 - 34,197,308
"2450",1993,7,35 - 39,296,385
"2450",1993,7,40 - 44,363,484
"2450",1993,7,45 - 49,482,500
"2450",1993,7,50 - 54,484,519
"2450",1993,7,55 - 59,612,655
"2450",1993,7,60 - 64,879,963
"2450",1993,7,65 - 69,1362,1565
"2450",1993,7,70 - 74,2175,2484
"2450",1993,7,75 - 79,3338,3538
"2450",1993,7,80 - 84,4523,3839
"2450",1993,7,85 - 89,8300,4014
"2450",1993,7,90 - 94,0,0
"2450",1993,7,95+,0,0
"2450",1993,7,UNK,0,0
"2450",1993,8,Total,46357,63576
"2450",1993,8,0,194,192
"2450",1993,8,1,64,73
"2450",1993,8,2,38,42
"2450",1993,8,3,33,44
"2450",1993,8,4,35,37
"2450",1993,8,5 - 9,102,94
"2450",1993,8,10 - 14,77,83
"2450",1993,8,15 - 19,92,109
"2450",1993,8,20 - 24,304,534
"2450",1993,8,25 - 29,792,3191
"2450",1993,8,30 - 34,1375,7194
"2450",1993,8,35 - 39,1701,8330
"2450",1993,8,40 - 44,1460,7154
"2450",1993,8,45 - 49,1311,4941
"2450",1993,8,50 - 54,1362,3528
"2450",1993,8,55 - 59,1860,3015
"2450",1993,8,60 - 64,2725,3266
"2450",1993,8,65 - 69,4201,4169
"2450",1993,8,70 - 74,5434,4762
"2450",1993,8,75 - 79,6026,4598
"2450",1993,8,80 - 84,6429,3943
"2450",1993,8,85 - 89,10735,4263
"2450",1993,8,90 - 94,0,0
"2450",1993,8,95+,0,0
"2450",1993,8,UNK,7,14
"2450",1993,9,Total,38041,38705
"2450",1993,9,0,131,213
"2450",1993,9,1,35,46
"2450",1993,9,2,23,18
"2450",1993,9,3,15,15
"2450",1993,9,4,7,14
"2450",1993,9,5 - 9,31,27
"2450",1993,9,10 - 14,33,37
"2450",1993,9,15 - 19,34,49
"2450",1993,9,20 - 24,65,74
"2450",1993,9,25 - 29,146,235
"2450",1993,9,30 - 34,360,598
"2450",1993,9,35 - 39,732,1485
"2450",1993,9,40 - 44,934,2394
"2450",1993,9,45 - 49,1014,2499
"2450",1993,9,50 - 54,1270,2624
"2450",1993,9,55 - 59,1572,2882
"2450",1993,9,60 - 64,2250,3599
"2450",1993,9,65 - 69,3224,4330
"2450",1993,9,70 - 74,4114,4619
"2450",1993,9,75 - 79,5064,4458
"2450",1993,9,80 - 84,5926,3985
"2450",1993,9,85 - 89,11057,4488
"2450",1993,9,90 - 94,0,0
"2450",1993,9,95+,0,0
"2450",1993,9,UNK,4,16
"2450",1993,10,Total,23690,18615
"2450",1993,10,0,88,118
"2450",1993,10,1,2,11
"2450",1993,10,2,3,4
"2450",1993,10,3,2,5
"2450",1993,10,4,0,4
"2450",1993,10,5 - 9,8,14
"2450",1993,10,10 - 14,10,5
"2450",1993,10,15 - 19,16,17
"2450",1993,10,20 - 24,25,31
"2450",1993,10,25 - 29,53,66
"2450",1993,10,30 - 34,86,129
"2450",1993,10,35 - 39,143,189
"2450",1993,10,40 - 44,199,258
"2450",1993,10,45 - 49,231,327
"2450",1993,10,50 - 54,326,386
"2450",1993,10,55 - 59,531,601
"2450",1993,10,60 - 64,906,932
"2450",1993,10,65 - 69,1466,1599
"2450",1993,10,70 - 74,2259,2332
"2450",1993,10,75 - 79,3225,3012
"2450",1993,10,80 - 84,4400,3450
"2450",1993,10,85 - 89,9708,5125
"2450",1993,10,90 - 94,0,0
"2450",1993,10,95+,0,0
"2450",1993,10,UNK,3,0
"2450",1993,11,Total,12459,15082
"2450",1993,11,0,9815,12260
"2450",1993,11,1,212,223
"2450",1993,11,2,115,128
"2450",1993,11,3,78,66
"2450",1993,11,4,43,39
"2450",1993,11,5 - 9,139,146
"2450",1993,11,10 - 14,89,131
"2450",1993,11,15 - 19,99,138
"2450",1993,11,20 - 24,99,142
"2450",1993,11,25 - 29,121,132
"2450",1993,11,30 - 34,90,141
"2450",1993,11,35 - 39,107,126
"2450",1993,11,40 - 44,108,133
"2450",1993,11,45 - 49,118,142
"2450",1993,11,50 - 54,98,101
"2450",1993,11,55 - 59,103,112
"2450",1993,11,60 - 64,138,129
"2450",1993,11,65 - 69,119,150
"2450",1993,11,70 - 74,151,171
"2450",1993,11,75 - 79,174,169
"2450",1993,11,80 - 84,203,142
"2450",1993,11,85 - 89,238,158
"2450",1993,11,90 - 94,0,0
"2450",1993,11,95+,0,0
"2450",1993,11,UNK,2,3
"2450",1993,12,Total,105058,106962
"2450",1993,12,0,432,621
"2450",1993,12,1,83,82
"2450",1993,12,2,39,60
"2450",1993,12,3,24,42
"2450",1993,12,4,16,28
"2450",1993,12,5 - 9,82,91
"2450",1993,12,10 - 14,92,122
"2450",1993,12,15 - 19,110,144
"2450",1993,12,20 - 24,168,206
"2450",1993,12,25 - 29,226,274
"2450",1993,12,30 - 34,362,464
"2450",1993,12,35 - 39,496,740
"2450",1993,12,40 - 44,682,1018
"2450",1993,12,45 - 49,914,1195
"2450",1993,12,50 - 54,1424,1817
"2450",1993,12,55 - 59,2534,3090
"2450",1993,12,60 - 64,4739,6221
"2450",1993,12,65 - 69,8341,10978
"2450",1993,12,70 - 74,12442,16070
"2450",1993,12,75 - 79,15831,19715
"2450",1993,12,80 - 84,18298,19552
"2450",1993,12,85 - 89,37713,24416
"2450",1993,12,90 - 94,0,0
"2450",1993,12,95+,0,0
"2450",1993,12,UNK,10,16
"2450",1993,13,Total,37418,87990
"2450",1993,13,0,417,542
"2450",1993,13,1,371,454
"2450",1993,13,2,313,436
"2450",1993,13,3,201,380
"2450",1993,13,4,177,297
"2450",1993,13,5 - 9,628,994
"2450",1993,13,10 - 14,692,1532
"2450",1993,13,15 - 19,2130,6377
"2450",1993,13,20 - 24,2050,8786
"2450",1993,13,25 - 29,2026,7823
"2450",1993,13,30 - 34,2427,9052
"2450",1993,13,35 - 39,2457,8573
"2450",1993,13,40 - 44,2186,7313
"2450",1993,13,45 - 49,1841,5268
"2450",1993,13,50 - 54,1445,4104
"2450",1993,13,55 - 59,1304,3427
"2450",1993,13,60 - 64,1498,3447
"2450",1993,13,65 - 69,1861,3506
"2450",1993,13,70 - 74,2063,3884
"2450",1993,13,75 - 79,2632,3873
"2450",1993,13,80 - 84,2994,3651
"2450",1993,13,85 - 89,5683,4140
"2450",1993,13,90 - 94,0,0
"2450",1993,13,95+,0,0
"2450",1993,13,UNK,22,131
"2450",1993,14,Total,5708,19945
"2450",1993,14,0,151,193
"2450",1993,14,1,83,122
"2450",1993,14,2,56,74
"2450",1993,14,3,38,52
"2450",1993,14,4,13,26
"2450",1993,14,5 - 9,89,105
"2450",1993,14,10 - 14,159,303
"2450",1993,14,15 - 19,497,3043
"2450",1993,14,20 - 24,720,4056
"2450",1993,14,25 - 29,800,2961
"2450",1993,14,30 - 34,789,2613
"2450",1993,14,35 - 39,606,2003
"2450",1993,14,40 - 44,450,1391
"2450",1993,14,45 - 49,288,953
"2450",1993,14,50 - 54,167,614
"2450",1993,14,55 - 59,134,406
"2450",1993,14,60 - 64,108,321
"2450",1993,14,65 - 69,126,246
"2450",1993,14,70 - 74,132,182
"2450",1993,14,75 - 79,95,112
"2450",1993,14,80 - 84,101,69
"2450",1993,14,85 - 89,85,54
"2450",1993,14,90 - 94,0,0
"2450",1993,14,95+,0,0
"2450",1993,14,UNK,21,46
"2450",1994,1,Total,1116247,1162747
"2450",1994,1,0,13896,17814
"2450",1994,1,1,1160,1380
"2450",1994,1,2,758,1018
"2450",1994,1,3,546,805
"2450",1994,1,4,495,638
"2450",1994,1,5 - 9,1561,2186
"2450",1994,1,10 - 14,1721,2996
"2450",1994,1,15 - 19,3840,11444
"2450",1994,1,20 - 24,4643,15314
"2450",1994,1,25 - 29,6244,17130
"2450",1994,1,30 - 34,9849,26050
"2450",1994,1,35 - 39,13743,32027
"2450",1994,1,40 - 44,17016,36717
"2450",1994,1,45 - 49,22293,40224
"2450",1994,1,50 - 54,28145,47235
"2450",1994,1,55 - 59,37206,58691
"2450",1994,1,60 - 64,55725,85497
"2450",1994,1,65 - 69,86386,122008
"2450",1994,1,70 - 74,121044,154231
"2450",1994,1,75 - 79,148911,161437
"2450",1994,1,80 - 84,178374,151492
"2450",1994,1,85 - 89,362588,176102
"2450",1994,1,90 - 94,0,0
"2450",1994,1,95+,0,0
"2450",1994,1,UNK,103,311
"2450",1994,2,Total,17149,16037
"2450",1994,2,0,319,423
"2450",1994,2,1,64,71
"2450",1994,2,2,32,50
"2450",1994,2,3,20,24
"2450",1994,2,4,20,19
"2450",1994,2,5 - 9,55,46
"2450",1994,2,10 - 14,51,53
"2450",1994,2,15 - 19,66,66
"2450",1994,2,20 - 24,91,90
"2450",1994,2,25 - 29,130,211
"2450",1994,2,30 - 34,242,503
"2450",1994,2,35 - 39,329,719
"2450",1994,2,40 - 44,358,904
"2450",1994,2,45 - 49,436,813
"2450",1994,2,50 - 54,471,698
"2450",1994,2,55 - 59,591,819
"2450",1994,2,60 - 64,876,1062
"2450",1994,2,65 - 69,1253,1478
"2450",1994,2,70 - 74,1742,1867
"2450",1994,2,75 - 79,2199,2034
"2450",1994,2,80 - 84,2671,1821
"2450",1994,2,85 - 89,5132,2264
"2450",1994,2,90 - 94,0,0
"2450",1994,2,95+,0,0
"2450",1994,2,UNK,1,2
"2450",1994,3,Total,257958,283869
"2450",1994,3,0,65,61
"2450",1994,3,1,70,62
"2450",1994,3,2,68,97
"2450",1994,3,3,64,97
"2450",1994,3,4,64,75
"2450",1994,3,5 - 9,261,336
"2450",1994,3,10 - 14,237,320
"2450",1994,3,15 - 19,315,461
"2450",1994,3,20 - 24,416,658
"2450",1994,3,25 - 29,804,934
"2450",1994,3,30 - 34,1817,1690
"2450",1994,3,35 - 39,3537,2845
"2450",1994,3,40 - 44,5881,4964
"2450",1994,3,45 - 49,9366,8405
"2450",1994,3,50 - 54,12746,13579
"2450",1994,3,55 - 59,16667,19545
"2450",1994,3,60 - 64,23467,30325
"2450",1994,3,65 - 69,33416,42718
"2450",1994,3,70 - 74,39708,49447
"2450",1994,3,75 - 79,38675,44603
"2450",1994,3,80 - 84,33675,34662
"2450",1994,3,85 - 89,36634,27974
"2450",1994,3,90 - 94,0,0
"2450",1994,3,95+,0,0
"2450",1994,3,UNK,5,11
"2450",1994,4,Total,495675,449100
"2450",1994,4,0,429,523
"2450",1994,4,1,82,90
"2450",1994,4,2,41,47
"2450",1994,4,3,17,30
"2450",1994,4,4,24,28
"2450",1994,4,5 - 9,87,81
"2450",1994,4,10 - 14,112,149
"2450",1994,4,15 - 19,174,291
"2450",1994,4,20 - 24,324,493
"2450",1994,4,25 - 29,617,901
"2450",1994,4,30 - 34,1203,1970
"2450",1994,4,35 - 39,2061,4246
"2450",1994,4,40 - 44,3195,7446
"2450",1994,4,45 - 49,4838,12114
"2450",1994,4,50 - 54,6972,16913
"2450",1994,4,55 - 59,10368,22383
"2450",1994,4,60 - 64,17214,33389
"2450",1994,4,65 - 69,29284,49094
"2450",1994,4,70 - 74,47207,65083
"2450",1994,4,75 - 79,66236,71621
"2450",1994,4,80 - 84,90982,71390
"2450",1994,4,85 - 89,214175,90768
"2450",1994,4,90 - 94,0,0
"2450",1994,4,95+,0,0
"2450",1994,4,UNK,33,50
"2450",1994,5,Total,12063,13182
"2450",1994,5,0,1969,2973
"2450",1994,5,1,62,97
"2450",1994,5,2,20,27
"2450",1994,5,3,12,20
"2450",1994,5,4,15,15
"2450",1994,5,5 - 9,24,51
"2450",1994,5,10 - 14,35,44
"2450",1994,5,15 - 19,66,160
"2450",1994,5,20 - 24,138,273
"2450",1994,5,25 - 29,169,350
"2450",1994,5,30 - 34,245,549
"2450",1994,5,35 - 39,328,714
"2450",1994,5,40 - 44,305,695
"2450",1994,5,45 - 49,309,569
"2450",1994,5,50 - 54,252,505
"2450",1994,5,55 - 59,277,472
"2450",1994,5,60 - 64,330,647
"2450",1994,5,65 - 69,508,777
"2450",1994,5,70 - 74,667,892
"2450",1994,5,75 - 79,933,928
"2450",1994,5,80 - 84,1231,875
"2450",1994,5,85 - 89,4148,1503
"2450",1994,5,90 - 94,0,0
"2450",1994,5,95+,0,0
"2450",1994,5,UNK,20,46
"2450",1994,6,Total,21283,15720
"2450",1994,6,0,2,3
"2450",1994,6,1,3,1
"2450",1994,6,2,5,2
"2450",1994,6,3,0,3
"2450",1994,6,4,2,3
"2450",1994,6,5 - 9,12,3
"2450",1994,6,10 - 14,18,7
"2450",1994,6,15 - 19,14,42
"2450",1994,6,20 - 24,39,84
"2450",1994,6,25 - 29,66,184
"2450",1994,6,30 - 34,146,390
"2450",1994,6,35 - 39,227,676
"2450",1994,6,40 - 44,255,913
"2450",1994,6,45 - 49,289,827
"2450",1994,6,50 - 54,228,794
"2450",1994,6,55 - 59,238,691
"2450",1994,6,60 - 64,288,779
"2450",1994,6,65 - 69,466,903
"2450",1994,6,70 - 74,919,1188
"2450",1994,6,75 - 79,1977,1796
"2450",1994,6,80 - 84,3641,2353
"2450",1994,6,85 - 89,12446,4074
"2450",1994,6,90 - 94,0,0
"2450",1994,6,95+,0,0
"2450",1994,6,UNK,2,4
"2450",1994,7,Total,25856,22044
"2450",1994,7,0,226,268
"2450",1994,7,1,82,93
"2450",1994,7,2,56,48
"2450",1994,7,3,39,54
"2450",1994,7,4,35,33
"2450",1994,7,5 - 9,105,169
"2450",1994,7,10 - 14,113,176
"2450",1994,7,15 - 19,107,255
"2450",1994,7,20 - 24,127,237
"2450",1994,7,25 - 29,138,243
"2450",1994,7,30 - 34,201,330
"2450",1994,7,35 - 39,293,392
"2450",1994,7,40 - 44,387,452
"2450",1994,7,45 - 49,522,510
"2450",1994,7,50 - 54,493,605
"2450",1994,7,55 - 59,632,754
"2450",1994,7,60 - 64,930,1023
"2450",1994,7,65 - 69,1441,1600
"2450",1994,7,70 - 74,2311,2591
"2450",1994,7,75 - 79,3562,3651
"2450",1994,7,80 - 84,4842,4034
"2450",1994,7,85 - 89,9213,4524
"2450",1994,7,90 - 94,0,0
"2450",1994,7,95+,0,0
"2450",1994,7,UNK,1,2
"2450",1994,8,Total,49623,68656
"2450",1994,8,0,181,224
"2450",1994,8,1,61,74
"2450",1994,8,2,37,49
"2450",1994,8,3,35,30
"2450",1994,8,4,30,26
"2450",1994,8,5 - 9,99,99
"2450",1994,8,10 - 14,73,95
"2450",1994,8,15 - 19,121,129
"2450",1994,8,20 - 24,311,527
"2450",1994,8,25 - 29,918,3018
"2450",1994,8,30 - 34,1733,7816
"2450",1994,8,35 - 39,1936,9220
"2450",1994,8,40 - 44,1763,8315
"2450",1994,8,45 - 49,1435,5600
"2450",1994,8,50 - 54,1528,3959
"2450",1994,8,55 - 59,1966,3202
"2450",1994,8,60 - 64,2862,3556
"2450",1994,8,65 - 69,4314,4303
"2450",1994,8,70 - 74,5771,5009
"2450",1994,8,75 - 79,6292,4772
"2450",1994,8,80 - 84,6824,4177
"2450",1994,8,85 - 89,11332,4447
"2450",1994,8,90 - 94,0,0
"2450",1994,8,95+,0,0
"2450",1994,8,UNK,1,9
"2450",1994,9,Total,38129,39303
"2450",1994,9,0,149,209
"2450",1994,9,1,30,40
"2450",1994,9,2,16,24
"2450",1994,9,3,12,10
"2450",1994,9,4,8,15
"2450",1994,9,5 - 9,20,32
"2450",1994,9,10 - 14,27,42
"2450",1994,9,15 - 19,41,44
"2450",1994,9,20 - 24,69,79
"2450",1994,9,25 - 29,125,213
"2450",1994,9,30 - 34,356,669
"2450",1994,9,35 - 39,672,1434
"2450",1994,9,40 - 44,949,2419
"2450",1994,9,45 - 49,1158,2717
"2450",1994,9,50 - 54,1378,2735
"2450",1994,9,55 - 59,1525,2943
"2450",1994,9,60 - 64,2186,3634
"2450",1994,9,65 - 69,2998,4416
"2450",1994,9,70 - 74,4259,4629
"2450",1994,9,75 - 79,5009,4303
"2450",1994,9,80 - 84,5783,4038
"2450",1994,9,85 - 89,11358,4644
"2450",1994,9,90 - 94,0,0
"2450",1994,9,95+,0,0
"2450",1994,9,UNK,1,14
"2450",1994,10,Total,23979,18274
"2450",1994,10,0,83,112
"2450",1994,10,1,6,6
"2450",1994,10,2,1,1
"2450",1994,10,3,2,0
"2450",1994,10,4,0,1
"2450",1994,10,5 - 9,7,4
"2450",1994,10,10 - 14,11,7
"2450",1994,10,15 - 19,21,16
"2450",1994,10,20 - 24,27,17
"2450",1994,10,25 - 29,58,56
"2450",1994,10,30 - 34,92,107
"2450",1994,10,35 - 39,119,188
"2450",1994,10,40 - 44,168,246
"2450",1994,10,45 - 49,272,327
"2450",1994,10,50 - 54,317,377
"2450",1994,10,55 - 59,485,585
"2450",1994,10,60 - 64,823,866
"2450",1994,10,65 - 69,1405,1453
"2450",1994,10,70 - 74,2364,2340
"2450",1994,10,75 - 79,3242,2966
"2450",1994,10,80 - 84,4501,3474
"2450",1994,10,85 - 89,9975,5123
"2450",1994,10,90 - 94,0,0
"2450",1994,10,95+,0,0
"2450",1994,10,UNK,0,2
"2450",1994,11,Total,12152,14365
"2450",1994,11,0,9522,11647
"2450",1994,11,1,211,202
"2450",1994,11,2,97,104
"2450",1994,11,3,58,64
"2450",1994,11,4,41,51
"2450",1994,11,5 - 9,132,130
"2450",1994,11,10 - 14,83,117
"2450",1994,11,15 - 19,88,134
"2450",1994,11,20 - 24,104,145
"2450",1994,11,25 - 29,113,109
"2450",1994,11,30 - 34,108,135
"2450",1994,11,35 - 39,119,120
"2450",1994,11,40 - 44,125,133
"2450",1994,11,45 - 49,112,146
"2450",1994,11,50 - 54,106,128
"2450",1994,11,55 - 59,107,109
"2450",1994,11,60 - 64,125,118
"2450",1994,11,65 - 69,136,153
"2450",1994,11,70 - 74,141,146
"2450",1994,11,75 - 79,176,172
"2450",1994,11,80 - 84,184,152
"2450",1994,11,85 - 89,264,150
"2450",1994,11,90 - 94,0,0
"2450",1994,11,95+,0,0
"2450",1994,11,UNK,0,0
"2450",1994,12,Total,105621,105902
"2450",1994,12,0,377,610
"2450",1994,12,1,67,106
"2450",1994,12,2,33,45
"2450",1994,12,3,22,34
"2450",1994,12,4,21,29
"2450",1994,12,5 - 9,53,95
"2450",1994,12,10 - 14,73,107
"2450",1994,12,15 - 19,120,147
"2450",1994,12,20 - 24,137,188
"2450",1994,12,25 - 29,211,265
"2450",1994,12,30 - 34,342,513
"2450",1994,12,35 - 39,556,691
"2450",1994,12,40 - 44,670,949
"2450",1994,12,45 - 49,1001,1313
"2450",1994,12,50 - 54,1507,1868
"2450",1994,12,55 - 59,2470,3067
"2450",1994,12,60 - 64,4531,5931
"2450",1994,12,65 - 69,8311,10646
"2450",1994,12,70 - 74,12333,15890
"2450",1994,12,75 - 79,16111,19204
"2450",1994,12,80 - 84,18827,19504
"2450",1994,12,85 - 89,37842,24688
"2450",1994,12,90 - 94,0,0
"2450",1994,12,95+,0,0
"2450",1994,12,UNK,6,12
"2450",1994,13,Total,37821,88572
"2450",1994,13,0,407,529
"2450",1994,13,1,342,425
"2450",1994,13,2,268,435
"2450",1994,13,3,222,372
"2450",1994,13,4,193,307
"2450",1994,13,5 - 9,596,1025
"2450",1994,13,10 - 14,715,1568
"2450",1994,13,15 - 19,2164,6561
"2450",1994,13,20 - 24,2040,8615
"2450",1994,13,25 - 29,1988,7676
"2450",1994,13,30 - 34,2354,8741
"2450",1994,13,35 - 39,2613,8575
"2450",1994,13,40 - 44,2267,7625
"2450",1994,13,45 - 49,1969,5759
"2450",1994,13,50 - 54,1609,4229
"2450",1994,13,55 - 59,1323,3418
"2450",1994,13,60 - 64,1384,3331
"2450",1994,13,65 - 69,1767,3451
"2450",1994,13,70 - 74,2168,3887
"2450",1994,13,75 - 79,2620,4039
"2450",1994,13,80 - 84,3058,3674
"2450",1994,13,85 - 89,5739,4208
"2450",1994,13,90 - 94,0,0
"2450",1994,13,95+,0,0
"2450",1994,13,UNK,15,122
"2450",1994,14,Total,5205,19342
"2450",1994,14,0,134,179
"2450",1994,14,1,64,97
"2450",1994,14,2,74,85
"2450",1994,14,3,34,55
"2450",1994,14,4,36,28
"2450",1994,14,5 - 9,81,75
"2450",1994,14,10 - 14,134,279
"2450",1994,14,15 - 19,450,3082
"2450",1994,14,20 - 24,640,3841
"2450",1994,14,25 - 29,679,2869
"2450",1994,14,30 - 34,719,2487
"2450",1994,14,35 - 39,651,1990
"2450",1994,14,40 - 44,375,1431
"2450",1994,14,45 - 49,259,880
"2450",1994,14,50 - 54,172,579
"2450",1994,14,55 - 59,116,384
"2450",1994,14,60 - 64,103,295
"2450",1994,14,65 - 69,103,243
"2450",1994,14,70 - 74,116,169
"2450",1994,14,75 - 79,95,127
"2450",1994,14,80 - 84,87,78
"2450",1994,14,85 - 89,66,54
"2450",1994,14,90 - 94,0,0
"2450",1994,14,95+,0,0
"2450",1994,14,UNK,17,35
"2450",1995,1,Total,1139173,1172959
"2450",1995,1,0,12961,16622
"2450",1995,1,1,1082,1343
"2450",1995,1,2,691,954
"2450",1995,1,3,555,712
"2450",1995,1,4,456,600
"2450",1995,1,5 - 9,1568,2212
"2450",1995,1,10 - 14,1809,3007
"2450",1995,1,15 - 19,4021,11068
"2450",1995,1,20 - 24,4446,14709
"2450",1995,1,25 - 29,6109,16572
"2450",1995,1,30 - 34,9810,25254
"2450",1995,1,35 - 39,14148,32339
"2450",1995,1,40 - 44,17991,37792
"2450",1995,1,45 - 49,23014,42609
"2450",1995,1,50 - 54,29064,48313
"2450",1995,1,55 - 59,37793,58848
"2450",1995,1,60 - 64,55429,83442
"2450",1995,1,65 - 69,84932,119415
"2450",1995,1,70 - 74,121957,154586
"2450",1995,1,75 - 79,151144,164372
"2450",1995,1,80 - 84,181625,155036
"2450",1995,1,85 - 89,378436,182823
"2450",1995,1,90 - 94,0,0
"2450",1995,1,95+,0,0
"2450",1995,1,UNK,132,331
"2450",1995,2,Total,17722,16291
"2450",1995,2,0,311,406
"2450",1995,2,1,43,53
"2450",1995,2,2,26,37
"2450",1995,2,3,24,22
"2450",1995,2,4,21,18
"2450",1995,2,5 - 9,64,53
"2450",1995,2,10 - 14,53,57
"2450",1995,2,15 - 19,72,70
"2450",1995,2,20 - 24,92,91
"2450",1995,2,25 - 29,127,207
"2450",1995,2,30 - 34,237,462
"2450",1995,2,35 - 39,357,704
"2450",1995,2,40 - 44,423,849
"2450",1995,2,45 - 49,475,886
"2450",1995,2,50 - 54,533,754
"2450",1995,2,55 - 59,620,822
"2450",1995,2,60 - 64,885,1055
"2450",1995,2,65 - 69,1270,1437
"2450",1995,2,70 - 74,1880,1908
"2450",1995,2,75 - 79,2314,2102
"2450",1995,2,80 - 84,2671,1979
"2450",1995,2,85 - 89,5224,2317
"2450",1995,2,90 - 94,0,0
"2450",1995,2,95+,0,0
"2450",1995,2,UNK,0,2
"2450",1995,3,Total,261129,285085
"2450",1995,3,0,65,79
"2450",1995,3,1,40,73
"2450",1995,3,2,61,79
"2450",1995,3,3,58,81
"2450",1995,3,4,58,92
"2450",1995,3,5 - 9,253,320
"2450",1995,3,10 - 14,239,319
"2450",1995,3,15 - 19,284,456
"2450",1995,3,20 - 24,394,610
"2450",1995,3,25 - 29,782,893
"2450",1995,3,30 - 34,1783,1627
"2450",1995,3,35 - 39,3663,2808
"2450",1995,3,40 - 44,5907,5063
"2450",1995,3,45 - 49,9590,8634
"2450",1995,3,50 - 54,13008,13456
"2450",1995,3,55 - 59,16900,19473
"2450",1995,3,60 - 64,23118,29211
"2450",1995,3,65 - 69,32515,41813
"2450",1995,3,70 - 74,40243,49905
"2450",1995,3,75 - 79,39365,45412
"2450",1995,3,80 - 84,34313,35315
"2450",1995,3,85 - 89,38479,29359
"2450",1995,3,90 - 94,0,0
"2450",1995,3,95+,0,0
"2450",1995,3,UNK,11,7
"2450",1995,4,Total,503139,452452
"2450",1995,4,0,447,520
"2450",1995,4,1,64,84
"2450",1995,4,2,43,53
"2450",1995,4,3,17,31
"2450",1995,4,4,20,15
"2450",1995,4,5 - 9,70,95
"2450",1995,4,10 - 14,97,129
"2450",1995,4,15 - 19,188,308
"2450",1995,4,20 - 24,331,500
"2450",1995,4,25 - 29,541,862
"2450",1995,4,30 - 34,1102,2060
"2450",1995,4,35 - 39,2100,4316
"2450",1995,4,40 - 44,3249,7808
"2450",1995,4,45 - 49,4931,12616
"2450",1995,4,50 - 54,7168,17298
"2450",1995,4,55 - 59,10407,22263
"2450",1995,4,60 - 64,17150,32715
"2450",1995,4,65 - 69,29048,47768
"2450",1995,4,70 - 74,46755,64600
"2450",1995,4,75 - 79,66582,72326
"2450",1995,4,80 - 84,91509,72669
"2450",1995,4,85 - 89,221273,93357
"2450",1995,4,90 - 94,0,0
"2450",1995,4,95+,0,0
"2450",1995,4,UNK,47,59
"2450",1995,5,Total,13039,14244
"2450",1995,5,0,1803,2578
"2450",1995,5,1,82,86
"2450",1995,5,2,29,44
"2450",1995,5,3,22,23
"2450",1995,5,4,14,15
"2450",1995,5,5 - 9,42,60
"2450",1995,5,10 - 14,37,68
"2450",1995,5,15 - 19,86,209
"2450",1995,5,20 - 24,131,332
"2450",1995,5,25 - 29,194,449
"2450",1995,5,30 - 34,303,654
"2450",1995,5,35 - 39,400,819
"2450",1995,5,40 - 44,409,918
"2450",1995,5,45 - 49,352,788
"2450",1995,5,50 - 54,304,617
"2450",1995,5,55 - 59,307,557
"2450",1995,5,60 - 64,376,670
"2450",1995,5,65 - 69,547,767
"2450",1995,5,70 - 74,793,964
"2450",1995,5,75 - 79,1048,980
"2450",1995,5,80 - 84,1335,969
"2450",1995,5,85 - 89,4389,1624
"2450",1995,5,90 - 94,0,0
"2450",1995,5,95+,0,0
"2450",1995,5,UNK,36,53
"2450",1995,6,Total,23766,16952
"2450",1995,6,0,7,2
"2450",1995,6,1,1,2
"2450",1995,6,2,0,1
"2450",1995,6,3,3,1
"2450",1995,6,4,0,2
"2450",1995,6,5 - 9,3,6
"2450",1995,6,10 - 14,9,18
"2450",1995,6,15 - 19,15,45
"2450",1995,6,20 - 24,24,79
"2450",1995,6,25 - 29,63,161
"2450",1995,6,30 - 34,138,422
"2450",1995,6,35 - 39,257,673
"2450",1995,6,40 - 44,316,954
"2450",1995,6,45 - 49,266,954
"2450",1995,6,50 - 54,230,811
"2450",1995,6,55 - 59,219,725
"2450",1995,6,60 - 64,318,844
"2450",1995,6,65 - 69,480,928
"2450",1995,6,70 - 74,1009,1239
"2450",1995,6,75 - 79,2107,1924
"2450",1995,6,80 - 84,4196,2582
"2450",1995,6,85 - 89,14102,4568
"2450",1995,6,90 - 94,0,0
"2450",1995,6,95+,0,0
"2450",1995,6,UNK,3,11
"2450",1995,7,Total,27965,23275
"2450",1995,7,0,220,256
"2450",1995,7,1,72,100
"2450",1995,7,2,55,62
"2450",1995,7,3,46,51
"2450",1995,7,4,28,40
"2450",1995,7,5 - 9,127,152
"2450",1995,7,10 - 14,135,173
"2450",1995,7,15 - 19,124,251
"2450",1995,7,20 - 24,121,275
"2450",1995,7,25 - 29,138,214
"2450",1995,7,30 - 34,205,280
"2450",1995,7,35 - 39,281,414
"2450",1995,7,40 - 44,406,465
"2450",1995,7,45 - 49,500,574
"2450",1995,7,50 - 54,559,628
"2450",1995,7,55 - 59,632,770
"2450",1995,7,60 - 64,927,993
"2450",1995,7,65 - 69,1455,1619
"2450",1995,7,70 - 74,2426,2664
"2450",1995,7,75 - 79,3778,3862
"2450",1995,7,80 - 84,5362,4485
"2450",1995,7,85 - 89,10367,4945
"2450",1995,7,90 - 94,0,0
"2450",1995,7,95+,0,0
"2450",1995,7,UNK,1,2
"2450",1995,8,Total,52208,70527
"2450",1995,8,0,162,214
"2450",1995,8,1,70,64
"2450",1995,8,2,47,46
"2450",1995,8,3,27,42
"2450",1995,8,4,29,32
"2450",1995,8,5 - 9,96,105
"2450",1995,8,10 - 14,92,92
"2450",1995,8,15 - 19,106,144
"2450",1995,8,20 - 24,350,505
"2450",1995,8,25 - 29,983,2813
"2450",1995,8,30 - 34,1799,7587
"2450",1995,8,35 - 39,2086,9389
"2450",1995,8,40 - 44,1942,8388
"2450",1995,8,45 - 49,1674,6049
"2450",1995,8,50 - 54,1628,4168
"2450",1995,8,55 - 59,2099,3490
"2450",1995,8,60 - 64,2950,3631
"2450",1995,8,65 - 69,4417,4435
"2450",1995,8,70 - 74,6029,5120
"2450",1995,8,75 - 79,6537,5159
"2450",1995,8,80 - 84,7074,4403
"2450",1995,8,85 - 89,12009,4643
"2450",1995,8,90 - 94,0,0
"2450",1995,8,95+,0,0
"2450",1995,8,UNK,2,8
"2450",1995,9,Total,37865,38996
"2450",1995,9,0,141,186
"2450",1995,9,1,27,40
"2450",1995,9,2,9,23
"2450",1995,9,3,15,13
"2450",1995,9,4,7,11
"2450",1995,9,5 - 9,18,49
"2450",1995,9,10 - 14,35,38
"2450",1995,9,15 - 19,29,57
"2450",1995,9,20 - 24,51,84
"2450",1995,9,25 - 29,126,207
"2450",1995,9,30 - 34,272,553
"2450",1995,9,35 - 39,678,1411
"2450",1995,9,40 - 44,966,2504
"2450",1995,9,45 - 49,1203,2939
"2450",1995,9,50 - 54,1300,2836
"2450",1995,9,55 - 59,1513,2780
"2450",1995,9,60 - 64,2100,3466
"2450",1995,9,65 - 69,2982,4107
"2450",1995,9,70 - 74,4050,4556
"2450",1995,9,75 - 79,5035,4404
"2450",1995,9,80 - 84,5806,4061
"2450",1995,9,85 - 89,11500,4660
"2450",1995,9,90 - 94,0,0
"2450",1995,9,95+,0,0
"2450",1995,9,UNK,2,11
"2450",1995,10,Total,24424,18932
"2450",1995,10,0,73,100
"2450",1995,10,1,4,4
"2450",1995,10,2,5,5
"2450",1995,10,3,1,5
"2450",1995,10,4,1,0
"2450",1995,10,5 - 9,10,6
"2450",1995,10,10 - 14,10,8
"2450",1995,10,15 - 19,12,17
"2450",1995,10,20 - 24,34,33
"2450",1995,10,25 - 29,60,70
"2450",1995,10,30 - 34,105,120
"2450",1995,10,35 - 39,142,207
"2450",1995,10,40 - 44,202,291
"2450",1995,10,45 - 49,284,350
"2450",1995,10,50 - 54,365,404
"2450",1995,10,55 - 59,490,560
"2450",1995,10,60 - 64,873,903
"2450",1995,10,65 - 69,1359,1540
"2450",1995,10,70 - 74,2259,2386
"2450",1995,10,75 - 79,3343,3160
"2450",1995,10,80 - 84,4507,3424
"2450",1995,10,85 - 89,10284,5335
"2450",1995,10,90 - 94,0,0
"2450",1995,10,95+,0,0
"2450",1995,10,UNK,1,4
"2450",1995,11,Total,11519,13843
"2450",1995,11,0,8781,11101
"2450",1995,11,1,191,232
"2450",1995,11,2,70,97
"2450",1995,11,3,63,57
"2450",1995,11,4,39,33
"2450",1995,11,5 - 9,122,142
"2450",1995,11,10 - 14,106,110
"2450",1995,11,15 - 19,108,146
"2450",1995,11,20 - 24,87,116
"2450",1995,11,25 - 29,111,127
"2450",1995,11,30 - 34,118,125
"2450",1995,11,35 - 39,124,133
"2450",1995,11,40 - 44,136,138
"2450",1995,11,45 - 49,108,139
"2450",1995,11,50 - 54,115,127
"2450",1995,11,55 - 59,107,116
"2450",1995,11,60 - 64,131,112
"2450",1995,11,65 - 69,151,128
"2450",1995,11,70 - 74,169,175
"2450",1995,11,75 - 79,179,174
"2450",1995,11,80 - 84,211,158
"2450",1995,11,85 - 89,291,157
"2450",1995,11,90 - 94,0,0
"2450",1995,11,95+,0,0
"2450",1995,11,UNK,1,0
"2450",1995,12,Total,108214,106867
"2450",1995,12,0,371,505
"2450",1995,12,1,75,78
"2450",1995,12,2,36,42
"2450",1995,12,3,37,27
"2450",1995,12,4,22,18
"2450",1995,12,5 - 9,65,82
"2450",1995,12,10 - 14,93,114
"2450",1995,12,15 - 19,122,155
"2450",1995,12,20 - 24,158,181
"2450",1995,12,25 - 29,216,255
"2450",1995,12,30 - 34,349,478
"2450",1995,12,35 - 39,520,713
"2450",1995,12,40 - 44,780,915
"2450",1995,12,45 - 49,1010,1362
"2450",1995,12,50 - 54,1631,1900
"2450",1995,12,55 - 59,2584,3012
"2450",1995,12,60 - 64,4388,5693
"2450",1995,12,65 - 69,7981,10298
"2450",1995,12,70 - 74,12543,15936
"2450",1995,12,75 - 79,16238,19485
"2450",1995,12,80 - 84,19286,19920
"2450",1995,12,85 - 89,39707,25691
"2450",1995,12,90 - 94,0,0
"2450",1995,12,95+,0,0
"2450",1995,12,UNK,2,7
"2450",1995,13,Total,38685,89572
"2450",1995,13,0,394,450
"2450",1995,13,1,329,411
"2450",1995,13,2,236,375
"2450",1995,13,3,203,303
"2450",1995,13,4,175,293
"2450",1995,13,5 - 9,603,1027
"2450",1995,13,10 - 14,739,1559
"2450",1995,13,15 - 19,2278,6420
"2450",1995,13,20 - 24,1960,8412
"2450",1995,13,25 - 29,1938,7632
"2450",1995,13,30 - 34,2443,8593
"2450",1995,13,35 - 39,2615,8891
"2450",1995,13,40 - 44,2463,7957
"2450",1995,13,45 - 49,2000,6173
"2450",1995,13,50 - 54,1624,4501
"2450",1995,13,55 - 59,1331,3513
"2450",1995,13,60 - 64,1463,3402
"2450",1995,13,65 - 69,1707,3551
"2450",1995,13,70 - 74,2307,3905
"2450",1995,13,75 - 79,2668,3985
"2450",1995,13,80 - 84,3046,3666
"2450",1995,13,85 - 89,6153,4422
"2450",1995,13,90 - 94,0,0
"2450",1995,13,95+,0,0
"2450",1995,13,UNK,10,131
"2450",1995,14,Total,5144,17408
"2450",1995,14,0,136,175
"2450",1995,14,1,73,98
"2450",1995,14,2,57,82
"2450",1995,14,3,30,49
"2450",1995,14,4,39,24
"2450",1995,14,5 - 9,70,87
"2450",1995,14,10 - 14,118,286
"2450",1995,14,15 - 19,516,2746
"2450",1995,14,20 - 24,543,3399
"2450",1995,14,25 - 29,627,2564
"2450",1995,14,30 - 34,694,2178
"2450",1995,14,35 - 39,597,1664
"2450",1995,14,40 - 44,448,1306
"2450",1995,14,45 - 49,271,875
"2450",1995,14,50 - 54,197,546
"2450",1995,14,55 - 59,139,410
"2450",1995,14,60 - 64,92,301
"2450",1995,14,65 - 69,107,235
"2450",1995,14,70 - 74,115,146
"2450",1995,14,75 - 79,103,102
"2450",1995,14,80 - 84,80,57
"2450",1995,14,85 - 89,76,42
"2450",1995,14,90 - 94,0,0
"2450",1995,14,95+,0,0
"2450",1995,14,UNK,16,36
"2450",1996,1,Total,1151121,1163569
"2450",1996,1,0,12522,15965
"2450",1996,1,1,1014,1181
"2450",1996,1,2,626,880
"2450",1996,1,3,530,722
"2450",1996,1,4,429,566
"2450",1996,1,5 - 9,1580,2200
"2450",1996,1,10 - 14,1747,2803
"2450",1996,1,15 - 19,3981,10682
"2450",1996,1,20 - 24,4149,13631
"2450",1996,1,25 - 29,5905,14825
"2450",1996,1,30 - 34,9172,21245
"2450",1996,1,35 - 39,13693,28806
"2450",1996,1,40 - 44,18036,35498
"2450",1996,1,45 - 49,23976,43056
"2450",1996,1,50 - 54,29482,47815
"2450",1996,1,55 - 59,37752,58974
"2450",1996,1,60 - 64,54803,82196
"2450",1996,1,65 - 69,83385,116660
"2450",1996,1,70 - 74,121336,152513
"2450",1996,1,75 - 79,153846,167377
"2450",1996,1,80 - 84,184185,157882
"2450",1996,1,85 - 89,388822,187719
"2450",1996,1,90 - 94,0,0
"2450",1996,1,95+,0,0
"2450",1996,1,UNK,150,373
"2450",1996,2,Total,18171,16490
"2450",1996,2,0,285,383
"2450",1996,2,1,40,48
"2450",1996,2,2,25,44
"2450",1996,2,3,23,29
"2450",1996,2,4,20,17
"2450",1996,2,5 - 9,46,51
"2450",1996,2,10 - 14,45,48
"2450",1996,2,15 - 19,76,79
"2450",1996,2,20 - 24,67,78
"2450",1996,2,25 - 29,132,167
"2450",1996,2,30 - 34,217,403
"2450",1996,2,35 - 39,342,644
"2450",1996,2,40 - 44,415,906
"2450",1996,2,45 - 49,517,974
"2450",1996,2,50 - 54,559,786
"2450",1996,2,55 - 59,648,854
"2450",1996,2,60 - 64,892,1098
"2450",1996,2,65 - 69,1357,1491
"2450",1996,2,70 - 74,1917,1901
"2450",1996,2,75 - 79,2402,2164
"2450",1996,2,80 - 84,2703,1986
"2450",1996,2,85 - 89,5443,2337
"2450",1996,2,90 - 94,0,0
"2450",1996,2,95+,0,0
"2450",1996,2,UNK,0,2
"2450",1996,3,Total,261870,285310
"2450",1996,3,0,78,69
"2450",1996,3,1,51,55
"2450",1996,3,2,41,76
"2450",1996,3,3,57,77
"2450",1996,3,4,60,77
"2450",1996,3,5 - 9,243,327
"2450",1996,3,10 - 14,249,294
"2450",1996,3,15 - 19,309,431
"2450",1996,3,20 - 24,406,584
"2450",1996,3,25 - 29,822,847
"2450",1996,3,30 - 34,1778,1562
"2450",1996,3,35 - 39,3469,2826
"2450",1996,3,40 - 44,6055,5056
"2450",1996,3,45 - 49,9628,9028
"2450",1996,3,50 - 54,12955,13515
"2450",1996,3,55 - 59,16659,19533
"2450",1996,3,60 - 64,22827,28599
"2450",1996,3,65 - 69,31893,41061
"2450",1996,3,70 - 74,39775,49649
"2450",1996,3,75 - 79,39926,46016
"2450",1996,3,80 - 84,35013,35862
"2450",1996,3,85 - 89,39566,29750
"2450",1996,3,90 - 94,0,0
"2450",1996,3,95+,0,0
"2450",1996,3,UNK,10,16
"2450",1996,4,Total,503646,450761
"2450",1996,4,0,432,513
"2450",1996,4,1,57,57
"2450",1996,4,2,34,38
"2450",1996,4,3,23,25
"2450",1996,4,4,23,21
"2450",1996,4,5 - 9,94,88
"2450",1996,4,10 - 14,111,151
"2450",1996,4,15 - 19,201,301
"2450",1996,4,20 - 24,272,468
"2450",1996,4,25 - 29,561,858
"2450",1996,4,30 - 34,1097,1887
"2450",1996,4,35 - 39,2049,4124
"2450",1996,4,40 - 44,3324,7499
"2450",1996,4,45 - 49,5387,12991
"2450",1996,4,50 - 54,7420,17180
"2450",1996,4,55 - 59,10367,22091
"2450",1996,4,60 - 64,16768,32284
"2450",1996,4,65 - 69,27770,46061
"2450",1996,4,70 - 74,45917,62479
"2450",1996,4,75 - 79,66714,73171
"2450",1996,4,80 - 84,91569,72852
"2450",1996,4,85 - 89,223422,95562
"2450",1996,4,90 - 94,0,0
"2450",1996,4,95+,0,0
"2450",1996,4,UNK,34,60
"2450",1996,5,Total,12842,13348
"2450",1996,5,0,1575,2308
"2450",1996,5,1,73,85
"2450",1996,5,2,23,32
"2450",1996,5,3,19,27
"2450",1996,5,4,9,15
"2450",1996,5,5 - 9,35,37
"2450",1996,5,10 - 14,43,57
"2450",1996,5,15 - 19,92,172
"2450",1996,5,20 - 24,125,298
"2450",1996,5,25 - 29,175,339
"2450",1996,5,30 - 34,255,501
"2450",1996,5,35 - 39,340,682
"2450",1996,5,40 - 44,360,768
"2450",1996,5,45 - 49,323,783
"2450",1996,5,50 - 54,313,592
"2450",1996,5,55 - 59,319,549
"2450",1996,5,60 - 64,364,631
"2450",1996,5,65 - 69,512,758
"2450",1996,5,70 - 74,768,863
"2450",1996,5,75 - 79,1047,1026
"2450",1996,5,80 - 84,1356,1082
"2450",1996,5,85 - 89,4685,1688
"2450",1996,5,90 - 94,0,0
"2450",1996,5,95+,0,0
"2450",1996,5,UNK,31,55
"2450",1996,6,Total,26255,17755
"2450",1996,6,0,3,2
"2450",1996,6,1,1,0
"2450",1996,6,2,1,1
"2450",1996,6,3,1,1
"2450",1996,6,4,2,1
"2450",1996,6,5 - 9,4,5
"2450",1996,6,10 - 14,6,15
"2450",1996,6,15 - 19,17,42
"2450",1996,6,20 - 24,41,86
"2450",1996,6,25 - 29,83,197
"2450",1996,6,30 - 34,157,387
"2450",1996,6,35 - 39,294,673
"2450",1996,6,40 - 44,303,931
"2450",1996,6,45 - 49,290,1011
"2450",1996,6,50 - 54,243,773
"2450",1996,6,55 - 59,249,712
"2450",1996,6,60 - 64,292,755
"2450",1996,6,65 - 69,511,908
"2450",1996,6,70 - 74,1013,1311
"2450",1996,6,75 - 79,2261,2034
"2450",1996,6,80 - 84,4480,2868
"2450",1996,6,85 - 89,16003,5032
"2450",1996,6,90 - 94,0,0
"2450",1996,6,95+,0,0
"2450",1996,6,UNK,0,10
"2450",1996,7,Total,29553,24268
"2450",1996,7,0,192,282
"2450",1996,7,1,85,87
"2450",1996,7,2,39,60
"2450",1996,7,3,30,47
"2450",1996,7,4,34,31
"2450",1996,7,5 - 9,104,176
"2450",1996,7,10 - 14,109,140
"2450",1996,7,15 - 19,120,258
"2450",1996,7,20 - 24,122,233
"2450",1996,7,25 - 29,133,242
"2450",1996,7,30 - 34,182,281
"2450",1996,7,35 - 39,266,410
"2450",1996,7,40 - 44,401,498
"2450",1996,7,45 - 49,558,610
"2450",1996,7,50 - 54,587,599
"2450",1996,7,55 - 59,672,711
"2450",1996,7,60 - 64,973,1020
"2450",1996,7,65 - 69,1525,1587
"2450",1996,7,70 - 74,2450,2757
"2450",1996,7,75 - 79,4065,4184
"2450",1996,7,80 - 84,5603,4740
"2450",1996,7,85 - 89,11301,5310
"2450",1996,7,90 - 94,0,0
"2450",1996,7,95+,0,0
"2450",1996,7,UNK,2,5
"2450",1996,8,Total,52214,61683
"2450",1996,8,0,152,195
"2450",1996,8,1,44,61
"2450",1996,8,2,39,45
"2450",1996,8,3,29,28
"2450",1996,8,4,19,28
"2450",1996,8,5 - 9,89,95
"2450",1996,8,10 - 14,99,94
"2450",1996,8,15 - 19,97,101
"2450",1996,8,20 - 24,260,358
"2450",1996,8,25 - 29,758,1829
"2450",1996,8,30 - 34,1463,5237
"2450",1996,8,35 - 39,1813,6642
"2450",1996,8,40 - 44,1785,6357
"2450",1996,8,45 - 49,1615,4986
"2450",1996,8,50 - 54,1676,3582
"2450",1996,8,55 - 59,2111,3210
"2450",1996,8,60 - 64,2995,3670
"2450",1996,8,65 - 69,4455,4487
"2450",1996,8,70 - 74,5932,5391
"2450",1996,8,75 - 79,6910,5502
"2450",1996,8,80 - 84,7159,4727
"2450",1996,8,85 - 89,12711,5049
"2450",1996,8,90 - 94,0,0
"2450",1996,8,95+,0,0
"2450",1996,8,UNK,3,9
"2450",1996,9,Total,38595,38834
"2450",1996,9,0,150,203
"2450",1996,9,1,36,27
"2450",1996,9,2,14,27
"2450",1996,9,3,12,17
"2450",1996,9,4,7,14
"2450",1996,9,5 - 9,37,50
"2450",1996,9,10 - 14,19,30
"2450",1996,9,15 - 19,28,51
"2450",1996,9,20 - 24,67,81
"2450",1996,9,25 - 29,120,199
"2450",1996,9,30 - 34,317,502
"2450",1996,9,35 - 39,680,1304
"2450",1996,9,40 - 44,963,2463
"2450",1996,9,45 - 49,1199,3077
"2450",1996,9,50 - 54,1306,2866
"2450",1996,9,55 - 59,1553,2913
"2450",1996,9,60 - 64,2050,3366
"2450",1996,9,65 - 69,2985,3933
"2450",1996,9,70 - 74,4230,4520
"2450",1996,9,75 - 79,5154,4460
"2450",1996,9,80 - 84,5860,4049
"2450",1996,9,85 - 89,11802,4671
"2450",1996,9,90 - 94,0,0
"2450",1996,9,95+,0,0
"2450",1996,9,UNK,6,11
"2450",1996,10,Total,25071,19467
"2450",1996,10,0,64,107
"2450",1996,10,1,4,3
"2450",1996,10,2,4,4
"2450",1996,10,3,3,5
"2450",1996,10,4,2,1
"2450",1996,10,5 - 9,9,12
"2450",1996,10,10 - 14,9,7
"2450",1996,10,15 - 19,18,14
"2450",1996,10,20 - 24,37,36
"2450",1996,10,25 - 29,51,63
"2450",1996,10,30 - 34,84,87
"2450",1996,10,35 - 39,138,178
"2450",1996,10,40 - 44,200,289
"2450",1996,10,45 - 49,304,360
"2450",1996,10,50 - 54,385,444
"2450",1996,10,55 - 59,475,579
"2450",1996,10,60 - 64,794,952
"2450",1996,10,65 - 69,1430,1430
"2450",1996,10,70 - 74,2349,2452
"2450",1996,10,75 - 79,3430,3231
"2450",1996,10,80 - 84,4673,3693
"2450",1996,10,85 - 89,10607,5517
"2450",1996,10,90 - 94,0,0
"2450",1996,10,95+,0,0
"2450",1996,10,UNK,1,3
"2450",1996,11,Total,11364,13541
"2450",1996,11,0,8654,10682
"2450",1996,11,1,169,182
"2450",1996,11,2,70,88
"2450",1996,11,3,59,60
"2450",1996,11,4,31,39
"2450",1996,11,5 - 9,103,154
"2450",1996,11,10 - 14,92,132
"2450",1996,11,15 - 19,74,123
"2450",1996,11,20 - 24,80,113
"2450",1996,11,25 - 29,87,109
"2450",1996,11,30 - 34,90,110
"2450",1996,11,35 - 39,126,135
"2450",1996,11,40 - 44,132,148
"2450",1996,11,45 - 49,132,156
"2450",1996,11,50 - 54,115,128
"2450",1996,11,55 - 59,134,114
"2450",1996,11,60 - 64,106,126
"2450",1996,11,65 - 69,152,134
"2450",1996,11,70 - 74,198,189
"2450",1996,11,75 - 79,200,208
"2450",1996,11,80 - 84,204,201
"2450",1996,11,85 - 89,352,207
"2450",1996,11,90 - 94,0,0
"2450",1996,11,95+,0,0
"2450",1996,11,UNK,4,3
"2450",1996,12,Total,112212,108156
"2450",1996,12,0,346,523
"2450",1996,12,1,79,80
"2450",1996,12,2,33,53
"2450",1996,12,3,29,30
"2450",1996,12,4,23,32
"2450",1996,12,5 - 9,76,99
"2450",1996,12,10 - 14,105,117
"2450",1996,12,15 - 19,115,145
"2450",1996,12,20 - 24,147,169
"2450",1996,12,25 - 29,231,251
"2450",1996,12,30 - 34,335,391
"2450",1996,12,35 - 39,493,661
"2450",1996,12,40 - 44,769,993
"2450",1996,12,45 - 49,1083,1386
"2450",1996,12,50 - 54,1576,1914
"2450",1996,12,55 - 59,2595,3205
"2450",1996,12,60 - 64,4492,5578
"2450",1996,12,65 - 69,7973,10147
"2450",1996,12,70 - 74,13011,15672
"2450",1996,12,75 - 79,17113,19849
"2450",1996,12,80 - 84,20066,20518
"2450",1996,12,85 - 89,41510,26329
"2450",1996,12,90 - 94,0,0
"2450",1996,12,95+,0,0
"2450",1996,12,UNK,12,14
"2450",1996,13,Total,40217,89447
"2450",1996,13,0,385,477
"2450",1996,13,1,288,395
"2450",1996,13,2,239,336
"2450",1996,13,3,195,331
"2450",1996,13,4,163,254
"2450",1996,13,5 - 9,632,983
"2450",1996,13,10 - 14,706,1463
"2450",1996,13,15 - 19,2346,6423
"2450",1996,13,20 - 24,1885,7952
"2450",1996,13,25 - 29,2027,7315
"2450",1996,13,30 - 34,2341,7877
"2450",1996,13,35 - 39,2774,8728
"2450",1996,13,40 - 44,2615,8146
"2450",1996,13,45 - 49,2233,6621
"2450",1996,13,50 - 54,1750,4616
"2450",1996,13,55 - 59,1420,3750
"2450",1996,13,60 - 64,1470,3349
"2450",1996,13,65 - 69,1747,3678
"2450",1996,13,70 - 74,2258,4056
"2450",1996,13,75 - 79,2743,4092
"2450",1996,13,80 - 84,3336,3887
"2450",1996,13,85 - 89,6638,4576
"2450",1996,13,90 - 94,0,0
"2450",1996,13,95+,0,0
"2450",1996,13,UNK,26,142
"2450",1996,14,Total,4689,15945
"2450",1996,14,0,164,168
"2450",1996,14,1,79,86
"2450",1996,14,2,52,62
"2450",1996,14,3,45,38
"2450",1996,14,4,30,28
"2450",1996,14,5 - 9,85,94
"2450",1996,14,10 - 14,118,216
"2450",1996,14,15 - 19,414,2480
"2450",1996,14,20 - 24,477,3105
"2450",1996,14,25 - 29,520,2318
"2450",1996,14,30 - 34,584,1895
"2450",1996,14,35 - 39,579,1618
"2450",1996,14,40 - 44,398,1207
"2450",1996,14,45 - 49,319,816
"2450",1996,14,50 - 54,171,555
"2450",1996,14,55 - 59,114,379
"2450",1996,14,60 - 64,94,275
"2450",1996,14,65 - 69,100,216
"2450",1996,14,70 - 74,91,140
"2450",1996,14,75 - 79,96,99
"2450",1996,14,80 - 84,68,69
"2450",1996,14,85 - 89,70,40
"2450",1996,14,90 - 94,0,0
"2450",1996,14,95+,0,0
"2450",1996,14,UNK,21,41
"2450",1997,1,Total,1160206,1154039
"2450",1997,1,0,12257,15788
"2450",1997,1,1,924,1165
"2450",1997,1,2,592,792
"2450",1997,1,3,480,652
"2450",1997,1,4,384,512
"2450",1997,1,5 - 9,1600,2045
"2450",1997,1,10 - 14,1698,2718
"2450",1997,1,15 - 19,4007,10265
"2450",1997,1,20 - 24,4225,13047
"2450",1997,1,25 - 29,5513,13759
"2450",1997,1,30 - 34,8318,17948
"2450",1997,1,35 - 39,13094,25078
"2450",1997,1,40 - 44,18173,33063
"2450",1997,1,45 - 49,23643,41447
"2450",1997,1,50 - 54,30652,49140
"2450",1997,1,55 - 59,38946,59184
"2450",1997,1,60 - 64,54171,79692
"2450",1997,1,65 - 69,80986,113790
"2450",1997,1,70 - 74,119413,150085
"2450",1997,1,75 - 79,155989,169810
"2450",1997,1,80 - 84,185150,159581
"2450",1997,1,85 - 89,399907,194161
"2450",1997,1,90 - 94,0,0
"2450",1997,1,95+,0,0
"2450",1997,1,UNK,84,317
"2450",1997,2,Total,19018,16837
"2450",1997,2,0,293,409
"2450",1997,2,1,50,55
"2450",1997,2,2,30,37
"2450",1997,2,3,20,24
"2450",1997,2,4,7,16
"2450",1997,2,5 - 9,59,45
"2450",1997,2,10 - 14,38,48
"2450",1997,2,15 - 19,78,86
"2450",1997,2,20 - 24,87,80
"2450",1997,2,25 - 29,114,138
"2450",1997,2,30 - 34,207,274
"2450",1997,2,35 - 39,353,569
"2450",1997,2,40 - 44,459,835
"2450",1997,2,45 - 49,587,1012
"2450",1997,2,50 - 54,654,886
"2450",1997,2,55 - 59,779,864
"2450",1997,2,60 - 64,916,1089
"2450",1997,2,65 - 69,1342,1468
"2450",1997,2,70 - 74,1911,1964
"2450",1997,2,75 - 79,2415,2330
"2450",1997,2,80 - 84,2930,2096
"2450",1997,2,85 - 89,5689,2511
"2450",1997,2,90 - 94,0,0
"2450",1997,2,95+,0,0
"2450",1997,2,UNK,0,1
"2450",1997,3,Total,262760,284476
"2450",1997,3,0,78,76
"2450",1997,3,1,58,59
"2450",1997,3,2,54,66
"2450",1997,3,3,61,73
"2450",1997,3,4,58,74
"2450",1997,3,5 - 9,282,300
"2450",1997,3,10 - 14,234,290
"2450",1997,3,15 - 19,319,440
"2450",1997,3,20 - 24,396,605
"2450",1997,3,25 - 29,790,893
"2450",1997,3,30 - 34,1619,1492
"2450",1997,3,35 - 39,3530,2673
"2450",1997,3,40 - 44,6168,5044
"2450",1997,3,45 - 49,9461,8870
"2450",1997,3,50 - 54,13499,14102
"2450",1997,3,55 - 59,17135,19644
"2450",1997,3,60 - 64,22401,27860
"2450",1997,3,65 - 69,30760,39931
"2450",1997,3,70 - 74,39246,48326
"2450",1997,3,75 - 79,40429,46965
"2450",1997,3,80 - 84,35231,36019
"2450",1997,3,85 - 89,40947,30667
"2450",1997,3,90 - 94,0,0
"2450",1997,3,95+,0,0
"2450",1997,3,UNK,4,7
"2450",1997,4,Total,500725,447687
"2450",1997,4,0,424,534
"2450",1997,4,1,50,75
"2450",1997,4,2,32,37
"2450",1997,4,3,20,22
"2450",1997,4,4,17,29
"2450",1997,4,5 - 9,79,89
"2450",1997,4,10 - 14,110,145
"2450",1997,4,15 - 19,204,322
"2450",1997,4,20 - 24,360,519
"2450",1997,4,25 - 29,584,834
"2450",1997,4,30 - 34,1070,1856
"2450",1997,4,35 - 39,2004,4036
"2450",1997,4,40 - 44,3394,7641
"2450",1997,4,45 - 49,5124,12720
"2450",1997,4,50 - 54,7500,17797
"2450",1997,4,55 - 59,10530,22407
"2450",1997,4,60 - 64,16248,30946
"2450",1997,4,65 - 69,26827,44279
"2450",1997,4,70 - 74,44616,60652
"2450",1997,4,75 - 79,66753,72782
"2450",1997,4,80 - 84,89598,72772
"2450",1997,4,85 - 89,225159,97139
"2450",1997,4,90 - 94,0,0
"2450",1997,4,95+,0,0
"2450",1997,4,UNK,22,54
"2450",1997,5,Total,12687,13066
"2450",1997,5,0,1505,2268
"2450",1997,5,1,55,84
"2450",1997,5,2,18,30
"2450",1997,5,3,9,20
"2450",1997,5,4,13,12
"2450",1997,5,5 - 9,33,46
"2450",1997,5,10 - 14,47,45
"2450",1997,5,15 - 19,83,197
"2450",1997,5,20 - 24,111,260
"2450",1997,5,25 - 29,141,347
"2450",1997,5,30 - 34,222,437
"2450",1997,5,35 - 39,306,649
"2450",1997,5,40 - 44,349,750
"2450",1997,5,45 - 49,367,679
"2450",1997,5,50 - 54,255,578
"2450",1997,5,55 - 59,295,556
"2450",1997,5,60 - 64,359,615
"2450",1997,5,65 - 69,459,777
"2450",1997,5,70 - 74,757,887
"2450",1997,5,75 - 79,1022,1050
"2450",1997,5,80 - 84,1393,998
"2450",1997,5,85 - 89,4869,1722
"2450",1997,5,90 - 94,0,0
"2450",1997,5,95+,0,0
"2450",1997,5,UNK,19,59
"2450",1997,6,Total,28886,18595
"2450",1997,6,0,4,5
"2450",1997,6,1,1,3
"2450",1997,6,2,0,0
"2450",1997,6,3,2,2
"2450",1997,6,4,0,2
"2450",1997,6,5 - 9,6,5
"2450",1997,6,10 - 14,8,6
"2450",1997,6,15 - 19,15,41
"2450",1997,6,20 - 24,22,108
"2450",1997,6,25 - 29,67,164
"2450",1997,6,30 - 34,159,342
"2450",1997,6,35 - 39,244,643
"2450",1997,6,40 - 44,332,918
"2450",1997,6,45 - 49,296,1060
"2450",1997,6,50 - 54,241,832
"2450",1997,6,55 - 59,234,684
"2450",1997,6,60 - 64,304,723
"2450",1997,6,65 - 69,491,834
"2450",1997,6,70 - 74,1122,1318
"2450",1997,6,75 - 79,2525,2168
"2450",1997,6,80 - 84,4770,3177
"2450",1997,6,85 - 89,18043,5550
"2450",1997,6,90 - 94,0,0
"2450",1997,6,95+,0,0
"2450",1997,6,UNK,0,10
"2450",1997,7,Total,31392,24853
"2450",1997,7,0,208,223
"2450",1997,7,1,82,82
"2450",1997,7,2,33,57
"2450",1997,7,3,27,39
"2450",1997,7,4,35,41
"2450",1997,7,5 - 9,128,139
"2450",1997,7,10 - 14,107,181
"2450",1997,7,15 - 19,120,250
"2450",1997,7,20 - 24,143,237
"2450",1997,7,25 - 29,156,243
"2450",1997,7,30 - 34,199,286
"2450",1997,7,35 - 39,292,371
"2450",1997,7,40 - 44,396,530
"2450",1997,7,45 - 49,534,632
"2450",1997,7,50 - 54,668,688
"2450",1997,7,55 - 59,733,771
"2450",1997,7,60 - 64,951,1012
"2450",1997,7,65 - 69,1517,1702
"2450",1997,7,70 - 74,2535,2752
"2450",1997,7,75 - 79,4273,4296
"2450",1997,7,80 - 84,5950,4815
"2450",1997,7,85 - 89,12305,5503
"2450",1997,7,90 - 94,0,0
"2450",1997,7,95+,0,0
"2450",1997,7,UNK,0,3
"2450",1997,8,Total,51312,50171
"2450",1997,8,0,163,193
"2450",1997,8,1,30,36
"2450",1997,8,2,27,29
"2450",1997,8,3,17,7
"2450",1997,8,4,10,18
"2450",1997,8,5 - 9,74,83
"2450",1997,8,10 - 14,57,86
"2450",1997,8,15 - 19,109,103
"2450",1997,8,20 - 24,243,271
"2450",1997,8,25 - 29,536,999
"2450",1997,8,30 - 34,1006,2598
"2450",1997,8,35 - 39,1270,3600
"2450",1997,8,40 - 44,1344,3719
"2450",1997,8,45 - 49,1495,3330
"2450",1997,8,50 - 54,1638,2865
"2450",1997,8,55 - 59,2179,2813
"2450",1997,8,60 - 64,2981,3301
"2450",1997,8,65 - 69,4172,4415
"2450",1997,8,70 - 74,5823,5602
"2450",1997,8,75 - 79,7035,5783
"2450",1997,8,80 - 84,7595,4926
"2450",1997,8,85 - 89,13507,5387
"2450",1997,8,90 - 94,0,0
"2450",1997,8,95+,0,0
"2450",1997,8,UNK,1,7
"2450",1997,9,Total,39723,39346
"2450",1997,9,0,127,213
"2450",1997,9,1,37,32
"2450",1997,9,2,11,20
"2450",1997,9,3,10,9
"2450",1997,9,4,4,7
"2450",1997,9,5 - 9,23,34
"2450",1997,9,10 - 14,20,33
"2450",1997,9,15 - 19,48,48
"2450",1997,9,20 - 24,61,81
"2450",1997,9,25 - 29,102,154
"2450",1997,9,30 - 34,282,489
"2450",1997,9,35 - 39,682,1230
"2450",1997,9,40 - 44,1091,2402
"2450",1997,9,45 - 49,1246,3190
"2450",1997,9,50 - 54,1396,3047
"2450",1997,9,55 - 59,1540,2927
"2450",1997,9,60 - 64,2107,3344
"2450",1997,9,65 - 69,3033,3978
"2450",1997,9,70 - 74,4268,4445
"2450",1997,9,75 - 79,5353,4660
"2450",1997,9,80 - 84,5887,4077
"2450",1997,9,85 - 89,12395,4920
"2450",1997,9,90 - 94,0,0
"2450",1997,9,95+,0,0
"2450",1997,9,UNK,0,6
"2450",1997,10,Total,26112,20241
"2450",1997,10,0,63,93
"2450",1997,10,1,7,0
"2450",1997,10,2,3,3
"2450",1997,10,3,3,1
"2450",1997,10,4,1,7
"2450",1997,10,5 - 9,2,5
"2450",1997,10,10 - 14,9,7
"2450",1997,10,15 - 19,15,17
"2450",1997,10,20 - 24,20,32
"2450",1997,10,25 - 29,48,73
"2450",1997,10,30 - 34,110,97
"2450",1997,10,35 - 39,150,188
"2450",1997,10,40 - 44,201,293
"2450",1997,10,45 - 49,301,358
"2450",1997,10,50 - 54,421,469
"2450",1997,10,55 - 59,570,648
"2450",1997,10,60 - 64,916,948
"2450",1997,10,65 - 69,1443,1471
"2450",1997,10,70 - 74,2449,2508
"2450",1997,10,75 - 79,3470,3340
"2450",1997,10,80 - 84,4804,3775
"2450",1997,10,85 - 89,11106,5905
"2450",1997,10,90 - 94,0,0
"2450",1997,10,95+,0,0
"2450",1997,10,UNK,0,3
"2450",1997,11,Total,11345,13658
"2450",1997,11,0,8539,10574
"2450",1997,11,1,157,191
"2450",1997,11,2,63,86
"2450",1997,11,3,53,53
"2450",1997,11,4,28,33
"2450",1997,11,5 - 9,115,135
"2450",1997,11,10 - 14,117,117
"2450",1997,11,15 - 19,88,140
"2450",1997,11,20 - 24,98,112
"2450",1997,11,25 - 29,102,128
"2450",1997,11,30 - 34,98,133
"2450",1997,11,35 - 39,108,155
"2450",1997,11,40 - 44,140,137
"2450",1997,11,45 - 49,122,154
"2450",1997,11,50 - 54,126,140
"2450",1997,11,55 - 59,114,126
"2450",1997,11,60 - 64,112,150
"2450",1997,11,65 - 69,158,153
"2450",1997,11,70 - 74,157,192
"2450",1997,11,75 - 79,227,243
"2450",1997,11,80 - 84,241,241
"2450",1997,11,85 - 89,381,262
"2450",1997,11,90 - 94,0,0
"2450",1997,11,95+,0,0
"2450",1997,11,UNK,1,3
"2450",1997,12,Total,116026,111916
"2450",1997,12,0,312,501
"2450",1997,12,1,60,96
"2450",1997,12,2,49,47
"2450",1997,12,3,27,33
"2450",1997,12,4,17,16
"2450",1997,12,5 - 9,78,95
"2450",1997,12,10 - 14,92,95
"2450",1997,12,15 - 19,89,162
"2450",1997,12,20 - 24,146,173
"2450",1997,12,25 - 29,215,250
"2450",1997,12,30 - 34,305,402
"2450",1997,12,35 - 39,508,636
"2450",1997,12,40 - 44,808,956
"2450",1997,12,45 - 49,1080,1438
"2450",1997,12,50 - 54,1701,2026
"2450",1997,12,55 - 59,2677,3137
"2450",1997,12,60 - 64,4718,5611
"2450",1997,12,65 - 69,8047,10333
"2450",1997,12,70 - 74,12810,16195
"2450",1997,12,75 - 79,17623,20422
"2450",1997,12,80 - 84,21075,21283
"2450",1997,12,85 - 89,43584,28000
"2450",1997,12,90 - 94,0,0
"2450",1997,12,95+,0,0
"2450",1997,12,UNK,5,9
"2450",1997,13,Total,40738,89462
"2450",1997,13,0,355,467
"2450",1997,13,1,260,350
"2450",1997,13,2,223,312
"2450",1997,13,3,192,316
"2450",1997,13,4,159,233
"2450",1997,13,5 - 9,608,946
"2450",1997,13,10 - 14,739,1434
"2450",1997,13,15 - 19,2366,6202
"2450",1997,13,20 - 24,1910,7498
"2450",1997,13,25 - 29,1950,7211
"2450",1997,13,30 - 34,2233,7706
"2450",1997,13,35 - 39,2795,8679
"2450",1997,13,40 - 44,2748,8445
"2450",1997,13,45 - 49,2327,6857
"2450",1997,13,50 - 54,1923,4930
"2450",1997,13,55 - 59,1583,3952
"2450",1997,13,60 - 64,1401,3358
"2450",1997,13,65 - 69,1675,3523
"2450",1997,13,70 - 74,2216,3957
"2450",1997,13,75 - 79,2874,4276
"2450",1997,13,80 - 84,3353,3956
"2450",1997,13,85 - 89,6833,4731
"2450",1997,13,90 - 94,0,0
"2450",1997,13,95+,0,0
"2450",1997,13,UNK,15,123
"2450",1997,14,Total,4384,15107
"2450",1997,14,0,135,182
"2450",1997,14,1,65,91
"2450",1997,14,2,40,59
"2450",1997,14,3,34,42
"2450",1997,14,4,27,17
"2450",1997,14,5 - 9,79,95
"2450",1997,14,10 - 14,83,199
"2450",1997,14,15 - 19,381,2220
"2450",1997,14,20 - 24,461,3021
"2450",1997,14,25 - 29,471,2228
"2450",1997,14,30 - 34,530,1732
"2450",1997,14,35 - 39,530,1470
"2450",1997,14,40 - 44,410,1159
"2450",1997,14,45 - 49,303,858
"2450",1997,14,50 - 54,164,504
"2450",1997,14,55 - 59,127,350
"2450",1997,14,60 - 64,95,262
"2450",1997,14,65 - 69,92,194
"2450",1997,14,70 - 74,100,153
"2450",1997,14,75 - 79,90,113
"2450",1997,14,80 - 84,68,61
"2450",1997,14,85 - 89,83,66
"2450",1997,14,90 - 94,0,0
"2450",1997,14,95+,0,0
"2450",1997,14,UNK,16,31
"2450",1998,1,Total,1179996,1157260
"2450",1998,1,0,12585,15786
"2450",1998,1,1,932,1104
"2450",1998,1,2,590,773
"2450",1998,1,3,449,568
"2450",1998,1,4,360,475
"2450",1998,1,5 - 9,1492,2038
"2450",1998,1,10 - 14,1613,2648
"2450",1998,1,15 - 19,3875,9913
"2450",1998,1,20 - 24,4035,12804
"2450",1998,1,25 - 29,5261,12890
"2450",1998,1,30 - 34,8040,16325
"2450",1998,1,35 - 39,13202,24034
"2450",1998,1,40 - 44,18525,33105
"2450",1998,1,45 - 49,23703,41707
"2450",1998,1,50 - 54,31049,50020
"2450",1998,1,55 - 59,39750,60895
"2450",1998,1,60 - 64,53840,79239
"2450",1998,1,65 - 69,79587,110193
"2450",1998,1,70 - 74,120052,149150
"2450",1998,1,75 - 79,158037,171426
"2450",1998,1,80 - 84,189414,162786
"2450",1998,1,85 - 89,413518,199057
"2450",1998,1,90 - 94,0,0
"2450",1998,1,95+,0,0
"2450",1998,1,UNK,87,324
"2450",1998,2,Total,19918,17908
"2450",1998,2,0,321,413
"2450",1998,2,1,50,62
"2450",1998,2,2,27,34
"2450",1998,2,3,10,12
"2450",1998,2,4,10,20
"2450",1998,2,5 - 9,38,52
"2450",1998,2,10 - 14,45,45
"2450",1998,2,15 - 19,66,78
"2450",1998,2,20 - 24,78,88
"2450",1998,2,25 - 29,120,136
"2450",1998,2,30 - 34,204,279
"2450",1998,2,35 - 39,335,557
"2450",1998,2,40 - 44,515,956
"2450",1998,2,45 - 49,616,1171
"2450",1998,2,50 - 54,696,1052
"2450",1998,2,55 - 59,822,1000
"2450",1998,2,60 - 64,1027,1153
"2450",1998,2,65 - 69,1480,1550
"2450",1998,2,70 - 74,2028,2017
"2450",1998,2,75 - 79,2542,2351
"2450",1998,2,80 - 84,2955,2227
"2450",1998,2,85 - 89,5931,2655
"2450",1998,2,90 - 94,0,0
"2450",1998,2,95+,0,0
"2450",1998,2,UNK,2,0
"2450",1998,3,Total,263884,285581
"2450",1998,3,0,66,72
"2450",1998,3,1,52,45
"2450",1998,3,2,42,59
"2450",1998,3,3,55,55
"2450",1998,3,4,52,58
"2450",1998,3,5 - 9,230,309
"2450",1998,3,10 - 14,239,319
"2450",1998,3,15 - 19,305,477
"2450",1998,3,20 - 24,414,624
"2450",1998,3,25 - 29,727,819
"2450",1998,3,30 - 34,1636,1378
"2450",1998,3,35 - 39,3477,2606
"2450",1998,3,40 - 44,6110,5160
"2450",1998,3,45 - 49,9351,9036
"2450",1998,3,50 - 54,13555,14322
"2450",1998,3,55 - 59,17362,20345
"2450",1998,3,60 - 64,22373,27717
"2450",1998,3,65 - 69,29909,38595
"2450",1998,3,70 - 74,39349,48420
"2450",1998,3,75 - 79,40924,47659
"2450",1998,3,80 - 84,35803,36489
"2450",1998,3,85 - 89,41848,31009
"2450",1998,3,90 - 94,0,0
"2450",1998,3,95+,0,0
"2450",1998,3,UNK,5,8
"2450",1998,4,Total,501741,443221
"2450",1998,4,0,458,535
"2450",1998,4,1,63,66
"2450",1998,4,2,40,31
"2450",1998,4,3,19,27
"2450",1998,4,4,15,22
"2450",1998,4,5 - 9,80,120
"2450",1998,4,10 - 14,103,131
"2450",1998,4,15 - 19,177,333
"2450",1998,4,20 - 24,331,492
"2450",1998,4,25 - 29,588,878
"2450",1998,4,30 - 34,1046,1739
"2450",1998,4,35 - 39,2083,4049
"2450",1998,4,40 - 44,3465,7717
"2450",1998,4,45 - 49,5147,12549
"2450",1998,4,50 - 54,7546,17700
"2450",1998,4,55 - 59,10696,22410
"2450",1998,4,60 - 64,15963,30226
"2450",1998,4,65 - 69,26014,42122
"2450",1998,4,70 - 74,43830,58885
"2450",1998,4,75 - 79,66059,72298
"2450",1998,4,80 - 84,89758,73170
"2450",1998,4,85 - 89,228236,97680
"2450",1998,4,90 - 94,0,0
"2450",1998,4,95+,0,0
"2450",1998,4,UNK,24,41
"2450",1998,5,Total,13226,12766
"2450",1998,5,0,1465,2193
"2450",1998,5,1,55,66
"2450",1998,5,2,24,35
"2450",1998,5,3,15,11
"2450",1998,5,4,6,7
"2450",1998,5,5 - 9,38,36
"2450",1998,5,10 - 14,38,44
"2450",1998,5,15 - 19,76,158
"2450",1998,5,20 - 24,86,238
"2450",1998,5,25 - 29,133,290
"2450",1998,5,30 - 34,214,421
"2450",1998,5,35 - 39,306,608
"2450",1998,5,40 - 44,364,688
"2450",1998,5,45 - 49,347,683
"2450",1998,5,50 - 54,321,584
"2450",1998,5,55 - 59,286,498
"2450",1998,5,60 - 64,355,595
"2450",1998,5,65 - 69,489,738
"2450",1998,5,70 - 74,749,926
"2450",1998,5,75 - 79,1055,990
"2450",1998,5,80 - 84,1542,1032
"2450",1998,5,85 - 89,5242,1857
"2450",1998,5,90 - 94,0,0
"2450",1998,5,95+,0,0
"2450",1998,5,UNK,20,68
"2450",1998,6,Total,32669,20150
"2450",1998,6,0,2,5
"2450",1998,6,1,1,3
"2450",1998,6,2,0,1
"2450",1998,6,3,1,1
"2450",1998,6,4,1,2
"2450",1998,6,5 - 9,5,10
"2450",1998,6,10 - 14,11,10
"2450",1998,6,15 - 19,26,41
"2450",1998,6,20 - 24,29,105
"2450",1998,6,25 - 29,54,152
"2450",1998,6,30 - 34,137,334
"2450",1998,6,35 - 39,256,660
"2450",1998,6,40 - 44,354,924
"2450",1998,6,45 - 49,323,1092
"2450",1998,6,50 - 54,309,892
"2450",1998,6,55 - 59,254,768
"2450",1998,6,60 - 64,288,747
"2450",1998,6,65 - 69,540,871
"2450",1998,6,70 - 74,1177,1434
"2450",1998,6,75 - 79,2732,2380
"2450",1998,6,80 - 84,5657,3416
"2450",1998,6,85 - 89,20512,6302
"2450",1998,6,90 - 94,0,0
"2450",1998,6,95+,0,0
"2450",1998,6,UNK,0,0
"2450",1998,7,Total,32252,25510
"2450",1998,7,0,205,242
"2450",1998,7,1,81,83
"2450",1998,7,2,44,57
"2450",1998,7,3,34,42
"2450",1998,7,4,29,31
"2450",1998,7,5 - 9,120,151
"2450",1998,7,10 - 14,96,176
"2450",1998,7,15 - 19,122,253
"2450",1998,7,20 - 24,111,224
"2450",1998,7,25 - 29,159,214
"2450",1998,7,30 - 34,197,272
"2450",1998,7,35 - 39,265,365
"2450",1998,7,40 - 44,428,508
"2450",1998,7,45 - 49,587,638
"2450",1998,7,50 - 54,659,723
"2450",1998,7,55 - 59,776,837
"2450",1998,7,60 - 64,1004,1050
"2450",1998,7,65 - 69,1479,1714
"2450",1998,7,70 - 74,2598,2853
"2450",1998,7,75 - 79,4311,4390
"2450",1998,7,80 - 84,5991,4845
"2450",1998,7,85 - 89,12954,5842
"2450",1998,7,90 - 94,0,0
"2450",1998,7,95+,0,0
"2450",1998,7,UNK,2,0
"2450",1998,8,Total,52320,49264
"2450",1998,8,0,151,167
"2450",1998,8,1,31,26
"2450",1998,8,2,22,19
"2450",1998,8,3,15,13
"2450",1998,8,4,11,11
"2450",1998,8,5 - 9,56,48
"2450",1998,8,10 - 14,59,62
"2450",1998,8,15 - 19,113,105
"2450",1998,8,20 - 24,227,224
"2450",1998,8,25 - 29,492,781
"2450",1998,8,30 - 34,886,1945
"2450",1998,8,35 - 39,1187,2916
"2450",1998,8,40 - 44,1304,3303
"2450",1998,8,45 - 49,1376,3133
"2450",1998,8,50 - 54,1682,2840
"2450",1998,8,55 - 59,2206,3031
"2450",1998,8,60 - 64,2912,3539
"2450",1998,8,65 - 69,4152,4514
"2450",1998,8,70 - 74,5955,5615
"2450",1998,8,75 - 79,7298,6010
"2450",1998,8,80 - 84,7864,5258
"2450",1998,8,85 - 89,14320,5697
"2450",1998,8,90 - 94,0,0
"2450",1998,8,95+,0,0
"2450",1998,8,UNK,1,7
"2450",1998,9,Total,39907,39450
"2450",1998,9,0,145,185
"2450",1998,9,1,30,32
"2450",1998,9,2,18,20
"2450",1998,9,3,5,14
"2450",1998,9,4,4,7
"2450",1998,9,5 - 9,18,35
"2450",1998,9,10 - 14,32,27
"2450",1998,9,15 - 19,33,48
"2450",1998,9,20 - 24,65,72
"2450",1998,9,25 - 29,112,178
"2450",1998,9,30 - 34,292,463
"2450",1998,9,35 - 39,662,1136
"2450",1998,9,40 - 44,1042,2348
"2450",1998,9,45 - 49,1282,3273
"2450",1998,9,50 - 54,1450,3155
"2450",1998,9,55 - 59,1672,3041
"2450",1998,9,60 - 64,2016,3366
"2450",1998,9,65 - 69,2942,3861
"2450",1998,9,70 - 74,4157,4444
"2450",1998,9,75 - 79,5372,4553
"2450",1998,9,80 - 84,6159,4150
"2450",1998,9,85 - 89,12398,5036
"2450",1998,9,90 - 94,0,0
"2450",1998,9,95+,0,0
"2450",1998,9,UNK,1,6
"2450",1998,10,Total,27394,20983
"2450",1998,10,0,81,80
"2450",1998,10,1,1,6
"2450",1998,10,2,3,5
"2450",1998,10,3,2,2
"2450",1998,10,4,2,1
"2450",1998,10,5 - 9,6,7
"2450",1998,10,10 - 14,5,6
"2450",1998,10,15 - 19,13,17
"2450",1998,10,20 - 24,31,20
"2450",1998,10,25 - 29,53,50
"2450",1998,10,30 - 34,88,88
"2450",1998,10,35 - 39,147,165
"2450",1998,10,40 - 44,186,292
"2450",1998,10,45 - 49,291,456
"2450",1998,10,50 - 54,417,504
"2450",1998,10,55 - 59,598,681
"2450",1998,10,60 - 64,889,940
"2450",1998,10,65 - 69,1477,1517
"2450",1998,10,70 - 74,2637,2504
"2450",1998,10,75 - 79,3817,3476
"2450",1998,10,80 - 84,5027,4047
"2450",1998,10,85 - 89,11623,6118
"2450",1998,10,90 - 94,0,0
"2450",1998,10,95+,0,0
"2450",1998,10,UNK,0,1
"2450",1998,11,Total,11667,13695
"2450",1998,11,0,8795,10711
"2450",1998,11,1,149,167
"2450",1998,11,2,84,76
"2450",1998,11,3,51,47
"2450",1998,11,4,31,34
"2450",1998,11,5 - 9,103,111
"2450",1998,11,10 - 14,86,97
"2450",1998,11,15 - 19,92,128
"2450",1998,11,20 - 24,103,133
"2450",1998,11,25 - 29,95,130
"2450",1998,11,30 - 34,106,129
"2450",1998,11,35 - 39,131,151
"2450",1998,11,40 - 44,138,133
"2450",1998,11,45 - 49,118,163
"2450",1998,11,50 - 54,121,125
"2450",1998,11,55 - 59,115,136
"2450",1998,11,60 - 64,140,132
"2450",1998,11,65 - 69,132,156
"2450",1998,11,70 - 74,177,187
"2450",1998,11,75 - 79,245,254
"2450",1998,11,80 - 84,261,239
"2450",1998,11,85 - 89,392,256
"2450",1998,11,90 - 94,0,0
"2450",1998,11,95+,0,0
"2450",1998,11,UNK,2,0
"2450",1998,12,Total,123393,115606
"2450",1998,12,0,351,467
"2450",1998,12,1,60,84
"2450",1998,12,2,36,42
"2450",1998,12,3,25,31
"2450",1998,12,4,15,20
"2450",1998,12,5 - 9,99,82
"2450",1998,12,10 - 14,75,118
"2450",1998,12,15 - 19,107,120
"2450",1998,12,20 - 24,153,207
"2450",1998,12,25 - 29,192,253
"2450",1998,12,30 - 34,286,380
"2450",1998,12,35 - 39,517,617
"2450",1998,12,40 - 44,837,979
"2450",1998,12,45 - 49,1091,1335
"2450",1998,12,50 - 54,1725,2035
"2450",1998,12,55 - 59,2696,3362
"2450",1998,12,60 - 64,4671,5720
"2450",1998,12,65 - 69,8156,10175
"2450",1998,12,70 - 74,13497,16619
"2450",1998,12,75 - 79,18644,21230
"2450",1998,12,80 - 84,22522,22051
"2450",1998,12,85 - 89,47637,29665
"2450",1998,12,90 - 94,0,0
"2450",1998,12,95+,0,0
"2450",1998,12,UNK,1,14
"2450",1998,13,Total,41987,90565
"2450",1998,13,0,343,486
"2450",1998,13,1,260,376
"2450",1998,13,2,202,318
"2450",1998,13,3,176,266
"2450",1998,13,4,158,222
"2450",1998,13,5 - 9,593,973
"2450",1998,13,10 - 14,673,1408
"2450",1998,13,15 - 19,2325,6169
"2450",1998,13,20 - 24,1812,7595
"2450",1998,13,25 - 29,1848,6919
"2450",1998,13,30 - 34,2229,7266
"2450",1998,13,35 - 39,2985,8684
"2450",1998,13,40 - 44,2972,8727
"2450",1998,13,45 - 49,2446,7168
"2450",1998,13,50 - 54,1979,5246
"2450",1998,13,55 - 59,1632,4074
"2450",1998,13,60 - 64,1463,3357
"2450",1998,13,65 - 69,1754,3506
"2450",1998,13,70 - 74,2335,4005
"2450",1998,13,75 - 79,3003,4313
"2450",1998,13,80 - 84,3525,4319
"2450",1998,13,85 - 89,7259,5030
"2450",1998,13,90 - 94,0,0
"2450",1998,13,95+,0,0
"2450",1998,13,UNK,15,138
"2450",1998,14,Total,4241,13652
"2450",1998,14,0,150,172
"2450",1998,14,1,77,81
"2450",1998,14,2,42,63
"2450",1998,14,3,36,44
"2450",1998,14,4,21,35
"2450",1998,14,5 - 9,86,84
"2450",1998,14,10 - 14,115,172
"2450",1998,14,15 - 19,339,1944
"2450",1998,14,20 - 24,446,2702
"2450",1998,14,25 - 29,479,2004
"2450",1998,14,30 - 34,475,1489
"2450",1998,14,35 - 39,528,1346
"2450",1998,14,40 - 44,438,1137
"2450",1998,14,45 - 49,285,748
"2450",1998,14,50 - 54,146,516
"2450",1998,14,55 - 59,109,340
"2450",1998,14,60 - 64,78,230
"2450",1998,14,65 - 69,79,172
"2450",1998,14,70 - 74,85,128
"2450",1998,14,75 - 79,72,111
"2450",1998,14,80 - 84,79,56
"2450",1998,14,85 - 89,62,37
"2450",1998,14,90 - 94,0,0
"2450",1998,14,95+,0,0
"2450",1998,14,UNK,14,41
