"","Year","Cause","Age","Female","Male"
"2025",1990,1,Total,176,222
"2025",1990,1,0,10,5
"2025",1990,1,1,0,0
"2025",1990,1,2,0,2
"2025",1990,1,3,0,0
"2025",1990,1,4,0,0
"2025",1990,1,5 - 9,1,1
"2025",1990,1,10 - 14,0,1
"2025",1990,1,15 - 19,1,0
"2025",1990,1,20 - 24,1,5
"2025",1990,1,25 - 29,3,3
"2025",1990,1,30 - 34,2,6
"2025",1990,1,35 - 39,1,5
"2025",1990,1,40 - 44,5,9
"2025",1990,1,45 - 49,5,7
"2025",1990,1,50 - 54,10,10
"2025",1990,1,55 - 59,9,13
"2025",1990,1,60 - 64,9,16
"2025",1990,1,65 - 69,16,21
"2025",1990,1,70 - 74,21,28
"2025",1990,1,75 - 79,23,33
"2025",1990,1,80 - 84,26,35
"2025",1990,1,85 - 89,18,14
"2025",1990,1,90 - 94,11,5
"2025",1990,1,95+,4,3
"2025",1990,1,UNK,0,0
"2025",1990,2,Total,3,2
"2025",1990,2,0,0,0
"2025",1990,2,1,0,0
"2025",1990,2,2,0,0
"2025",1990,2,3,0,0
"2025",1990,2,4,0,0
"2025",1990,2,5 - 9,0,0
"2025",1990,2,10 - 14,0,0
"2025",1990,2,15 - 19,0,0
"2025",1990,2,20 - 24,0,0
"2025",1990,2,25 - 29,0,0
"2025",1990,2,30 - 34,0,0
"2025",1990,2,35 - 39,0,0
"2025",1990,2,40 - 44,0,0
"2025",1990,2,45 - 49,1,0
"2025",1990,2,50 - 54,0,1
"2025",1990,2,55 - 59,0,1
"2025",1990,2,60 - 64,0,0
"2025",1990,2,65 - 69,2,0
"2025",1990,2,70 - 74,0,0
"2025",1990,2,75 - 79,0,0
"2025",1990,2,80 - 84,0,0
"2025",1990,2,85 - 89,0,0
"2025",1990,2,90 - 94,0,0
"2025",1990,2,95+,0,0
"2025",1990,2,UNK,0,0
"2025",1990,3,Total,35,44
"2025",1990,3,0,0,0
"2025",1990,3,1,0,0
"2025",1990,3,2,0,0
"2025",1990,3,3,0,0
"2025",1990,3,4,0,0
"2025",1990,3,5 - 9,0,0
"2025",1990,3,10 - 14,0,0
"2025",1990,3,15 - 19,0,0
"2025",1990,3,20 - 24,0,0
"2025",1990,3,25 - 29,0,0
"2025",1990,3,30 - 34,1,1
"2025",1990,3,35 - 39,0,0
"2025",1990,3,40 - 44,0,0
"2025",1990,3,45 - 49,2,1
"2025",1990,3,50 - 54,3,2
"2025",1990,3,55 - 59,1,1
"2025",1990,3,60 - 64,6,5
"2025",1990,3,65 - 69,3,6
"2025",1990,3,70 - 74,6,9
"2025",1990,3,75 - 79,4,7
"2025",1990,3,80 - 84,6,8
"2025",1990,3,85 - 89,3,2
"2025",1990,3,90 - 94,0,1
"2025",1990,3,95+,0,1
"2025",1990,3,UNK,0,0
"2025",1990,4,Total,57,78
"2025",1990,4,0,0,1
"2025",1990,4,1,0,0
"2025",1990,4,2,0,0
"2025",1990,4,3,0,0
"2025",1990,4,4,0,0
"2025",1990,4,5 - 9,1,0
"2025",1990,4,10 - 14,0,0
"2025",1990,4,15 - 19,0,0
"2025",1990,4,20 - 24,0,0
"2025",1990,4,25 - 29,0,1
"2025",1990,4,30 - 34,0,0
"2025",1990,4,35 - 39,0,2
"2025",1990,4,40 - 44,1,1
"2025",1990,4,45 - 49,1,2
"2025",1990,4,50 - 54,2,3
"2025",1990,4,55 - 59,2,7
"2025",1990,4,60 - 64,3,8
"2025",1990,4,65 - 69,7,7
"2025",1990,4,70 - 74,5,8
"2025",1990,4,75 - 79,10,15
"2025",1990,4,80 - 84,10,15
"2025",1990,4,85 - 89,10,6
"2025",1990,4,90 - 94,5,1
"2025",1990,4,95+,0,1
"2025",1990,4,UNK,0,0
"2025",1990,5,Total,25,49
"2025",1990,5,0,0,2
"2025",1990,5,1,0,0
"2025",1990,5,2,0,1
"2025",1990,5,3,0,0
"2025",1990,5,4,0,0
"2025",1990,5,5 - 9,0,1
"2025",1990,5,10 - 14,0,1
"2025",1990,5,15 - 19,1,0
"2025",1990,5,20 - 24,0,4
"2025",1990,5,25 - 29,1,2
"2025",1990,5,30 - 34,0,2
"2025",1990,5,35 - 39,0,2
"2025",1990,5,40 - 44,3,4
"2025",1990,5,45 - 49,0,2
"2025",1990,5,50 - 54,2,3
"2025",1990,5,55 - 59,1,2
"2025",1990,5,60 - 64,0,1
"2025",1990,5,65 - 69,1,3
"2025",1990,5,70 - 74,5,5
"2025",1990,5,75 - 79,2,3
"2025",1990,5,80 - 84,2,7
"2025",1990,5,85 - 89,2,2
"2025",1990,5,90 - 94,4,1
"2025",1990,5,95+,1,1
"2025",1990,5,UNK,0,0
"2025",1990,6,Total,0,3
"2025",1990,6,0,0,0
"2025",1990,6,1,0,0
"2025",1990,6,2,0,0
"2025",1990,6,3,0,0
"2025",1990,6,4,0,0
"2025",1990,6,5 - 9,0,0
"2025",1990,6,10 - 14,0,0
"2025",1990,6,15 - 19,0,0
"2025",1990,6,20 - 24,0,0
"2025",1990,6,25 - 29,0,0
"2025",1990,6,30 - 34,0,1
"2025",1990,6,35 - 39,0,0
"2025",1990,6,40 - 44,0,0
"2025",1990,6,45 - 49,0,0
"2025",1990,6,50 - 54,0,1
"2025",1990,6,55 - 59,0,1
"2025",1990,6,60 - 64,0,0
"2025",1990,6,65 - 69,0,0
"2025",1990,6,70 - 74,0,0
"2025",1990,6,75 - 79,0,0
"2025",1990,6,80 - 84,0,0
"2025",1990,6,85 - 89,0,0
"2025",1990,6,90 - 94,0,0
"2025",1990,6,95+,0,0
"2025",1990,6,UNK,0,0
"2025",1990,7,Total,2,3
"2025",1990,7,0,0,0
"2025",1990,7,1,0,0
"2025",1990,7,2,0,0
"2025",1990,7,3,0,0
"2025",1990,7,4,0,0
"2025",1990,7,5 - 9,0,0
"2025",1990,7,10 - 14,0,0
"2025",1990,7,15 - 19,0,0
"2025",1990,7,20 - 24,0,1
"2025",1990,7,25 - 29,0,0
"2025",1990,7,30 - 34,0,0
"2025",1990,7,35 - 39,1,0
"2025",1990,7,40 - 44,0,0
"2025",1990,7,45 - 49,0,1
"2025",1990,7,50 - 54,0,0
"2025",1990,7,55 - 59,0,0
"2025",1990,7,60 - 64,0,0
"2025",1990,7,65 - 69,0,0
"2025",1990,7,70 - 74,0,1
"2025",1990,7,75 - 79,0,0
"2025",1990,7,80 - 84,0,0
"2025",1990,7,85 - 89,0,0
"2025",1990,7,90 - 94,0,0
"2025",1990,7,95+,1,0
"2025",1990,7,UNK,0,0
"2025",1990,8,Total,13,13
"2025",1990,8,0,0,0
"2025",1990,8,1,0,0
"2025",1990,8,2,0,0
"2025",1990,8,3,0,0
"2025",1990,8,4,0,0
"2025",1990,8,5 - 9,0,0
"2025",1990,8,10 - 14,0,0
"2025",1990,8,15 - 19,0,0
"2025",1990,8,20 - 24,0,0
"2025",1990,8,25 - 29,2,0
"2025",1990,8,30 - 34,0,1
"2025",1990,8,35 - 39,0,0
"2025",1990,8,40 - 44,1,1
"2025",1990,8,45 - 49,1,1
"2025",1990,8,50 - 54,1,0
"2025",1990,8,55 - 59,3,1
"2025",1990,8,60 - 64,0,1
"2025",1990,8,65 - 69,0,1
"2025",1990,8,70 - 74,1,0
"2025",1990,8,75 - 79,1,4
"2025",1990,8,80 - 84,1,2
"2025",1990,8,85 - 89,1,1
"2025",1990,8,90 - 94,1,0
"2025",1990,8,95+,0,0
"2025",1990,8,UNK,0,0
"2025",1990,9,Total,7,3
"2025",1990,9,0,0,0
"2025",1990,9,1,0,0
"2025",1990,9,2,0,0
"2025",1990,9,3,0,0
"2025",1990,9,4,0,0
"2025",1990,9,5 - 9,0,0
"2025",1990,9,10 - 14,0,0
"2025",1990,9,15 - 19,0,0
"2025",1990,9,20 - 24,0,0
"2025",1990,9,25 - 29,0,0
"2025",1990,9,30 - 34,0,0
"2025",1990,9,35 - 39,0,0
"2025",1990,9,40 - 44,0,1
"2025",1990,9,45 - 49,0,0
"2025",1990,9,50 - 54,0,0
"2025",1990,9,55 - 59,0,0
"2025",1990,9,60 - 64,0,0
"2025",1990,9,65 - 69,0,1
"2025",1990,9,70 - 74,1,0
"2025",1990,9,75 - 79,2,0
"2025",1990,9,80 - 84,2,1
"2025",1990,9,85 - 89,2,0
"2025",1990,9,90 - 94,0,0
"2025",1990,9,95+,0,0
"2025",1990,9,UNK,0,0
"2025",1990,10,Total,7,8
"2025",1990,10,0,0,0
"2025",1990,10,1,0,0
"2025",1990,10,2,0,0
"2025",1990,10,3,0,0
"2025",1990,10,4,0,0
"2025",1990,10,5 - 9,0,0
"2025",1990,10,10 - 14,0,0
"2025",1990,10,15 - 19,0,0
"2025",1990,10,20 - 24,0,0
"2025",1990,10,25 - 29,0,0
"2025",1990,10,30 - 34,0,0
"2025",1990,10,35 - 39,0,1
"2025",1990,10,40 - 44,0,1
"2025",1990,10,45 - 49,0,0
"2025",1990,10,50 - 54,0,0
"2025",1990,10,55 - 59,2,0
"2025",1990,10,60 - 64,0,1
"2025",1990,10,65 - 69,1,1
"2025",1990,10,70 - 74,1,2
"2025",1990,10,75 - 79,1,1
"2025",1990,10,80 - 84,2,1
"2025",1990,10,85 - 89,0,0
"2025",1990,10,90 - 94,0,0
"2025",1990,10,95+,0,0
"2025",1990,10,UNK,0,0
"2025",1990,11,Total,9,2
"2025",1990,11,0,9,2
"2025",1990,11,1,0,0
"2025",1990,11,2,0,0
"2025",1990,11,3,0,0
"2025",1990,11,4,0,0
"2025",1990,11,5 - 9,0,0
"2025",1990,11,10 - 14,0,0
"2025",1990,11,15 - 19,0,0
"2025",1990,11,20 - 24,0,0
"2025",1990,11,25 - 29,0,0
"2025",1990,11,30 - 34,0,0
"2025",1990,11,35 - 39,0,0
"2025",1990,11,40 - 44,0,0
"2025",1990,11,45 - 49,0,0
"2025",1990,11,50 - 54,0,0
"2025",1990,11,55 - 59,0,0
"2025",1990,11,60 - 64,0,0
"2025",1990,11,65 - 69,0,0
"2025",1990,11,70 - 74,0,0
"2025",1990,11,75 - 79,0,0
"2025",1990,11,80 - 84,0,0
"2025",1990,11,85 - 89,0,0
"2025",1990,11,90 - 94,0,0
"2025",1990,11,95+,0,0
"2025",1990,11,UNK,0,0
"2025",1990,12,Total,10,11
"2025",1990,12,0,1,0
"2025",1990,12,1,0,0
"2025",1990,12,2,0,0
"2025",1990,12,3,0,0
"2025",1990,12,4,0,0
"2025",1990,12,5 - 9,0,0
"2025",1990,12,10 - 14,0,0
"2025",1990,12,15 - 19,0,0
"2025",1990,12,20 - 24,0,0
"2025",1990,12,25 - 29,0,0
"2025",1990,12,30 - 34,0,0
"2025",1990,12,35 - 39,0,0
"2025",1990,12,40 - 44,0,0
"2025",1990,12,45 - 49,0,0
"2025",1990,12,50 - 54,2,0
"2025",1990,12,55 - 59,0,0
"2025",1990,12,60 - 64,0,0
"2025",1990,12,65 - 69,1,2
"2025",1990,12,70 - 74,1,3
"2025",1990,12,75 - 79,1,2
"2025",1990,12,80 - 84,1,0
"2025",1990,12,85 - 89,0,2
"2025",1990,12,90 - 94,1,2
"2025",1990,12,95+,2,0
"2025",1990,12,UNK,0,0
"2025",1990,13,Total,3,3
"2025",1990,13,0,0,0
"2025",1990,13,1,0,0
"2025",1990,13,2,0,0
"2025",1990,13,3,0,0
"2025",1990,13,4,0,0
"2025",1990,13,5 - 9,0,0
"2025",1990,13,10 - 14,0,0
"2025",1990,13,15 - 19,0,0
"2025",1990,13,20 - 24,1,0
"2025",1990,13,25 - 29,0,0
"2025",1990,13,30 - 34,0,0
"2025",1990,13,35 - 39,0,0
"2025",1990,13,40 - 44,0,1
"2025",1990,13,45 - 49,0,0
"2025",1990,13,50 - 54,0,0
"2025",1990,13,55 - 59,0,0
"2025",1990,13,60 - 64,0,0
"2025",1990,13,65 - 69,1,0
"2025",1990,13,70 - 74,0,0
"2025",1990,13,75 - 79,0,0
"2025",1990,13,80 - 84,1,1
"2025",1990,13,85 - 89,0,1
"2025",1990,13,90 - 94,0,0
"2025",1990,13,95+,0,0
"2025",1990,13,UNK,0,0
"2025",1990,14,Total,0,0
"2025",1990,14,0,0,0
"2025",1990,14,1,0,0
"2025",1990,14,2,0,0
"2025",1990,14,3,0,0
"2025",1990,14,4,0,0
"2025",1990,14,5 - 9,0,0
"2025",1990,14,10 - 14,0,0
"2025",1990,14,15 - 19,0,0
"2025",1990,14,20 - 24,0,0
"2025",1990,14,25 - 29,0,0
"2025",1990,14,30 - 34,0,0
"2025",1990,14,35 - 39,0,0
"2025",1990,14,40 - 44,0,0
"2025",1990,14,45 - 49,0,0
"2025",1990,14,50 - 54,0,0
"2025",1990,14,55 - 59,0,0
"2025",1990,14,60 - 64,0,0
"2025",1990,14,65 - 69,0,0
"2025",1990,14,70 - 74,0,0
"2025",1990,14,75 - 79,0,0
"2025",1990,14,80 - 84,0,0
"2025",1990,14,85 - 89,0,0
"2025",1990,14,90 - 94,0,0
"2025",1990,14,95+,0,0
"2025",1990,14,UNK,0,0
"2025",1995,1,Total,218,288
"2025",1995,1,0,2,2
"2025",1995,1,1,1,2
"2025",1995,1,2,0,0
"2025",1995,1,3,0,0
"2025",1995,1,4,0,0
"2025",1995,1,5 - 9,0,2
"2025",1995,1,10 - 14,1,1
"2025",1995,1,15 - 19,3,3
"2025",1995,1,20 - 24,2,6
"2025",1995,1,25 - 29,1,9
"2025",1995,1,30 - 34,1,8
"2025",1995,1,35 - 39,2,18
"2025",1995,1,40 - 44,1,1
"2025",1995,1,45 - 49,4,12
"2025",1995,1,50 - 54,4,18
"2025",1995,1,55 - 59,13,22
"2025",1995,1,60 - 64,16,33
"2025",1995,1,65 - 69,19,33
"2025",1995,1,70 - 74,26,28
"2025",1995,1,75 - 79,34,42
"2025",1995,1,80 - 84,39,23
"2025",1995,1,85 - 89,30,19
"2025",1995,1,90 - 94,16,5
"2025",1995,1,95+,3,1
"2025",1995,1,UNK,0,0
"2025",1995,2,Total,12,3
"2025",1995,2,0,0,0
"2025",1995,2,1,0,0
"2025",1995,2,2,0,0
"2025",1995,2,3,0,0
"2025",1995,2,4,0,0
"2025",1995,2,5 - 9,0,0
"2025",1995,2,10 - 14,0,0
"2025",1995,2,15 - 19,0,0
"2025",1995,2,20 - 24,0,0
"2025",1995,2,25 - 29,0,0
"2025",1995,2,30 - 34,0,0
"2025",1995,2,35 - 39,0,1
"2025",1995,2,40 - 44,0,0
"2025",1995,2,45 - 49,0,0
"2025",1995,2,50 - 54,0,0
"2025",1995,2,55 - 59,1,0
"2025",1995,2,60 - 64,0,0
"2025",1995,2,65 - 69,0,1
"2025",1995,2,70 - 74,2,0
"2025",1995,2,75 - 79,2,0
"2025",1995,2,80 - 84,4,0
"2025",1995,2,85 - 89,2,1
"2025",1995,2,90 - 94,0,0
"2025",1995,2,95+,1,0
"2025",1995,2,UNK,0,0
"2025",1995,3,Total,50,55
"2025",1995,3,0,0,0
"2025",1995,3,1,0,0
"2025",1995,3,2,0,0
"2025",1995,3,3,0,0
"2025",1995,3,4,0,0
"2025",1995,3,5 - 9,0,0
"2025",1995,3,10 - 14,0,0
"2025",1995,3,15 - 19,1,1
"2025",1995,3,20 - 24,0,1
"2025",1995,3,25 - 29,0,1
"2025",1995,3,30 - 34,0,0
"2025",1995,3,35 - 39,1,2
"2025",1995,3,40 - 44,1,0
"2025",1995,3,45 - 49,3,1
"2025",1995,3,50 - 54,0,6
"2025",1995,3,55 - 59,6,7
"2025",1995,3,60 - 64,3,6
"2025",1995,3,65 - 69,6,9
"2025",1995,3,70 - 74,7,4
"2025",1995,3,75 - 79,5,10
"2025",1995,3,80 - 84,7,5
"2025",1995,3,85 - 89,7,2
"2025",1995,3,90 - 94,3,0
"2025",1995,3,95+,0,0
"2025",1995,3,UNK,0,0
"2025",1995,4,Total,91,98
"2025",1995,4,0,0,0
"2025",1995,4,1,0,0
"2025",1995,4,2,0,0
"2025",1995,4,3,0,0
"2025",1995,4,4,0,0
"2025",1995,4,5 - 9,0,0
"2025",1995,4,10 - 14,0,0
"2025",1995,4,15 - 19,0,0
"2025",1995,4,20 - 24,0,0
"2025",1995,4,25 - 29,0,0
"2025",1995,4,30 - 34,0,2
"2025",1995,4,35 - 39,0,1
"2025",1995,4,40 - 44,0,0
"2025",1995,4,45 - 49,1,7
"2025",1995,4,50 - 54,3,4
"2025",1995,4,55 - 59,5,9
"2025",1995,4,60 - 64,8,12
"2025",1995,4,65 - 69,11,13
"2025",1995,4,70 - 74,7,10
"2025",1995,4,75 - 79,19,19
"2025",1995,4,80 - 84,16,11
"2025",1995,4,85 - 89,14,7
"2025",1995,4,90 - 94,6,3
"2025",1995,4,95+,1,0
"2025",1995,4,UNK,0,0
"2025",1995,5,Total,17,15
"2025",1995,5,0,0,0
"2025",1995,5,1,1,0
"2025",1995,5,2,0,0
"2025",1995,5,3,0,0
"2025",1995,5,4,0,0
"2025",1995,5,5 - 9,0,0
"2025",1995,5,10 - 14,0,0
"2025",1995,5,15 - 19,0,0
"2025",1995,5,20 - 24,0,1
"2025",1995,5,25 - 29,0,1
"2025",1995,5,30 - 34,1,0
"2025",1995,5,35 - 39,0,1
"2025",1995,5,40 - 44,0,0
"2025",1995,5,45 - 49,0,0
"2025",1995,5,50 - 54,1,2
"2025",1995,5,55 - 59,0,0
"2025",1995,5,60 - 64,2,3
"2025",1995,5,65 - 69,0,1
"2025",1995,5,70 - 74,3,1
"2025",1995,5,75 - 79,0,1
"2025",1995,5,80 - 84,4,2
"2025",1995,5,85 - 89,3,1
"2025",1995,5,90 - 94,2,1
"2025",1995,5,95+,0,0
"2025",1995,5,UNK,0,0
"2025",1995,6,Total,0,4
"2025",1995,6,0,0,0
"2025",1995,6,1,0,0
"2025",1995,6,2,0,0
"2025",1995,6,3,0,0
"2025",1995,6,4,0,0
"2025",1995,6,5 - 9,0,0
"2025",1995,6,10 - 14,0,0
"2025",1995,6,15 - 19,0,0
"2025",1995,6,20 - 24,0,0
"2025",1995,6,25 - 29,0,0
"2025",1995,6,30 - 34,0,0
"2025",1995,6,35 - 39,0,0
"2025",1995,6,40 - 44,0,0
"2025",1995,6,45 - 49,0,1
"2025",1995,6,50 - 54,0,0
"2025",1995,6,55 - 59,0,1
"2025",1995,6,60 - 64,0,1
"2025",1995,6,65 - 69,0,1
"2025",1995,6,70 - 74,0,0
"2025",1995,6,75 - 79,0,0
"2025",1995,6,80 - 84,0,0
"2025",1995,6,85 - 89,0,0
"2025",1995,6,90 - 94,0,0
"2025",1995,6,95+,0,0
"2025",1995,6,UNK,0,0
"2025",1995,7,Total,2,6
"2025",1995,7,0,0,0
"2025",1995,7,1,0,0
"2025",1995,7,2,0,0
"2025",1995,7,3,0,0
"2025",1995,7,4,0,0
"2025",1995,7,5 - 9,0,0
"2025",1995,7,10 - 14,0,0
"2025",1995,7,15 - 19,0,0
"2025",1995,7,20 - 24,0,0
"2025",1995,7,25 - 29,0,0
"2025",1995,7,30 - 34,0,0
"2025",1995,7,35 - 39,0,1
"2025",1995,7,40 - 44,0,0
"2025",1995,7,45 - 49,0,1
"2025",1995,7,50 - 54,0,0
"2025",1995,7,55 - 59,0,0
"2025",1995,7,60 - 64,0,0
"2025",1995,7,65 - 69,0,0
"2025",1995,7,70 - 74,1,2
"2025",1995,7,75 - 79,0,2
"2025",1995,7,80 - 84,1,0
"2025",1995,7,85 - 89,0,0
"2025",1995,7,90 - 94,0,0
"2025",1995,7,95+,0,0
"2025",1995,7,UNK,0,0
"2025",1995,8,Total,13,16
"2025",1995,8,0,0,0
"2025",1995,8,1,0,0
"2025",1995,8,2,0,0
"2025",1995,8,3,0,0
"2025",1995,8,4,0,0
"2025",1995,8,5 - 9,0,0
"2025",1995,8,10 - 14,0,0
"2025",1995,8,15 - 19,0,0
"2025",1995,8,20 - 24,0,0
"2025",1995,8,25 - 29,0,0
"2025",1995,8,30 - 34,0,0
"2025",1995,8,35 - 39,0,2
"2025",1995,8,40 - 44,0,1
"2025",1995,8,45 - 49,0,0
"2025",1995,8,50 - 54,0,0
"2025",1995,8,55 - 59,0,3
"2025",1995,8,60 - 64,3,2
"2025",1995,8,65 - 69,1,0
"2025",1995,8,70 - 74,1,4
"2025",1995,8,75 - 79,4,2
"2025",1995,8,80 - 84,1,1
"2025",1995,8,85 - 89,1,0
"2025",1995,8,90 - 94,1,0
"2025",1995,8,95+,1,1
"2025",1995,8,UNK,0,0
"2025",1995,9,Total,4,16
"2025",1995,9,0,0,0
"2025",1995,9,1,0,0
"2025",1995,9,2,0,0
"2025",1995,9,3,0,0
"2025",1995,9,4,0,0
"2025",1995,9,5 - 9,0,0
"2025",1995,9,10 - 14,0,0
"2025",1995,9,15 - 19,0,0
"2025",1995,9,20 - 24,0,0
"2025",1995,9,25 - 29,0,0
"2025",1995,9,30 - 34,0,0
"2025",1995,9,35 - 39,0,1
"2025",1995,9,40 - 44,0,0
"2025",1995,9,45 - 49,0,2
"2025",1995,9,50 - 54,0,3
"2025",1995,9,55 - 59,0,1
"2025",1995,9,60 - 64,0,5
"2025",1995,9,65 - 69,1,1
"2025",1995,9,70 - 74,0,0
"2025",1995,9,75 - 79,0,1
"2025",1995,9,80 - 84,0,0
"2025",1995,9,85 - 89,2,2
"2025",1995,9,90 - 94,1,0
"2025",1995,9,95+,0,0
"2025",1995,9,UNK,0,0
"2025",1995,10,Total,8,10
"2025",1995,10,0,0,0
"2025",1995,10,1,0,0
"2025",1995,10,2,0,0
"2025",1995,10,3,0,0
"2025",1995,10,4,0,0
"2025",1995,10,5 - 9,0,0
"2025",1995,10,10 - 14,0,0
"2025",1995,10,15 - 19,0,0
"2025",1995,10,20 - 24,0,0
"2025",1995,10,25 - 29,0,0
"2025",1995,10,30 - 34,0,0
"2025",1995,10,35 - 39,0,0
"2025",1995,10,40 - 44,0,0
"2025",1995,10,45 - 49,0,0
"2025",1995,10,50 - 54,0,0
"2025",1995,10,55 - 59,0,0
"2025",1995,10,60 - 64,0,1
"2025",1995,10,65 - 69,0,3
"2025",1995,10,70 - 74,3,2
"2025",1995,10,75 - 79,1,1
"2025",1995,10,80 - 84,1,1
"2025",1995,10,85 - 89,1,2
"2025",1995,10,90 - 94,2,0
"2025",1995,10,95+,0,0
"2025",1995,10,UNK,0,0
"2025",1995,11,Total,3,1
"2025",1995,11,0,2,1
"2025",1995,11,1,0,0
"2025",1995,11,2,0,0
"2025",1995,11,3,0,0
"2025",1995,11,4,0,0
"2025",1995,11,5 - 9,0,0
"2025",1995,11,10 - 14,0,0
"2025",1995,11,15 - 19,0,0
"2025",1995,11,20 - 24,1,0
"2025",1995,11,25 - 29,0,0
"2025",1995,11,30 - 34,0,0
"2025",1995,11,35 - 39,0,0
"2025",1995,11,40 - 44,0,0
"2025",1995,11,45 - 49,0,0
"2025",1995,11,50 - 54,0,0
"2025",1995,11,55 - 59,0,0
"2025",1995,11,60 - 64,0,0
"2025",1995,11,65 - 69,0,0
"2025",1995,11,70 - 74,0,0
"2025",1995,11,75 - 79,0,0
"2025",1995,11,80 - 84,0,0
"2025",1995,11,85 - 89,0,0
"2025",1995,11,90 - 94,0,0
"2025",1995,11,95+,0,0
"2025",1995,11,UNK,0,0
"2025",1995,12,Total,7,12
"2025",1995,12,0,0,0
"2025",1995,12,1,0,1
"2025",1995,12,2,0,0
"2025",1995,12,3,0,0
"2025",1995,12,4,0,0
"2025",1995,12,5 - 9,0,0
"2025",1995,12,10 - 14,0,0
"2025",1995,12,15 - 19,0,0
"2025",1995,12,20 - 24,0,0
"2025",1995,12,25 - 29,1,0
"2025",1995,12,30 - 34,0,0
"2025",1995,12,35 - 39,1,1
"2025",1995,12,40 - 44,0,0
"2025",1995,12,45 - 49,0,0
"2025",1995,12,50 - 54,0,0
"2025",1995,12,55 - 59,0,0
"2025",1995,12,60 - 64,0,0
"2025",1995,12,65 - 69,0,2
"2025",1995,12,70 - 74,2,2
"2025",1995,12,75 - 79,1,3
"2025",1995,12,80 - 84,1,0
"2025",1995,12,85 - 89,0,2
"2025",1995,12,90 - 94,1,1
"2025",1995,12,95+,0,0
"2025",1995,12,UNK,0,0
"2025",1995,13,Total,8,40
"2025",1995,13,0,0,1
"2025",1995,13,1,0,1
"2025",1995,13,2,0,0
"2025",1995,13,3,0,0
"2025",1995,13,4,0,0
"2025",1995,13,5 - 9,0,1
"2025",1995,13,10 - 14,1,1
"2025",1995,13,15 - 19,2,2
"2025",1995,13,20 - 24,1,4
"2025",1995,13,25 - 29,0,6
"2025",1995,13,30 - 34,0,4
"2025",1995,13,35 - 39,0,7
"2025",1995,13,40 - 44,0,0
"2025",1995,13,45 - 49,0,0
"2025",1995,13,50 - 54,0,1
"2025",1995,13,55 - 59,1,1
"2025",1995,13,60 - 64,0,1
"2025",1995,13,65 - 69,0,2
"2025",1995,13,70 - 74,0,3
"2025",1995,13,75 - 79,1,1
"2025",1995,13,80 - 84,2,2
"2025",1995,13,85 - 89,0,2
"2025",1995,13,90 - 94,0,0
"2025",1995,13,95+,0,0
"2025",1995,13,UNK,0,0
"2025",1995,14,Total,0,6
"2025",1995,14,0,0,0
"2025",1995,14,1,0,0
"2025",1995,14,2,0,0
"2025",1995,14,3,0,0
"2025",1995,14,4,0,0
"2025",1995,14,5 - 9,0,0
"2025",1995,14,10 - 14,0,0
"2025",1995,14,15 - 19,0,0
"2025",1995,14,20 - 24,0,0
"2025",1995,14,25 - 29,0,1
"2025",1995,14,30 - 34,0,2
"2025",1995,14,35 - 39,0,1
"2025",1995,14,40 - 44,0,0
"2025",1995,14,45 - 49,0,0
"2025",1995,14,50 - 54,0,1
"2025",1995,14,55 - 59,0,0
"2025",1995,14,60 - 64,0,1
"2025",1995,14,65 - 69,0,0
"2025",1995,14,70 - 74,0,0
"2025",1995,14,75 - 79,0,0
"2025",1995,14,80 - 84,0,0
"2025",1995,14,85 - 89,0,0
"2025",1995,14,90 - 94,0,0
"2025",1995,14,95+,0,0
"2025",1995,14,UNK,0,0
