"","Year","Cause","Age","Female","Male"
"2070",1990,1,Total,334738,481696
"2070",1990,1,0,41430,54076
"2070",1990,1,1,4495,5049
"2070",1990,1,2,1878,2092
"2070",1990,1,3,1152,1237
"2070",1990,1,4,840,1083
"2070",1990,1,5 - 9,2912,4210
"2070",1990,1,10 - 14,2595,4574
"2070",1990,1,15 - 19,4164,12216
"2070",1990,1,20 - 24,5037,17768
"2070",1990,1,25 - 29,6048,18942
"2070",1990,1,30 - 34,7080,19519
"2070",1990,1,35 - 39,8424,19925
"2070",1990,1,40 - 44,10064,21208
"2070",1990,1,45 - 49,11965,23170
"2070",1990,1,50 - 54,15400,27832
"2070",1990,1,55 - 59,18592,31280
"2070",1990,1,60 - 64,23800,36587
"2070",1990,1,65 - 69,26858,39114
"2070",1990,1,70 - 74,31893,40062
"2070",1990,1,75 - 79,35521,39206
"2070",1990,1,80 - 84,33785,30877
"2070",1990,1,85 - 89,38474,26064
"2070",1990,1,90 - 94,0,0
"2070",1990,1,95+,0,0
"2070",1990,1,UNK,2331,5605
"2070",1990,2,Total,96059,132517
"2070",1990,2,0,16809,21916
"2070",1990,2,1,2484,2639
"2070",1990,2,2,925,937
"2070",1990,2,3,478,575
"2070",1990,2,4,364,415
"2070",1990,2,5 - 9,1153,1631
"2070",1990,2,10 - 14,893,1505
"2070",1990,2,15 - 19,1328,2999
"2070",1990,2,20 - 24,1491,4391
"2070",1990,2,25 - 29,1630,4919
"2070",1990,2,30 - 34,1749,4905
"2070",1990,2,35 - 39,2214,4810
"2070",1990,2,40 - 44,2610,5239
"2070",1990,2,45 - 49,3041,5578
"2070",1990,2,50 - 54,3858,6225
"2070",1990,2,55 - 59,4240,6468
"2070",1990,2,60 - 64,5407,7615
"2070",1990,2,65 - 69,6194,8915
"2070",1990,2,70 - 74,7862,9839
"2070",1990,2,75 - 79,9368,10950
"2070",1990,2,80 - 84,9754,9621
"2070",1990,2,85 - 89,11319,8611
"2070",1990,2,90 - 94,0,0
"2070",1990,2,95+,0,0
"2070",1990,2,UNK,888,1814
"2070",1990,3,Total,238679,349179
"2070",1990,3,0,24621,32160
"2070",1990,3,1,2011,2410
"2070",1990,3,2,953,1155
"2070",1990,3,3,674,662
"2070",1990,3,4,476,668
"2070",1990,3,5 - 9,1759,2579
"2070",1990,3,10 - 14,1702,3069
"2070",1990,3,15 - 19,2836,9217
"2070",1990,3,20 - 24,3546,13377
"2070",1990,3,25 - 29,4418,14023
"2070",1990,3,30 - 34,5331,14614
"2070",1990,3,35 - 39,6210,15115
"2070",1990,3,40 - 44,7454,15969
"2070",1990,3,45 - 49,8924,17592
"2070",1990,3,50 - 54,11542,21607
"2070",1990,3,55 - 59,14352,24812
"2070",1990,3,60 - 64,18393,28972
"2070",1990,3,65 - 69,20664,30199
"2070",1990,3,70 - 74,24031,30223
"2070",1990,3,75 - 79,26153,28256
"2070",1990,3,80 - 84,24031,21256
"2070",1990,3,85 - 89,27155,17453
"2070",1990,3,90 - 94,0,0
"2070",1990,3,95+,0,0
"2070",1990,3,UNK,1443,3791
"2070",1990,4,Total,33836,49438
"2070",1990,4,0,12036,16010
"2070",1990,4,1,1714,1930
"2070",1990,4,2,640,656
"2070",1990,4,3,358,336
"2070",1990,4,4,232,284
"2070",1990,4,5 - 9,630,734
"2070",1990,4,10 - 14,316,536
"2070",1990,4,15 - 19,502,766
"2070",1990,4,20 - 24,702,998
"2070",1990,4,25 - 29,756,1326
"2070",1990,4,30 - 34,884,1792
"2070",1990,4,35 - 39,834,2116
"2070",1990,4,40 - 44,934,2276
"2070",1990,4,45 - 49,1024,2398
"2070",1990,4,50 - 54,1322,2504
"2070",1990,4,55 - 59,1234,2630
"2070",1990,4,60 - 64,1566,2608
"2070",1990,4,65 - 69,1644,2490
"2070",1990,4,70 - 74,1646,2264
"2070",1990,4,75 - 79,1616,1864
"2070",1990,4,80 - 84,1474,1386
"2070",1990,4,85 - 89,1498,974
"2070",1990,4,90 - 94,0,0
"2070",1990,4,95+,0,0
"2070",1990,4,UNK,274,560
"2070",1990,5,Total,76152,89958
"2070",1990,5,0,142,162
"2070",1990,5,1,152,116
"2070",1990,5,2,126,170
"2070",1990,5,3,170,186
"2070",1990,5,4,148,182
"2070",1990,5,5 - 9,546,804
"2070",1990,5,10 - 14,484,668
"2070",1990,5,15 - 19,608,792
"2070",1990,5,20 - 24,640,888
"2070",1990,5,25 - 29,1172,1086
"2070",1990,5,30 - 34,1958,1384
"2070",1990,5,35 - 39,2920,2046
"2070",1990,5,40 - 44,4060,3142
"2070",1990,5,45 - 49,5146,4920
"2070",1990,5,50 - 54,6792,7828
"2070",1990,5,55 - 59,8016,10234
"2070",1990,5,60 - 64,9116,12256
"2070",1990,5,65 - 69,8876,12612
"2070",1990,5,70 - 74,8444,11274
"2070",1990,5,75 - 79,7392,9464
"2070",1990,5,80 - 84,5176,5854
"2070",1990,5,85 - 89,3792,3562
"2070",1990,5,90 - 94,0,0
"2070",1990,5,95+,0,0
"2070",1990,5,UNK,276,328
"2070",1990,6,Total,213580,245664
"2070",1990,6,0,522,598
"2070",1990,6,1,168,206
"2070",1990,6,2,110,80
"2070",1990,6,3,50,62
"2070",1990,6,4,46,52
"2070",1990,6,5 - 9,254,262
"2070",1990,6,10 - 14,416,452
"2070",1990,6,15 - 19,698,810
"2070",1990,6,20 - 24,1090,1330
"2070",1990,6,25 - 29,1688,2140
"2070",1990,6,30 - 34,2832,3968
"2070",1990,6,35 - 39,4144,6064
"2070",1990,6,40 - 44,6048,9274
"2070",1990,6,45 - 49,7928,12862
"2070",1990,6,50 - 54,10880,18362
"2070",1990,6,55 - 59,13780,22540
"2070",1990,6,60 - 64,18920,28376
"2070",1990,6,65 - 69,22254,30870
"2070",1990,6,70 - 74,26928,32198
"2070",1990,6,75 - 79,30966,30852
"2070",1990,6,80 - 84,29564,23442
"2070",1990,6,85 - 89,33100,19444
"2070",1990,6,90 - 94,0,0
"2070",1990,6,95+,0,0
"2070",1990,6,UNK,1194,1420
"2070",1990,7,Total,129086,167564
"2070",1990,7,0,16322,20492
"2070",1990,7,1,2972,3224
"2070",1990,7,2,1014,1020
"2070",1990,7,3,538,516
"2070",1990,7,4,312,316
"2070",1990,7,5 - 9,920,1118
"2070",1990,7,10 - 14,658,1000
"2070",1990,7,15 - 19,1050,1606
"2070",1990,7,20 - 24,1256,2508
"2070",1990,7,25 - 29,1608,3548
"2070",1990,7,30 - 34,1940,4376
"2070",1990,7,35 - 39,2504,5386
"2070",1990,7,40 - 44,2980,6132
"2070",1990,7,45 - 49,3668,7184
"2070",1990,7,50 - 54,4516,8348
"2070",1990,7,55 - 59,5424,9142
"2070",1990,7,60 - 64,6880,11028
"2070",1990,7,65 - 69,8330,12998
"2070",1990,7,70 - 74,12072,15320
"2070",1990,7,75 - 79,14976,17804
"2070",1990,7,80 - 84,16564,16412
"2070",1990,7,85 - 89,21356,15790
"2070",1990,7,90 - 94,0,0
"2070",1990,7,95+,0,0
"2070",1990,7,UNK,1226,2296
"2070",1990,8,Total,1150,6160
"2070",1990,8,0,2,2
"2070",1990,8,1,0,2
"2070",1990,8,2,0,2
"2070",1990,8,3,0,2
"2070",1990,8,4,0,2
"2070",1990,8,5 - 9,6,4
"2070",1990,8,10 - 14,4,10
"2070",1990,8,15 - 19,14,32
"2070",1990,8,20 - 24,28,114
"2070",1990,8,25 - 29,50,384
"2070",1990,8,30 - 34,92,702
"2070",1990,8,35 - 39,128,872
"2070",1990,8,40 - 44,98,882
"2070",1990,8,45 - 49,126,818
"2070",1990,8,50 - 54,98,702
"2070",1990,8,55 - 59,86,578
"2070",1990,8,60 - 64,58,358
"2070",1990,8,65 - 69,54,240
"2070",1990,8,70 - 74,64,164
"2070",1990,8,75 - 79,76,90
"2070",1990,8,80 - 84,66,60
"2070",1990,8,85 - 89,74,60
"2070",1990,8,90 - 94,0,0
"2070",1990,8,95+,0,0
"2070",1990,8,UNK,26,80
"2070",1990,9,Total,7516,10740
"2070",1990,9,0,1308,1906
"2070",1990,9,1,392,512
"2070",1990,9,2,196,274
"2070",1990,9,3,160,164
"2070",1990,9,4,124,154
"2070",1990,9,5 - 9,428,428
"2070",1990,9,10 - 14,320,514
"2070",1990,9,15 - 19,356,578
"2070",1990,9,20 - 24,344,524
"2070",1990,9,25 - 29,334,508
"2070",1990,9,30 - 34,316,588
"2070",1990,9,35 - 39,310,520
"2070",1990,9,40 - 44,266,508
"2070",1990,9,45 - 49,284,448
"2070",1990,9,50 - 54,258,432
"2070",1990,9,55 - 59,282,430
"2070",1990,9,60 - 64,280,398
"2070",1990,9,65 - 69,330,452
"2070",1990,9,70 - 74,314,434
"2070",1990,9,75 - 79,368,432
"2070",1990,9,80 - 84,264,274
"2070",1990,9,85 - 89,240,186
"2070",1990,9,90 - 94,0,0
"2070",1990,9,95+,0,0
"2070",1990,9,UNK,42,76
"2070",1990,10,Total,33174,35498
"2070",1990,10,0,2872,3856
"2070",1990,10,1,542,594
"2070",1990,10,2,160,172
"2070",1990,10,3,76,80
"2070",1990,10,4,66,60
"2070",1990,10,5 - 9,160,184
"2070",1990,10,10 - 14,136,154
"2070",1990,10,15 - 19,284,338
"2070",1990,10,20 - 24,444,1288
"2070",1990,10,25 - 29,654,2076
"2070",1990,10,30 - 34,628,2524
"2070",1990,10,35 - 39,662,2316
"2070",1990,10,40 - 44,786,2020
"2070",1990,10,45 - 49,1052,1776
"2070",1990,10,50 - 54,1516,1906
"2070",1990,10,55 - 59,2232,2176
"2070",1990,10,60 - 64,3088,2672
"2070",1990,10,65 - 69,3650,2810
"2070",1990,10,70 - 74,4098,2706
"2070",1990,10,75 - 79,3880,2346
"2070",1990,10,80 - 84,3050,1860
"2070",1990,10,85 - 89,2922,1338
"2070",1990,10,90 - 94,0,0
"2070",1990,10,95+,0,0
"2070",1990,10,UNK,216,246
"2070",1990,11,Total,21018,42278
"2070",1990,11,0,386,588
"2070",1990,11,1,72,108
"2070",1990,11,2,52,64
"2070",1990,11,3,46,42
"2070",1990,11,4,36,40
"2070",1990,11,5 - 9,132,124
"2070",1990,11,10 - 14,124,182
"2070",1990,11,15 - 19,236,268
"2070",1990,11,20 - 24,308,586
"2070",1990,11,25 - 29,508,1342
"2070",1990,11,30 - 34,634,2266
"2070",1990,11,35 - 39,858,3226
"2070",1990,11,40 - 44,1040,3926
"2070",1990,11,45 - 49,1208,4138
"2070",1990,11,50 - 54,1380,4390
"2070",1990,11,55 - 59,1562,4130
"2070",1990,11,60 - 64,1968,3984
"2070",1990,11,65 - 69,1924,3646
"2070",1990,11,70 - 74,2166,3114
"2070",1990,11,75 - 79,2308,2650
"2070",1990,11,80 - 84,1980,1718
"2070",1990,11,85 - 89,1912,1254
"2070",1990,11,90 - 94,0,0
"2070",1990,11,95+,0,0
"2070",1990,11,UNK,178,492
"2070",1990,12,Total,9864,12360
"2070",1990,12,0,212,352
"2070",1990,12,1,36,60
"2070",1990,12,2,36,48
"2070",1990,12,3,32,26
"2070",1990,12,4,20,28
"2070",1990,12,5 - 9,126,100
"2070",1990,12,10 - 14,116,108
"2070",1990,12,15 - 19,164,158
"2070",1990,12,20 - 24,214,186
"2070",1990,12,25 - 29,282,292
"2070",1990,12,30 - 34,384,298
"2070",1990,12,35 - 39,438,414
"2070",1990,12,40 - 44,480,534
"2070",1990,12,45 - 49,500,586
"2070",1990,12,50 - 54,566,758
"2070",1990,12,55 - 59,626,890
"2070",1990,12,60 - 64,752,1070
"2070",1990,12,65 - 69,830,1246
"2070",1990,12,70 - 74,948,1330
"2070",1990,12,75 - 79,1004,1382
"2070",1990,12,80 - 84,914,1338
"2070",1990,12,85 - 89,1096,1072
"2070",1990,12,90 - 94,0,0
"2070",1990,12,95+,0,0
"2070",1990,12,UNK,88,84
"2070",1990,13,Total,40014,52016
"2070",1990,13,0,38306,50330
"2070",1990,13,1,416,384
"2070",1990,13,2,158,176
"2070",1990,13,3,96,88
"2070",1990,13,4,80,54
"2070",1990,13,5 - 9,188,198
"2070",1990,13,10 - 14,114,108
"2070",1990,13,15 - 19,78,116
"2070",1990,13,20 - 24,88,78
"2070",1990,13,25 - 29,64,56
"2070",1990,13,30 - 34,50,82
"2070",1990,13,35 - 39,38,56
"2070",1990,13,40 - 44,44,56
"2070",1990,13,45 - 49,30,20
"2070",1990,13,50 - 54,26,32
"2070",1990,13,55 - 59,38,22
"2070",1990,13,60 - 64,40,28
"2070",1990,13,65 - 69,36,30
"2070",1990,13,70 - 74,26,18
"2070",1990,13,75 - 79,26,30
"2070",1990,13,80 - 84,20,10
"2070",1990,13,85 - 89,14,12
"2070",1990,13,90 - 94,0,0
"2070",1990,13,95+,0,0
"2070",1990,13,UNK,38,32
"2070",1990,14,Total,60058,81548
"2070",1990,14,0,9426,12164
"2070",1990,14,1,1806,2054
"2070",1990,14,2,714,678
"2070",1990,14,3,330,336
"2070",1990,14,4,188,262
"2070",1990,14,5 - 9,532,606
"2070",1990,14,10 - 14,464,504
"2070",1990,14,15 - 19,550,756
"2070",1990,14,20 - 24,610,912
"2070",1990,14,25 - 29,828,1240
"2070",1990,14,30 - 34,804,1530
"2070",1990,14,35 - 39,964,1866
"2070",1990,14,40 - 44,992,2062
"2070",1990,14,45 - 49,1234,2382
"2070",1990,14,50 - 54,1772,3210
"2070",1990,14,55 - 59,2354,4182
"2070",1990,14,60 - 64,3336,5798
"2070",1990,14,65 - 69,4262,7414
"2070",1990,14,70 - 74,5490,8498
"2070",1990,14,75 - 79,6768,9202
"2070",1990,14,80 - 84,6978,7930
"2070",1990,14,85 - 89,9308,7310
"2070",1990,14,90 - 94,0,0
"2070",1990,14,95+,0,0
"2070",1990,14,UNK,348,652
"2070",1990,1,Total,30018,107166
"2070",1990,1,0,900,1108
"2070",1990,1,1,586,778
"2070",1990,1,2,484,754
"2070",1990,1,3,406,576
"2070",1990,1,4,380,670
"2070",1990,1,5 - 9,1692,3608
"2070",1990,1,10 - 14,1684,4208
"2070",1990,1,15 - 19,2488,9934
"2070",1990,1,20 - 24,2512,13678
"2070",1990,1,25 - 29,2332,13054
"2070",1990,1,30 - 34,2090,11396
"2070",1990,1,35 - 39,1724,9250
"2070",1990,1,40 - 44,1582,7718
"2070",1990,1,45 - 49,1262,6202
"2070",1990,1,50 - 54,1280,5240
"2070",1990,1,55 - 59,1188,4224
"2070",1990,1,60 - 64,1180,3570
"2070",1990,1,65 - 69,1148,2694
"2070",1990,1,70 - 74,1156,2264
"2070",1990,1,75 - 79,1210,1806
"2070",1990,1,80 - 84,1100,1174
"2070",1990,1,85 - 89,1170,878
"2070",1990,1,90 - 94,0,0
"2070",1990,1,95+,0,0
"2070",1990,1,UNK,464,2382
"2070",1990,2,Total,5170,58734
"2070",1990,2,0,44,72
"2070",1990,2,1,26,18
"2070",1990,2,2,20,30
"2070",1990,2,3,18,16
"2070",1990,2,4,20,26
"2070",1990,2,5 - 9,94,116
"2070",1990,2,10 - 14,182,570
"2070",1990,2,15 - 19,644,8112
"2070",1990,2,20 - 24,846,12302
"2070",1990,2,25 - 29,884,10660
"2070",1990,2,30 - 34,650,7954
"2070",1990,2,35 - 39,512,5562
"2070",1990,2,40 - 44,324,3714
"2070",1990,2,45 - 49,208,2426
"2070",1990,2,50 - 54,154,1770
"2070",1990,2,55 - 59,92,1162
"2070",1990,2,60 - 64,84,732
"2070",1990,2,65 - 69,48,442
"2070",1990,2,70 - 74,52,248
"2070",1990,2,75 - 79,24,156
"2070",1990,2,80 - 84,20,76
"2070",1990,2,85 - 89,8,36
"2070",1990,2,90 - 94,0,0
"2070",1990,2,95+,0,0
"2070",1990,2,UNK,216,2534
"2070",1991,3,Total,327387,474905
"2070",1991,3,0,37543,48832
"2070",1991,3,1,3748,4275
"2070",1991,3,2,1560,1838
"2070",1991,3,3,955,1186
"2070",1991,3,4,723,960
"2070",1991,3,5 - 9,2740,3883
"2070",1991,3,10 - 14,2636,4339
"2070",1991,3,15 - 19,4131,11934
"2070",1991,3,20 - 24,5036,17632
"2070",1991,3,25 - 29,5999,19141
"2070",1991,3,30 - 34,6996,20000
"2070",1991,3,35 - 39,8654,20816
"2070",1991,3,40 - 44,10462,21813
"2070",1991,3,45 - 49,11968,22860
"2070",1991,3,50 - 54,15405,27188
"2070",1991,3,55 - 59,18159,31092
"2070",1991,3,60 - 64,23755,36655
"2070",1991,3,65 - 69,27197,39375
"2070",1991,3,70 - 74,30789,39451
"2070",1991,3,75 - 79,35139,38575
"2070",1991,3,80 - 84,32431,30421
"2070",1991,3,85 - 89,38552,26111
"2070",1991,3,90 - 94,0,0
"2070",1991,3,95+,0,0
"2070",1991,3,UNK,2809,6528
"2070",1991,4,Total,95089,132035
"2070",1991,4,0,15411,19959
"2070",1991,4,1,1992,2271
"2070",1991,4,2,705,763
"2070",1991,4,3,390,490
"2070",1991,4,4,283,398
"2070",1991,4,5 - 9,1137,1527
"2070",1991,4,10 - 14,964,1451
"2070",1991,4,15 - 19,1317,3069
"2070",1991,4,20 - 24,1500,4592
"2070",1991,4,25 - 29,1660,5031
"2070",1991,4,30 - 34,1793,4990
"2070",1991,4,35 - 39,2205,4936
"2070",1991,4,40 - 44,2660,5191
"2070",1991,4,45 - 49,3058,5192
"2070",1991,4,50 - 54,3895,6003
"2070",1991,4,55 - 59,4185,6421
"2070",1991,4,60 - 64,5472,7709
"2070",1991,4,65 - 69,6356,9141
"2070",1991,4,70 - 74,7701,10257
"2070",1991,4,75 - 79,9330,11032
"2070",1991,4,80 - 84,9477,9755
"2070",1991,4,85 - 89,11995,9186
"2070",1991,4,90 - 94,0,0
"2070",1991,4,95+,0,0
"2070",1991,4,UNK,1603,2671
"2070",1991,5,Total,232298,342870
"2070",1991,5,0,22132,28873
"2070",1991,5,1,1756,2004
"2070",1991,5,2,855,1075
"2070",1991,5,3,565,696
"2070",1991,5,4,440,562
"2070",1991,5,5 - 9,1603,2356
"2070",1991,5,10 - 14,1672,2888
"2070",1991,5,15 - 19,2814,8865
"2070",1991,5,20 - 24,3536,13040
"2070",1991,5,25 - 29,4339,14110
"2070",1991,5,30 - 34,5203,15010
"2070",1991,5,35 - 39,6449,15880
"2070",1991,5,40 - 44,7802,16622
"2070",1991,5,45 - 49,8910,17668
"2070",1991,5,50 - 54,11510,21185
"2070",1991,5,55 - 59,13974,24671
"2070",1991,5,60 - 64,18283,28946
"2070",1991,5,65 - 69,20841,30234
"2070",1991,5,70 - 74,23088,29194
"2070",1991,5,75 - 79,25809,27543
"2070",1991,5,80 - 84,22954,20666
"2070",1991,5,85 - 89,26557,16925
"2070",1991,5,90 - 94,0,0
"2070",1991,5,95+,0,0
"2070",1991,5,UNK,1206,3857
"2070",1991,6,Total,30992,45218
"2070",1991,6,0,9754,12596
"2070",1991,6,1,1322,1606
"2070",1991,6,2,436,524
"2070",1991,6,3,268,326
"2070",1991,6,4,200,242
"2070",1991,6,5 - 9,502,602
"2070",1991,6,10 - 14,346,500
"2070",1991,6,15 - 19,494,656
"2070",1991,6,20 - 24,660,908
"2070",1991,6,25 - 29,734,1248
"2070",1991,6,30 - 34,814,1728
"2070",1991,6,35 - 39,936,2034
"2070",1991,6,40 - 44,994,2322
"2070",1991,6,45 - 49,1038,2372
"2070",1991,6,50 - 54,1282,2654
"2070",1991,6,55 - 59,1400,2718
"2070",1991,6,60 - 64,1582,2586
"2070",1991,6,65 - 69,1488,2410
"2070",1991,6,70 - 74,1634,2164
"2070",1991,6,75 - 79,1774,1974
"2070",1991,6,80 - 84,1400,1382
"2070",1991,6,85 - 89,1640,1118
"2070",1991,6,90 - 94,0,0
"2070",1991,6,95+,0,0
"2070",1991,6,UNK,294,548
"2070",1991,7,Total,78892,92868
"2070",1991,7,0,156,142
"2070",1991,7,1,124,162
"2070",1991,7,2,148,176
"2070",1991,7,3,168,190
"2070",1991,7,4,136,202
"2070",1991,7,5 - 9,600,764
"2070",1991,7,10 - 14,510,666
"2070",1991,7,15 - 19,598,826
"2070",1991,7,20 - 24,676,924
"2070",1991,7,25 - 29,1160,1000
"2070",1991,7,30 - 34,1860,1486
"2070",1991,7,35 - 39,3102,2092
"2070",1991,7,40 - 44,4326,3200
"2070",1991,7,45 - 49,5330,4992
"2070",1991,7,50 - 54,6892,7704
"2070",1991,7,55 - 59,8042,9888
"2070",1991,7,60 - 64,9530,12946
"2070",1991,7,65 - 69,9176,13494
"2070",1991,7,70 - 74,8612,11842
"2070",1991,7,75 - 79,7896,9882
"2070",1991,7,80 - 84,5420,6020
"2070",1991,7,85 - 89,4142,3880
"2070",1991,7,90 - 94,0,0
"2070",1991,7,95+,0,0
"2070",1991,7,UNK,288,390
"2070",1991,8,Total,207282,239826
"2070",1991,8,0,476,576
"2070",1991,8,1,134,194
"2070",1991,8,2,64,88
"2070",1991,8,3,52,48
"2070",1991,8,4,60,34
"2070",1991,8,5 - 9,254,274
"2070",1991,8,10 - 14,398,398
"2070",1991,8,15 - 19,664,834
"2070",1991,8,20 - 24,1030,1404
"2070",1991,8,25 - 29,1668,2138
"2070",1991,8,30 - 34,2682,3778
"2070",1991,8,35 - 39,4146,6190
"2070",1991,8,40 - 44,5876,9192
"2070",1991,8,45 - 49,7732,12372
"2070",1991,8,50 - 54,10530,17264
"2070",1991,8,55 - 59,13018,22090
"2070",1991,8,60 - 64,18294,27760
"2070",1991,8,65 - 69,22372,30914
"2070",1991,8,70 - 74,25764,30892
"2070",1991,8,75 - 79,30246,29958
"2070",1991,8,80 - 84,27992,23070
"2070",1991,8,85 - 89,32582,18696
"2070",1991,8,90 - 94,0,0
"2070",1991,8,95+,0,0
"2070",1991,8,UNK,1248,1662
"2070",1991,9,Total,127250,164286
"2070",1991,9,0,14426,18562
"2070",1991,9,1,2546,2730
"2070",1991,9,2,896,838
"2070",1991,9,3,442,462
"2070",1991,9,4,264,346
"2070",1991,9,5 - 9,880,1136
"2070",1991,9,10 - 14,786,986
"2070",1991,9,15 - 19,1076,1630
"2070",1991,9,20 - 24,1304,2390
"2070",1991,9,25 - 29,1638,3464
"2070",1991,9,30 - 34,1944,4370
"2070",1991,9,35 - 39,2488,5294
"2070",1991,9,40 - 44,3244,6046
"2070",1991,9,45 - 49,3738,6766
"2070",1991,9,50 - 54,4634,8126
"2070",1991,9,55 - 59,5304,9368
"2070",1991,9,60 - 64,7082,10940
"2070",1991,9,65 - 69,8808,12812
"2070",1991,9,70 - 74,11568,15468
"2070",1991,9,75 - 79,14764,17414
"2070",1991,9,80 - 84,15814,15964
"2070",1991,9,85 - 89,21626,16068
"2070",1991,9,90 - 94,0,0
"2070",1991,9,95+,0,0
"2070",1991,9,UNK,1978,3106
"2070",1991,10,Total,1268,6580
"2070",1991,10,0,2,0
"2070",1991,10,1,0,0
"2070",1991,10,2,4,0
"2070",1991,10,3,0,0
"2070",1991,10,4,2,0
"2070",1991,10,5 - 9,0,10
"2070",1991,10,10 - 14,4,6
"2070",1991,10,15 - 19,14,24
"2070",1991,10,20 - 24,34,144
"2070",1991,10,25 - 29,66,396
"2070",1991,10,30 - 34,94,824
"2070",1991,10,35 - 39,168,972
"2070",1991,10,40 - 44,156,980
"2070",1991,10,45 - 49,122,796
"2070",1991,10,50 - 54,108,730
"2070",1991,10,55 - 59,84,506
"2070",1991,10,60 - 64,70,424
"2070",1991,10,65 - 69,68,262
"2070",1991,10,70 - 74,50,166
"2070",1991,10,75 - 79,62,104
"2070",1991,10,80 - 84,60,58
"2070",1991,10,85 - 89,88,52
"2070",1991,10,90 - 94,0,0
"2070",1991,10,95+,0,0
"2070",1991,10,UNK,12,126
"2070",1991,11,Total,7212,10340
"2070",1991,11,0,1264,1744
"2070",1991,11,1,394,400
"2070",1991,11,2,172,226
"2070",1991,11,3,108,170
"2070",1991,11,4,102,136
"2070",1991,11,5 - 9,340,442
"2070",1991,11,10 - 14,372,462
"2070",1991,11,15 - 19,346,540
"2070",1991,11,20 - 24,326,480
"2070",1991,11,25 - 29,322,504
"2070",1991,11,30 - 34,316,582
"2070",1991,11,35 - 39,290,618
"2070",1991,11,40 - 44,254,564
"2070",1991,11,45 - 49,260,454
"2070",1991,11,50 - 54,234,488
"2070",1991,11,55 - 59,300,422
"2070",1991,11,60 - 64,304,458
"2070",1991,11,65 - 69,280,408
"2070",1991,11,70 - 74,350,368
"2070",1991,11,75 - 79,358,384
"2070",1991,11,80 - 84,246,246
"2070",1991,11,85 - 89,230,156
"2070",1991,11,90 - 94,0,0
"2070",1991,11,95+,0,0
"2070",1991,11,UNK,44,88
"2070",1991,12,Total,33506,37476
"2070",1991,12,0,2284,2746
"2070",1991,12,1,426,472
"2070",1991,12,2,136,154
"2070",1991,12,3,80,58
"2070",1991,12,4,40,44
"2070",1991,12,5 - 9,162,192
"2070",1991,12,10 - 14,140,156
"2070",1991,12,15 - 19,232,378
"2070",1991,12,20 - 24,592,1482
"2070",1991,12,25 - 29,814,2866
"2070",1991,12,30 - 34,740,3282
"2070",1991,12,35 - 39,876,2794
"2070",1991,12,40 - 44,896,2278
"2070",1991,12,45 - 49,1192,1948
"2070",1991,12,50 - 54,1586,1908
"2070",1991,12,55 - 59,2236,2322
"2070",1991,12,60 - 64,3100,2648
"2070",1991,12,65 - 69,3782,3010
"2070",1991,12,70 - 74,4024,2680
"2070",1991,12,75 - 79,3908,2470
"2070",1991,12,80 - 84,3116,1814
"2070",1991,12,85 - 89,2924,1488
"2070",1991,12,90 - 94,0,0
"2070",1991,12,95+,0,0
"2070",1991,12,UNK,220,286
"2070",1991,13,Total,21930,43436
"2070",1991,13,0,342,530
"2070",1991,13,1,56,92
"2070",1991,13,2,60,72
"2070",1991,13,3,34,42
"2070",1991,13,4,26,34
"2070",1991,13,5 - 9,110,114
"2070",1991,13,10 - 14,116,146
"2070",1991,13,15 - 19,216,264
"2070",1991,13,20 - 24,314,560
"2070",1991,13,25 - 29,434,1200
"2070",1991,13,30 - 34,752,2368
"2070",1991,13,35 - 39,894,3508
"2070",1991,13,40 - 44,1124,4120
"2070",1991,13,45 - 49,1176,4164
"2070",1991,13,50 - 54,1478,4384
"2070",1991,13,55 - 59,1650,4288
"2070",1991,13,60 - 64,2016,4144
"2070",1991,13,65 - 69,2134,3788
"2070",1991,13,70 - 74,2194,3126
"2070",1991,13,75 - 79,2424,2596
"2070",1991,13,80 - 84,2102,1962
"2070",1991,13,85 - 89,2084,1370
"2070",1991,13,90 - 94,0,0
"2070",1991,13,95+,0,0
"2070",1991,13,UNK,194,564
"2070",1991,14,Total,9412,11782
"2070",1991,14,0,164,262
"2070",1991,14,1,34,46
"2070",1991,14,2,22,28
"2070",1991,14,3,28,20
"2070",1991,14,4,26,30
"2070",1991,14,5 - 9,94,80
"2070",1991,14,10 - 14,102,84
"2070",1991,14,15 - 19,162,146
"2070",1991,14,20 - 24,198,162
"2070",1991,14,25 - 29,254,256
"2070",1991,14,30 - 34,306,338
"2070",1991,14,35 - 39,336,440
"2070",1991,14,40 - 44,424,492
"2070",1991,14,45 - 49,454,508
"2070",1991,14,50 - 54,570,688
"2070",1991,14,55 - 59,618,818
"2070",1991,14,60 - 64,754,1014
"2070",1991,14,65 - 69,828,1220
"2070",1991,14,70 - 74,876,1256
"2070",1991,14,75 - 79,1054,1464
"2070",1991,14,80 - 84,952,1264
"2070",1991,14,85 - 89,1086,1086
"2070",1991,14,90 - 94,0,0
"2070",1991,14,95+,0,0
"2070",1991,14,UNK,70,80
"2070",1991,1,Total,39436,51230
"2070",1991,1,0,37788,49562
"2070",1991,1,1,358,340
"2070",1991,1,2,150,172
"2070",1991,1,3,70,86
"2070",1991,1,4,70,54
"2070",1991,1,5 - 9,184,160
"2070",1991,1,10 - 14,134,96
"2070",1991,1,15 - 19,90,122
"2070",1991,1,20 - 24,64,80
"2070",1991,1,25 - 29,68,64
"2070",1991,1,30 - 34,34,74
"2070",1991,1,35 - 39,38,40
"2070",1991,1,40 - 44,36,40
"2070",1991,1,45 - 49,32,34
"2070",1991,1,50 - 54,36,36
"2070",1991,1,55 - 59,52,46
"2070",1991,1,60 - 64,36,18
"2070",1991,1,65 - 69,40,22
"2070",1991,1,70 - 74,20,20
"2070",1991,1,75 - 79,24,26
"2070",1991,1,80 - 84,12,10
"2070",1991,1,85 - 89,14,16
"2070",1991,1,90 - 94,0,0
"2070",1991,1,95+,0,0
"2070",1991,1,UNK,86,112
"2070",1991,2,Total,53546,74288
"2070",1991,2,0,7170,9232
"2070",1991,2,1,1426,1576
"2070",1991,2,2,558,632
"2070",1991,2,3,240,304
"2070",1991,2,4,168,182
"2070",1991,2,5 - 9,462,496
"2070",1991,2,10 - 14,372,494
"2070",1991,2,15 - 19,520,742
"2070",1991,2,20 - 24,584,806
"2070",1991,2,25 - 29,704,1226
"2070",1991,2,30 - 34,898,1566
"2070",1991,2,35 - 39,936,1820
"2070",1991,2,40 - 44,1062,2140
"2070",1991,2,45 - 49,1074,2320
"2070",1991,2,50 - 54,1718,3062
"2070",1991,2,55 - 59,2048,3996
"2070",1991,2,60 - 64,3064,5536
"2070",1991,2,65 - 69,3910,6880
"2070",1991,2,70 - 74,4942,7930
"2070",1991,2,75 - 79,6164,8514
"2070",1991,2,80 - 84,6290,7390
"2070",1991,2,85 - 89,8836,6762
"2070",1991,2,90 - 94,0,0
"2070",1991,2,95+,0,0
"2070",1991,2,UNK,400,682
"2070",1991,3,Total,30134,112124
"2070",1991,3,0,948,1230
"2070",1991,3,1,556,798
"2070",1991,3,2,430,694
"2070",1991,3,3,386,606
"2070",1991,3,4,306,572
"2070",1991,3,5 - 9,1720,3286
"2070",1991,3,10 - 14,1624,4004
"2070",1991,3,15 - 19,2542,10126
"2070",1991,3,20 - 24,2554,14528
"2070",1991,3,25 - 29,2310,13598
"2070",1991,3,30 - 34,1976,11904
"2070",1991,3,35 - 39,1826,10182
"2070",1991,3,40 - 44,1662,8304
"2070",1991,3,45 - 49,1292,6318
"2070",1991,3,50 - 54,1306,5386
"2070",1991,3,55 - 59,1172,4328
"2070",1991,3,60 - 64,1268,3782
"2070",1991,3,65 - 69,1106,2808
"2070",1991,3,70 - 74,1166,2280
"2070",1991,3,75 - 79,1142,1836
"2070",1991,3,80 - 84,1014,1338
"2070",1991,3,85 - 89,1328,1124
"2070",1991,3,90 - 94,0,0
"2070",1991,3,95+,0,0
"2070",1991,3,UNK,500,3092
"2070",1991,4,Total,5454,55936
"2070",1991,4,0,56,70
"2070",1991,4,1,26,32
"2070",1991,4,2,12,26
"2070",1991,4,3,12,16
"2070",1991,4,4,16,22
"2070",1991,4,5 - 9,78,104
"2070",1991,4,10 - 14,202,534
"2070",1991,4,15 - 19,706,7422
"2070",1991,4,20 - 24,826,11220
"2070",1991,4,25 - 29,870,10184
"2070",1991,4,30 - 34,660,7526
"2070",1991,4,35 - 39,520,5494
"2070",1991,4,40 - 44,384,3764
"2070",1991,4,45 - 49,260,2466
"2070",1991,4,50 - 54,162,1766
"2070",1991,4,55 - 59,126,1162
"2070",1991,4,60 - 64,98,758
"2070",1991,4,65 - 69,72,436
"2070",1991,4,70 - 74,46,264
"2070",1991,4,75 - 79,32,174
"2070",1991,4,80 - 84,22,54
"2070",1991,4,85 - 89,36,160
"2070",1991,4,90 - 94,0,0
"2070",1991,4,95+,0,0
"2070",1991,4,UNK,232,2282
"2070",1992,5,Total,337469,487771
"2070",1992,5,0,37117,48701
"2070",1992,5,1,3736,4175
"2070",1992,5,2,1502,1703
"2070",1992,5,3,920,1126
"2070",1992,5,4,746,925
"2070",1992,5,5 - 9,2480,3839
"2070",1992,5,10 - 14,2488,4348
"2070",1992,5,15 - 19,3970,11481
"2070",1992,5,20 - 24,4983,16970
"2070",1992,5,25 - 29,5977,18965
"2070",1992,5,30 - 34,7271,19681
"2070",1992,5,35 - 39,8792,21032
"2070",1992,5,40 - 44,10773,22581
"2070",1992,5,45 - 49,12691,23798
"2070",1992,5,50 - 54,15666,28094
"2070",1992,5,55 - 59,19177,32145
"2070",1992,5,60 - 64,24353,38061
"2070",1992,5,65 - 69,28648,41842
"2070",1992,5,70 - 74,32191,41238
"2070",1992,5,75 - 79,36156,39860
"2070",1992,5,80 - 84,33572,31542
"2070",1992,5,85 - 89,41074,28081
"2070",1992,5,90 - 94,0,0
"2070",1992,5,95+,0,0
"2070",1992,5,UNK,3186,7583
"2070",1992,6,Total,97126,133853
"2070",1992,6,0,15299,20180
"2070",1992,6,1,1917,2080
"2070",1992,6,2,631,697
"2070",1992,6,3,374,430
"2070",1992,6,4,280,361
"2070",1992,6,5 - 9,970,1454
"2070",1992,6,10 - 14,917,1471
"2070",1992,6,15 - 19,1293,2925
"2070",1992,6,20 - 24,1532,4292
"2070",1992,6,25 - 29,1638,4679
"2070",1992,6,30 - 34,1855,4799
"2070",1992,6,35 - 39,2151,4885
"2070",1992,6,40 - 44,2887,5409
"2070",1992,6,45 - 49,3203,5514
"2070",1992,6,50 - 54,4052,6325
"2070",1992,6,55 - 59,4382,6730
"2070",1992,6,60 - 64,5578,7909
"2070",1992,6,65 - 69,6779,9703
"2070",1992,6,70 - 74,7948,10453
"2070",1992,6,75 - 79,9475,10986
"2070",1992,6,80 - 84,9263,9669
"2070",1992,6,85 - 89,12804,9736
"2070",1992,6,90 - 94,0,0
"2070",1992,6,95+,0,0
"2070",1992,6,UNK,1898,3166
"2070",1992,7,Total,240343,353918
"2070",1992,7,0,21818,28521
"2070",1992,7,1,1819,2095
"2070",1992,7,2,871,1006
"2070",1992,7,3,546,696
"2070",1992,7,4,466,564
"2070",1992,7,5 - 9,1510,2385
"2070",1992,7,10 - 14,1571,2877
"2070",1992,7,15 - 19,2677,8556
"2070",1992,7,20 - 24,3451,12678
"2070",1992,7,25 - 29,4339,14286
"2070",1992,7,30 - 34,5416,14882
"2070",1992,7,35 - 39,6641,16147
"2070",1992,7,40 - 44,7886,17172
"2070",1992,7,45 - 49,9488,18284
"2070",1992,7,50 - 54,11614,21769
"2070",1992,7,55 - 59,14795,25415
"2070",1992,7,60 - 64,18775,30152
"2070",1992,7,65 - 69,21869,32139
"2070",1992,7,70 - 74,24243,30785
"2070",1992,7,75 - 79,26681,28874
"2070",1992,7,80 - 84,24309,21873
"2070",1992,7,85 - 89,28270,18345
"2070",1992,7,90 - 94,0,0
"2070",1992,7,95+,0,0
"2070",1992,7,UNK,1288,4417
"2070",1992,8,Total,31972,46974
"2070",1992,8,0,9910,13354
"2070",1992,8,1,1278,1474
"2070",1992,8,2,480,496
"2070",1992,8,3,242,272
"2070",1992,8,4,190,202
"2070",1992,8,5 - 9,484,624
"2070",1992,8,10 - 14,296,470
"2070",1992,8,15 - 19,448,620
"2070",1992,8,20 - 24,620,898
"2070",1992,8,25 - 29,830,1246
"2070",1992,8,30 - 34,870,1802
"2070",1992,8,35 - 39,894,1990
"2070",1992,8,40 - 44,958,2306
"2070",1992,8,45 - 49,1114,2376
"2070",1992,8,50 - 54,1220,2858
"2070",1992,8,55 - 59,1500,2756
"2070",1992,8,60 - 64,1722,2782
"2070",1992,8,65 - 69,1782,2678
"2070",1992,8,70 - 74,1730,2276
"2070",1992,8,75 - 79,1818,2090
"2070",1992,8,80 - 84,1504,1566
"2070",1992,8,85 - 89,1678,1160
"2070",1992,8,90 - 94,0,0
"2070",1992,8,95+,0,0
"2070",1992,8,UNK,404,678
"2070",1992,9,Total,82720,97890
"2070",1992,9,0,148,178
"2070",1992,9,1,132,130
"2070",1992,9,2,148,164
"2070",1992,9,3,158,194
"2070",1992,9,4,164,154
"2070",1992,9,5 - 9,508,742
"2070",1992,9,10 - 14,546,676
"2070",1992,9,15 - 19,546,826
"2070",1992,9,20 - 24,700,872
"2070",1992,9,25 - 29,1168,1136
"2070",1992,9,30 - 34,1988,1446
"2070",1992,9,35 - 39,3198,2200
"2070",1992,9,40 - 44,4426,3530
"2070",1992,9,45 - 49,5716,5410
"2070",1992,9,50 - 54,7222,7904
"2070",1992,9,55 - 59,8188,10536
"2070",1992,9,60 - 64,9710,13490
"2070",1992,9,65 - 69,9966,14294
"2070",1992,9,70 - 74,9344,12624
"2070",1992,9,75 - 79,8182,10386
"2070",1992,9,80 - 84,5780,6532
"2070",1992,9,85 - 89,4356,3962
"2070",1992,9,90 - 94,0,0
"2070",1992,9,95+,0,0
"2070",1992,9,UNK,426,504
"2070",1992,10,Total,214072,248588
"2070",1992,10,0,480,534
"2070",1992,10,1,148,166
"2070",1992,10,2,54,70
"2070",1992,10,3,68,40
"2070",1992,10,4,56,60
"2070",1992,10,5 - 9,178,248
"2070",1992,10,10 - 14,366,412
"2070",1992,10,15 - 19,704,848
"2070",1992,10,20 - 24,1100,1258
"2070",1992,10,25 - 29,1560,2236
"2070",1992,10,30 - 34,2674,3868
"2070",1992,10,35 - 39,4092,6380
"2070",1992,10,40 - 44,6270,9480
"2070",1992,10,45 - 49,7874,13044
"2070",1992,10,50 - 54,10668,17626
"2070",1992,10,55 - 59,13978,22744
"2070",1992,10,60 - 64,18662,28656
"2070",1992,10,65 - 69,23020,32348
"2070",1992,10,70 - 74,26804,31952
"2070",1992,10,75 - 79,30760,30758
"2070",1992,10,80 - 84,28892,23824
"2070",1992,10,85 - 89,34154,20164
"2070",1992,10,90 - 94,0,0
"2070",1992,10,95+,0,0
"2070",1992,10,UNK,1510,1872
"2070",1992,11,Total,128324,165902
"2070",1992,11,0,13772,17652
"2070",1992,11,1,2340,2516
"2070",1992,11,2,704,722
"2070",1992,11,3,332,372
"2070",1992,11,4,262,276
"2070",1992,11,5 - 9,758,974
"2070",1992,11,10 - 14,692,896
"2070",1992,11,15 - 19,998,1630
"2070",1992,11,20 - 24,1240,2308
"2070",1992,11,25 - 29,1598,3380
"2070",1992,11,30 - 34,1974,4214
"2070",1992,11,35 - 39,2566,5280
"2070",1992,11,40 - 44,3338,6546
"2070",1992,11,45 - 49,3998,7090
"2070",1992,11,50 - 54,4988,8410
"2070",1992,11,55 - 59,5586,9586
"2070",1992,11,60 - 64,7054,11508
"2070",1992,11,65 - 69,9088,13794
"2070",1992,11,70 - 74,11640,15318
"2070",1992,11,75 - 79,14638,17264
"2070",1992,11,80 - 84,15576,15920
"2070",1992,11,85 - 89,23176,17100
"2070",1992,11,90 - 94,0,0
"2070",1992,11,95+,0,0
"2070",1992,11,UNK,2006,3146
"2070",1992,12,Total,1276,6734
"2070",1992,12,0,0,0
"2070",1992,12,1,2,2
"2070",1992,12,2,0,2
"2070",1992,12,3,0,0
"2070",1992,12,4,0,0
"2070",1992,12,5 - 9,2,0
"2070",1992,12,10 - 14,4,8
"2070",1992,12,15 - 19,8,30
"2070",1992,12,20 - 24,38,122
"2070",1992,12,25 - 29,60,384
"2070",1992,12,30 - 34,108,758
"2070",1992,12,35 - 39,126,914
"2070",1992,12,40 - 44,178,1008
"2070",1992,12,45 - 49,108,788
"2070",1992,12,50 - 54,96,810
"2070",1992,12,55 - 59,92,622
"2070",1992,12,60 - 64,82,446
"2070",1992,12,65 - 69,48,322
"2070",1992,12,70 - 74,72,174
"2070",1992,12,75 - 79,74,104
"2070",1992,12,80 - 84,68,82
"2070",1992,12,85 - 89,86,60
"2070",1992,12,90 - 94,0,0
"2070",1992,12,95+,0,0
"2070",1992,12,UNK,24,98
"2070",1992,13,Total,7642,10516
"2070",1992,13,0,1238,1662
"2070",1992,13,1,350,450
"2070",1992,13,2,188,238
"2070",1992,13,3,116,180
"2070",1992,13,4,108,122
"2070",1992,13,5 - 9,340,424
"2070",1992,13,10 - 14,348,454
"2070",1992,13,15 - 19,350,572
"2070",1992,13,20 - 24,316,462
"2070",1992,13,25 - 29,354,588
"2070",1992,13,30 - 34,350,594
"2070",1992,13,35 - 39,348,572
"2070",1992,13,40 - 44,306,550
"2070",1992,13,45 - 49,304,450
"2070",1992,13,50 - 54,260,480
"2070",1992,13,55 - 59,284,416
"2070",1992,13,60 - 64,266,424
"2070",1992,13,65 - 69,370,448
"2070",1992,13,70 - 74,406,438
"2070",1992,13,75 - 79,404,398
"2070",1992,13,80 - 84,328,270
"2070",1992,13,85 - 89,248,194
"2070",1992,13,90 - 94,0,0
"2070",1992,13,95+,0,0
"2070",1992,13,UNK,60,130
"2070",1992,14,Total,36628,42218
"2070",1992,14,0,2626,3292
"2070",1992,14,1,482,576
"2070",1992,14,2,160,152
"2070",1992,14,3,64,54
"2070",1992,14,4,32,50
"2070",1992,14,5 - 9,104,152
"2070",1992,14,10 - 14,138,134
"2070",1992,14,15 - 19,260,444
"2070",1992,14,20 - 24,654,1642
"2070",1992,14,25 - 29,976,3376
"2070",1992,14,30 - 34,1018,3816
"2070",1992,14,35 - 39,932,3370
"2070",1992,14,40 - 44,956,2690
"2070",1992,14,45 - 49,1198,2142
"2070",1992,14,50 - 54,1574,2206
"2070",1992,14,55 - 59,2450,2452
"2070",1992,14,60 - 64,3424,2772
"2070",1992,14,65 - 69,4142,3100
"2070",1992,14,70 - 74,4284,3102
"2070",1992,14,75 - 79,4218,2786
"2070",1992,14,80 - 84,3328,1956
"2070",1992,14,85 - 89,3354,1616
"2070",1992,14,90 - 94,0,0
"2070",1992,14,95+,0,0
"2070",1992,14,UNK,254,338
"2070",1992,1,Total,22836,45306
"2070",1992,1,0,362,686
"2070",1992,1,1,80,108
"2070",1992,1,2,42,32
"2070",1992,1,3,32,44
"2070",1992,1,4,26,30
"2070",1992,1,5 - 9,112,124
"2070",1992,1,10 - 14,128,144
"2070",1992,1,15 - 19,218,262
"2070",1992,1,20 - 24,288,540
"2070",1992,1,25 - 29,458,1216
"2070",1992,1,30 - 34,732,2354
"2070",1992,1,35 - 39,946,3468
"2070",1992,1,40 - 44,1052,4220
"2070",1992,1,45 - 49,1272,4510
"2070",1992,1,50 - 54,1508,4584
"2070",1992,1,55 - 59,1662,4324
"2070",1992,1,60 - 64,2062,4320
"2070",1992,1,65 - 69,2190,4040
"2070",1992,1,70 - 74,2346,3418
"2070",1992,1,75 - 79,2566,2698
"2070",1992,1,80 - 84,2238,1980
"2070",1992,1,85 - 89,2264,1608
"2070",1992,1,90 - 94,0,0
"2070",1992,1,95+,0,0
"2070",1992,1,UNK,252,596
"2070",1992,2,Total,10072,12716
"2070",1992,2,0,184,306
"2070",1992,2,1,50,60
"2070",1992,2,2,28,28
"2070",1992,2,3,28,26
"2070",1992,2,4,32,24
"2070",1992,2,5 - 9,88,100
"2070",1992,2,10 - 14,78,90
"2070",1992,2,15 - 19,124,150
"2070",1992,2,20 - 24,206,166
"2070",1992,2,25 - 29,274,264
"2070",1992,2,30 - 34,348,326
"2070",1992,2,35 - 39,406,420
"2070",1992,2,40 - 44,472,534
"2070",1992,2,45 - 49,492,552
"2070",1992,2,50 - 54,478,796
"2070",1992,2,55 - 59,640,842
"2070",1992,2,60 - 64,836,1078
"2070",1992,2,65 - 69,970,1382
"2070",1992,2,70 - 74,902,1476
"2070",1992,2,75 - 79,1132,1468
"2070",1992,2,80 - 84,1038,1238
"2070",1992,2,85 - 89,1208,1254
"2070",1992,2,90 - 94,0,0
"2070",1992,2,95+,0,0
"2070",1992,2,UNK,58,136
"2070",1992,3,Total,37976,49666
"2070",1992,3,0,36256,47822
"2070",1992,3,1,376,386
"2070",1992,3,2,158,178
"2070",1992,3,3,98,96
"2070",1992,3,4,68,76
"2070",1992,3,5 - 9,206,184
"2070",1992,3,10 - 14,128,122
"2070",1992,3,15 - 19,102,106
"2070",1992,3,20 - 24,66,84
"2070",1992,3,25 - 29,58,56
"2070",1992,3,30 - 34,50,68
"2070",1992,3,35 - 39,56,48
"2070",1992,3,40 - 44,38,32
"2070",1992,3,45 - 49,32,52
"2070",1992,3,50 - 54,42,40
"2070",1992,3,55 - 59,44,38
"2070",1992,3,60 - 64,32,28
"2070",1992,3,65 - 69,34,42
"2070",1992,3,70 - 74,42,32
"2070",1992,3,75 - 79,12,22
"2070",1992,3,80 - 84,20,24
"2070",1992,3,85 - 89,14,34
"2070",1992,3,90 - 94,0,0
"2070",1992,3,95+,0,0
"2070",1992,3,UNK,44,96
"2070",1992,4,Total,58462,81030
"2070",1992,4,0,7838,10122
"2070",1992,4,1,1576,1652
"2070",1992,4,2,592,598
"2070",1992,4,3,266,304
"2070",1992,4,4,184,218
"2070",1992,4,5 - 9,488,482
"2070",1992,4,10 - 14,394,526
"2070",1992,4,15 - 19,608,774
"2070",1992,4,20 - 24,690,968
"2070",1992,4,25 - 29,694,1358
"2070",1992,4,30 - 34,876,1718
"2070",1992,4,35 - 39,1052,2026
"2070",1992,4,40 - 44,1240,2152
"2070",1992,4,45 - 49,1318,2332
"2070",1992,4,50 - 54,1666,3220
"2070",1992,4,55 - 59,2288,4328
"2070",1992,4,60 - 64,3324,5968
"2070",1992,4,65 - 69,4208,7500
"2070",1992,4,70 - 74,5386,8868
"2070",1992,4,75 - 79,6800,9426
"2070",1992,4,80 - 84,6798,8072
"2070",1992,4,85 - 89,9698,7700
"2070",1992,4,90 - 94,0,0
"2070",1992,4,95+,0,0
"2070",1992,4,UNK,478,718
"2070",1992,5,Total,29380,111526
"2070",1992,5,0,1036,1264
"2070",1992,5,1,532,718
"2070",1992,5,2,400,676
"2070",1992,5,3,398,602
"2070",1992,5,4,320,602
"2070",1992,5,5 - 9,1506,3396
"2070",1992,5,10 - 14,1520,4088
"2070",1992,5,15 - 19,2390,9950
"2070",1992,5,20 - 24,2334,14008
"2070",1992,5,25 - 29,2242,13476
"2070",1992,5,30 - 34,2098,11486
"2070",1992,5,35 - 39,1708,10056
"2070",1992,5,40 - 44,1560,8280
"2070",1992,5,45 - 49,1432,6292
"2070",1992,5,50 - 54,1190,5398
"2070",1992,5,55 - 59,1250,4248
"2070",1992,5,60 - 64,1142,3614
"2070",1992,5,65 - 69,1100,2898
"2070",1992,5,70 - 74,1020,2252
"2070",1992,5,75 - 79,1170,1856
"2070",1992,5,80 - 84,1084,1278
"2070",1992,5,85 - 89,1362,1004
"2070",1992,5,90 - 94,0,0
"2070",1992,5,95+,0,0
"2070",1992,5,UNK,586,4084
"2070",1992,6,Total,4790,51842
"2070",1992,6,0,66,60
"2070",1992,6,1,28,18
"2070",1992,6,2,18,18
"2070",1992,6,3,12,30
"2070",1992,6,4,20,22
"2070",1992,6,5 - 9,72,120
"2070",1992,6,10 - 14,166,506
"2070",1992,6,15 - 19,560,6578
"2070",1992,6,20 - 24,734,10442
"2070",1992,6,25 - 29,724,9058
"2070",1992,6,30 - 34,628,6720
"2070",1992,6,35 - 39,514,5162
"2070",1992,6,40 - 44,296,3626
"2070",1992,6,45 - 49,240,2356
"2070",1992,6,50 - 54,158,1616
"2070",1992,6,55 - 59,102,1124
"2070",1992,6,60 - 64,52,744
"2070",1992,6,65 - 69,62,444
"2070",1992,6,70 - 74,44,242
"2070",1992,6,75 - 79,48,134
"2070",1992,6,80 - 84,38,48
"2070",1992,6,85 - 89,24,42
"2070",1992,6,90 - 94,0,0
"2070",1992,6,95+,0,0
"2070",1992,6,UNK,184,2732
"2070",1993,7,Total,359921,516224
"2070",1993,7,0,38484,50623
"2070",1993,7,1,3862,4691
"2070",1993,7,2,1506,1759
"2070",1993,7,3,928,1146
"2070",1993,7,4,758,976
"2070",1993,7,5 - 9,2654,3794
"2070",1993,7,10 - 14,2770,4468
"2070",1993,7,15 - 19,4283,12067
"2070",1993,7,20 - 24,5180,17719
"2070",1993,7,25 - 29,6347,19784
"2070",1993,7,30 - 34,7531,21129
"2070",1993,7,35 - 39,9667,22633
"2070",1993,7,40 - 44,11382,23643
"2070",1993,7,45 - 49,13627,25413
"2070",1993,7,50 - 54,16389,29013
"2070",1993,7,55 - 59,20441,33746
"2070",1993,7,60 - 64,25824,39896
"2070",1993,7,65 - 69,30803,44540
"2070",1993,7,70 - 74,34332,44348
"2070",1993,7,75 - 79,38250,43061
"2070",1993,7,80 - 84,36817,34479
"2070",1993,7,85 - 89,45952,31368
"2070",1993,7,90 - 94,0,0
"2070",1993,7,95+,0,0
"2070",1993,7,UNK,2134,5928
"2070",1993,8,Total,103666,141214
"2070",1993,8,0,16251,21290
"2070",1993,8,1,2057,2473
"2070",1993,8,2,652,710
"2070",1993,8,3,352,434
"2070",1993,8,4,304,369
"2070",1993,8,5 - 9,1037,1463
"2070",1993,8,10 - 14,1002,1437
"2070",1993,8,15 - 19,1417,3280
"2070",1993,8,20 - 24,1484,4558
"2070",1993,8,25 - 29,1723,4868
"2070",1993,8,30 - 34,1934,4990
"2070",1993,8,35 - 39,2464,5132
"2070",1993,8,40 - 44,3039,5416
"2070",1993,8,45 - 49,3505,5792
"2070",1993,8,50 - 54,4262,6579
"2070",1993,8,55 - 59,4928,7063
"2070",1993,8,60 - 64,6110,8285
"2070",1993,8,65 - 69,7403,10143
"2070",1993,8,70 - 74,8408,11102
"2070",1993,8,75 - 79,10125,12157
"2070",1993,8,80 - 84,10050,10900
"2070",1993,8,85 - 89,14241,11084
"2070",1993,8,90 - 94,0,0
"2070",1993,8,95+,0,0
"2070",1993,8,UNK,918,1689
"2070",1993,9,Total,256255,375010
"2070",1993,9,0,22233,29333
"2070",1993,9,1,1805,2218
"2070",1993,9,2,854,1049
"2070",1993,9,3,576,712
"2070",1993,9,4,454,607
"2070",1993,9,5 - 9,1617,2331
"2070",1993,9,10 - 14,1768,3031
"2070",1993,9,15 - 19,2866,8787
"2070",1993,9,20 - 24,3696,13161
"2070",1993,9,25 - 29,4624,14916
"2070",1993,9,30 - 34,5597,16139
"2070",1993,9,35 - 39,7203,17501
"2070",1993,9,40 - 44,8343,18227
"2070",1993,9,45 - 49,10122,19621
"2070",1993,9,50 - 54,12127,22434
"2070",1993,9,55 - 59,15513,26683
"2070",1993,9,60 - 64,19714,31611
"2070",1993,9,65 - 69,23400,34397
"2070",1993,9,70 - 74,25924,33246
"2070",1993,9,75 - 79,28125,30904
"2070",1993,9,80 - 84,26767,23579
"2070",1993,9,85 - 89,31711,20284
"2070",1993,9,90 - 94,0,0
"2070",1993,9,95+,0,0
"2070",1993,9,UNK,1216,4239
"2070",1993,10,Total,33874,49408
"2070",1993,10,0,10058,13728
"2070",1993,10,1,1450,1770
"2070",1993,10,2,440,532
"2070",1993,10,3,298,312
"2070",1993,10,4,192,242
"2070",1993,10,5 - 9,512,610
"2070",1993,10,10 - 14,354,512
"2070",1993,10,15 - 19,478,638
"2070",1993,10,20 - 24,638,910
"2070",1993,10,25 - 29,774,1274
"2070",1993,10,30 - 34,878,1782
"2070",1993,10,35 - 39,1062,2274
"2070",1993,10,40 - 44,1064,2322
"2070",1993,10,45 - 49,1142,2580
"2070",1993,10,50 - 54,1384,2858
"2070",1993,10,55 - 59,1582,2814
"2070",1993,10,60 - 64,1736,2942
"2070",1993,10,65 - 69,1972,2930
"2070",1993,10,70 - 74,1932,2598
"2070",1993,10,75 - 79,2036,2318
"2070",1993,10,80 - 84,1786,1630
"2070",1993,10,85 - 89,1864,1360
"2070",1993,10,90 - 94,0,0
"2070",1993,10,95+,0,0
"2070",1993,10,UNK,242,472
"2070",1993,11,Total,84666,100930
"2070",1993,11,0,190,204
"2070",1993,11,1,146,160
"2070",1993,11,2,108,162
"2070",1993,11,3,162,160
"2070",1993,11,4,116,200
"2070",1993,11,5 - 9,500,746
"2070",1993,11,10 - 14,554,662
"2070",1993,11,15 - 19,624,896
"2070",1993,11,20 - 24,760,938
"2070",1993,11,25 - 29,1128,1118
"2070",1993,11,30 - 34,1890,1550
"2070",1993,11,35 - 39,3276,2246
"2070",1993,11,40 - 44,4570,3736
"2070",1993,11,45 - 49,5904,5518
"2070",1993,11,50 - 54,7346,8078
"2070",1993,11,55 - 59,8452,10996
"2070",1993,11,60 - 64,9756,13496
"2070",1993,11,65 - 69,10134,14706
"2070",1993,11,70 - 74,9428,13128
"2070",1993,11,75 - 79,8302,10662
"2070",1993,11,80 - 84,6226,6834
"2070",1993,11,85 - 89,4878,4484
"2070",1993,11,90 - 94,0,0
"2070",1993,11,95+,0,0
"2070",1993,11,UNK,216,250
"2070",1993,12,Total,226338,260324
"2070",1993,12,0,528,558
"2070",1993,12,1,158,148
"2070",1993,12,2,66,82
"2070",1993,12,3,52,72
"2070",1993,12,4,40,54
"2070",1993,12,5 - 9,220,234
"2070",1993,12,10 - 14,446,340
"2070",1993,12,15 - 19,696,838
"2070",1993,12,20 - 24,1042,1296
"2070",1993,12,25 - 29,1738,2070
"2070",1993,12,30 - 34,2820,3800
"2070",1993,12,35 - 39,4632,6734
"2070",1993,12,40 - 44,6488,9792
"2070",1993,12,45 - 49,8848,13350
"2070",1993,12,50 - 54,11012,18132
"2070",1993,12,55 - 59,14660,23340
"2070",1993,12,60 - 64,19626,29742
"2070",1993,12,65 - 69,24532,34100
"2070",1993,12,70 - 74,28260,34382
"2070",1993,12,75 - 79,31962,32806
"2070",1993,12,80 - 84,30752,25550
"2070",1993,12,85 - 89,36852,21524
"2070",1993,12,90 - 94,0,0
"2070",1993,12,95+,0,0
"2070",1993,12,UNK,908,1380
"2070",1993,13,Total,138472,176056
"2070",1993,13,0,14942,19046
"2070",1993,13,1,2302,2812
"2070",1993,13,2,800,706
"2070",1993,13,3,330,390
"2070",1993,13,4,280,286
"2070",1993,13,5 - 9,792,920
"2070",1993,13,10 - 14,756,986
"2070",1993,13,15 - 19,1052,1666
"2070",1993,13,20 - 24,1194,2246
"2070",1993,13,25 - 29,1642,3332
"2070",1993,13,30 - 34,2088,4422
"2070",1993,13,35 - 39,2922,5738
"2070",1993,13,40 - 44,3656,6466
"2070",1993,13,45 - 49,4218,7618
"2070",1993,13,50 - 54,4988,8612
"2070",1993,13,55 - 59,6276,9896
"2070",1993,13,60 - 64,7924,12026
"2070",1993,13,65 - 69,9754,14316
"2070",1993,13,70 - 74,12498,16306
"2070",1993,13,75 - 79,15716,18750
"2070",1993,13,80 - 84,17168,17642
"2070",1993,13,85 - 89,25864,19462
"2070",1993,13,90 - 94,0,0
"2070",1993,13,95+,0,0
"2070",1993,13,UNK,1310,2412
"2070",1993,14,Total,1358,7370
"2070",1993,14,0,0,0
"2070",1993,14,1,0,0
"2070",1993,14,2,0,0
"2070",1993,14,3,0,0
"2070",1993,14,4,2,2
"2070",1993,14,5 - 9,0,4
"2070",1993,14,10 - 14,8,14
"2070",1993,14,15 - 19,12,30
"2070",1993,14,20 - 24,24,136
"2070",1993,14,25 - 29,72,496
"2070",1993,14,30 - 34,106,784
"2070",1993,14,35 - 39,124,1042
"2070",1993,14,40 - 44,140,1118
"2070",1993,14,45 - 49,120,942
"2070",1993,14,50 - 54,126,774
"2070",1993,14,55 - 59,78,594
"2070",1993,14,60 - 64,96,436
"2070",1993,14,65 - 69,70,312
"2070",1993,14,70 - 74,64,220
"2070",1993,14,75 - 79,58,156
"2070",1993,14,80 - 84,88,100
"2070",1993,14,85 - 89,154,76
"2070",1993,14,90 - 94,0,0
"2070",1993,14,95+,0,0
"2070",1993,14,UNK,16,134
"2070",1993,1,Total,7920,11298
"2070",1993,1,0,1226,1758
"2070",1993,1,1,348,416
"2070",1993,1,2,192,212
"2070",1993,1,3,140,172
"2070",1993,1,4,94,130
"2070",1993,1,5 - 9,366,472
"2070",1993,1,10 - 14,368,486
"2070",1993,1,15 - 19,374,564
"2070",1993,1,20 - 24,296,486
"2070",1993,1,25 - 29,364,556
"2070",1993,1,30 - 34,300,546
"2070",1993,1,35 - 39,342,700
"2070",1993,1,40 - 44,308,556
"2070",1993,1,45 - 49,272,552
"2070",1993,1,50 - 54,290,520
"2070",1993,1,55 - 59,320,448
"2070",1993,1,60 - 64,340,516
"2070",1993,1,65 - 69,360,524
"2070",1993,1,70 - 74,402,552
"2070",1993,1,75 - 79,450,472
"2070",1993,1,80 - 84,404,330
"2070",1993,1,85 - 89,336,272
"2070",1993,1,90 - 94,0,0
"2070",1993,1,95+,0,0
"2070",1993,1,UNK,28,58
"2070",1993,2,Total,39464,47614
"2070",1993,2,0,2512,3282
"2070",1993,2,1,526,630
"2070",1993,2,2,162,176
"2070",1993,2,3,76,72
"2070",1993,2,4,54,44
"2070",1993,2,5 - 9,122,144
"2070",1993,2,10 - 14,142,126
"2070",1993,2,15 - 19,260,384
"2070",1993,2,20 - 24,816,2002
"2070",1993,2,25 - 29,1306,4296
"2070",1993,2,30 - 34,1214,4726
"2070",1993,2,35 - 39,1116,3806
"2070",1993,2,40 - 44,1098,3166
"2070",1993,2,45 - 49,1334,2430
"2070",1993,2,50 - 54,1890,2450
"2070",1993,2,55 - 59,2526,2700
"2070",1993,2,60 - 64,3496,3148
"2070",1993,2,65 - 69,4322,3500
"2070",1993,2,70 - 74,4376,3300
"2070",1993,2,75 - 79,4566,2954
"2070",1993,2,80 - 84,3602,2156
"2070",1993,2,85 - 89,3734,1822
"2070",1993,2,90 - 94,0,0
"2070",1993,2,95+,0,0
"2070",1993,2,UNK,214,300
"2070",1993,3,Total,24736,48210
"2070",1993,3,0,382,596
"2070",1993,3,1,70,102
"2070",1993,3,2,40,62
"2070",1993,3,3,30,40
"2070",1993,3,4,26,36
"2070",1993,3,5 - 9,108,124
"2070",1993,3,10 - 14,138,166
"2070",1993,3,15 - 19,260,252
"2070",1993,3,20 - 24,276,560
"2070",1993,3,25 - 29,510,1204
"2070",1993,3,30 - 34,670,2404
"2070",1993,3,35 - 39,942,3684
"2070",1993,3,40 - 44,1160,4506
"2070",1993,3,45 - 49,1372,4916
"2070",1993,3,50 - 54,1478,4806
"2070",1993,3,55 - 59,1790,4730
"2070",1993,3,60 - 64,2252,4790
"2070",1993,3,65 - 69,2580,4412
"2070",1993,3,70 - 74,2676,3588
"2070",1993,3,75 - 79,2792,3034
"2070",1993,3,80 - 84,2490,2152
"2070",1993,3,85 - 89,2534,1644
"2070",1993,3,90 - 94,0,0
"2070",1993,3,95+,0,0
"2070",1993,3,UNK,160,402
"2070",1993,4,Total,10714,13394
"2070",1993,4,0,212,274
"2070",1993,4,1,48,64
"2070",1993,4,2,34,34
"2070",1993,4,3,24,20
"2070",1993,4,4,36,36
"2070",1993,4,5 - 9,72,118
"2070",1993,4,10 - 14,102,76
"2070",1993,4,15 - 19,142,130
"2070",1993,4,20 - 24,244,220
"2070",1993,4,25 - 29,310,256
"2070",1993,4,30 - 34,364,352
"2070",1993,4,35 - 39,404,500
"2070",1993,4,40 - 44,438,512
"2070",1993,4,45 - 49,568,620
"2070",1993,4,50 - 54,648,778
"2070",1993,4,55 - 59,644,932
"2070",1993,4,60 - 64,866,1174
"2070",1993,4,65 - 69,918,1354
"2070",1993,4,70 - 74,1044,1492
"2070",1993,4,75 - 79,1112,1538
"2070",1993,4,80 - 84,1064,1408
"2070",1993,4,85 - 89,1388,1422
"2070",1993,4,90 - 94,0,0
"2070",1993,4,95+,0,0
"2070",1993,4,UNK,32,84
"2070",1993,5,Total,38952,51056
"2070",1993,5,0,37196,49310
"2070",1993,5,1,380,368
"2070",1993,5,2,128,168
"2070",1993,5,3,88,96
"2070",1993,5,4,68,70
"2070",1993,5,5 - 9,200,182
"2070",1993,5,10 - 14,98,104
"2070",1993,5,15 - 19,128,96
"2070",1993,5,20 - 24,80,66
"2070",1993,5,25 - 29,50,74
"2070",1993,5,30 - 34,70,86
"2070",1993,5,35 - 39,60,76
"2070",1993,5,40 - 44,64,54
"2070",1993,5,45 - 49,54,48
"2070",1993,5,50 - 54,40,28
"2070",1993,5,55 - 59,28,46
"2070",1993,5,60 - 64,68,34
"2070",1993,5,65 - 69,32,34
"2070",1993,5,70 - 74,30,34
"2070",1993,5,75 - 79,26,28
"2070",1993,5,80 - 84,8,12
"2070",1993,5,85 - 89,20,2
"2070",1993,5,90 - 94,0,0
"2070",1993,5,95+,0,0
"2070",1993,5,UNK,36,40
"2070",1993,6,Total,67012,91462
"2070",1993,6,0,8210,10546
"2070",1993,6,1,1590,1972
"2070",1993,6,2,552,626
"2070",1993,6,3,266,308
"2070",1993,6,4,194,184
"2070",1993,6,5 - 9,518,566
"2070",1993,6,10 - 14,398,532
"2070",1993,6,15 - 19,580,838
"2070",1993,6,20 - 24,652,1046
"2070",1993,6,25 - 29,862,1564
"2070",1993,6,30 - 34,948,1838
"2070",1993,6,35 - 39,1184,2176
"2070",1993,6,40 - 44,1248,2496
"2070",1993,6,45 - 49,1492,2700
"2070",1993,6,50 - 54,1920,3430
"2070",1993,6,55 - 59,2842,4906
"2070",1993,6,60 - 64,3860,6718
"2070",1993,6,65 - 69,5214,8910
"2070",1993,6,70 - 74,6262,10066
"2070",1993,6,75 - 79,7542,10810
"2070",1993,6,80 - 84,8354,9402
"2070",1993,6,85 - 89,11962,9156
"2070",1993,6,90 - 94,0,0
"2070",1993,6,95+,0,0
"2070",1993,6,UNK,362,672
"2070",1993,7,Total,31590,114460
"2070",1993,7,0,1054,1368
"2070",1993,7,1,590,784
"2070",1993,7,2,440,688
"2070",1993,7,3,348,596
"2070",1993,7,4,376,618
"2070",1993,7,5 - 9,1702,3220
"2070",1993,7,10 - 14,1818,4230
"2070",1993,7,15 - 19,2638,10014
"2070",1993,7,20 - 24,2532,14020
"2070",1993,7,25 - 29,2220,13462
"2070",1993,7,30 - 34,2056,12220
"2070",1993,7,35 - 39,1914,10506
"2070",1993,7,40 - 44,1630,8616
"2070",1993,7,45 - 49,1374,6768
"2070",1993,7,50 - 54,1284,5590
"2070",1993,7,55 - 59,1278,4620
"2070",1993,7,60 - 64,1240,3746
"2070",1993,7,65 - 69,1258,3128
"2070",1993,7,70 - 74,1210,2384
"2070",1993,7,75 - 79,1362,2028
"2070",1993,7,80 - 84,1152,1314
"2070",1993,7,85 - 89,1626,1172
"2070",1993,7,90 - 94,0,0
"2070",1993,7,95+,0,0
"2070",1993,7,UNK,488,3368
"2070",1993,8,Total,5244,55850
"2070",1993,8,0,70,90
"2070",1993,8,1,20,56
"2070",1993,8,2,8,26
"2070",1993,8,3,14,24
"2070",1993,8,4,18,28
"2070",1993,8,5 - 9,84,122
"2070",1993,8,10 - 14,170,582
"2070",1993,8,15 - 19,628,7612
"2070",1993,8,20 - 24,808,11300
"2070",1993,8,25 - 29,772,9672
"2070",1993,8,30 - 34,712,7560
"2070",1993,8,35 - 39,538,5588
"2070",1993,8,40 - 44,366,3710
"2070",1993,8,45 - 49,278,2562
"2070",1993,8,50 - 54,116,1732
"2070",1993,8,55 - 59,110,1150
"2070",1993,8,60 - 64,96,738
"2070",1993,8,65 - 69,56,496
"2070",1993,8,70 - 74,68,270
"2070",1993,8,75 - 79,50,158
"2070",1993,8,80 - 84,40,86
"2070",1993,8,85 - 89,22,44
"2070",1993,8,90 - 94,0,0
"2070",1993,8,95+,0,0
"2070",1993,8,UNK,200,2244
"2070",1994,9,Total,364912,519967
"2070",1994,9,0,37449,48978
"2070",1994,9,1,3857,4403
"2070",1994,9,2,1574,1716
"2070",1994,9,3,962,1195
"2070",1994,9,4,756,987
"2070",1994,9,5 - 9,2662,3856
"2070",1994,9,10 - 14,3000,4619
"2070",1994,9,15 - 19,4624,12972
"2070",1994,9,20 - 24,5287,18626
"2070",1994,9,25 - 29,6458,20539
"2070",1994,9,30 - 34,7879,21843
"2070",1994,9,35 - 39,9688,22954
"2070",1994,9,40 - 44,11877,24512
"2070",1994,9,45 - 49,13910,25770
"2070",1994,9,50 - 54,16565,28942
"2070",1994,9,55 - 59,20949,33830
"2070",1994,9,60 - 64,26120,39376
"2070",1994,9,65 - 69,31385,44666
"2070",1994,9,70 - 74,34259,45096
"2070",1994,9,75 - 79,38487,42442
"2070",1994,9,80 - 84,37746,34911
"2070",1994,9,85 - 89,46826,31448
"2070",1994,9,90 - 94,0,0
"2070",1994,9,95+,0,0
"2070",1994,9,UNK,2592,6286
"2070",1994,10,Total,104092,139462
"2070",1994,10,0,14963,19376
"2070",1994,10,1,1941,2203
"2070",1994,10,2,692,742
"2070",1994,10,3,372,447
"2070",1994,10,4,312,406
"2070",1994,10,5 - 9,1024,1492
"2070",1994,10,10 - 14,1045,1568
"2070",1994,10,15 - 19,1482,3439
"2070",1994,10,20 - 24,1548,4667
"2070",1994,10,25 - 29,1708,5034
"2070",1994,10,30 - 34,2028,5185
"2070",1994,10,35 - 39,2386,5155
"2070",1994,10,40 - 44,3083,5542
"2070",1994,10,45 - 49,3609,5838
"2070",1994,10,50 - 54,4279,6507
"2070",1994,10,55 - 59,5250,6940
"2070",1994,10,60 - 64,6317,8162
"2070",1994,10,65 - 69,7435,9941
"2070",1994,10,70 - 74,8393,11067
"2070",1994,10,75 - 79,10283,11795
"2070",1994,10,80 - 84,10256,10863
"2070",1994,10,85 - 89,14352,11031
"2070",1994,10,90 - 94,0,0
"2070",1994,10,95+,0,0
"2070",1994,10,UNK,1334,2062
"2070",1994,11,Total,260820,380505
"2070",1994,11,0,22486,29602
"2070",1994,11,1,1916,2200
"2070",1994,11,2,882,974
"2070",1994,11,3,590,748
"2070",1994,11,4,444,581
"2070",1994,11,5 - 9,1638,2364
"2070",1994,11,10 - 14,1955,3051
"2070",1994,11,15 - 19,3142,9533
"2070",1994,11,20 - 24,3739,13959
"2070",1994,11,25 - 29,4750,15505
"2070",1994,11,30 - 34,5851,16658
"2070",1994,11,35 - 39,7302,17799
"2070",1994,11,40 - 44,8794,18970
"2070",1994,11,45 - 49,10301,19932
"2070",1994,11,50 - 54,12286,22435
"2070",1994,11,55 - 59,15699,26890
"2070",1994,11,60 - 64,19803,31214
"2070",1994,11,65 - 69,23950,34725
"2070",1994,11,70 - 74,25866,34029
"2070",1994,11,75 - 79,28204,30647
"2070",1994,11,80 - 84,27490,24048
"2070",1994,11,85 - 89,32474,20417
"2070",1994,11,90 - 94,0,0
"2070",1994,11,95+,0,0
"2070",1994,11,UNK,1258,4224
"2070",1994,12,Total,34596,49560
"2070",1994,12,0,9810,13240
"2070",1994,12,1,1482,1678
"2070",1994,12,2,510,494
"2070",1994,12,3,286,346
"2070",1994,12,4,188,248
"2070",1994,12,5 - 9,470,612
"2070",1994,12,10 - 14,360,468
"2070",1994,12,15 - 19,510,624
"2070",1994,12,20 - 24,694,888
"2070",1994,12,25 - 29,796,1220
"2070",1994,12,30 - 34,922,1776
"2070",1994,12,35 - 39,970,2162
"2070",1994,12,40 - 44,1080,2484
"2070",1994,12,45 - 49,1182,2646
"2070",1994,12,50 - 54,1444,2812
"2070",1994,12,55 - 59,1662,2816
"2070",1994,12,60 - 64,1712,3032
"2070",1994,12,65 - 69,1926,2910
"2070",1994,12,70 - 74,2054,2696
"2070",1994,12,75 - 79,2064,2402
"2070",1994,12,80 - 84,1944,1868
"2070",1994,12,85 - 89,2124,1504
"2070",1994,12,90 - 94,0,0
"2070",1994,12,95+,0,0
"2070",1994,12,UNK,406,634
"2070",1994,13,Total,88796,103752
"2070",1994,13,0,214,168
"2070",1994,13,1,126,152
"2070",1994,13,2,142,142
"2070",1994,13,3,158,164
"2070",1994,13,4,142,168
"2070",1994,13,5 - 9,572,778
"2070",1994,13,10 - 14,582,678
"2070",1994,13,15 - 19,674,916
"2070",1994,13,20 - 24,732,968
"2070",1994,13,25 - 29,1142,1098
"2070",1994,13,30 - 34,2096,1464
"2070",1994,13,35 - 39,3368,2282
"2070",1994,13,40 - 44,4920,3782
"2070",1994,13,45 - 49,6230,5756
"2070",1994,13,50 - 54,7386,8336
"2070",1994,13,55 - 59,8946,11406
"2070",1994,13,60 - 64,10148,13458
"2070",1994,13,65 - 69,10840,14996
"2070",1994,13,70 - 74,9790,13692
"2070",1994,13,75 - 79,8584,10838
"2070",1994,13,80 - 84,6560,7444
"2070",1994,13,85 - 89,5134,4728
"2070",1994,13,90 - 94,0,0
"2070",1994,13,95+,0,0
"2070",1994,13,UNK,310,338
"2070",1994,14,Total,228038,260894
"2070",1994,14,0,582,606
"2070",1994,14,1,146,178
"2070",1994,14,2,88,68
"2070",1994,14,3,38,88
"2070",1994,14,4,54,72
"2070",1994,14,5 - 9,278,234
"2070",1994,14,10 - 14,412,462
"2070",1994,14,15 - 19,796,910
"2070",1994,14,20 - 24,962,1336
"2070",1994,14,25 - 29,1726,2120
"2070",1994,14,30 - 34,2664,3740
"2070",1994,14,35 - 39,4528,6676
"2070",1994,14,40 - 44,6574,10100
"2070",1994,14,45 - 49,8894,13514
"2070",1994,14,50 - 54,11032,17908
"2070",1994,14,55 - 59,14768,23042
"2070",1994,14,60 - 64,19628,29340
"2070",1994,14,65 - 69,24744,34430
"2070",1994,14,70 - 74,27786,35074
"2070",1994,14,75 - 79,31990,32278
"2070",1994,14,80 - 84,31542,25628
"2070",1994,14,85 - 89,37666,21494
"2070",1994,14,90 - 94,0,0
"2070",1994,14,95+,0,0
"2070",1994,14,UNK,1140,1596
"2070",1994,1,Total,134204,167028
"2070",1994,1,0,12644,15912
"2070",1994,1,1,2136,2360
"2070",1994,1,2,682,728
"2070",1994,1,3,386,388
"2070",1994,1,4,314,306
"2070",1994,1,5 - 9,782,916
"2070",1994,1,10 - 14,736,918
"2070",1994,1,15 - 19,1062,1840
"2070",1994,1,20 - 24,1222,2278
"2070",1994,1,25 - 29,1630,3262
"2070",1994,1,30 - 34,1996,4290
"2070",1994,1,35 - 39,2790,5168
"2070",1994,1,40 - 44,3576,6326
"2070",1994,1,45 - 49,4138,7104
"2070",1994,1,50 - 54,5080,8204
"2070",1994,1,55 - 59,6320,9644
"2070",1994,1,60 - 64,8068,11672
"2070",1994,1,65 - 69,9550,13994
"2070",1994,1,70 - 74,11748,15584
"2070",1994,1,75 - 79,15474,17630
"2070",1994,1,80 - 84,17046,17114
"2070",1994,1,85 - 89,25430,18846
"2070",1994,1,90 - 94,0,0
"2070",1994,1,95+,0,0
"2070",1994,1,UNK,1394,2544
"2070",1994,2,Total,1436,7674
"2070",1994,2,0,0,0
"2070",1994,2,1,2,0
"2070",1994,2,2,0,2
"2070",1994,2,3,2,0
"2070",1994,2,4,0,0
"2070",1994,2,5 - 9,2,2
"2070",1994,2,10 - 14,10,10
"2070",1994,2,15 - 19,10,30
"2070",1994,2,20 - 24,32,156
"2070",1994,2,25 - 29,72,400
"2070",1994,2,30 - 34,102,908
"2070",1994,2,35 - 39,136,1166
"2070",1994,2,40 - 44,154,1140
"2070",1994,2,45 - 49,150,1058
"2070",1994,2,50 - 54,102,808
"2070",1994,2,55 - 59,82,642
"2070",1994,2,60 - 64,60,418
"2070",1994,2,65 - 69,70,284
"2070",1994,2,70 - 74,48,222
"2070",1994,2,75 - 79,90,130
"2070",1994,2,80 - 84,90,112
"2070",1994,2,85 - 89,192,100
"2070",1994,2,90 - 94,0,0
"2070",1994,2,95+,0,0
"2070",1994,2,UNK,30,86
"2070",1994,3,Total,8082,11290
"2070",1994,3,0,1272,1716
"2070",1994,3,1,364,460
"2070",1994,3,2,206,222
"2070",1994,3,3,128,158
"2070",1994,3,4,106,140
"2070",1994,3,5 - 9,344,466
"2070",1994,3,10 - 14,368,422
"2070",1994,3,15 - 19,338,566
"2070",1994,3,20 - 24,330,562
"2070",1994,3,25 - 29,360,586
"2070",1994,3,30 - 34,390,628
"2070",1994,3,35 - 39,328,616
"2070",1994,3,40 - 44,324,640
"2070",1994,3,45 - 49,310,528
"2070",1994,3,50 - 54,298,468
"2070",1994,3,55 - 59,282,458
"2070",1994,3,60 - 64,350,470
"2070",1994,3,65 - 69,358,508
"2070",1994,3,70 - 74,434,500
"2070",1994,3,75 - 79,414,466
"2070",1994,3,80 - 84,362,370
"2070",1994,3,85 - 89,356,228
"2070",1994,3,90 - 94,0,0
"2070",1994,3,95+,0,0
"2070",1994,3,UNK,60,112
"2070",1994,4,Total,42022,50752
"2070",1994,4,0,2430,3032
"2070",1994,4,1,502,516
"2070",1994,4,2,148,210
"2070",1994,4,3,68,92
"2070",1994,4,4,56,78
"2070",1994,4,5 - 9,124,158
"2070",1994,4,10 - 14,168,150
"2070",1994,4,15 - 19,326,384
"2070",1994,4,20 - 24,844,1882
"2070",1994,4,25 - 29,1502,4840
"2070",1994,4,30 - 34,1544,5470
"2070",1994,4,35 - 39,1320,4518
"2070",1994,4,40 - 44,1314,3602
"2070",1994,4,45 - 49,1400,2920
"2070",1994,4,50 - 54,1852,2522
"2070",1994,4,55 - 59,2798,2776
"2070",1994,4,60 - 64,3672,3258
"2070",1994,4,65 - 69,4672,3554
"2070",1994,4,70 - 74,4654,3426
"2070",1994,4,75 - 79,4646,2974
"2070",1994,4,80 - 84,3730,2178
"2070",1994,4,85 - 89,3950,1832
"2070",1994,4,90 - 94,0,0
"2070",1994,4,95+,0,0
"2070",1994,4,UNK,302,380
"2070",1994,5,Total,24832,48974
"2070",1994,5,0,424,548
"2070",1994,5,1,88,114
"2070",1994,5,2,46,54
"2070",1994,5,3,54,64
"2070",1994,5,4,20,38
"2070",1994,5,5 - 9,122,138
"2070",1994,5,10 - 14,138,116
"2070",1994,5,15 - 19,244,306
"2070",1994,5,20 - 24,318,636
"2070",1994,5,25 - 29,398,1266
"2070",1994,5,30 - 34,662,2442
"2070",1994,5,35 - 39,990,3688
"2070",1994,5,40 - 44,1248,4814
"2070",1994,5,45 - 49,1282,4636
"2070",1994,5,50 - 54,1528,4902
"2070",1994,5,55 - 59,1782,4926
"2070",1994,5,60 - 64,2104,4516
"2070",1994,5,65 - 69,2548,4246
"2070",1994,5,70 - 74,2708,3852
"2070",1994,5,75 - 79,2698,3142
"2070",1994,5,80 - 84,2636,2220
"2070",1994,5,85 - 89,2626,1766
"2070",1994,5,90 - 94,0,0
"2070",1994,5,95+,0,0
"2070",1994,5,UNK,168,544
"2070",1994,6,Total,10822,13704
"2070",1994,6,0,166,230
"2070",1994,6,1,44,36
"2070",1994,6,2,30,28
"2070",1994,6,3,26,36
"2070",1994,6,4,14,26
"2070",1994,6,5 - 9,98,98
"2070",1994,6,10 - 14,94,106
"2070",1994,6,15 - 19,144,114
"2070",1994,6,20 - 24,202,188
"2070",1994,6,25 - 29,258,294
"2070",1994,6,30 - 34,376,342
"2070",1994,6,35 - 39,438,440
"2070",1994,6,40 - 44,534,578
"2070",1994,6,45 - 49,516,666
"2070",1994,6,50 - 54,602,808
"2070",1994,6,55 - 59,724,1038
"2070",1994,6,60 - 64,926,1144
"2070",1994,6,65 - 69,932,1516
"2070",1994,6,70 - 74,1036,1564
"2070",1994,6,75 - 79,1164,1610
"2070",1994,6,80 - 84,1098,1340
"2070",1994,6,85 - 89,1334,1424
"2070",1994,6,90 - 94,0,0
"2070",1994,6,95+,0,0
"2070",1994,6,UNK,66,78
"2070",1994,7,Total,39828,51962
"2070",1994,7,0,38028,50064
"2070",1994,7,1,448,382
"2070",1994,7,2,190,148
"2070",1994,7,3,78,78
"2070",1994,7,4,44,62
"2070",1994,7,5 - 9,148,200
"2070",1994,7,10 - 14,134,122
"2070",1994,7,15 - 19,80,118
"2070",1994,7,20 - 24,76,78
"2070",1994,7,25 - 29,56,78
"2070",1994,7,30 - 34,42,66
"2070",1994,7,35 - 39,56,76
"2070",1994,7,40 - 44,58,40
"2070",1994,7,45 - 49,48,58
"2070",1994,7,50 - 54,40,50
"2070",1994,7,55 - 59,36,46
"2070",1994,7,60 - 64,54,42
"2070",1994,7,65 - 69,46,56
"2070",1994,7,70 - 74,32,38
"2070",1994,7,75 - 79,30,34
"2070",1994,7,80 - 84,38,22
"2070",1994,7,85 - 89,28,20
"2070",1994,7,90 - 94,0,0
"2070",1994,7,95+,0,0
"2070",1994,7,UNK,38,84
"2070",1994,8,Total,69380,93122
"2070",1994,8,0,7866,10358
"2070",1994,8,1,1630,2014
"2070",1994,8,2,622,612
"2070",1994,8,3,348,358
"2070",1994,8,4,182,216
"2070",1994,8,5 - 9,550,596
"2070",1994,8,10 - 14,528,578
"2070",1994,8,15 - 19,580,858
"2070",1994,8,20 - 24,706,1044
"2070",1994,8,25 - 29,864,1584
"2070",1994,8,30 - 34,1082,2018
"2070",1994,8,35 - 39,1192,2410
"2070",1994,8,40 - 44,1320,2648
"2070",1994,8,45 - 49,1626,2966
"2070",1994,8,50 - 54,2034,3540
"2070",1994,8,55 - 59,2858,4842
"2070",1994,8,60 - 64,3906,6588
"2070",1994,8,65 - 69,5234,8836
"2070",1994,8,70 - 74,6572,10350
"2070",1994,8,75 - 79,7976,10966
"2070",1994,8,80 - 84,8660,9616
"2070",1994,8,85 - 89,12548,9300
"2070",1994,8,90 - 94,0,0
"2070",1994,8,95+,0,0
"2070",1994,8,UNK,496,824
"2070",1994,9,Total,32286,116780
"2070",1994,9,0,1032,1428
"2070",1994,9,1,614,756
"2070",1994,9,2,420,648
"2070",1994,9,3,314,546
"2070",1994,9,4,350,578
"2070",1994,9,5 - 9,1642,3280
"2070",1994,9,10 - 14,2052,4562
"2070",1994,9,15 - 19,2950,10892
"2070",1994,9,20 - 24,2754,14312
"2070",1994,9,25 - 29,2306,13652
"2070",1994,9,30 - 34,2120,12462
"2070",1994,9,35 - 39,1896,10880
"2070",1994,9,40 - 44,1706,8668
"2070",1994,9,45 - 49,1506,6822
"2070",1994,9,50 - 54,1286,5576
"2070",1994,9,55 - 59,1240,4614
"2070",1994,9,60 - 64,1182,3744
"2070",1994,9,65 - 69,1268,3176
"2070",1994,9,70 - 74,1140,2490
"2070",1994,9,75 - 79,1272,1902
"2070",1994,9,80 - 84,1188,1484
"2070",1994,9,85 - 89,1576,1260
"2070",1994,9,90 - 94,0,0
"2070",1994,9,95+,0,0
"2070",1994,9,UNK,472,3048
"2070",1994,10,Total,5676,59428
"2070",1994,10,0,66,98
"2070",1994,10,1,12,32
"2070",1994,10,2,18,14
"2070",1994,10,3,14,24
"2070",1994,10,4,4,14
"2070",1994,10,5 - 9,90,120
"2070",1994,10,10 - 14,226,506
"2070",1994,10,15 - 19,848,8240
"2070",1994,10,20 - 24,778,12782
"2070",1994,10,25 - 29,780,10506
"2070",1994,10,30 - 34,742,7906
"2070",1994,10,35 - 39,580,5678
"2070",1994,10,40 - 44,430,3990
"2070",1994,10,45 - 49,242,2624
"2070",1994,10,50 - 54,158,1698
"2070",1994,10,55 - 59,122,1158
"2070",1994,10,60 - 64,90,716
"2070",1994,10,65 - 69,76,448
"2070",1994,10,70 - 74,56,266
"2070",1994,10,75 - 79,62,166
"2070",1994,10,80 - 84,20,96
"2070",1994,10,85 - 89,30,76
"2070",1994,10,90 - 94,0,0
"2070",1994,10,95+,0,0
"2070",1994,10,UNK,232,2270
"2070",1995,11,Total,368828,521430
"2070",1995,11,0,35138,45540
"2070",1995,11,1,3310,3881
"2070",1995,11,2,1423,1650
"2070",1995,11,3,930,1079
"2070",1995,11,4,712,839
"2070",1995,11,5 - 9,2456,3601
"2070",1995,11,10 - 14,2849,4539
"2070",1995,11,15 - 19,4642,13509
"2070",1995,11,20 - 24,5374,19323
"2070",1995,11,25 - 29,6491,21106
"2070",1995,11,30 - 34,8032,22524
"2070",1995,11,35 - 39,9927,24181
"2070",1995,11,40 - 44,12064,25046
"2070",1995,11,45 - 49,14429,26647
"2070",1995,11,50 - 54,16938,28961
"2070",1995,11,55 - 59,21409,33925
"2070",1995,11,60 - 64,26353,39016
"2070",1995,11,65 - 69,32737,45211
"2070",1995,11,70 - 74,35523,45420
"2070",1995,11,75 - 79,38667,41365
"2070",1995,11,80 - 84,38356,34701
"2070",1995,11,85 - 89,48028,31958
"2070",1995,11,90 - 94,0,0
"2070",1995,11,95+,0,0
"2070",1995,11,UNK,3040,7408
"2070",1995,12,Total,104447,138191
"2070",1995,12,0,13797,17894
"2070",1995,12,1,1589,1815
"2070",1995,12,2,577,647
"2070",1995,12,3,377,418
"2070",1995,12,4,274,330
"2070",1995,12,5 - 9,957,1361
"2070",1995,12,10 - 14,1005,1533
"2070",1995,12,15 - 19,1527,3600
"2070",1995,12,20 - 24,1602,4778
"2070",1995,12,25 - 29,1747,5090
"2070",1995,12,30 - 34,2047,5367
"2070",1995,12,35 - 39,2334,5390
"2070",1995,12,40 - 44,2999,5519
"2070",1995,12,45 - 49,3748,6050
"2070",1995,12,50 - 54,4462,6413
"2070",1995,12,55 - 59,5487,7256
"2070",1995,12,60 - 64,6351,8028
"2070",1995,12,65 - 69,8002,10203
"2070",1995,12,70 - 74,8634,10964
"2070",1995,12,75 - 79,10141,11443
"2070",1995,12,80 - 84,10665,10646
"2070",1995,12,85 - 89,14556,11176
"2070",1995,12,90 - 94,0,0
"2070",1995,12,95+,0,0
"2070",1995,12,UNK,1569,2270
"2070",1995,13,Total,264381,383239
"2070",1995,13,0,21341,27646
"2070",1995,13,1,1721,2066
"2070",1995,13,2,846,1003
"2070",1995,13,3,553,661
"2070",1995,13,4,438,509
"2070",1995,13,5 - 9,1499,2240
"2070",1995,13,10 - 14,1844,3006
"2070",1995,13,15 - 19,3115,9909
"2070",1995,13,20 - 24,3772,14545
"2070",1995,13,25 - 29,4744,16016
"2070",1995,13,30 - 34,5985,17157
"2070",1995,13,35 - 39,7593,18791
"2070",1995,13,40 - 44,9065,19527
"2070",1995,13,45 - 49,10681,20597
"2070",1995,13,50 - 54,12476,22548
"2070",1995,13,55 - 59,15922,26669
"2070",1995,13,60 - 64,20002,30988
"2070",1995,13,65 - 69,24735,35008
"2070",1995,13,70 - 74,26889,34456
"2070",1995,13,75 - 79,28526,29922
"2070",1995,13,80 - 84,27691,24055
"2070",1995,13,85 - 89,33472,20782
"2070",1995,13,90 - 94,0,0
"2070",1995,13,95+,0,0
"2070",1995,13,UNK,1471,5138
"2070",1995,14,Total,31968,45004
"2070",1995,14,0,8444,10946
"2070",1995,14,1,1142,1480
"2070",1995,14,2,424,464
"2070",1995,14,3,278,282
"2070",1995,14,4,212,188
"2070",1995,14,5 - 9,408,544
"2070",1995,14,10 - 14,342,496
"2070",1995,14,15 - 19,414,626
"2070",1995,14,20 - 24,574,866
"2070",1995,14,25 - 29,692,1304
"2070",1995,14,30 - 34,868,1658
"2070",1995,14,35 - 39,1004,2172
"2070",1995,14,40 - 44,1078,2402
"2070",1995,14,45 - 49,1204,2458
"2070",1995,14,50 - 54,1330,2598
"2070",1995,14,55 - 59,1566,2650
"2070",1995,14,60 - 64,1726,2712
"2070",1995,14,65 - 69,1988,2690
"2070",1995,14,70 - 74,1902,2546
"2070",1995,14,75 - 79,2046,2006
"2070",1995,14,80 - 84,1826,1722
"2070",1995,14,85 - 89,2048,1496
"2070",1995,14,90 - 94,0,0
"2070",1995,14,95+,0,0
"2070",1995,14,UNK,452,698
"2070",1995,1,Total,91298,106454
"2070",1995,1,0,180,156
"2070",1995,1,1,102,144
"2070",1995,1,2,134,144
"2070",1995,1,3,154,186
"2070",1995,1,4,136,154
"2070",1995,1,5 - 9,554,768
"2070",1995,1,10 - 14,552,652
"2070",1995,1,15 - 19,646,888
"2070",1995,1,20 - 24,730,982
"2070",1995,1,25 - 29,1180,1096
"2070",1995,1,30 - 34,2012,1542
"2070",1995,1,35 - 39,3306,2374
"2070",1995,1,40 - 44,4972,3976
"2070",1995,1,45 - 49,6316,5796
"2070",1995,1,50 - 54,7418,8068
"2070",1995,1,55 - 59,9180,11330
"2070",1995,1,60 - 64,10210,13930
"2070",1995,1,65 - 69,11664,15530
"2070",1995,1,70 - 74,10284,14434
"2070",1995,1,75 - 79,8870,11072
"2070",1995,1,80 - 84,6828,7830
"2070",1995,1,85 - 89,5462,4938
"2070",1995,1,90 - 94,0,0
"2070",1995,1,95+,0,0
"2070",1995,1,UNK,408,464
"2070",1995,2,Total,231238,256318
"2070",1995,2,0,488,692
"2070",1995,2,1,116,124
"2070",1995,2,2,82,90
"2070",1995,2,3,50,64
"2070",1995,2,4,28,44
"2070",1995,2,5 - 9,214,208
"2070",1995,2,10 - 14,394,404
"2070",1995,2,15 - 19,790,884
"2070",1995,2,20 - 24,1006,1278
"2070",1995,2,25 - 29,1522,2120
"2070",1995,2,30 - 34,2598,3622
"2070",1995,2,35 - 39,4460,6254
"2070",1995,2,40 - 44,6548,9520
"2070",1995,2,45 - 49,9062,13578
"2070",1995,2,50 - 54,11378,17596
"2070",1995,2,55 - 59,15068,22858
"2070",1995,2,60 - 64,19512,28306
"2070",1995,2,65 - 69,25384,34224
"2070",1995,2,70 - 74,28896,34732
"2070",1995,2,75 - 79,31868,31078
"2070",1995,2,80 - 84,31806,25178
"2070",1995,2,85 - 89,38674,21694
"2070",1995,2,90 - 94,0,0
"2070",1995,2,95+,0,0
"2070",1995,2,UNK,1294,1770
"2070",1995,3,Total,129126,158848
"2070",1995,3,0,9700,12540
"2070",1995,3,1,1622,1802
"2070",1995,3,2,492,592
"2070",1995,3,3,334,388
"2070",1995,3,4,222,224
"2070",1995,3,5 - 9,668,798
"2070",1995,3,10 - 14,644,908
"2070",1995,3,15 - 19,1048,1622
"2070",1995,3,20 - 24,1212,2198
"2070",1995,3,25 - 29,1520,3082
"2070",1995,3,30 - 34,2036,4294
"2070",1995,3,35 - 39,2608,5270
"2070",1995,3,40 - 44,3448,6152
"2070",1995,3,45 - 49,4124,7046
"2070",1995,3,50 - 54,4862,8070
"2070",1995,3,55 - 59,6076,9484
"2070",1995,3,60 - 64,7798,11296
"2070",1995,3,65 - 69,9990,13786
"2070",1995,3,70 - 74,11912,14976
"2070",1995,3,75 - 79,14924,16584
"2070",1995,3,80 - 84,16930,16348
"2070",1995,3,85 - 89,25354,18566
"2070",1995,3,90 - 94,0,0
"2070",1995,3,95+,0,0
"2070",1995,3,UNK,1602,2822
"2070",1995,4,Total,1756,7794
"2070",1995,4,0,0,2
"2070",1995,4,1,0,0
"2070",1995,4,2,0,0
"2070",1995,4,3,0,0
"2070",1995,4,4,0,0
"2070",1995,4,5 - 9,2,0
"2070",1995,4,10 - 14,2,4
"2070",1995,4,15 - 19,14,48
"2070",1995,4,20 - 24,44,138
"2070",1995,4,25 - 29,60,402
"2070",1995,4,30 - 34,130,882
"2070",1995,4,35 - 39,180,1210
"2070",1995,4,40 - 44,216,1192
"2070",1995,4,45 - 49,154,954
"2070",1995,4,50 - 54,130,832
"2070",1995,4,55 - 59,122,670
"2070",1995,4,60 - 64,110,468
"2070",1995,4,65 - 69,86,306
"2070",1995,4,70 - 74,84,198
"2070",1995,4,75 - 79,118,136
"2070",1995,4,80 - 84,112,78
"2070",1995,4,85 - 89,170,114
"2070",1995,4,90 - 94,0,0
"2070",1995,4,95+,0,0
"2070",1995,4,UNK,22,160
"2070",1995,5,Total,8024,11546
"2070",1995,5,0,1234,1516
"2070",1995,5,1,332,464
"2070",1995,5,2,202,246
"2070",1995,5,3,110,162
"2070",1995,5,4,70,128
"2070",1995,5,5 - 9,302,398
"2070",1995,5,10 - 14,338,406
"2070",1995,5,15 - 19,318,574
"2070",1995,5,20 - 24,304,560
"2070",1995,5,25 - 29,344,554
"2070",1995,5,30 - 34,326,634
"2070",1995,5,35 - 39,372,640
"2070",1995,5,40 - 44,300,576
"2070",1995,5,45 - 49,300,552
"2070",1995,5,50 - 54,328,494
"2070",1995,5,55 - 59,304,476
"2070",1995,5,60 - 64,328,558
"2070",1995,5,65 - 69,416,618
"2070",1995,5,70 - 74,450,596
"2070",1995,5,75 - 79,474,508
"2070",1995,5,80 - 84,412,426
"2070",1995,5,85 - 89,418,326
"2070",1995,5,90 - 94,0,0
"2070",1995,5,95+,0,0
"2070",1995,5,UNK,42,134
"2070",1995,6,Total,45314,53034
"2070",1995,6,0,2202,2728
"2070",1995,6,1,464,432
"2070",1995,6,2,126,138
"2070",1995,6,3,74,58
"2070",1995,6,4,60,58
"2070",1995,6,5 - 9,158,160
"2070",1995,6,10 - 14,178,134
"2070",1995,6,15 - 19,276,390
"2070",1995,6,20 - 24,994,1896
"2070",1995,6,25 - 29,1794,4760
"2070",1995,6,30 - 34,1764,5964
"2070",1995,6,35 - 39,1624,5236
"2070",1995,6,40 - 44,1518,4048
"2070",1995,6,45 - 49,1686,3102
"2070",1995,6,50 - 54,2088,2794
"2070",1995,6,55 - 59,2912,3050
"2070",1995,6,60 - 64,3876,3214
"2070",1995,6,65 - 69,4794,3754
"2070",1995,6,70 - 74,5024,3404
"2070",1995,6,75 - 79,5032,3136
"2070",1995,6,80 - 84,4058,2290
"2070",1995,6,85 - 89,4242,1842
"2070",1995,6,90 - 94,0,0
"2070",1995,6,95+,0,0
"2070",1995,6,UNK,370,446
"2070",1995,7,Total,25696,48894
"2070",1995,7,0,384,604
"2070",1995,7,1,62,88
"2070",1995,7,2,62,72
"2070",1995,7,3,46,44
"2070",1995,7,4,14,42
"2070",1995,7,5 - 9,86,140
"2070",1995,7,10 - 14,108,142
"2070",1995,7,15 - 19,260,244
"2070",1995,7,20 - 24,308,570
"2070",1995,7,25 - 29,562,1184
"2070",1995,7,30 - 34,624,2422
"2070",1995,7,35 - 39,980,3844
"2070",1995,7,40 - 44,1210,4648
"2070",1995,7,45 - 49,1494,5138
"2070",1995,7,50 - 54,1646,4976
"2070",1995,7,55 - 59,1952,4700
"2070",1995,7,60 - 64,2300,4456
"2070",1995,7,65 - 69,2564,4162
"2070",1995,7,70 - 74,2700,3884
"2070",1995,7,75 - 79,2650,3070
"2070",1995,7,80 - 84,2692,2106
"2070",1995,7,85 - 89,2768,1772
"2070",1995,7,90 - 94,0,0
"2070",1995,7,95+,0,0
"2070",1995,7,UNK,224,586
"2070",1995,8,Total,11310,13712
"2070",1995,8,0,178,234
"2070",1995,8,1,34,40
"2070",1995,8,2,30,34
"2070",1995,8,3,16,18
"2070",1995,8,4,16,20
"2070",1995,8,5 - 9,92,76
"2070",1995,8,10 - 14,88,76
"2070",1995,8,15 - 19,214,132
"2070",1995,8,20 - 24,222,154
"2070",1995,8,25 - 29,246,266
"2070",1995,8,30 - 34,348,324
"2070",1995,8,35 - 39,448,412
"2070",1995,8,40 - 44,522,570
"2070",1995,8,45 - 49,604,712
"2070",1995,8,50 - 54,642,766
"2070",1995,8,55 - 59,758,1054
"2070",1995,8,60 - 64,882,1204
"2070",1995,8,65 - 69,1016,1498
"2070",1995,8,70 - 74,1044,1618
"2070",1995,8,75 - 79,1116,1552
"2070",1995,8,80 - 84,1176,1366
"2070",1995,8,85 - 89,1546,1470
"2070",1995,8,90 - 94,0,0
"2070",1995,8,95+,0,0
"2070",1995,8,UNK,72,116
"2070",1995,9,Total,40544,52232
"2070",1995,9,0,38756,50422
"2070",1995,9,1,376,384
"2070",1995,9,2,198,144
"2070",1995,9,3,72,96
"2070",1995,9,4,68,68
"2070",1995,9,5 - 9,152,162
"2070",1995,9,10 - 14,138,116
"2070",1995,9,15 - 19,112,126
"2070",1995,9,20 - 24,54,74
"2070",1995,9,25 - 29,68,74
"2070",1995,9,30 - 34,58,70
"2070",1995,9,35 - 39,42,62
"2070",1995,9,40 - 44,42,46
"2070",1995,9,45 - 49,56,48
"2070",1995,9,50 - 54,60,52
"2070",1995,9,55 - 59,46,46
"2070",1995,9,60 - 64,38,36
"2070",1995,9,65 - 69,50,62
"2070",1995,9,70 - 74,36,30
"2070",1995,9,75 - 79,22,24
"2070",1995,9,80 - 84,30,24
"2070",1995,9,85 - 89,24,16
"2070",1995,9,90 - 94,0,0
"2070",1995,9,95+,0,0
"2070",1995,9,UNK,46,50
"2070",1995,10,Total,71474,94604
"2070",1995,10,0,7178,9326
"2070",1995,10,1,1638,1808
"2070",1995,10,2,552,626
"2070",1995,10,3,298,268
"2070",1995,10,4,158,158
"2070",1995,10,5 - 9,444,514
"2070",1995,10,10 - 14,460,542
"2070",1995,10,15 - 19,672,838
"2070",1995,10,20 - 24,664,1008
"2070",1995,10,25 - 29,822,1512
"2070",1995,10,30 - 34,1038,1978
"2070",1995,10,35 - 39,1302,2514
"2070",1995,10,40 - 44,1444,2682
"2070",1995,10,45 - 49,1648,3058
"2070",1995,10,50 - 54,2078,3482
"2070",1995,10,55 - 59,3076,4876
"2070",1995,10,60 - 64,4288,6948
"2070",1995,10,65 - 69,5634,9414
"2070",1995,10,70 - 74,6934,11084
"2070",1995,10,75 - 79,8404,10950
"2070",1995,10,80 - 84,9058,10156
"2070",1995,10,85 - 89,13074,9864
"2070",1995,10,90 - 94,0,0
"2070",1995,10,95+,0,0
"2070",1995,10,UNK,610,998
"2070",1995,11,Total,33480,121654
"2070",1995,11,0,1102,1370
"2070",1995,11,1,580,816
"2070",1995,11,2,476,682
"2070",1995,11,3,374,532
"2070",1995,11,4,390,558
"2070",1995,11,5 - 9,1638,3198
"2070",1995,11,10 - 14,2026,4354
"2070",1995,11,15 - 19,2990,11014
"2070",1995,11,20 - 24,2712,14840
"2070",1995,11,25 - 29,2300,14010
"2070",1995,11,30 - 34,2382,12786
"2070",1995,11,35 - 39,2008,11628
"2070",1995,11,40 - 44,1820,9584
"2070",1995,11,45 - 49,1612,7480
"2070",1995,11,50 - 54,1392,5960
"2070",1995,11,55 - 59,1320,5044
"2070",1995,11,60 - 64,1236,3814
"2070",1995,11,65 - 69,1312,3400
"2070",1995,11,70 - 74,1246,2604
"2070",1995,11,75 - 79,1244,2098
"2070",1995,11,80 - 84,1202,1404
"2070",1995,11,85 - 89,1528,1332
"2070",1995,11,90 - 94,0,0
"2070",1995,11,95+,0,0
"2070",1995,11,UNK,590,3146
"2070",1995,12,Total,6650,67502
"2070",1995,12,0,80,100
"2070",1995,12,1,30,24
"2070",1995,12,2,20,18
"2070",1995,12,3,16,24
"2070",1995,12,4,16,22
"2070",1995,12,5 - 9,88,134
"2070",1995,12,10 - 14,262,694
"2070",1995,12,15 - 19,892,9422
"2070",1995,12,20 - 24,1002,13876
"2070",1995,12,25 - 29,946,11664
"2070",1995,12,30 - 34,870,8672
"2070",1995,12,35 - 39,712,6530
"2070",1995,12,40 - 44,502,4468
"2070",1995,12,45 - 49,274,3154
"2070",1995,12,50 - 54,178,1986
"2070",1995,12,55 - 59,138,1308
"2070",1995,12,60 - 64,94,812
"2070",1995,12,65 - 69,76,560
"2070",1995,12,70 - 74,64,290
"2070",1995,12,75 - 79,50,156
"2070",1995,12,80 - 84,28,98
"2070",1995,12,85 - 89,26,120
"2070",1995,12,90 - 94,0,0
"2070",1995,12,95+,0,0
"2070",1995,12,UNK,286,3370
