"","Year","Cause","Age","Female","Male"
"2460",1990,1,Total,13650,16560
"2460",1990,1,0,496,652
"2460",1990,1,1,28,37
"2460",1990,1,2,23,22
"2460",1990,1,3,13,18
"2460",1990,1,4,11,12
"2460",1990,1,5 - 9,31,38
"2460",1990,1,10 - 14,29,59
"2460",1990,1,15 - 19,70,120
"2460",1990,1,20 - 24,55,138
"2460",1990,1,25 - 29,61,163
"2460",1990,1,30 - 34,96,193
"2460",1990,1,35 - 39,122,210
"2460",1990,1,40 - 44,157,303
"2460",1990,1,45 - 49,258,489
"2460",1990,1,50 - 54,410,721
"2460",1990,1,55 - 59,604,1305
"2460",1990,1,60 - 64,810,1625
"2460",1990,1,65 - 69,1096,1978
"2460",1990,1,70 - 74,1511,2202
"2460",1990,1,75 - 79,2044,2338
"2460",1990,1,80 - 84,2259,1910
"2460",1990,1,85 - 89,3417,1922
"2460",1990,1,90 - 94,0,0
"2460",1990,1,95+,0,0
"2460",1990,1,UNK,49,105
"2460",1990,2,Total,248,248
"2460",1990,2,0,28,36
"2460",1990,2,1,1,2
"2460",1990,2,2,0,2
"2460",1990,2,3,1,2
"2460",1990,2,4,0,0
"2460",1990,2,5 - 9,2,2
"2460",1990,2,10 - 14,0,0
"2460",1990,2,15 - 19,3,2
"2460",1990,2,20 - 24,3,1
"2460",1990,2,25 - 29,2,1
"2460",1990,2,30 - 34,3,1
"2460",1990,2,35 - 39,7,2
"2460",1990,2,40 - 44,4,6
"2460",1990,2,45 - 49,8,9
"2460",1990,2,50 - 54,7,11
"2460",1990,2,55 - 59,15,24
"2460",1990,2,60 - 64,23,22
"2460",1990,2,65 - 69,14,21
"2460",1990,2,70 - 74,19,26
"2460",1990,2,75 - 79,31,27
"2460",1990,2,80 - 84,36,17
"2460",1990,2,85 - 89,39,33
"2460",1990,2,90 - 94,0,0
"2460",1990,2,95+,0,0
"2460",1990,2,UNK,2,1
"2460",1990,3,Total,2919,4133
"2460",1990,3,0,2,5
"2460",1990,3,1,2,2
"2460",1990,3,2,1,2
"2460",1990,3,3,3,2
"2460",1990,3,4,1,0
"2460",1990,3,5 - 9,5,8
"2460",1990,3,10 - 14,6,6
"2460",1990,3,15 - 19,6,10
"2460",1990,3,20 - 24,6,9
"2460",1990,3,25 - 29,15,19
"2460",1990,3,30 - 34,33,24
"2460",1990,3,35 - 39,40,39
"2460",1990,3,40 - 44,67,73
"2460",1990,3,45 - 49,115,138
"2460",1990,3,50 - 54,185,233
"2460",1990,3,55 - 59,247,444
"2460",1990,3,60 - 64,316,553
"2460",1990,3,65 - 69,361,617
"2460",1990,3,70 - 74,413,615
"2460",1990,3,75 - 79,421,592
"2460",1990,3,80 - 84,358,421
"2460",1990,3,85 - 89,313,306
"2460",1990,3,90 - 94,0,0
"2460",1990,3,95+,0,0
"2460",1990,3,UNK,3,15
"2460",1990,4,Total,5907,5802
"2460",1990,4,0,9,13
"2460",1990,4,1,0,0
"2460",1990,4,2,0,1
"2460",1990,4,3,1,0
"2460",1990,4,4,0,1
"2460",1990,4,5 - 9,4,2
"2460",1990,4,10 - 14,2,3
"2460",1990,4,15 - 19,6,4
"2460",1990,4,20 - 24,5,12
"2460",1990,4,25 - 29,6,12
"2460",1990,4,30 - 34,17,22
"2460",1990,4,35 - 39,28,38
"2460",1990,4,40 - 44,32,81
"2460",1990,4,45 - 49,65,130
"2460",1990,4,50 - 54,110,200
"2460",1990,4,55 - 59,169,411
"2460",1990,4,60 - 64,268,516
"2460",1990,4,65 - 69,402,726
"2460",1990,4,70 - 74,643,861
"2460",1990,4,75 - 79,960,977
"2460",1990,4,80 - 84,1173,846
"2460",1990,4,85 - 89,1982,919
"2460",1990,4,90 - 94,0,0
"2460",1990,4,95+,0,0
"2460",1990,4,UNK,25,27
"2460",1990,5,Total,813,1123
"2460",1990,5,0,41,36
"2460",1990,5,1,2,6
"2460",1990,5,2,0,2
"2460",1990,5,3,1,1
"2460",1990,5,4,0,1
"2460",1990,5,5 - 9,1,2
"2460",1990,5,10 - 14,1,4
"2460",1990,5,15 - 19,2,4
"2460",1990,5,20 - 24,3,4
"2460",1990,5,25 - 29,3,7
"2460",1990,5,30 - 34,7,10
"2460",1990,5,35 - 39,6,17
"2460",1990,5,40 - 44,6,23
"2460",1990,5,45 - 49,12,43
"2460",1990,5,50 - 54,19,71
"2460",1990,5,55 - 59,26,109
"2460",1990,5,60 - 64,30,141
"2460",1990,5,65 - 69,70,140
"2460",1990,5,70 - 74,94,127
"2460",1990,5,75 - 79,116,124
"2460",1990,5,80 - 84,134,114
"2460",1990,5,85 - 89,233,116
"2460",1990,5,90 - 94,0,0
"2460",1990,5,95+,0,0
"2460",1990,5,UNK,6,21
"2460",1990,6,Total,363,260
"2460",1990,6,0,0,0
"2460",1990,6,1,0,0
"2460",1990,6,2,0,0
"2460",1990,6,3,0,0
"2460",1990,6,4,0,0
"2460",1990,6,5 - 9,0,0
"2460",1990,6,10 - 14,0,0
"2460",1990,6,15 - 19,0,0
"2460",1990,6,20 - 24,0,2
"2460",1990,6,25 - 29,1,0
"2460",1990,6,30 - 34,0,0
"2460",1990,6,35 - 39,0,2
"2460",1990,6,40 - 44,1,4
"2460",1990,6,45 - 49,4,5
"2460",1990,6,50 - 54,2,9
"2460",1990,6,55 - 59,6,18
"2460",1990,6,60 - 64,5,13
"2460",1990,6,65 - 69,17,16
"2460",1990,6,70 - 74,23,38
"2460",1990,6,75 - 79,72,42
"2460",1990,6,80 - 84,80,55
"2460",1990,6,85 - 89,152,55
"2460",1990,6,90 - 94,0,0
"2460",1990,6,95+,0,0
"2460",1990,6,UNK,0,1
"2460",1990,7,Total,238,262
"2460",1990,7,0,17,22
"2460",1990,7,1,1,4
"2460",1990,7,2,3,3
"2460",1990,7,3,1,3
"2460",1990,7,4,2,0
"2460",1990,7,5 - 9,5,3
"2460",1990,7,10 - 14,5,4
"2460",1990,7,15 - 19,5,4
"2460",1990,7,20 - 24,2,3
"2460",1990,7,25 - 29,2,6
"2460",1990,7,30 - 34,6,7
"2460",1990,7,35 - 39,4,5
"2460",1990,7,40 - 44,4,1
"2460",1990,7,45 - 49,1,6
"2460",1990,7,50 - 54,9,9
"2460",1990,7,55 - 59,8,16
"2460",1990,7,60 - 64,11,27
"2460",1990,7,65 - 69,22,25
"2460",1990,7,70 - 74,26,35
"2460",1990,7,75 - 79,31,46
"2460",1990,7,80 - 84,31,13
"2460",1990,7,85 - 89,42,20
"2460",1990,7,90 - 94,0,0
"2460",1990,7,95+,0,0
"2460",1990,7,UNK,0,0
"2460",1990,8,Total,482,382
"2460",1990,8,0,22,22
"2460",1990,8,1,2,1
"2460",1990,8,2,0,1
"2460",1990,8,3,0,0
"2460",1990,8,4,1,1
"2460",1990,8,5 - 9,1,1
"2460",1990,8,10 - 14,0,1
"2460",1990,8,15 - 19,1,0
"2460",1990,8,20 - 24,2,0
"2460",1990,8,25 - 29,3,5
"2460",1990,8,30 - 34,1,11
"2460",1990,8,35 - 39,3,6
"2460",1990,8,40 - 44,1,4
"2460",1990,8,45 - 49,8,7
"2460",1990,8,50 - 54,6,10
"2460",1990,8,55 - 59,22,23
"2460",1990,8,60 - 64,34,37
"2460",1990,8,65 - 69,44,50
"2460",1990,8,70 - 74,67,59
"2460",1990,8,75 - 79,85,57
"2460",1990,8,80 - 84,92,44
"2460",1990,8,85 - 89,85,40
"2460",1990,8,90 - 94,0,0
"2460",1990,8,95+,0,0
"2460",1990,8,UNK,2,2
"2460",1990,9,Total,533,676
"2460",1990,9,0,1,10
"2460",1990,9,1,1,0
"2460",1990,9,2,0,2
"2460",1990,9,3,0,1
"2460",1990,9,4,0,2
"2460",1990,9,5 - 9,0,0
"2460",1990,9,10 - 14,1,1
"2460",1990,9,15 - 19,1,1
"2460",1990,9,20 - 24,0,2
"2460",1990,9,25 - 29,1,0
"2460",1990,9,30 - 34,2,7
"2460",1990,9,35 - 39,5,8
"2460",1990,9,40 - 44,6,16
"2460",1990,9,45 - 49,11,40
"2460",1990,9,50 - 54,21,44
"2460",1990,9,55 - 59,27,64
"2460",1990,9,60 - 64,27,87
"2460",1990,9,65 - 69,39,79
"2460",1990,9,70 - 74,73,90
"2460",1990,9,75 - 79,87,80
"2460",1990,9,80 - 84,100,73
"2460",1990,9,85 - 89,129,66
"2460",1990,9,90 - 94,0,0
"2460",1990,9,95+,0,0
"2460",1990,9,UNK,1,3
"2460",1990,10,Total,237,295
"2460",1990,10,0,1,2
"2460",1990,10,1,0,0
"2460",1990,10,2,1,0
"2460",1990,10,3,0,1
"2460",1990,10,4,0,0
"2460",1990,10,5 - 9,0,0
"2460",1990,10,10 - 14,0,0
"2460",1990,10,15 - 19,1,0
"2460",1990,10,20 - 24,0,0
"2460",1990,10,25 - 29,1,0
"2460",1990,10,30 - 34,0,0
"2460",1990,10,35 - 39,2,1
"2460",1990,10,40 - 44,2,1
"2460",1990,10,45 - 49,1,4
"2460",1990,10,50 - 54,8,4
"2460",1990,10,55 - 59,12,18
"2460",1990,10,60 - 64,17,20
"2460",1990,10,65 - 69,27,35
"2460",1990,10,70 - 74,22,39
"2460",1990,10,75 - 79,41,50
"2460",1990,10,80 - 84,42,56
"2460",1990,10,85 - 89,58,63
"2460",1990,10,90 - 94,0,0
"2460",1990,10,95+,0,0
"2460",1990,10,UNK,1,1
"2460",1990,11,Total,329,428
"2460",1990,11,0,298,392
"2460",1990,11,1,3,8
"2460",1990,11,2,6,1
"2460",1990,11,3,1,2
"2460",1990,11,4,1,1
"2460",1990,11,5 - 9,1,2
"2460",1990,11,10 - 14,2,1
"2460",1990,11,15 - 19,2,6
"2460",1990,11,20 - 24,2,2
"2460",1990,11,25 - 29,0,2
"2460",1990,11,30 - 34,4,3
"2460",1990,11,35 - 39,1,3
"2460",1990,11,40 - 44,0,0
"2460",1990,11,45 - 49,2,1
"2460",1990,11,50 - 54,2,0
"2460",1990,11,55 - 59,1,1
"2460",1990,11,60 - 64,1,0
"2460",1990,11,65 - 69,0,1
"2460",1990,11,70 - 74,0,1
"2460",1990,11,75 - 79,1,0
"2460",1990,11,80 - 84,1,0
"2460",1990,11,85 - 89,0,0
"2460",1990,11,90 - 94,0,0
"2460",1990,11,95+,0,0
"2460",1990,11,UNK,0,1
"2460",1990,12,Total,888,1474
"2460",1990,12,0,39,58
"2460",1990,12,1,4,10
"2460",1990,12,2,4,1
"2460",1990,12,3,1,2
"2460",1990,12,4,1,1
"2460",1990,12,5 - 9,3,1
"2460",1990,12,10 - 14,0,2
"2460",1990,12,15 - 19,4,2
"2460",1990,12,20 - 24,6,1
"2460",1990,12,25 - 29,2,7
"2460",1990,12,30 - 34,2,8
"2460",1990,12,35 - 39,9,5
"2460",1990,12,40 - 44,10,10
"2460",1990,12,45 - 49,7,19
"2460",1990,12,50 - 54,19,45
"2460",1990,12,55 - 59,35,81
"2460",1990,12,60 - 64,44,116
"2460",1990,12,65 - 69,52,172
"2460",1990,12,70 - 74,81,233
"2460",1990,12,75 - 79,128,250
"2460",1990,12,80 - 84,143,203
"2460",1990,12,85 - 89,292,233
"2460",1990,12,90 - 94,0,0
"2460",1990,12,95+,0,0
"2460",1990,12,UNK,2,14
"2460",1990,13,Total,505,1268
"2460",1990,13,0,37,52
"2460",1990,13,1,10,4
"2460",1990,13,2,8,6
"2460",1990,13,3,4,4
"2460",1990,13,4,5,5
"2460",1990,13,5 - 9,9,17
"2460",1990,13,10 - 14,9,36
"2460",1990,13,15 - 19,30,81
"2460",1990,13,20 - 24,19,91
"2460",1990,13,25 - 29,18,95
"2460",1990,13,30 - 34,14,86
"2460",1990,13,35 - 39,12,72
"2460",1990,13,40 - 44,19,72
"2460",1990,13,45 - 49,23,78
"2460",1990,13,50 - 54,19,72
"2460",1990,13,55 - 59,25,87
"2460",1990,13,60 - 64,25,79
"2460",1990,13,65 - 69,36,78
"2460",1990,13,70 - 74,36,63
"2460",1990,13,75 - 79,44,69
"2460",1990,13,80 - 84,41,55
"2460",1990,13,85 - 89,58,51
"2460",1990,13,90 - 94,0,0
"2460",1990,13,95+,0,0
"2460",1990,13,UNK,4,15
"2460",1990,14,Total,31,105
"2460",1990,14,0,1,0
"2460",1990,14,1,1,0
"2460",1990,14,2,0,1
"2460",1990,14,3,0,0
"2460",1990,14,4,0,0
"2460",1990,14,5 - 9,0,0
"2460",1990,14,10 - 14,1,1
"2460",1990,14,15 - 19,4,5
"2460",1990,14,20 - 24,4,9
"2460",1990,14,25 - 29,4,7
"2460",1990,14,30 - 34,2,12
"2460",1990,14,35 - 39,1,11
"2460",1990,14,40 - 44,2,12
"2460",1990,14,45 - 49,0,7
"2460",1990,14,50 - 54,1,9
"2460",1990,14,55 - 59,1,5
"2460",1990,14,60 - 64,4,9
"2460",1990,14,65 - 69,1,7
"2460",1990,14,70 - 74,0,2
"2460",1990,14,75 - 79,2,4
"2460",1990,14,80 - 84,1,1
"2460",1990,14,85 - 89,1,0
"2460",1990,14,90 - 94,0,0
"2460",1990,14,95+,0,0
"2460",1990,14,UNK,0,3
"2460",1993,1,Total,14336,17267
"2460",1993,1,0,470,651
"2460",1993,1,1,50,38
"2460",1993,1,2,22,23
"2460",1993,1,3,10,12
"2460",1993,1,4,9,15
"2460",1993,1,5 - 9,36,45
"2460",1993,1,10 - 14,41,61
"2460",1993,1,15 - 19,68,154
"2460",1993,1,20 - 24,55,163
"2460",1993,1,25 - 29,75,173
"2460",1993,1,30 - 34,101,178
"2460",1993,1,35 - 39,148,206
"2460",1993,1,40 - 44,182,347
"2460",1993,1,45 - 49,268,486
"2460",1993,1,50 - 54,348,791
"2460",1993,1,55 - 59,520,1120
"2460",1993,1,60 - 64,829,1711
"2460",1993,1,65 - 69,1131,2143
"2460",1993,1,70 - 74,1564,2371
"2460",1993,1,75 - 79,2103,2305
"2460",1993,1,80 - 84,2575,2108
"2460",1993,1,85 - 89,3683,2034
"2460",1993,1,90 - 94,0,0
"2460",1993,1,95+,0,0
"2460",1993,1,UNK,48,132
"2460",1993,2,Total,235,266
"2460",1993,2,0,27,31
"2460",1993,2,1,10,4
"2460",1993,2,2,0,4
"2460",1993,2,3,0,0
"2460",1993,2,4,0,0
"2460",1993,2,5 - 9,1,0
"2460",1993,2,10 - 14,2,1
"2460",1993,2,15 - 19,3,3
"2460",1993,2,20 - 24,1,4
"2460",1993,2,25 - 29,5,2
"2460",1993,2,30 - 34,1,5
"2460",1993,2,35 - 39,8,3
"2460",1993,2,40 - 44,3,8
"2460",1993,2,45 - 49,3,4
"2460",1993,2,50 - 54,6,18
"2460",1993,2,55 - 59,8,19
"2460",1993,2,60 - 64,14,24
"2460",1993,2,65 - 69,20,31
"2460",1993,2,70 - 74,25,32
"2460",1993,2,75 - 79,35,26
"2460",1993,2,80 - 84,29,24
"2460",1993,2,85 - 89,32,21
"2460",1993,2,90 - 94,0,0
"2460",1993,2,95+,0,0
"2460",1993,2,UNK,2,2
"2460",1993,3,Total,2939,4112
"2460",1993,3,0,2,5
"2460",1993,3,1,4,3
"2460",1993,3,2,0,0
"2460",1993,3,3,3,3
"2460",1993,3,4,1,0
"2460",1993,3,5 - 9,5,10
"2460",1993,3,10 - 14,5,6
"2460",1993,3,15 - 19,4,12
"2460",1993,3,20 - 24,10,10
"2460",1993,3,25 - 29,12,15
"2460",1993,3,30 - 34,26,18
"2460",1993,3,35 - 39,45,26
"2460",1993,3,40 - 44,78,66
"2460",1993,3,45 - 49,121,147
"2460",1993,3,50 - 54,152,229
"2460",1993,3,55 - 59,203,367
"2460",1993,3,60 - 64,306,535
"2460",1993,3,65 - 69,368,639
"2460",1993,3,70 - 74,448,682
"2460",1993,3,75 - 79,412,564
"2460",1993,3,80 - 84,384,441
"2460",1993,3,85 - 89,345,314
"2460",1993,3,90 - 94,0,0
"2460",1993,3,95+,0,0
"2460",1993,3,UNK,5,20
"2460",1993,4,Total,5987,5915
"2460",1993,4,0,9,11
"2460",1993,4,1,2,2
"2460",1993,4,2,0,0
"2460",1993,4,3,1,0
"2460",1993,4,4,0,2
"2460",1993,4,5 - 9,2,4
"2460",1993,4,10 - 14,1,11
"2460",1993,4,15 - 19,4,6
"2460",1993,4,20 - 24,5,6
"2460",1993,4,25 - 29,3,13
"2460",1993,4,30 - 34,20,19
"2460",1993,4,35 - 39,27,38
"2460",1993,4,40 - 44,31,68
"2460",1993,4,45 - 49,69,118
"2460",1993,4,50 - 54,77,246
"2460",1993,4,55 - 59,142,353
"2460",1993,4,60 - 64,265,586
"2460",1993,4,65 - 69,413,779
"2460",1993,4,70 - 74,602,885
"2460",1993,4,75 - 79,987,914
"2460",1993,4,80 - 84,1267,918
"2460",1993,4,85 - 89,2039,902
"2460",1993,4,90 - 94,0,0
"2460",1993,4,95+,0,0
"2460",1993,4,UNK,21,34
"2460",1993,5,Total,872,1216
"2460",1993,5,0,26,52
"2460",1993,5,1,2,2
"2460",1993,5,2,0,1
"2460",1993,5,3,1,0
"2460",1993,5,4,1,1
"2460",1993,5,5 - 9,2,1
"2460",1993,5,10 - 14,1,3
"2460",1993,5,15 - 19,3,6
"2460",1993,5,20 - 24,3,7
"2460",1993,5,25 - 29,2,4
"2460",1993,5,30 - 34,7,4
"2460",1993,5,35 - 39,8,14
"2460",1993,5,40 - 44,13,37
"2460",1993,5,45 - 49,19,40
"2460",1993,5,50 - 54,21,73
"2460",1993,5,55 - 59,31,105
"2460",1993,5,60 - 64,48,149
"2460",1993,5,65 - 69,67,166
"2460",1993,5,70 - 74,95,146
"2460",1993,5,75 - 79,113,142
"2460",1993,5,80 - 84,166,100
"2460",1993,5,85 - 89,240,145
"2460",1993,5,90 - 94,0,0
"2460",1993,5,95+,0,0
"2460",1993,5,UNK,3,18
"2460",1993,6,Total,469,274
"2460",1993,6,0,0,0
"2460",1993,6,1,0,0
"2460",1993,6,2,0,0
"2460",1993,6,3,0,0
"2460",1993,6,4,0,0
"2460",1993,6,5 - 9,0,0
"2460",1993,6,10 - 14,0,0
"2460",1993,6,15 - 19,0,0
"2460",1993,6,20 - 24,1,0
"2460",1993,6,25 - 29,0,0
"2460",1993,6,30 - 34,0,0
"2460",1993,6,35 - 39,1,1
"2460",1993,6,40 - 44,2,7
"2460",1993,6,45 - 49,1,4
"2460",1993,6,50 - 54,0,13
"2460",1993,6,55 - 59,1,8
"2460",1993,6,60 - 64,10,18
"2460",1993,6,65 - 69,18,17
"2460",1993,6,70 - 74,32,35
"2460",1993,6,75 - 79,77,42
"2460",1993,6,80 - 84,119,52
"2460",1993,6,85 - 89,204,71
"2460",1993,6,90 - 94,0,0
"2460",1993,6,95+,0,0
"2460",1993,6,UNK,3,6
"2460",1993,7,Total,281,287
"2460",1993,7,0,10,16
"2460",1993,7,1,2,1
"2460",1993,7,2,3,3
"2460",1993,7,3,0,1
"2460",1993,7,4,3,1
"2460",1993,7,5 - 9,2,6
"2460",1993,7,10 - 14,6,8
"2460",1993,7,15 - 19,5,13
"2460",1993,7,20 - 24,7,7
"2460",1993,7,25 - 29,5,7
"2460",1993,7,30 - 34,0,3
"2460",1993,7,35 - 39,5,6
"2460",1993,7,40 - 44,4,7
"2460",1993,7,45 - 49,3,7
"2460",1993,7,50 - 54,7,7
"2460",1993,7,55 - 59,4,9
"2460",1993,7,60 - 64,14,20
"2460",1993,7,65 - 69,17,28
"2460",1993,7,70 - 74,40,42
"2460",1993,7,75 - 79,49,35
"2460",1993,7,80 - 84,49,33
"2460",1993,7,85 - 89,45,25
"2460",1993,7,90 - 94,0,0
"2460",1993,7,95+,0,0
"2460",1993,7,UNK,1,2
"2460",1993,8,Total,556,428
"2460",1993,8,0,18,18
"2460",1993,8,1,2,0
"2460",1993,8,2,0,0
"2460",1993,8,3,0,0
"2460",1993,8,4,3,0
"2460",1993,8,5 - 9,3,0
"2460",1993,8,10 - 14,0,2
"2460",1993,8,15 - 19,3,0
"2460",1993,8,20 - 24,3,2
"2460",1993,8,25 - 29,4,12
"2460",1993,8,30 - 34,2,15
"2460",1993,8,35 - 39,4,7
"2460",1993,8,40 - 44,6,19
"2460",1993,8,45 - 49,4,13
"2460",1993,8,50 - 54,12,9
"2460",1993,8,55 - 59,23,24
"2460",1993,8,60 - 64,38,35
"2460",1993,8,65 - 69,48,52
"2460",1993,8,70 - 74,63,51
"2460",1993,8,75 - 79,87,62
"2460",1993,8,80 - 84,120,50
"2460",1993,8,85 - 89,113,51
"2460",1993,8,90 - 94,0,0
"2460",1993,8,95+,0,0
"2460",1993,8,UNK,0,6
"2460",1993,9,Total,563,717
"2460",1993,9,0,3,7
"2460",1993,9,1,1,1
"2460",1993,9,2,1,0
"2460",1993,9,3,0,0
"2460",1993,9,4,0,1
"2460",1993,9,5 - 9,0,1
"2460",1993,9,10 - 14,1,1
"2460",1993,9,15 - 19,3,2
"2460",1993,9,20 - 24,0,1
"2460",1993,9,25 - 29,6,2
"2460",1993,9,30 - 34,5,0
"2460",1993,9,35 - 39,4,11
"2460",1993,9,40 - 44,7,20
"2460",1993,9,45 - 49,6,24
"2460",1993,9,50 - 54,15,41
"2460",1993,9,55 - 59,29,58
"2460",1993,9,60 - 64,43,81
"2460",1993,9,65 - 69,50,107
"2460",1993,9,70 - 74,70,96
"2460",1993,9,75 - 79,86,100
"2460",1993,9,80 - 84,111,74
"2460",1993,9,85 - 89,120,85
"2460",1993,9,90 - 94,0,0
"2460",1993,9,95+,0,0
"2460",1993,9,UNK,2,4
"2460",1993,10,Total,254,340
"2460",1993,10,0,1,2
"2460",1993,10,1,0,0
"2460",1993,10,2,0,0
"2460",1993,10,3,0,0
"2460",1993,10,4,0,0
"2460",1993,10,5 - 9,0,2
"2460",1993,10,10 - 14,0,0
"2460",1993,10,15 - 19,0,0
"2460",1993,10,20 - 24,0,1
"2460",1993,10,25 - 29,0,1
"2460",1993,10,30 - 34,2,0
"2460",1993,10,35 - 39,3,2
"2460",1993,10,40 - 44,2,1
"2460",1993,10,45 - 49,1,1
"2460",1993,10,50 - 54,3,3
"2460",1993,10,55 - 59,5,17
"2460",1993,10,60 - 64,9,26
"2460",1993,10,65 - 69,25,38
"2460",1993,10,70 - 74,38,46
"2460",1993,10,75 - 79,34,63
"2460",1993,10,80 - 84,51,68
"2460",1993,10,85 - 89,78,65
"2460",1993,10,90 - 94,0,0
"2460",1993,10,95+,0,0
"2460",1993,10,UNK,2,4
"2460",1993,11,Total,323,430
"2460",1993,11,0,284,399
"2460",1993,11,1,7,6
"2460",1993,11,2,6,3
"2460",1993,11,3,2,4
"2460",1993,11,4,0,0
"2460",1993,11,5 - 9,2,0
"2460",1993,11,10 - 14,1,1
"2460",1993,11,15 - 19,2,2
"2460",1993,11,20 - 24,1,0
"2460",1993,11,25 - 29,2,2
"2460",1993,11,30 - 34,1,2
"2460",1993,11,35 - 39,2,2
"2460",1993,11,40 - 44,1,2
"2460",1993,11,45 - 49,0,3
"2460",1993,11,50 - 54,1,0
"2460",1993,11,55 - 59,3,0
"2460",1993,11,60 - 64,3,1
"2460",1993,11,65 - 69,1,0
"2460",1993,11,70 - 74,1,0
"2460",1993,11,75 - 79,1,0
"2460",1993,11,80 - 84,1,0
"2460",1993,11,85 - 89,1,1
"2460",1993,11,90 - 94,0,0
"2460",1993,11,95+,0,0
"2460",1993,11,UNK,0,2
"2460",1993,12,Total,997,1640
"2460",1993,12,0,37,61
"2460",1993,12,1,10,9
"2460",1993,12,2,4,3
"2460",1993,12,3,0,1
"2460",1993,12,4,0,2
"2460",1993,12,5 - 9,2,1
"2460",1993,12,10 - 14,1,3
"2460",1993,12,15 - 19,6,4
"2460",1993,12,20 - 24,2,4
"2460",1993,12,25 - 29,6,2
"2460",1993,12,30 - 34,1,8
"2460",1993,12,35 - 39,7,8
"2460",1993,12,40 - 44,12,16
"2460",1993,12,45 - 49,14,33
"2460",1993,12,50 - 54,16,50
"2460",1993,12,55 - 59,31,56
"2460",1993,12,60 - 64,39,130
"2460",1993,12,65 - 69,50,184
"2460",1993,12,70 - 74,90,235
"2460",1993,12,75 - 79,136,268
"2460",1993,12,80 - 84,191,273
"2460",1993,12,85 - 89,337,278
"2460",1993,12,90 - 94,0,0
"2460",1993,12,95+,0,0
"2460",1993,12,UNK,5,11
"2460",1993,13,Total,629,1407
"2460",1993,13,0,50,47
"2460",1993,13,1,9,10
"2460",1993,13,2,8,8
"2460",1993,13,3,3,3
"2460",1993,13,4,0,8
"2460",1993,13,5 - 9,15,19
"2460",1993,13,10 - 14,20,24
"2460",1993,13,15 - 19,31,95
"2460",1993,13,20 - 24,16,107
"2460",1993,13,25 - 29,20,100
"2460",1993,13,30 - 34,23,90
"2460",1993,13,35 - 39,24,82
"2460",1993,13,40 - 44,17,82
"2460",1993,13,45 - 49,21,79
"2460",1993,13,50 - 54,32,91
"2460",1993,13,55 - 59,32,90
"2460",1993,13,60 - 64,30,92
"2460",1993,13,65 - 69,36,87
"2460",1993,13,70 - 74,42,95
"2460",1993,13,75 - 79,58,67
"2460",1993,13,80 - 84,62,55
"2460",1993,13,85 - 89,77,56
"2460",1993,13,90 - 94,0,0
"2460",1993,13,95+,0,0
"2460",1993,13,UNK,3,20
"2460",1993,14,Total,43,105
"2460",1993,14,0,0,1
"2460",1993,14,1,0,0
"2460",1993,14,2,0,0
"2460",1993,14,3,0,0
"2460",1993,14,4,1,0
"2460",1993,14,5 - 9,2,1
"2460",1993,14,10 - 14,2,0
"2460",1993,14,15 - 19,1,10
"2460",1993,14,20 - 24,3,14
"2460",1993,14,25 - 29,7,11
"2460",1993,14,30 - 34,5,14
"2460",1993,14,35 - 39,3,6
"2460",1993,14,40 - 44,2,13
"2460",1993,14,45 - 49,3,10
"2460",1993,14,50 - 54,1,7
"2460",1993,14,55 - 59,4,5
"2460",1993,14,60 - 64,2,4
"2460",1993,14,65 - 69,0,4
"2460",1993,14,70 - 74,2,0
"2460",1993,14,75 - 79,3,5
"2460",1993,14,80 - 84,0,0
"2460",1993,14,85 - 89,1,0
"2460",1993,14,90 - 94,0,0
"2460",1993,14,95+,0,0
"2460",1993,14,UNK,1,0
"2460",1994,1,Total,13623,16550
"2460",1994,1,0,449,599
"2460",1994,1,1,32,35
"2460",1994,1,2,17,21
"2460",1994,1,3,7,17
"2460",1994,1,4,11,6
"2460",1994,1,5 - 9,31,37
"2460",1994,1,10 - 14,17,50
"2460",1994,1,15 - 19,62,159
"2460",1994,1,20 - 24,63,191
"2460",1994,1,25 - 29,69,176
"2460",1994,1,30 - 34,105,199
"2460",1994,1,35 - 39,133,222
"2460",1994,1,40 - 44,187,339
"2460",1994,1,45 - 49,281,505
"2460",1994,1,50 - 54,354,705
"2460",1994,1,55 - 59,533,1113
"2460",1994,1,60 - 64,799,1635
"2460",1994,1,65 - 69,1067,1986
"2460",1994,1,70 - 74,1520,2351
"2460",1994,1,75 - 79,1874,2158
"2460",1994,1,80 - 84,2329,1974
"2460",1994,1,85 - 89,3644,1981
"2460",1994,1,90 - 94,0,0
"2460",1994,1,95+,0,0
"2460",1994,1,UNK,39,91
"2460",1994,2,Total,217,246
"2460",1994,2,0,21,31
"2460",1994,2,1,6,4
"2460",1994,2,2,1,3
"2460",1994,2,3,1,0
"2460",1994,2,4,1,0
"2460",1994,2,5 - 9,0,3
"2460",1994,2,10 - 14,2,1
"2460",1994,2,15 - 19,2,4
"2460",1994,2,20 - 24,1,2
"2460",1994,2,25 - 29,4,2
"2460",1994,2,30 - 34,1,2
"2460",1994,2,35 - 39,2,3
"2460",1994,2,40 - 44,5,11
"2460",1994,2,45 - 49,1,5
"2460",1994,2,50 - 54,5,8
"2460",1994,2,55 - 59,10,18
"2460",1994,2,60 - 64,9,30
"2460",1994,2,65 - 69,18,26
"2460",1994,2,70 - 74,24,33
"2460",1994,2,75 - 79,32,25
"2460",1994,2,80 - 84,23,14
"2460",1994,2,85 - 89,46,18
"2460",1994,2,90 - 94,0,0
"2460",1994,2,95+,0,0
"2460",1994,2,UNK,2,3
"2460",1994,3,Total,3029,4119
"2460",1994,3,0,0,1
"2460",1994,3,1,2,0
"2460",1994,3,2,2,2
"2460",1994,3,3,0,1
"2460",1994,3,4,1,1
"2460",1994,3,5 - 9,4,3
"2460",1994,3,10 - 14,1,6
"2460",1994,3,15 - 19,8,8
"2460",1994,3,20 - 24,6,9
"2460",1994,3,25 - 29,7,8
"2460",1994,3,30 - 34,29,17
"2460",1994,3,35 - 39,45,38
"2460",1994,3,40 - 44,83,62
"2460",1994,3,45 - 49,132,141
"2460",1994,3,50 - 54,158,226
"2460",1994,3,55 - 59,215,349
"2460",1994,3,60 - 64,302,538
"2460",1994,3,65 - 69,368,618
"2460",1994,3,70 - 74,437,697
"2460",1994,3,75 - 79,433,580
"2460",1994,3,80 - 84,389,450
"2460",1994,3,85 - 89,399,344
"2460",1994,3,90 - 94,0,0
"2460",1994,3,95+,0,0
"2460",1994,3,UNK,8,20
"2460",1994,4,Total,5587,5416
"2460",1994,4,0,4,9
"2460",1994,4,1,2,1
"2460",1994,4,2,2,1
"2460",1994,4,3,1,0
"2460",1994,4,4,0,1
"2460",1994,4,5 - 9,1,0
"2460",1994,4,10 - 14,1,2
"2460",1994,4,15 - 19,3,11
"2460",1994,4,20 - 24,3,5
"2460",1994,4,25 - 29,9,8
"2460",1994,4,30 - 34,20,22
"2460",1994,4,35 - 39,21,29
"2460",1994,4,40 - 44,35,74
"2460",1994,4,45 - 49,57,117
"2460",1994,4,50 - 54,81,188
"2460",1994,4,55 - 59,132,325
"2460",1994,4,60 - 64,258,510
"2460",1994,4,65 - 69,404,664
"2460",1994,4,70 - 74,595,898
"2460",1994,4,75 - 79,845,861
"2460",1994,4,80 - 84,1148,810
"2460",1994,4,85 - 89,1951,860
"2460",1994,4,90 - 94,0,0
"2460",1994,4,95+,0,0
"2460",1994,4,UNK,14,20
"2460",1994,5,Total,808,1130
"2460",1994,5,0,45,55
"2460",1994,5,1,2,3
"2460",1994,5,2,1,2
"2460",1994,5,3,1,2
"2460",1994,5,4,0,0
"2460",1994,5,5 - 9,2,1
"2460",1994,5,10 - 14,1,1
"2460",1994,5,15 - 19,3,3
"2460",1994,5,20 - 24,2,8
"2460",1994,5,25 - 29,4,9
"2460",1994,5,30 - 34,3,7
"2460",1994,5,35 - 39,5,17
"2460",1994,5,40 - 44,7,22
"2460",1994,5,45 - 49,12,54
"2460",1994,5,50 - 54,21,70
"2460",1994,5,55 - 59,22,86
"2460",1994,5,60 - 64,53,127
"2460",1994,5,65 - 69,59,147
"2460",1994,5,70 - 74,91,163
"2460",1994,5,75 - 79,117,121
"2460",1994,5,80 - 84,132,114
"2460",1994,5,85 - 89,223,107
"2460",1994,5,90 - 94,0,0
"2460",1994,5,95+,0,0
"2460",1994,5,UNK,2,11
"2460",1994,6,Total,471,279
"2460",1994,6,0,0,0
"2460",1994,6,1,0,0
"2460",1994,6,2,0,0
"2460",1994,6,3,0,0
"2460",1994,6,4,0,0
"2460",1994,6,5 - 9,0,1
"2460",1994,6,10 - 14,0,0
"2460",1994,6,15 - 19,0,0
"2460",1994,6,20 - 24,0,0
"2460",1994,6,25 - 29,0,1
"2460",1994,6,30 - 34,0,2
"2460",1994,6,35 - 39,2,1
"2460",1994,6,40 - 44,1,6
"2460",1994,6,45 - 49,0,5
"2460",1994,6,50 - 54,5,8
"2460",1994,6,55 - 59,6,12
"2460",1994,6,60 - 64,2,22
"2460",1994,6,65 - 69,6,28
"2460",1994,6,70 - 74,44,25
"2460",1994,6,75 - 79,51,32
"2460",1994,6,80 - 84,120,56
"2460",1994,6,85 - 89,231,77
"2460",1994,6,90 - 94,0,0
"2460",1994,6,95+,0,0
"2460",1994,6,UNK,3,3
"2460",1994,7,Total,260,279
"2460",1994,7,0,11,15
"2460",1994,7,1,4,5
"2460",1994,7,2,2,0
"2460",1994,7,3,0,1
"2460",1994,7,4,1,2
"2460",1994,7,5 - 9,4,3
"2460",1994,7,10 - 14,0,3
"2460",1994,7,15 - 19,2,7
"2460",1994,7,20 - 24,4,5
"2460",1994,7,25 - 29,3,6
"2460",1994,7,30 - 34,3,12
"2460",1994,7,35 - 39,2,6
"2460",1994,7,40 - 44,6,5
"2460",1994,7,45 - 49,5,6
"2460",1994,7,50 - 54,8,9
"2460",1994,7,55 - 59,10,15
"2460",1994,7,60 - 64,15,23
"2460",1994,7,65 - 69,20,32
"2460",1994,7,70 - 74,28,42
"2460",1994,7,75 - 79,36,28
"2460",1994,7,80 - 84,39,34
"2460",1994,7,85 - 89,56,19
"2460",1994,7,90 - 94,0,0
"2460",1994,7,95+,0,0
"2460",1994,7,UNK,1,1
"2460",1994,8,Total,488,443
"2460",1994,8,0,12,13
"2460",1994,8,1,2,1
"2460",1994,8,2,0,0
"2460",1994,8,3,0,0
"2460",1994,8,4,0,0
"2460",1994,8,5 - 9,1,1
"2460",1994,8,10 - 14,0,0
"2460",1994,8,15 - 19,0,0
"2460",1994,8,20 - 24,0,4
"2460",1994,8,25 - 29,4,9
"2460",1994,8,30 - 34,6,15
"2460",1994,8,35 - 39,6,11
"2460",1994,8,40 - 44,5,16
"2460",1994,8,45 - 49,9,15
"2460",1994,8,50 - 54,11,16
"2460",1994,8,55 - 59,27,31
"2460",1994,8,60 - 64,26,32
"2460",1994,8,65 - 69,43,62
"2460",1994,8,70 - 74,66,45
"2460",1994,8,75 - 79,75,69
"2460",1994,8,80 - 84,83,44
"2460",1994,8,85 - 89,111,58
"2460",1994,8,90 - 94,0,0
"2460",1994,8,95+,0,0
"2460",1994,8,UNK,1,1
"2460",1994,9,Total,533,760
"2460",1994,9,0,1,2
"2460",1994,9,1,0,2
"2460",1994,9,2,0,0
"2460",1994,9,3,0,0
"2460",1994,9,4,0,0
"2460",1994,9,5 - 9,0,1
"2460",1994,9,10 - 14,0,0
"2460",1994,9,15 - 19,1,1
"2460",1994,9,20 - 24,3,3
"2460",1994,9,25 - 29,2,0
"2460",1994,9,30 - 34,5,6
"2460",1994,9,35 - 39,0,6
"2460",1994,9,40 - 44,9,18
"2460",1994,9,45 - 49,22,23
"2460",1994,9,50 - 54,15,48
"2460",1994,9,55 - 59,32,84
"2460",1994,9,60 - 64,47,104
"2460",1994,9,65 - 69,50,108
"2460",1994,9,70 - 74,60,103
"2460",1994,9,75 - 79,62,81
"2460",1994,9,80 - 84,96,77
"2460",1994,9,85 - 89,127,90
"2460",1994,9,90 - 94,0,0
"2460",1994,9,95+,0,0
"2460",1994,9,UNK,1,3
"2460",1994,10,Total,227,311
"2460",1994,10,0,0,1
"2460",1994,10,1,0,0
"2460",1994,10,2,0,0
"2460",1994,10,3,0,0
"2460",1994,10,4,0,0
"2460",1994,10,5 - 9,0,0
"2460",1994,10,10 - 14,0,0
"2460",1994,10,15 - 19,0,0
"2460",1994,10,20 - 24,1,0
"2460",1994,10,25 - 29,1,1
"2460",1994,10,30 - 34,2,4
"2460",1994,10,35 - 39,1,1
"2460",1994,10,40 - 44,2,1
"2460",1994,10,45 - 49,3,5
"2460",1994,10,50 - 54,4,7
"2460",1994,10,55 - 59,11,19
"2460",1994,10,60 - 64,12,22
"2460",1994,10,65 - 69,10,33
"2460",1994,10,70 - 74,26,40
"2460",1994,10,75 - 79,36,50
"2460",1994,10,80 - 84,42,65
"2460",1994,10,85 - 89,76,60
"2460",1994,10,90 - 94,0,0
"2460",1994,10,95+,0,0
"2460",1994,10,UNK,0,2
"2460",1994,11,Total,338,432
"2460",1994,11,0,289,395
"2460",1994,11,1,8,5
"2460",1994,11,2,5,2
"2460",1994,11,3,1,5
"2460",1994,11,4,2,0
"2460",1994,11,5 - 9,2,4
"2460",1994,11,10 - 14,1,2
"2460",1994,11,15 - 19,3,5
"2460",1994,11,20 - 24,2,2
"2460",1994,11,25 - 29,2,0
"2460",1994,11,30 - 34,0,0
"2460",1994,11,35 - 39,1,0
"2460",1994,11,40 - 44,1,1
"2460",1994,11,45 - 49,2,2
"2460",1994,11,50 - 54,4,0
"2460",1994,11,55 - 59,2,1
"2460",1994,11,60 - 64,3,0
"2460",1994,11,65 - 69,1,0
"2460",1994,11,70 - 74,2,2
"2460",1994,11,75 - 79,3,1
"2460",1994,11,80 - 84,2,2
"2460",1994,11,85 - 89,1,1
"2460",1994,11,90 - 94,0,0
"2460",1994,11,95+,0,0
"2460",1994,11,UNK,1,2
"2460",1994,12,Total,887,1453
"2460",1994,12,0,27,42
"2460",1994,12,1,2,5
"2460",1994,12,2,1,1
"2460",1994,12,3,0,3
"2460",1994,12,4,1,0
"2460",1994,12,5 - 9,0,3
"2460",1994,12,10 - 14,0,2
"2460",1994,12,15 - 19,5,6
"2460",1994,12,20 - 24,3,6
"2460",1994,12,25 - 29,3,6
"2460",1994,12,30 - 34,4,6
"2460",1994,12,35 - 39,11,8
"2460",1994,12,40 - 44,11,13
"2460",1994,12,45 - 49,10,25
"2460",1994,12,50 - 54,16,27
"2460",1994,12,55 - 59,36,63
"2460",1994,12,60 - 64,29,123
"2460",1994,12,65 - 69,53,167
"2460",1994,12,70 - 74,86,199
"2460",1994,12,75 - 79,114,226
"2460",1994,12,80 - 84,164,237
"2460",1994,12,85 - 89,309,278
"2460",1994,12,90 - 94,0,0
"2460",1994,12,95+,0,0
"2460",1994,12,UNK,2,7
"2460",1994,13,Total,558,1439
"2460",1994,13,0,36,34
"2460",1994,13,1,4,8
"2460",1994,13,2,3,10
"2460",1994,13,3,3,5
"2460",1994,13,4,4,2
"2460",1994,13,5 - 9,15,16
"2460",1994,13,10 - 14,10,27
"2460",1994,13,15 - 19,30,102
"2460",1994,13,20 - 24,31,133
"2460",1994,13,25 - 29,19,110
"2460",1994,13,30 - 34,23,93
"2460",1994,13,35 - 39,27,88
"2460",1994,13,40 - 44,16,103
"2460",1994,13,45 - 49,25,93
"2460",1994,13,50 - 54,20,86
"2460",1994,13,55 - 59,23,99
"2460",1994,13,60 - 64,29,88
"2460",1994,13,65 - 69,19,80
"2460",1994,13,70 - 74,40,85
"2460",1994,13,75 - 79,43,61
"2460",1994,13,80 - 84,59,52
"2460",1994,13,85 - 89,75,48
"2460",1994,13,90 - 94,0,0
"2460",1994,13,95+,0,0
"2460",1994,13,UNK,4,16
"2460",1994,14,Total,34,111
"2460",1994,14,0,1,0
"2460",1994,14,1,0,0
"2460",1994,14,2,0,0
"2460",1994,14,3,0,0
"2460",1994,14,4,1,0
"2460",1994,14,5 - 9,0,0
"2460",1994,14,10 - 14,1,3
"2460",1994,14,15 - 19,2,10
"2460",1994,14,20 - 24,2,11
"2460",1994,14,25 - 29,4,14
"2460",1994,14,30 - 34,5,12
"2460",1994,14,35 - 39,5,13
"2460",1994,14,40 - 44,1,7
"2460",1994,14,45 - 49,1,11
"2460",1994,14,50 - 54,2,5
"2460",1994,14,55 - 59,2,7
"2460",1994,14,60 - 64,1,10
"2460",1994,14,65 - 69,2,2
"2460",1994,14,70 - 74,2,2
"2460",1994,14,75 - 79,0,0
"2460",1994,14,80 - 84,1,1
"2460",1994,14,85 - 89,1,1
"2460",1994,14,90 - 94,0,0
"2460",1994,14,95+,0,0
"2460",1994,14,UNK,0,2
"2460",1995,1,Total,14271,17421
"2460",1995,1,0,445,643
"2460",1995,1,1,20,37
"2460",1995,1,2,20,21
"2460",1995,1,3,8,15
"2460",1995,1,4,10,11
"2460",1995,1,5 - 9,28,52
"2460",1995,1,10 - 14,25,51
"2460",1995,1,15 - 19,67,160
"2460",1995,1,20 - 24,58,165
"2460",1995,1,25 - 29,80,184
"2460",1995,1,30 - 34,112,194
"2460",1995,1,35 - 39,147,235
"2460",1995,1,40 - 44,192,300
"2460",1995,1,45 - 49,260,510
"2460",1995,1,50 - 54,388,709
"2460",1995,1,55 - 59,485,1063
"2460",1995,1,60 - 64,778,1686
"2460",1995,1,65 - 69,1118,2212
"2460",1995,1,70 - 74,1509,2347
"2460",1995,1,75 - 79,2006,2316
"2460",1995,1,80 - 84,2448,2135
"2460",1995,1,85 - 89,4010,2271
"2460",1995,1,90 - 94,0,0
"2460",1995,1,95+,0,0
"2460",1995,1,UNK,57,104
"2460",1995,2,Total,234,276
"2460",1995,2,0,26,39
"2460",1995,2,1,2,3
"2460",1995,2,2,3,0
"2460",1995,2,3,1,1
"2460",1995,2,4,1,0
"2460",1995,2,5 - 9,2,0
"2460",1995,2,10 - 14,2,1
"2460",1995,2,15 - 19,4,1
"2460",1995,2,20 - 24,0,3
"2460",1995,2,25 - 29,2,2
"2460",1995,2,30 - 34,2,5
"2460",1995,2,35 - 39,5,7
"2460",1995,2,40 - 44,8,7
"2460",1995,2,45 - 49,6,8
"2460",1995,2,50 - 54,6,10
"2460",1995,2,55 - 59,8,18
"2460",1995,2,60 - 64,9,27
"2460",1995,2,65 - 69,19,33
"2460",1995,2,70 - 74,23,28
"2460",1995,2,75 - 79,30,25
"2460",1995,2,80 - 84,29,26
"2460",1995,2,85 - 89,46,30
"2460",1995,2,90 - 94,0,0
"2460",1995,2,95+,0,0
"2460",1995,2,UNK,0,2
"2460",1995,3,Total,3063,4204
"2460",1995,3,0,1,2
"2460",1995,3,1,3,2
"2460",1995,3,2,1,5
"2460",1995,3,3,1,5
"2460",1995,3,4,3,3
"2460",1995,3,5 - 9,3,8
"2460",1995,3,10 - 14,3,6
"2460",1995,3,15 - 19,4,18
"2460",1995,3,20 - 24,4,13
"2460",1995,3,25 - 29,17,18
"2460",1995,3,30 - 34,37,18
"2460",1995,3,35 - 39,53,38
"2460",1995,3,40 - 44,84,64
"2460",1995,3,45 - 49,117,146
"2460",1995,3,50 - 54,177,221
"2460",1995,3,55 - 59,198,356
"2460",1995,3,60 - 64,316,529
"2460",1995,3,65 - 69,376,703
"2460",1995,3,70 - 74,422,697
"2460",1995,3,75 - 79,409,570
"2460",1995,3,80 - 84,409,445
"2460",1995,3,85 - 89,417,326
"2460",1995,3,90 - 94,0,0
"2460",1995,3,95+,0,0
"2460",1995,3,UNK,8,11
"2460",1995,4,Total,5713,5699
"2460",1995,4,0,2,8
"2460",1995,4,1,3,2
"2460",1995,4,2,2,2
"2460",1995,4,3,0,1
"2460",1995,4,4,1,0
"2460",1995,4,5 - 9,1,2
"2460",1995,4,10 - 14,3,3
"2460",1995,4,15 - 19,3,3
"2460",1995,4,20 - 24,0,6
"2460",1995,4,25 - 29,10,11
"2460",1995,4,30 - 34,14,10
"2460",1995,4,35 - 39,29,44
"2460",1995,4,40 - 44,36,64
"2460",1995,4,45 - 49,56,125
"2460",1995,4,50 - 54,89,207
"2460",1995,4,55 - 59,132,310
"2460",1995,4,60 - 64,231,538
"2460",1995,4,65 - 69,372,753
"2460",1995,4,70 - 74,583,788
"2460",1995,4,75 - 79,912,918
"2460",1995,4,80 - 84,1161,877
"2460",1995,4,85 - 89,2050,988
"2460",1995,4,90 - 94,0,0
"2460",1995,4,95+,0,0
"2460",1995,4,UNK,23,39
"2460",1995,5,Total,897,1250
"2460",1995,5,0,41,55
"2460",1995,5,1,1,4
"2460",1995,5,2,1,1
"2460",1995,5,3,0,0
"2460",1995,5,4,0,1
"2460",1995,5,5 - 9,0,2
"2460",1995,5,10 - 14,0,1
"2460",1995,5,15 - 19,3,5
"2460",1995,5,20 - 24,1,9
"2460",1995,5,25 - 29,5,5
"2460",1995,5,30 - 34,7,9
"2460",1995,5,35 - 39,8,14
"2460",1995,5,40 - 44,6,23
"2460",1995,5,45 - 49,13,47
"2460",1995,5,50 - 54,21,73
"2460",1995,5,55 - 59,40,87
"2460",1995,5,60 - 64,47,158
"2460",1995,5,65 - 69,75,153
"2460",1995,5,70 - 74,93,177
"2460",1995,5,75 - 79,121,145
"2460",1995,5,80 - 84,150,117
"2460",1995,5,85 - 89,257,148
"2460",1995,5,90 - 94,0,0
"2460",1995,5,95+,0,0
"2460",1995,5,UNK,7,16
"2460",1995,6,Total,487,309
"2460",1995,6,0,0,0
"2460",1995,6,1,0,0
"2460",1995,6,2,0,0
"2460",1995,6,3,0,0
"2460",1995,6,4,0,0
"2460",1995,6,5 - 9,0,0
"2460",1995,6,10 - 14,0,0
"2460",1995,6,15 - 19,0,0
"2460",1995,6,20 - 24,0,0
"2460",1995,6,25 - 29,2,1
"2460",1995,6,30 - 34,0,2
"2460",1995,6,35 - 39,1,1
"2460",1995,6,40 - 44,1,6
"2460",1995,6,45 - 49,3,3
"2460",1995,6,50 - 54,1,7
"2460",1995,6,55 - 59,3,9
"2460",1995,6,60 - 64,7,12
"2460",1995,6,65 - 69,14,26
"2460",1995,6,70 - 74,29,35
"2460",1995,6,75 - 79,67,44
"2460",1995,6,80 - 84,109,65
"2460",1995,6,85 - 89,249,96
"2460",1995,6,90 - 94,0,0
"2460",1995,6,95+,0,0
"2460",1995,6,UNK,1,2
"2460",1995,7,Total,310,281
"2460",1995,7,0,11,13
"2460",1995,7,1,1,0
"2460",1995,7,2,2,1
"2460",1995,7,3,4,2
"2460",1995,7,4,1,1
"2460",1995,7,5 - 9,7,3
"2460",1995,7,10 - 14,2,4
"2460",1995,7,15 - 19,6,12
"2460",1995,7,20 - 24,2,5
"2460",1995,7,25 - 29,0,4
"2460",1995,7,30 - 34,4,4
"2460",1995,7,35 - 39,4,10
"2460",1995,7,40 - 44,5,6
"2460",1995,7,45 - 49,6,6
"2460",1995,7,50 - 54,6,10
"2460",1995,7,55 - 59,7,10
"2460",1995,7,60 - 64,11,20
"2460",1995,7,65 - 69,25,21
"2460",1995,7,70 - 74,33,38
"2460",1995,7,75 - 79,40,32
"2460",1995,7,80 - 84,56,46
"2460",1995,7,85 - 89,76,32
"2460",1995,7,90 - 94,0,0
"2460",1995,7,95+,0,0
"2460",1995,7,UNK,1,1
"2460",1995,8,Total,555,450
"2460",1995,8,0,15,18
"2460",1995,8,1,0,1
"2460",1995,8,2,0,2
"2460",1995,8,3,0,0
"2460",1995,8,4,0,0
"2460",1995,8,5 - 9,2,3
"2460",1995,8,10 - 14,0,0
"2460",1995,8,15 - 19,1,0
"2460",1995,8,20 - 24,4,4
"2460",1995,8,25 - 29,8,17
"2460",1995,8,30 - 34,5,16
"2460",1995,8,35 - 39,3,12
"2460",1995,8,40 - 44,3,11
"2460",1995,8,45 - 49,4,11
"2460",1995,8,50 - 54,15,13
"2460",1995,8,55 - 59,21,20
"2460",1995,8,60 - 64,34,42
"2460",1995,8,65 - 69,42,56
"2460",1995,8,70 - 74,77,66
"2460",1995,8,75 - 79,90,52
"2460",1995,8,80 - 84,91,56
"2460",1995,8,85 - 89,137,49
"2460",1995,8,90 - 94,0,0
"2460",1995,8,95+,0,0
"2460",1995,8,UNK,3,1
"2460",1995,9,Total,568,745
"2460",1995,9,0,5,9
"2460",1995,9,1,1,0
"2460",1995,9,2,0,0
"2460",1995,9,3,0,1
"2460",1995,9,4,0,0
"2460",1995,9,5 - 9,0,1
"2460",1995,9,10 - 14,0,1
"2460",1995,9,15 - 19,2,0
"2460",1995,9,20 - 24,0,1
"2460",1995,9,25 - 29,1,1
"2460",1995,9,30 - 34,5,4
"2460",1995,9,35 - 39,5,7
"2460",1995,9,40 - 44,7,13
"2460",1995,9,45 - 49,16,18
"2460",1995,9,50 - 54,21,43
"2460",1995,9,55 - 59,22,66
"2460",1995,9,60 - 64,28,81
"2460",1995,9,65 - 69,51,114
"2460",1995,9,70 - 74,71,114
"2460",1995,9,75 - 79,78,103
"2460",1995,9,80 - 84,100,83
"2460",1995,9,85 - 89,154,80
"2460",1995,9,90 - 94,0,0
"2460",1995,9,95+,0,0
"2460",1995,9,UNK,1,5
"2460",1995,10,Total,224,302
"2460",1995,10,0,0,3
"2460",1995,10,1,0,0
"2460",1995,10,2,0,1
"2460",1995,10,3,0,0
"2460",1995,10,4,0,0
"2460",1995,10,5 - 9,0,0
"2460",1995,10,10 - 14,0,0
"2460",1995,10,15 - 19,2,0
"2460",1995,10,20 - 24,0,0
"2460",1995,10,25 - 29,0,0
"2460",1995,10,30 - 34,1,2
"2460",1995,10,35 - 39,4,0
"2460",1995,10,40 - 44,4,0
"2460",1995,10,45 - 49,1,3
"2460",1995,10,50 - 54,2,3
"2460",1995,10,55 - 59,5,8
"2460",1995,10,60 - 64,8,22
"2460",1995,10,65 - 69,20,28
"2460",1995,10,70 - 74,22,38
"2460",1995,10,75 - 79,40,48
"2460",1995,10,80 - 84,44,61
"2460",1995,10,85 - 89,70,83
"2460",1995,10,90 - 94,0,0
"2460",1995,10,95+,0,0
"2460",1995,10,UNK,1,2
"2460",1995,11,Total,313,443
"2460",1995,11,0,267,399
"2460",1995,11,1,3,7
"2460",1995,11,2,2,2
"2460",1995,11,3,0,0
"2460",1995,11,4,0,0
"2460",1995,11,5 - 9,4,3
"2460",1995,11,10 - 14,1,2
"2460",1995,11,15 - 19,2,5
"2460",1995,11,20 - 24,4,2
"2460",1995,11,25 - 29,0,0
"2460",1995,11,30 - 34,4,5
"2460",1995,11,35 - 39,2,0
"2460",1995,11,40 - 44,3,0
"2460",1995,11,45 - 49,2,2
"2460",1995,11,50 - 54,1,2
"2460",1995,11,55 - 59,3,4
"2460",1995,11,60 - 64,0,3
"2460",1995,11,65 - 69,3,4
"2460",1995,11,70 - 74,6,1
"2460",1995,11,75 - 79,2,1
"2460",1995,11,80 - 84,1,0
"2460",1995,11,85 - 89,2,1
"2460",1995,11,90 - 94,0,0
"2460",1995,11,95+,0,0
"2460",1995,11,UNK,1,0
"2460",1995,12,Total,1046,1760
"2460",1995,12,0,31,42
"2460",1995,12,1,2,8
"2460",1995,12,2,3,2
"2460",1995,12,3,2,1
"2460",1995,12,4,0,1
"2460",1995,12,5 - 9,0,3
"2460",1995,12,10 - 14,1,0
"2460",1995,12,15 - 19,2,6
"2460",1995,12,20 - 24,7,1
"2460",1995,12,25 - 29,1,7
"2460",1995,12,30 - 34,6,3
"2460",1995,12,35 - 39,7,12
"2460",1995,12,40 - 44,7,16
"2460",1995,12,45 - 49,9,23
"2460",1995,12,50 - 54,23,44
"2460",1995,12,55 - 59,17,64
"2460",1995,12,60 - 64,41,138
"2460",1995,12,65 - 69,68,203
"2460",1995,12,70 - 74,93,263
"2460",1995,12,75 - 79,135,295
"2460",1995,12,80 - 84,199,272
"2460",1995,12,85 - 89,385,349
"2460",1995,12,90 - 94,0,0
"2460",1995,12,95+,0,0
"2460",1995,12,UNK,7,7
"2460",1995,13,Total,568,1436
"2460",1995,13,0,43,52
"2460",1995,13,1,4,7
"2460",1995,13,2,6,4
"2460",1995,13,3,0,3
"2460",1995,13,4,3,5
"2460",1995,13,5 - 9,8,24
"2460",1995,13,10 - 14,12,33
"2460",1995,13,15 - 19,32,100
"2460",1995,13,20 - 24,26,112
"2460",1995,13,25 - 29,28,107
"2460",1995,13,30 - 34,20,100
"2460",1995,13,35 - 39,18,78
"2460",1995,13,40 - 44,24,76
"2460",1995,13,45 - 49,21,105
"2460",1995,13,50 - 54,25,64
"2460",1995,13,55 - 59,16,97
"2460",1995,13,60 - 64,33,97
"2460",1995,13,65 - 69,25,89
"2460",1995,13,70 - 74,30,72
"2460",1995,13,75 - 79,45,59
"2460",1995,13,80 - 84,49,68
"2460",1995,13,85 - 89,96,68
"2460",1995,13,90 - 94,0,0
"2460",1995,13,95+,0,0
"2460",1995,13,UNK,4,16
"2460",1995,14,Total,32,119
"2460",1995,14,0,0,0
"2460",1995,14,1,0,1
"2460",1995,14,2,0,1
"2460",1995,14,3,0,0
"2460",1995,14,4,0,0
"2460",1995,14,5 - 9,0,1
"2460",1995,14,10 - 14,1,0
"2460",1995,14,15 - 19,4,8
"2460",1995,14,20 - 24,6,7
"2460",1995,14,25 - 29,2,10
"2460",1995,14,30 - 34,3,15
"2460",1995,14,35 - 39,3,12
"2460",1995,14,40 - 44,1,13
"2460",1995,14,45 - 49,2,11
"2460",1995,14,50 - 54,1,11
"2460",1995,14,55 - 59,0,8
"2460",1995,14,60 - 64,3,5
"2460",1995,14,65 - 69,1,8
"2460",1995,14,70 - 74,1,4
"2460",1995,14,75 - 79,3,3
"2460",1995,14,80 - 84,0,1
"2460",1995,14,85 - 89,1,0
"2460",1995,14,90 - 94,0,0
"2460",1995,14,95+,0,0
"2460",1995,14,UNK,0,0
"2460",1996,1,Total,14083,17015
"2460",1996,1,0,404,617
"2460",1996,1,1,33,50
"2460",1996,1,2,18,23
"2460",1996,1,3,15,17
"2460",1996,1,4,9,9
"2460",1996,1,5 - 9,32,37
"2460",1996,1,10 - 14,39,52
"2460",1996,1,15 - 19,67,146
"2460",1996,1,20 - 24,51,211
"2460",1996,1,25 - 29,72,167
"2460",1996,1,30 - 34,77,182
"2460",1996,1,35 - 39,118,241
"2460",1996,1,40 - 44,228,304
"2460",1996,1,45 - 49,259,465
"2460",1996,1,50 - 54,378,730
"2460",1996,1,55 - 59,487,1068
"2460",1996,1,60 - 64,770,1581
"2460",1996,1,65 - 69,1200,2062
"2460",1996,1,70 - 74,1492,2361
"2460",1996,1,75 - 79,1858,2285
"2460",1996,1,80 - 84,2430,2078
"2460",1996,1,85 - 89,4003,2229
"2460",1996,1,90 - 94,0,0
"2460",1996,1,95+,0,0
"2460",1996,1,UNK,43,100
"2460",1996,2,Total,253,301
"2460",1996,2,0,25,40
"2460",1996,2,1,4,5
"2460",1996,2,2,3,4
"2460",1996,2,3,0,0
"2460",1996,2,4,0,0
"2460",1996,2,5 - 9,3,3
"2460",1996,2,10 - 14,1,2
"2460",1996,2,15 - 19,3,1
"2460",1996,2,20 - 24,2,3
"2460",1996,2,25 - 29,2,3
"2460",1996,2,30 - 34,1,4
"2460",1996,2,35 - 39,6,4
"2460",1996,2,40 - 44,5,7
"2460",1996,2,45 - 49,6,13
"2460",1996,2,50 - 54,7,7
"2460",1996,2,55 - 59,10,20
"2460",1996,2,60 - 64,13,36
"2460",1996,2,65 - 69,27,34
"2460",1996,2,70 - 74,33,37
"2460",1996,2,75 - 79,18,30
"2460",1996,2,80 - 84,32,16
"2460",1996,2,85 - 89,52,31
"2460",1996,2,90 - 94,0,0
"2460",1996,2,95+,0,0
"2460",1996,2,UNK,0,1
"2460",1996,3,Total,3150,4205
"2460",1996,3,0,1,1
"2460",1996,3,1,0,2
"2460",1996,3,2,2,0
"2460",1996,3,3,5,1
"2460",1996,3,4,1,1
"2460",1996,3,5 - 9,4,8
"2460",1996,3,10 - 14,6,6
"2460",1996,3,15 - 19,6,8
"2460",1996,3,20 - 24,9,13
"2460",1996,3,25 - 29,15,21
"2460",1996,3,30 - 34,26,21
"2460",1996,3,35 - 39,46,36
"2460",1996,3,40 - 44,84,54
"2460",1996,3,45 - 49,122,113
"2460",1996,3,50 - 54,177,219
"2460",1996,3,55 - 59,202,347
"2460",1996,3,60 - 64,288,537
"2460",1996,3,65 - 69,411,634
"2460",1996,3,70 - 74,409,708
"2460",1996,3,75 - 79,424,604
"2460",1996,3,80 - 84,450,470
"2460",1996,3,85 - 89,455,380
"2460",1996,3,90 - 94,0,0
"2460",1996,3,95+,0,0
"2460",1996,3,UNK,7,21
"2460",1996,4,Total,5688,5489
"2460",1996,4,0,3,3
"2460",1996,4,1,2,1
"2460",1996,4,2,0,0
"2460",1996,4,3,1,1
"2460",1996,4,4,0,0
"2460",1996,4,5 - 9,4,1
"2460",1996,4,10 - 14,4,0
"2460",1996,4,15 - 19,7,1
"2460",1996,4,20 - 24,1,7
"2460",1996,4,25 - 29,5,10
"2460",1996,4,30 - 34,11,14
"2460",1996,4,35 - 39,21,39
"2460",1996,4,40 - 44,50,54
"2460",1996,4,45 - 49,53,113
"2460",1996,4,50 - 54,92,212
"2460",1996,4,55 - 59,126,285
"2460",1996,4,60 - 64,243,503
"2460",1996,4,65 - 69,417,697
"2460",1996,4,70 - 74,596,827
"2460",1996,4,75 - 79,826,876
"2460",1996,4,80 - 84,1139,868
"2460",1996,4,85 - 89,2064,955
"2460",1996,4,90 - 94,0,0
"2460",1996,4,95+,0,0
"2460",1996,4,UNK,23,22
"2460",1996,5,Total,884,1165
"2460",1996,5,0,45,66
"2460",1996,5,1,1,3
"2460",1996,5,2,0,2
"2460",1996,5,3,0,0
"2460",1996,5,4,1,1
"2460",1996,5,5 - 9,1,0
"2460",1996,5,10 - 14,1,0
"2460",1996,5,15 - 19,1,3
"2460",1996,5,20 - 24,3,3
"2460",1996,5,25 - 29,2,8
"2460",1996,5,30 - 34,0,7
"2460",1996,5,35 - 39,2,19
"2460",1996,5,40 - 44,14,22
"2460",1996,5,45 - 49,13,40
"2460",1996,5,50 - 54,21,69
"2460",1996,5,55 - 59,22,88
"2460",1996,5,60 - 64,59,114
"2460",1996,5,65 - 69,68,156
"2460",1996,5,70 - 74,83,163
"2460",1996,5,75 - 79,108,141
"2460",1996,5,80 - 84,148,113
"2460",1996,5,85 - 89,290,134
"2460",1996,5,90 - 94,0,0
"2460",1996,5,95+,0,0
"2460",1996,5,UNK,1,13
"2460",1996,6,Total,462,329
"2460",1996,6,0,0,0
"2460",1996,6,1,0,0
"2460",1996,6,2,0,0
"2460",1996,6,3,1,0
"2460",1996,6,4,0,0
"2460",1996,6,5 - 9,0,0
"2460",1996,6,10 - 14,0,0
"2460",1996,6,15 - 19,0,1
"2460",1996,6,20 - 24,0,1
"2460",1996,6,25 - 29,0,0
"2460",1996,6,30 - 34,0,2
"2460",1996,6,35 - 39,2,2
"2460",1996,6,40 - 44,2,6
"2460",1996,6,45 - 49,0,10
"2460",1996,6,50 - 54,2,10
"2460",1996,6,55 - 59,4,10
"2460",1996,6,60 - 64,6,12
"2460",1996,6,65 - 69,12,22
"2460",1996,6,70 - 74,27,44
"2460",1996,6,75 - 79,56,48
"2460",1996,6,80 - 84,131,76
"2460",1996,6,85 - 89,217,84
"2460",1996,6,90 - 94,0,0
"2460",1996,6,95+,0,0
"2460",1996,6,UNK,2,1
"2460",1996,7,Total,331,263
"2460",1996,7,0,6,16
"2460",1996,7,1,2,1
"2460",1996,7,2,1,1
"2460",1996,7,3,4,2
"2460",1996,7,4,0,0
"2460",1996,7,5 - 9,6,1
"2460",1996,7,10 - 14,7,2
"2460",1996,7,15 - 19,4,4
"2460",1996,7,20 - 24,3,4
"2460",1996,7,25 - 29,3,4
"2460",1996,7,30 - 34,3,5
"2460",1996,7,35 - 39,6,3
"2460",1996,7,40 - 44,8,6
"2460",1996,7,45 - 49,7,8
"2460",1996,7,50 - 54,8,14
"2460",1996,7,55 - 59,11,11
"2460",1996,7,60 - 64,13,17
"2460",1996,7,65 - 69,21,25
"2460",1996,7,70 - 74,36,29
"2460",1996,7,75 - 79,55,38
"2460",1996,7,80 - 84,49,33
"2460",1996,7,85 - 89,77,35
"2460",1996,7,90 - 94,0,0
"2460",1996,7,95+,0,0
"2460",1996,7,UNK,1,4
"2460",1996,8,Total,490,519
"2460",1996,8,0,9,9
"2460",1996,8,1,2,7
"2460",1996,8,2,0,0
"2460",1996,8,3,0,0
"2460",1996,8,4,0,0
"2460",1996,8,5 - 9,2,1
"2460",1996,8,10 - 14,0,1
"2460",1996,8,15 - 19,3,0
"2460",1996,8,20 - 24,5,7
"2460",1996,8,25 - 29,9,16
"2460",1996,8,30 - 34,5,21
"2460",1996,8,35 - 39,6,24
"2460",1996,8,40 - 44,5,19
"2460",1996,8,45 - 49,12,15
"2460",1996,8,50 - 54,4,11
"2460",1996,8,55 - 59,11,41
"2460",1996,8,60 - 64,25,43
"2460",1996,8,65 - 69,44,56
"2460",1996,8,70 - 74,64,67
"2460",1996,8,75 - 79,83,71
"2460",1996,8,80 - 84,82,49
"2460",1996,8,85 - 89,118,57
"2460",1996,8,90 - 94,0,0
"2460",1996,8,95+,0,0
"2460",1996,8,UNK,1,4
"2460",1996,9,Total,488,709
"2460",1996,9,0,3,14
"2460",1996,9,1,0,0
"2460",1996,9,2,1,0
"2460",1996,9,3,0,0
"2460",1996,9,4,1,1
"2460",1996,9,5 - 9,1,0
"2460",1996,9,10 - 14,0,2
"2460",1996,9,15 - 19,3,2
"2460",1996,9,20 - 24,1,0
"2460",1996,9,25 - 29,0,1
"2460",1996,9,30 - 34,4,5
"2460",1996,9,35 - 39,1,6
"2460",1996,9,40 - 44,14,23
"2460",1996,9,45 - 49,8,27
"2460",1996,9,50 - 54,11,44
"2460",1996,9,55 - 59,25,67
"2460",1996,9,60 - 64,23,77
"2460",1996,9,65 - 69,45,89
"2460",1996,9,70 - 74,64,105
"2460",1996,9,75 - 79,68,92
"2460",1996,9,80 - 84,82,72
"2460",1996,9,85 - 89,132,79
"2460",1996,9,90 - 94,0,0
"2460",1996,9,95+,0,0
"2460",1996,9,UNK,1,3
"2460",1996,10,Total,214,297
"2460",1996,10,0,0,2
"2460",1996,10,1,1,0
"2460",1996,10,2,0,0
"2460",1996,10,3,0,0
"2460",1996,10,4,0,0
"2460",1996,10,5 - 9,1,0
"2460",1996,10,10 - 14,0,2
"2460",1996,10,15 - 19,0,0
"2460",1996,10,20 - 24,0,2
"2460",1996,10,25 - 29,2,0
"2460",1996,10,30 - 34,0,1
"2460",1996,10,35 - 39,1,1
"2460",1996,10,40 - 44,2,0
"2460",1996,10,45 - 49,5,6
"2460",1996,10,50 - 54,3,2
"2460",1996,10,55 - 59,10,11
"2460",1996,10,60 - 64,9,16
"2460",1996,10,65 - 69,16,32
"2460",1996,10,70 - 74,31,40
"2460",1996,10,75 - 79,28,72
"2460",1996,10,80 - 84,44,39
"2460",1996,10,85 - 89,61,69
"2460",1996,10,90 - 94,0,0
"2460",1996,10,95+,0,0
"2460",1996,10,UNK,0,2
"2460",1996,11,Total,299,392
"2460",1996,11,0,258,345
"2460",1996,11,1,9,9
"2460",1996,11,2,1,2
"2460",1996,11,3,0,1
"2460",1996,11,4,2,2
"2460",1996,11,5 - 9,3,2
"2460",1996,11,10 - 14,5,3
"2460",1996,11,15 - 19,3,2
"2460",1996,11,20 - 24,1,3
"2460",1996,11,25 - 29,2,1
"2460",1996,11,30 - 34,0,2
"2460",1996,11,35 - 39,0,2
"2460",1996,11,40 - 44,1,1
"2460",1996,11,45 - 49,2,2
"2460",1996,11,50 - 54,0,3
"2460",1996,11,55 - 59,2,3
"2460",1996,11,60 - 64,4,0
"2460",1996,11,65 - 69,1,3
"2460",1996,11,70 - 74,0,0
"2460",1996,11,75 - 79,2,3
"2460",1996,11,80 - 84,1,0
"2460",1996,11,85 - 89,2,1
"2460",1996,11,90 - 94,0,0
"2460",1996,11,95+,0,0
"2460",1996,11,UNK,0,2
"2460",1996,12,Total,1032,1627
"2460",1996,12,0,26,70
"2460",1996,12,1,7,14
"2460",1996,12,2,2,8
"2460",1996,12,3,1,2
"2460",1996,12,4,0,0
"2460",1996,12,5 - 9,0,1
"2460",1996,12,10 - 14,1,0
"2460",1996,12,15 - 19,4,2
"2460",1996,12,20 - 24,2,6
"2460",1996,12,25 - 29,3,4
"2460",1996,12,30 - 34,2,5
"2460",1996,12,35 - 39,8,13
"2460",1996,12,40 - 44,7,12
"2460",1996,12,45 - 49,6,27
"2460",1996,12,50 - 54,19,37
"2460",1996,12,55 - 59,37,67
"2460",1996,12,60 - 64,44,117
"2460",1996,12,65 - 69,76,174
"2460",1996,12,70 - 74,93,233
"2460",1996,12,75 - 79,129,226
"2460",1996,12,80 - 84,186,272
"2460",1996,12,85 - 89,376,327
"2460",1996,12,90 - 94,0,0
"2460",1996,12,95+,0,0
"2460",1996,12,UNK,3,10
"2460",1996,13,Total,529,1481
"2460",1996,13,0,24,49
"2460",1996,13,1,5,6
"2460",1996,13,2,6,5
"2460",1996,13,3,3,9
"2460",1996,13,4,4,3
"2460",1996,13,5 - 9,4,19
"2460",1996,13,10 - 14,11,31
"2460",1996,13,15 - 19,28,106
"2460",1996,13,20 - 24,14,147
"2460",1996,13,25 - 29,22,90
"2460",1996,13,30 - 34,20,84
"2460",1996,13,35 - 39,12,80
"2460",1996,13,40 - 44,33,89
"2460",1996,13,45 - 49,18,80
"2460",1996,13,50 - 54,27,97
"2460",1996,13,55 - 59,22,103
"2460",1996,13,60 - 64,30,99
"2460",1996,13,65 - 69,38,118
"2460",1996,13,70 - 74,37,88
"2460",1996,13,75 - 79,36,63
"2460",1996,13,80 - 84,48,48
"2460",1996,13,85 - 89,84,53
"2460",1996,13,90 - 94,0,0
"2460",1996,13,95+,0,0
"2460",1996,13,UNK,3,14
"2460",1996,14,Total,34,110
"2460",1996,14,0,1,1
"2460",1996,14,1,0,0
"2460",1996,14,2,1,0
"2460",1996,14,3,0,1
"2460",1996,14,4,0,1
"2460",1996,14,5 - 9,1,1
"2460",1996,14,10 - 14,1,1
"2460",1996,14,15 - 19,3,14
"2460",1996,14,20 - 24,8,15
"2460",1996,14,25 - 29,2,9
"2460",1996,14,30 - 34,4,10
"2460",1996,14,35 - 39,1,11
"2460",1996,14,40 - 44,1,9
"2460",1996,14,45 - 49,2,6
"2460",1996,14,50 - 54,1,4
"2460",1996,14,55 - 59,1,6
"2460",1996,14,60 - 64,2,5
"2460",1996,14,65 - 69,1,5
"2460",1996,14,70 - 74,2,4
"2460",1996,14,75 - 79,0,3
"2460",1996,14,80 - 84,0,1
"2460",1996,14,85 - 89,1,1
"2460",1996,14,90 - 94,0,0
"2460",1996,14,95+,0,0
"2460",1996,14,UNK,1,2
