"","Year","Cause","Age","Female","Male"
"2090",1990,1,Total,88005,103968
"2090",1990,1,0,1201,1565
"2090",1990,1,1,90,119
"2090",1990,1,2,64,86
"2090",1990,1,3,45,68
"2090",1990,1,4,40,47
"2090",1990,1,5 - 9,165,220
"2090",1990,1,10 - 14,166,263
"2090",1990,1,15 - 19,311,915
"2090",1990,1,20 - 24,383,1231
"2090",1990,1,25 - 29,514,1463
"2090",1990,1,30 - 34,744,1723
"2090",1990,1,35 - 39,924,1903
"2090",1990,1,40 - 44,1235,2233
"2090",1990,1,45 - 49,1608,2772
"2090",1990,1,50 - 54,2171,3768
"2090",1990,1,55 - 59,3293,5934
"2090",1990,1,60 - 64,5010,9240
"2090",1990,1,65 - 69,7609,12346
"2090",1990,1,70 - 74,9516,13966
"2090",1990,1,75 - 79,12602,15692
"2090",1990,1,80 - 84,14210,13694
"2090",1990,1,85 - 89,26095,14712
"2090",1990,1,90 - 94,0,0
"2090",1990,1,95+,0,0
"2090",1990,1,UNK,9,8
"2090",1990,2,Total,614,659
"2090",1990,2,0,7,14
"2090",1990,2,1,3,5
"2090",1990,2,2,2,2
"2090",1990,2,3,0,1
"2090",1990,2,4,2,2
"2090",1990,2,5 - 9,5,2
"2090",1990,2,10 - 14,8,1
"2090",1990,2,15 - 19,8,8
"2090",1990,2,20 - 24,5,13
"2090",1990,2,25 - 29,5,10
"2090",1990,2,30 - 34,10,22
"2090",1990,2,35 - 39,11,18
"2090",1990,2,40 - 44,12,17
"2090",1990,2,45 - 49,9,23
"2090",1990,2,50 - 54,21,21
"2090",1990,2,55 - 59,29,38
"2090",1990,2,60 - 64,37,49
"2090",1990,2,65 - 69,51,71
"2090",1990,2,70 - 74,66,84
"2090",1990,2,75 - 79,78,88
"2090",1990,2,80 - 84,82,78
"2090",1990,2,85 - 89,163,92
"2090",1990,2,90 - 94,0,0
"2090",1990,2,95+,0,0
"2090",1990,2,UNK,0,0
"2090",1990,3,Total,23924,29178
"2090",1990,3,0,8,5
"2090",1990,3,1,3,2
"2090",1990,3,2,8,11
"2090",1990,3,3,6,7
"2090",1990,3,4,11,10
"2090",1990,3,5 - 9,27,38
"2090",1990,3,10 - 14,33,34
"2090",1990,3,15 - 19,31,47
"2090",1990,3,20 - 24,35,81
"2090",1990,3,25 - 29,92,88
"2090",1990,3,30 - 34,209,157
"2090",1990,3,35 - 39,373,267
"2090",1990,3,40 - 44,617,451
"2090",1990,3,45 - 49,879,840
"2090",1990,3,50 - 54,1237,1350
"2090",1990,3,55 - 59,1844,2318
"2090",1990,3,60 - 64,2532,3711
"2090",1990,3,65 - 69,3362,4754
"2090",1990,3,70 - 74,3435,4785
"2090",1990,3,75 - 79,3405,4493
"2090",1990,3,80 - 84,2813,3313
"2090",1990,3,85 - 89,2964,2415
"2090",1990,3,90 - 94,0,0
"2090",1990,3,95+,0,0
"2090",1990,3,UNK,0,1
"2090",1990,4,Total,36266,38825
"2090",1990,4,0,17,8
"2090",1990,4,1,5,4
"2090",1990,4,2,1,1
"2090",1990,4,3,0,2
"2090",1990,4,4,1,0
"2090",1990,4,5 - 9,3,8
"2090",1990,4,10 - 14,7,4
"2090",1990,4,15 - 19,15,18
"2090",1990,4,20 - 24,17,35
"2090",1990,4,25 - 29,40,70
"2090",1990,4,30 - 34,66,126
"2090",1990,4,35 - 39,103,253
"2090",1990,4,40 - 44,150,508
"2090",1990,4,45 - 49,223,786
"2090",1990,4,50 - 54,395,1204
"2090",1990,4,55 - 59,690,2059
"2090",1990,4,60 - 64,1333,3371
"2090",1990,4,65 - 69,2430,4810
"2090",1990,4,70 - 74,3651,5764
"2090",1990,4,75 - 79,5743,6790
"2090",1990,4,80 - 84,7157,6095
"2090",1990,4,85 - 89,14219,6907
"2090",1990,4,90 - 94,0,0
"2090",1990,4,95+,0,0
"2090",1990,4,UNK,0,2
"2090",1990,5,Total,2176,2738
"2090",1990,5,0,184,252
"2090",1990,5,1,7,12
"2090",1990,5,2,5,4
"2090",1990,5,3,1,2
"2090",1990,5,4,1,2
"2090",1990,5,5 - 9,8,6
"2090",1990,5,10 - 14,5,10
"2090",1990,5,15 - 19,19,61
"2090",1990,5,20 - 24,20,87
"2090",1990,5,25 - 29,46,92
"2090",1990,5,30 - 34,51,126
"2090",1990,5,35 - 39,44,125
"2090",1990,5,40 - 44,41,122
"2090",1990,5,45 - 49,47,112
"2090",1990,5,50 - 54,52,135
"2090",1990,5,55 - 59,68,182
"2090",1990,5,60 - 64,89,203
"2090",1990,5,65 - 69,158,232
"2090",1990,5,70 - 74,173,228
"2090",1990,5,75 - 79,212,252
"2090",1990,5,80 - 84,262,199
"2090",1990,5,85 - 89,681,291
"2090",1990,5,90 - 94,0,0
"2090",1990,5,95+,0,0
"2090",1990,5,UNK,2,3
"2090",1990,6,Total,1600,1292
"2090",1990,6,0,1,0
"2090",1990,6,1,0,0
"2090",1990,6,2,0,1
"2090",1990,6,3,0,0
"2090",1990,6,4,0,0
"2090",1990,6,5 - 9,1,0
"2090",1990,6,10 - 14,1,3
"2090",1990,6,15 - 19,1,2
"2090",1990,6,20 - 24,2,7
"2090",1990,6,25 - 29,5,12
"2090",1990,6,30 - 34,7,23
"2090",1990,6,35 - 39,7,29
"2090",1990,6,40 - 44,12,33
"2090",1990,6,45 - 49,20,40
"2090",1990,6,50 - 54,12,55
"2090",1990,6,55 - 59,23,67
"2090",1990,6,60 - 64,21,88
"2090",1990,6,65 - 69,37,107
"2090",1990,6,70 - 74,72,107
"2090",1990,6,75 - 79,168,160
"2090",1990,6,80 - 84,291,209
"2090",1990,6,85 - 89,919,349
"2090",1990,6,90 - 94,0,0
"2090",1990,6,95+,0,0
"2090",1990,6,UNK,0,0
"2090",1990,7,Total,2580,2275
"2090",1990,7,0,18,33
"2090",1990,7,1,7,6
"2090",1990,7,2,6,4
"2090",1990,7,3,2,4
"2090",1990,7,4,3,0
"2090",1990,7,5 - 9,12,13
"2090",1990,7,10 - 14,13,16
"2090",1990,7,15 - 19,11,32
"2090",1990,7,20 - 24,20,29
"2090",1990,7,25 - 29,23,32
"2090",1990,7,30 - 34,21,32
"2090",1990,7,35 - 39,35,40
"2090",1990,7,40 - 44,31,49
"2090",1990,7,45 - 49,57,47
"2090",1990,7,50 - 54,37,62
"2090",1990,7,55 - 59,77,88
"2090",1990,7,60 - 64,100,117
"2090",1990,7,65 - 69,159,175
"2090",1990,7,70 - 74,259,263
"2090",1990,7,75 - 79,397,441
"2090",1990,7,80 - 84,518,409
"2090",1990,7,85 - 89,774,383
"2090",1990,7,90 - 94,0,0
"2090",1990,7,95+,0,0
"2090",1990,7,UNK,0,0
"2090",1990,8,Total,2985,3470
"2090",1990,8,0,10,17
"2090",1990,8,1,4,6
"2090",1990,8,2,3,5
"2090",1990,8,3,2,1
"2090",1990,8,4,1,1
"2090",1990,8,5 - 9,7,5
"2090",1990,8,10 - 14,3,3
"2090",1990,8,15 - 19,7,9
"2090",1990,8,20 - 24,12,14
"2090",1990,8,25 - 29,23,108
"2090",1990,8,30 - 34,32,194
"2090",1990,8,35 - 39,31,243
"2090",1990,8,40 - 44,25,241
"2090",1990,8,45 - 49,55,184
"2090",1990,8,50 - 54,56,137
"2090",1990,8,55 - 59,73,158
"2090",1990,8,60 - 64,167,239
"2090",1990,8,65 - 69,262,298
"2090",1990,8,70 - 74,327,379
"2090",1990,8,75 - 79,484,479
"2090",1990,8,80 - 84,554,350
"2090",1990,8,85 - 89,846,399
"2090",1990,8,90 - 94,0,0
"2090",1990,8,95+,0,0
"2090",1990,8,UNK,1,0
"2090",1990,9,Total,3304,3691
"2090",1990,9,0,6,14
"2090",1990,9,1,6,1
"2090",1990,9,2,4,2
"2090",1990,9,3,1,1
"2090",1990,9,4,0,0
"2090",1990,9,5 - 9,1,5
"2090",1990,9,10 - 14,1,1
"2090",1990,9,15 - 19,2,5
"2090",1990,9,20 - 24,7,5
"2090",1990,9,25 - 29,9,17
"2090",1990,9,30 - 34,27,29
"2090",1990,9,35 - 39,30,74
"2090",1990,9,40 - 44,59,88
"2090",1990,9,45 - 49,67,146
"2090",1990,9,50 - 54,87,210
"2090",1990,9,55 - 59,139,280
"2090",1990,9,60 - 64,182,442
"2090",1990,9,65 - 69,285,514
"2090",1990,9,70 - 74,338,493
"2090",1990,9,75 - 79,479,469
"2090",1990,9,80 - 84,544,433
"2090",1990,9,85 - 89,1029,462
"2090",1990,9,90 - 94,0,0
"2090",1990,9,95+,0,0
"2090",1990,9,UNK,1,0
"2090",1990,10,Total,1513,1422
"2090",1990,10,0,3,2
"2090",1990,10,1,1,1
"2090",1990,10,2,1,0
"2090",1990,10,3,0,0
"2090",1990,10,4,0,0
"2090",1990,10,5 - 9,1,1
"2090",1990,10,10 - 14,2,1
"2090",1990,10,15 - 19,3,1
"2090",1990,10,20 - 24,3,1
"2090",1990,10,25 - 29,10,3
"2090",1990,10,30 - 34,2,6
"2090",1990,10,35 - 39,5,8
"2090",1990,10,40 - 44,6,8
"2090",1990,10,45 - 49,13,15
"2090",1990,10,50 - 54,20,23
"2090",1990,10,55 - 59,31,42
"2090",1990,10,60 - 64,48,78
"2090",1990,10,65 - 69,110,121
"2090",1990,10,70 - 74,123,161
"2090",1990,10,75 - 79,223,239
"2090",1990,10,80 - 84,303,283
"2090",1990,10,85 - 89,605,428
"2090",1990,10,90 - 94,0,0
"2090",1990,10,95+,0,0
"2090",1990,10,UNK,0,0
"2090",1990,11,Total,1122,1400
"2090",1990,11,0,895,1147
"2090",1990,11,1,23,33
"2090",1990,11,2,10,12
"2090",1990,11,3,11,8
"2090",1990,11,4,5,7
"2090",1990,11,5 - 9,18,16
"2090",1990,11,10 - 14,12,8
"2090",1990,11,15 - 19,3,22
"2090",1990,11,20 - 24,7,16
"2090",1990,11,25 - 29,10,14
"2090",1990,11,30 - 34,11,13
"2090",1990,11,35 - 39,2,15
"2090",1990,11,40 - 44,5,5
"2090",1990,11,45 - 49,10,11
"2090",1990,11,50 - 54,8,11
"2090",1990,11,55 - 59,15,11
"2090",1990,11,60 - 64,13,11
"2090",1990,11,65 - 69,7,7
"2090",1990,11,70 - 74,18,8
"2090",1990,11,75 - 79,19,16
"2090",1990,11,80 - 84,9,6
"2090",1990,11,85 - 89,8,3
"2090",1990,11,90 - 94,0,0
"2090",1990,11,95+,0,0
"2090",1990,11,UNK,3,0
"2090",1990,12,Total,6921,9352
"2090",1990,12,0,22,23
"2090",1990,12,1,3,2
"2090",1990,12,2,4,4
"2090",1990,12,3,1,4
"2090",1990,12,4,2,1
"2090",1990,12,5 - 9,5,8
"2090",1990,12,10 - 14,6,8
"2090",1990,12,15 - 19,9,11
"2090",1990,12,20 - 24,9,13
"2090",1990,12,25 - 29,17,14
"2090",1990,12,30 - 34,24,25
"2090",1990,12,35 - 39,21,34
"2090",1990,12,40 - 44,30,49
"2090",1990,12,45 - 49,54,56
"2090",1990,12,50 - 54,66,127
"2090",1990,12,55 - 59,136,226
"2090",1990,12,60 - 64,282,492
"2090",1990,12,65 - 69,479,865
"2090",1990,12,70 - 74,746,1265
"2090",1990,12,75 - 79,1000,1846
"2090",1990,12,80 - 84,1211,1872
"2090",1990,12,85 - 89,2794,2406
"2090",1990,12,90 - 94,0,0
"2090",1990,12,95+,0,0
"2090",1990,12,UNK,0,1
"2090",1990,13,Total,3796,8710
"2090",1990,13,0,24,39
"2090",1990,13,1,21,42
"2090",1990,13,2,19,38
"2090",1990,13,3,17,36
"2090",1990,13,4,12,22
"2090",1990,13,5 - 9,66,111
"2090",1990,13,10 - 14,68,167
"2090",1990,13,15 - 19,184,668
"2090",1990,13,20 - 24,219,884
"2090",1990,13,25 - 29,201,943
"2090",1990,13,30 - 34,232,917
"2090",1990,13,35 - 39,232,752
"2090",1990,13,40 - 44,216,627
"2090",1990,13,45 - 49,153,471
"2090",1990,13,50 - 54,150,404
"2090",1990,13,55 - 59,138,420
"2090",1990,13,60 - 64,155,403
"2090",1990,13,65 - 69,185,328
"2090",1990,13,70 - 74,193,343
"2090",1990,13,75 - 79,239,332
"2090",1990,13,80 - 84,297,339
"2090",1990,13,85 - 89,773,423
"2090",1990,13,90 - 94,0,0
"2090",1990,13,95+,0,0
"2090",1990,13,UNK,2,1
"2090",1990,14,Total,199,355
"2090",1990,14,0,2,5
"2090",1990,14,1,2,4
"2090",1990,14,2,1,2
"2090",1990,14,3,4,2
"2090",1990,14,4,2,2
"2090",1990,14,5 - 9,7,5
"2090",1990,14,10 - 14,3,4
"2090",1990,14,15 - 19,17,28
"2090",1990,14,20 - 24,16,41
"2090",1990,14,25 - 29,28,55
"2090",1990,14,30 - 34,34,49
"2090",1990,14,35 - 39,15,41
"2090",1990,14,40 - 44,21,26
"2090",1990,14,45 - 49,11,29
"2090",1990,14,50 - 54,7,13
"2090",1990,14,55 - 59,7,16
"2090",1990,14,60 - 64,2,8
"2090",1990,14,65 - 69,6,10
"2090",1990,14,70 - 74,8,9
"2090",1990,14,75 - 79,4,3
"2090",1990,14,80 - 84,2,2
"2090",1990,14,85 - 89,0,1
"2090",1990,14,90 - 94,0,0
"2090",1990,14,95+,0,0
"2090",1990,14,UNK,0,0
"2090",1991,1,Total,90130,105438
"2090",1991,1,0,1139,1432
"2090",1991,1,1,82,110
"2090",1991,1,2,48,81
"2090",1991,1,3,46,54
"2090",1991,1,4,29,53
"2090",1991,1,5 - 9,155,197
"2090",1991,1,10 - 14,152,253
"2090",1991,1,15 - 19,345,913
"2090",1991,1,20 - 24,361,1256
"2090",1991,1,25 - 29,556,1502
"2090",1991,1,30 - 34,681,1683
"2090",1991,1,35 - 39,939,1849
"2090",1991,1,40 - 44,1337,2248
"2090",1991,1,45 - 49,1659,2904
"2090",1991,1,50 - 54,2142,3712
"2090",1991,1,55 - 59,3275,5765
"2090",1991,1,60 - 64,5032,9073
"2090",1991,1,65 - 69,7763,12553
"2090",1991,1,70 - 74,9757,14144
"2090",1991,1,75 - 79,12949,16081
"2090",1991,1,80 - 84,14261,14004
"2090",1991,1,85 - 89,27415,15557
"2090",1991,1,90 - 94,0,0
"2090",1991,1,95+,0,0
"2090",1991,1,UNK,7,14
"2090",1991,2,Total,690,764
"2090",1991,2,0,13,13
"2090",1991,2,1,2,4
"2090",1991,2,2,4,2
"2090",1991,2,3,1,1
"2090",1991,2,4,0,0
"2090",1991,2,5 - 9,4,4
"2090",1991,2,10 - 14,8,2
"2090",1991,2,15 - 19,8,12
"2090",1991,2,20 - 24,7,8
"2090",1991,2,25 - 29,9,7
"2090",1991,2,30 - 34,9,16
"2090",1991,2,35 - 39,12,26
"2090",1991,2,40 - 44,10,26
"2090",1991,2,45 - 49,14,25
"2090",1991,2,50 - 54,18,23
"2090",1991,2,55 - 59,25,35
"2090",1991,2,60 - 64,43,47
"2090",1991,2,65 - 69,65,94
"2090",1991,2,70 - 74,71,102
"2090",1991,2,75 - 79,103,107
"2090",1991,2,80 - 84,92,104
"2090",1991,2,85 - 89,172,105
"2090",1991,2,90 - 94,0,0
"2090",1991,2,95+,0,0
"2090",1991,2,UNK,0,1
"2090",1991,3,Total,24700,30056
"2090",1991,3,0,5,7
"2090",1991,3,1,7,8
"2090",1991,3,2,4,9
"2090",1991,3,3,8,6
"2090",1991,3,4,2,8
"2090",1991,3,5 - 9,30,40
"2090",1991,3,10 - 14,26,35
"2090",1991,3,15 - 19,36,57
"2090",1991,3,20 - 24,43,66
"2090",1991,3,25 - 29,106,118
"2090",1991,3,30 - 34,200,159
"2090",1991,3,35 - 39,372,241
"2090",1991,3,40 - 44,680,470
"2090",1991,3,45 - 49,934,859
"2090",1991,3,50 - 54,1236,1323
"2090",1991,3,55 - 59,1782,2341
"2090",1991,3,60 - 64,2592,3694
"2090",1991,3,65 - 69,3428,4820
"2090",1991,3,70 - 74,3528,4862
"2090",1991,3,75 - 79,3574,4709
"2090",1991,3,80 - 84,2906,3475
"2090",1991,3,85 - 89,3201,2748
"2090",1991,3,90 - 94,0,0
"2090",1991,3,95+,0,0
"2090",1991,3,UNK,0,1
"2090",1991,4,Total,36910,39127
"2090",1991,4,0,14,20
"2090",1991,4,1,8,7
"2090",1991,4,2,3,9
"2090",1991,4,3,2,0
"2090",1991,4,4,1,2
"2090",1991,4,5 - 9,4,5
"2090",1991,4,10 - 14,13,10
"2090",1991,4,15 - 19,16,22
"2090",1991,4,20 - 24,19,33
"2090",1991,4,25 - 29,46,59
"2090",1991,4,30 - 34,59,121
"2090",1991,4,35 - 39,88,240
"2090",1991,4,40 - 44,159,475
"2090",1991,4,45 - 49,253,785
"2090",1991,4,50 - 54,401,1227
"2090",1991,4,55 - 59,698,1955
"2090",1991,4,60 - 64,1287,3284
"2090",1991,4,65 - 69,2480,4827
"2090",1991,4,70 - 74,3772,5753
"2090",1991,4,75 - 79,5789,6936
"2090",1991,4,80 - 84,6985,6179
"2090",1991,4,85 - 89,14812,7176
"2090",1991,4,90 - 94,0,0
"2090",1991,4,95+,0,0
"2090",1991,4,UNK,1,2
"2090",1991,5,Total,1840,2104
"2090",1991,5,0,177,260
"2090",1991,5,1,4,13
"2090",1991,5,2,3,2
"2090",1991,5,3,2,2
"2090",1991,5,4,3,3
"2090",1991,5,5 - 9,6,7
"2090",1991,5,10 - 14,1,6
"2090",1991,5,15 - 19,25,37
"2090",1991,5,20 - 24,13,52
"2090",1991,5,25 - 29,26,80
"2090",1991,5,30 - 34,47,70
"2090",1991,5,35 - 39,37,89
"2090",1991,5,40 - 44,32,88
"2090",1991,5,45 - 49,45,93
"2090",1991,5,50 - 54,31,88
"2090",1991,5,55 - 59,42,108
"2090",1991,5,60 - 64,63,135
"2090",1991,5,65 - 69,102,184
"2090",1991,5,70 - 74,133,178
"2090",1991,5,75 - 79,163,189
"2090",1991,5,80 - 84,209,159
"2090",1991,5,85 - 89,675,256
"2090",1991,5,90 - 94,0,0
"2090",1991,5,95+,0,0
"2090",1991,5,UNK,1,5
"2090",1991,6,Total,1755,1444
"2090",1991,6,0,0,0
"2090",1991,6,1,0,0
"2090",1991,6,2,0,0
"2090",1991,6,3,0,0
"2090",1991,6,4,0,0
"2090",1991,6,5 - 9,2,1
"2090",1991,6,10 - 14,2,0
"2090",1991,6,15 - 19,3,4
"2090",1991,6,20 - 24,1,4
"2090",1991,6,25 - 29,7,13
"2090",1991,6,30 - 34,8,22
"2090",1991,6,35 - 39,19,27
"2090",1991,6,40 - 44,19,39
"2090",1991,6,45 - 49,15,46
"2090",1991,6,50 - 54,15,54
"2090",1991,6,55 - 59,27,55
"2090",1991,6,60 - 64,30,88
"2090",1991,6,65 - 69,46,127
"2090",1991,6,70 - 74,96,127
"2090",1991,6,75 - 79,158,207
"2090",1991,6,80 - 84,300,227
"2090",1991,6,85 - 89,1005,403
"2090",1991,6,90 - 94,0,0
"2090",1991,6,95+,0,0
"2090",1991,6,UNK,2,0
"2090",1991,7,Total,2711,2335
"2090",1991,7,0,30,38
"2090",1991,7,1,10,13
"2090",1991,7,2,3,8
"2090",1991,7,3,5,6
"2090",1991,7,4,4,3
"2090",1991,7,5 - 9,19,11
"2090",1991,7,10 - 14,9,17
"2090",1991,7,15 - 19,11,22
"2090",1991,7,20 - 24,9,19
"2090",1991,7,25 - 29,20,28
"2090",1991,7,30 - 34,19,27
"2090",1991,7,35 - 39,36,40
"2090",1991,7,40 - 44,30,37
"2090",1991,7,45 - 49,34,50
"2090",1991,7,50 - 54,48,53
"2090",1991,7,55 - 59,64,93
"2090",1991,7,60 - 64,103,135
"2090",1991,7,65 - 69,174,180
"2090",1991,7,70 - 74,227,279
"2090",1991,7,75 - 79,422,430
"2090",1991,7,80 - 84,519,425
"2090",1991,7,85 - 89,915,420
"2090",1991,7,90 - 94,0,0
"2090",1991,7,95+,0,0
"2090",1991,7,UNK,0,1
"2090",1991,8,Total,3115,3711
"2090",1991,8,0,12,19
"2090",1991,8,1,5,7
"2090",1991,8,2,2,0
"2090",1991,8,3,4,1
"2090",1991,8,4,1,0
"2090",1991,8,5 - 9,6,3
"2090",1991,8,10 - 14,2,6
"2090",1991,8,15 - 19,9,12
"2090",1991,8,20 - 24,18,23
"2090",1991,8,25 - 29,26,138
"2090",1991,8,30 - 34,19,256
"2090",1991,8,35 - 39,25,266
"2090",1991,8,40 - 44,39,273
"2090",1991,8,45 - 49,45,196
"2090",1991,8,50 - 54,43,166
"2090",1991,8,55 - 59,112,168
"2090",1991,8,60 - 64,154,250
"2090",1991,8,65 - 69,282,315
"2090",1991,8,70 - 74,388,391
"2090",1991,8,75 - 79,498,438
"2090",1991,8,80 - 84,554,388
"2090",1991,8,85 - 89,870,395
"2090",1991,8,90 - 94,0,0
"2090",1991,8,95+,0,0
"2090",1991,8,UNK,1,0
"2090",1991,9,Total,3572,3738
"2090",1991,9,0,11,10
"2090",1991,9,1,2,4
"2090",1991,9,2,0,3
"2090",1991,9,3,2,0
"2090",1991,9,4,0,0
"2090",1991,9,5 - 9,1,5
"2090",1991,9,10 - 14,2,3
"2090",1991,9,15 - 19,4,8
"2090",1991,9,20 - 24,4,8
"2090",1991,9,25 - 29,13,15
"2090",1991,9,30 - 34,25,32
"2090",1991,9,35 - 39,42,56
"2090",1991,9,40 - 44,55,107
"2090",1991,9,45 - 49,73,181
"2090",1991,9,50 - 54,106,193
"2090",1991,9,55 - 59,138,317
"2090",1991,9,60 - 64,205,396
"2090",1991,9,65 - 69,310,537
"2090",1991,9,70 - 74,360,463
"2090",1991,9,75 - 79,469,474
"2090",1991,9,80 - 84,617,410
"2090",1991,9,85 - 89,1133,516
"2090",1991,9,90 - 94,0,0
"2090",1991,9,95+,0,0
"2090",1991,9,UNK,0,0
"2090",1991,10,Total,1520,1521
"2090",1991,10,0,6,6
"2090",1991,10,1,1,0
"2090",1991,10,2,0,1
"2090",1991,10,3,1,1
"2090",1991,10,4,0,0
"2090",1991,10,5 - 9,0,1
"2090",1991,10,10 - 14,0,1
"2090",1991,10,15 - 19,2,1
"2090",1991,10,20 - 24,4,1
"2090",1991,10,25 - 29,4,7
"2090",1991,10,30 - 34,2,3
"2090",1991,10,35 - 39,7,10
"2090",1991,10,40 - 44,9,9
"2090",1991,10,45 - 49,12,20
"2090",1991,10,50 - 54,18,18
"2090",1991,10,55 - 59,39,38
"2090",1991,10,60 - 64,57,71
"2090",1991,10,65 - 69,92,130
"2090",1991,10,70 - 74,152,168
"2090",1991,10,75 - 79,226,280
"2090",1991,10,80 - 84,314,307
"2090",1991,10,85 - 89,574,448
"2090",1991,10,90 - 94,0,0
"2090",1991,10,95+,0,0
"2090",1991,10,UNK,0,0
"2090",1991,11,Total,996,1225
"2090",1991,11,0,812,987
"2090",1991,11,1,16,17
"2090",1991,11,2,6,14
"2090",1991,11,3,3,5
"2090",1991,11,4,4,7
"2090",1991,11,5 - 9,9,19
"2090",1991,11,10 - 14,9,15
"2090",1991,11,15 - 19,6,17
"2090",1991,11,20 - 24,6,8
"2090",1991,11,25 - 29,13,10
"2090",1991,11,30 - 34,11,15
"2090",1991,11,35 - 39,7,8
"2090",1991,11,40 - 44,10,9
"2090",1991,11,45 - 49,5,9
"2090",1991,11,50 - 54,9,7
"2090",1991,11,55 - 59,9,9
"2090",1991,11,60 - 64,11,12
"2090",1991,11,65 - 69,9,21
"2090",1991,11,70 - 74,11,13
"2090",1991,11,75 - 79,10,9
"2090",1991,11,80 - 84,5,7
"2090",1991,11,85 - 89,15,7
"2090",1991,11,90 - 94,0,0
"2090",1991,11,95+,0,0
"2090",1991,11,UNK,0,0
"2090",1991,12,Total,7167,9638
"2090",1991,12,0,26,30
"2090",1991,12,1,5,12
"2090",1991,12,2,3,5
"2090",1991,12,3,1,3
"2090",1991,12,4,1,4
"2090",1991,12,5 - 9,3,6
"2090",1991,12,10 - 14,9,11
"2090",1991,12,15 - 19,10,15
"2090",1991,12,20 - 24,11,13
"2090",1991,12,25 - 29,13,18
"2090",1991,12,30 - 34,26,25
"2090",1991,12,35 - 39,29,33
"2090",1991,12,40 - 44,41,43
"2090",1991,12,45 - 49,41,86
"2090",1991,12,50 - 54,68,100
"2090",1991,12,55 - 59,152,224
"2090",1991,12,60 - 64,268,500
"2090",1991,12,65 - 69,498,889
"2090",1991,12,70 - 74,687,1387
"2090",1991,12,75 - 79,1078,1855
"2090",1991,12,80 - 84,1273,1891
"2090",1991,12,85 - 89,2923,2488
"2090",1991,12,90 - 94,0,0
"2090",1991,12,95+,0,0
"2090",1991,12,UNK,1,0
"2090",1991,13,Total,3859,8756
"2090",1991,13,0,30,29
"2090",1991,13,1,17,23
"2090",1991,13,2,17,28
"2090",1991,13,3,13,27
"2090",1991,13,4,10,23
"2090",1991,13,5 - 9,58,89
"2090",1991,13,10 - 14,54,142
"2090",1991,13,15 - 19,188,682
"2090",1991,13,20 - 24,196,965
"2090",1991,13,25 - 29,229,939
"2090",1991,13,30 - 34,218,881
"2090",1991,13,35 - 39,224,744
"2090",1991,13,40 - 44,220,630
"2090",1991,13,45 - 49,154,526
"2090",1991,13,50 - 54,129,433
"2090",1991,13,55 - 59,143,391
"2090",1991,13,60 - 64,164,394
"2090",1991,13,65 - 69,191,357
"2090",1991,13,70 - 74,223,332
"2090",1991,13,75 - 79,301,351
"2090",1991,13,80 - 84,321,327
"2090",1991,13,85 - 89,758,440
"2090",1991,13,90 - 94,0,0
"2090",1991,13,95+,0,0
"2090",1991,13,UNK,1,3
"2090",1991,14,Total,228,394
"2090",1991,14,0,2,10
"2090",1991,14,1,4,2
"2090",1991,14,2,2,0
"2090",1991,14,3,4,1
"2090",1991,14,4,2,1
"2090",1991,14,5 - 9,6,2
"2090",1991,14,10 - 14,12,3
"2090",1991,14,15 - 19,21,22
"2090",1991,14,20 - 24,24,53
"2090",1991,14,25 - 29,26,63
"2090",1991,14,30 - 34,26,49
"2090",1991,14,35 - 39,21,62
"2090",1991,14,40 - 44,22,35
"2090",1991,14,45 - 49,14,24
"2090",1991,14,50 - 54,4,11
"2090",1991,14,55 - 59,13,13
"2090",1991,14,60 - 64,7,17
"2090",1991,14,65 - 69,7,10
"2090",1991,14,70 - 74,2,5
"2090",1991,14,75 - 79,3,6
"2090",1991,14,80 - 84,5,3
"2090",1991,14,85 - 89,1,1
"2090",1991,14,90 - 94,0,0
"2090",1991,14,95+,0,0
"2090",1991,14,UNK,0,1
"2090",1992,1,Total,90670,105865
"2090",1992,1,0,1042,1389
"2090",1992,1,1,89,81
"2090",1992,1,2,57,75
"2090",1992,1,3,40,72
"2090",1992,1,4,29,41
"2090",1992,1,5 - 9,173,218
"2090",1992,1,10 - 14,142,237
"2090",1992,1,15 - 19,323,830
"2090",1992,1,20 - 24,395,1143
"2090",1992,1,25 - 29,496,1461
"2090",1992,1,30 - 34,635,1772
"2090",1992,1,35 - 39,980,2043
"2090",1992,1,40 - 44,1239,2374
"2090",1992,1,45 - 49,1848,2881
"2090",1992,1,50 - 54,2278,3735
"2090",1992,1,55 - 59,3192,5738
"2090",1992,1,60 - 64,5055,8991
"2090",1992,1,65 - 69,7332,12058
"2090",1992,1,70 - 74,9859,14576
"2090",1992,1,75 - 79,12915,15919
"2090",1992,1,80 - 84,14619,14301
"2090",1992,1,85 - 89,27929,15922
"2090",1992,1,90 - 94,0,0
"2090",1992,1,95+,0,0
"2090",1992,1,UNK,3,8
"2090",1992,2,Total,689,697
"2090",1992,2,0,17,14
"2090",1992,2,1,4,4
"2090",1992,2,2,1,5
"2090",1992,2,3,1,5
"2090",1992,2,4,0,1
"2090",1992,2,5 - 9,6,10
"2090",1992,2,10 - 14,7,4
"2090",1992,2,15 - 19,12,10
"2090",1992,2,20 - 24,9,6
"2090",1992,2,25 - 29,8,11
"2090",1992,2,30 - 34,4,10
"2090",1992,2,35 - 39,8,23
"2090",1992,2,40 - 44,18,28
"2090",1992,2,45 - 49,11,18
"2090",1992,2,50 - 54,13,24
"2090",1992,2,55 - 59,21,32
"2090",1992,2,60 - 64,48,48
"2090",1992,2,65 - 69,53,72
"2090",1992,2,70 - 74,57,92
"2090",1992,2,75 - 79,101,78
"2090",1992,2,80 - 84,102,96
"2090",1992,2,85 - 89,188,106
"2090",1992,2,90 - 94,0,0
"2090",1992,2,95+,0,0
"2090",1992,2,UNK,0,0
"2090",1992,3,Total,25187,30481
"2090",1992,3,0,10,7
"2090",1992,3,1,7,7
"2090",1992,3,2,6,12
"2090",1992,3,3,7,8
"2090",1992,3,4,5,5
"2090",1992,3,5 - 9,36,38
"2090",1992,3,10 - 14,28,38
"2090",1992,3,15 - 19,41,55
"2090",1992,3,20 - 24,53,71
"2090",1992,3,25 - 29,90,95
"2090",1992,3,30 - 34,194,171
"2090",1992,3,35 - 39,412,273
"2090",1992,3,40 - 44,631,516
"2090",1992,3,45 - 49,1028,806
"2090",1992,3,50 - 54,1314,1304
"2090",1992,3,55 - 59,1798,2270
"2090",1992,3,60 - 64,2617,3782
"2090",1992,3,65 - 69,3341,4722
"2090",1992,3,70 - 74,3704,5178
"2090",1992,3,75 - 79,3661,4745
"2090",1992,3,80 - 84,2951,3527
"2090",1992,3,85 - 89,3252,2850
"2090",1992,3,90 - 94,0,0
"2090",1992,3,95+,0,0
"2090",1992,3,UNK,1,1
"2090",1992,4,Total,36921,39290
"2090",1992,4,0,10,26
"2090",1992,4,1,3,3
"2090",1992,4,2,2,0
"2090",1992,4,3,2,1
"2090",1992,4,4,0,1
"2090",1992,4,5 - 9,7,4
"2090",1992,4,10 - 14,7,5
"2090",1992,4,15 - 19,9,20
"2090",1992,4,20 - 24,25,29
"2090",1992,4,25 - 29,35,52
"2090",1992,4,30 - 34,62,104
"2090",1992,4,35 - 39,93,249
"2090",1992,4,40 - 44,141,487
"2090",1992,4,45 - 49,293,810
"2090",1992,4,50 - 54,375,1191
"2090",1992,4,55 - 59,682,2016
"2090",1992,4,60 - 64,1244,3192
"2090",1992,4,65 - 69,2325,4578
"2090",1992,4,70 - 74,3666,5995
"2090",1992,4,75 - 79,5700,6827
"2090",1992,4,80 - 84,7256,6424
"2090",1992,4,85 - 89,14983,7275
"2090",1992,4,90 - 94,0,0
"2090",1992,4,95+,0,0
"2090",1992,4,UNK,1,1
"2090",1992,5,Total,1428,1738
"2090",1992,5,0,166,218
"2090",1992,5,1,7,12
"2090",1992,5,2,4,5
"2090",1992,5,3,0,0
"2090",1992,5,4,0,0
"2090",1992,5,5 - 9,4,6
"2090",1992,5,10 - 14,3,5
"2090",1992,5,15 - 19,13,24
"2090",1992,5,20 - 24,14,53
"2090",1992,5,25 - 29,25,60
"2090",1992,5,30 - 34,28,94
"2090",1992,5,35 - 39,36,102
"2090",1992,5,40 - 44,27,80
"2090",1992,5,45 - 49,36,71
"2090",1992,5,50 - 54,36,80
"2090",1992,5,55 - 59,32,86
"2090",1992,5,60 - 64,43,133
"2090",1992,5,65 - 69,66,120
"2090",1992,5,70 - 74,101,129
"2090",1992,5,75 - 79,92,132
"2090",1992,5,80 - 84,142,104
"2090",1992,5,85 - 89,553,222
"2090",1992,5,90 - 94,0,0
"2090",1992,5,95+,0,0
"2090",1992,5,UNK,0,2
"2090",1992,6,Total,2034,1559
"2090",1992,6,0,0,0
"2090",1992,6,1,0,0
"2090",1992,6,2,0,0
"2090",1992,6,3,0,0
"2090",1992,6,4,0,0
"2090",1992,6,5 - 9,2,0
"2090",1992,6,10 - 14,2,1
"2090",1992,6,15 - 19,0,6
"2090",1992,6,20 - 24,1,8
"2090",1992,6,25 - 29,8,18
"2090",1992,6,30 - 34,8,27
"2090",1992,6,35 - 39,11,29
"2090",1992,6,40 - 44,9,48
"2090",1992,6,45 - 49,15,54
"2090",1992,6,50 - 54,23,50
"2090",1992,6,55 - 59,30,74
"2090",1992,6,60 - 64,28,86
"2090",1992,6,65 - 69,44,134
"2090",1992,6,70 - 74,97,146
"2090",1992,6,75 - 79,206,195
"2090",1992,6,80 - 84,358,263
"2090",1992,6,85 - 89,1192,420
"2090",1992,6,90 - 94,0,0
"2090",1992,6,95+,0,0
"2090",1992,6,UNK,0,0
"2090",1992,7,Total,2825,2443
"2090",1992,7,0,17,36
"2090",1992,7,1,5,2
"2090",1992,7,2,3,5
"2090",1992,7,3,5,1
"2090",1992,7,4,0,4
"2090",1992,7,5 - 9,13,10
"2090",1992,7,10 - 14,18,18
"2090",1992,7,15 - 19,8,25
"2090",1992,7,20 - 24,13,23
"2090",1992,7,25 - 29,23,39
"2090",1992,7,30 - 34,20,38
"2090",1992,7,35 - 39,35,41
"2090",1992,7,40 - 44,30,32
"2090",1992,7,45 - 49,58,43
"2090",1992,7,50 - 54,56,69
"2090",1992,7,55 - 59,66,75
"2090",1992,7,60 - 64,122,131
"2090",1992,7,65 - 69,155,219
"2090",1992,7,70 - 74,278,283
"2090",1992,7,75 - 79,424,422
"2090",1992,7,80 - 84,560,452
"2090",1992,7,85 - 89,916,475
"2090",1992,7,90 - 94,0,0
"2090",1992,7,95+,0,0
"2090",1992,7,UNK,0,0
"2090",1992,8,Total,3195,4002
"2090",1992,8,0,14,15
"2090",1992,8,1,2,7
"2090",1992,8,2,2,0
"2090",1992,8,3,0,2
"2090",1992,8,4,2,1
"2090",1992,8,5 - 9,6,12
"2090",1992,8,10 - 14,4,6
"2090",1992,8,15 - 19,7,9
"2090",1992,8,20 - 24,16,23
"2090",1992,8,25 - 29,22,166
"2090",1992,8,30 - 34,34,295
"2090",1992,8,35 - 39,31,309
"2090",1992,8,40 - 44,36,310
"2090",1992,8,45 - 49,38,260
"2090",1992,8,50 - 54,70,168
"2090",1992,8,55 - 59,93,176
"2090",1992,8,60 - 64,168,246
"2090",1992,8,65 - 69,241,347
"2090",1992,8,70 - 74,363,367
"2090",1992,8,75 - 79,541,457
"2090",1992,8,80 - 84,576,398
"2090",1992,8,85 - 89,929,428
"2090",1992,8,90 - 94,0,0
"2090",1992,8,95+,0,0
"2090",1992,8,UNK,0,0
"2090",1992,9,Total,3450,3774
"2090",1992,9,0,6,16
"2090",1992,9,1,1,3
"2090",1992,9,2,1,3
"2090",1992,9,3,2,2
"2090",1992,9,4,0,0
"2090",1992,9,5 - 9,5,2
"2090",1992,9,10 - 14,3,1
"2090",1992,9,15 - 19,2,4
"2090",1992,9,20 - 24,6,9
"2090",1992,9,25 - 29,9,8
"2090",1992,9,30 - 34,17,33
"2090",1992,9,35 - 39,34,71
"2090",1992,9,40 - 44,58,124
"2090",1992,9,45 - 49,62,145
"2090",1992,9,50 - 54,100,195
"2090",1992,9,55 - 59,131,291
"2090",1992,9,60 - 64,212,376
"2090",1992,9,65 - 69,275,495
"2090",1992,9,70 - 74,369,491
"2090",1992,9,75 - 79,480,494
"2090",1992,9,80 - 84,566,443
"2090",1992,9,85 - 89,1110,568
"2090",1992,9,90 - 94,0,0
"2090",1992,9,95+,0,0
"2090",1992,9,UNK,1,0
"2090",1992,10,Total,1582,1537
"2090",1992,10,0,3,5
"2090",1992,10,1,0,0
"2090",1992,10,2,0,0
"2090",1992,10,3,0,0
"2090",1992,10,4,0,0
"2090",1992,10,5 - 9,0,1
"2090",1992,10,10 - 14,0,0
"2090",1992,10,15 - 19,2,0
"2090",1992,10,20 - 24,0,2
"2090",1992,10,25 - 29,2,5
"2090",1992,10,30 - 34,5,5
"2090",1992,10,35 - 39,11,11
"2090",1992,10,40 - 44,9,13
"2090",1992,10,45 - 49,14,15
"2090",1992,10,50 - 54,19,23
"2090",1992,10,55 - 59,33,51
"2090",1992,10,60 - 64,65,79
"2090",1992,10,65 - 69,82,136
"2090",1992,10,70 - 74,161,172
"2090",1992,10,75 - 79,243,307
"2090",1992,10,80 - 84,323,315
"2090",1992,10,85 - 89,610,397
"2090",1992,10,90 - 94,0,0
"2090",1992,10,95+,0,0
"2090",1992,10,UNK,0,0
"2090",1992,11,Total,967,1230
"2090",1992,11,0,749,993
"2090",1992,11,1,23,21
"2090",1992,11,2,11,9
"2090",1992,11,3,7,6
"2090",1992,11,4,9,4
"2090",1992,11,5 - 9,16,16
"2090",1992,11,10 - 14,6,14
"2090",1992,11,15 - 19,14,13
"2090",1992,11,20 - 24,10,14
"2090",1992,11,25 - 29,8,12
"2090",1992,11,30 - 34,7,16
"2090",1992,11,35 - 39,9,9
"2090",1992,11,40 - 44,10,8
"2090",1992,11,45 - 49,5,12
"2090",1992,11,50 - 54,15,14
"2090",1992,11,55 - 59,6,12
"2090",1992,11,60 - 64,18,10
"2090",1992,11,65 - 69,8,9
"2090",1992,11,70 - 74,12,17
"2090",1992,11,75 - 79,9,7
"2090",1992,11,80 - 84,7,7
"2090",1992,11,85 - 89,8,7
"2090",1992,11,90 - 94,0,0
"2090",1992,11,95+,0,0
"2090",1992,11,UNK,0,0
"2090",1992,12,Total,7252,9411
"2090",1992,12,0,18,30
"2090",1992,12,1,4,2
"2090",1992,12,2,4,3
"2090",1992,12,3,1,1
"2090",1992,12,4,2,2
"2090",1992,12,5 - 9,9,7
"2090",1992,12,10 - 14,8,6
"2090",1992,12,15 - 19,9,10
"2090",1992,12,20 - 24,13,14
"2090",1992,12,25 - 29,16,24
"2090",1992,12,30 - 34,15,18
"2090",1992,12,35 - 39,29,38
"2090",1992,12,40 - 44,31,44
"2090",1992,12,45 - 49,59,84
"2090",1992,12,50 - 54,66,118
"2090",1992,12,55 - 59,125,202
"2090",1992,12,60 - 64,269,478
"2090",1992,12,65 - 69,491,826
"2090",1992,12,70 - 74,747,1305
"2090",1992,12,75 - 79,1065,1807
"2090",1992,12,80 - 84,1279,1868
"2090",1992,12,85 - 89,2992,2523
"2090",1992,12,90 - 94,0,0
"2090",1992,12,95+,0,0
"2090",1992,12,UNK,0,1
"2090",1992,13,Total,3868,8651
"2090",1992,13,0,27,22
"2090",1992,13,1,27,16
"2090",1992,13,2,22,30
"2090",1992,13,3,15,42
"2090",1992,13,4,10,22
"2090",1992,13,5 - 9,60,104
"2090",1992,13,10 - 14,51,130
"2090",1992,13,15 - 19,194,625
"2090",1992,13,20 - 24,209,848
"2090",1992,13,25 - 29,207,914
"2090",1992,13,30 - 34,203,893
"2090",1992,13,35 - 39,232,828
"2090",1992,13,40 - 44,198,632
"2090",1992,13,45 - 49,186,519
"2090",1992,13,50 - 54,169,457
"2090",1992,13,55 - 59,137,409
"2090",1992,13,60 - 64,156,385
"2090",1992,13,65 - 69,187,324
"2090",1992,13,70 - 74,202,318
"2090",1992,13,75 - 79,229,347
"2090",1992,13,80 - 84,324,307
"2090",1992,13,85 - 89,823,476
"2090",1992,13,90 - 94,0,0
"2090",1992,13,95+,0,0
"2090",1992,13,UNK,0,3
"2090",1992,14,Total,194,403
"2090",1992,14,0,4,5
"2090",1992,14,1,4,2
"2090",1992,14,2,1,3
"2090",1992,14,3,0,1
"2090",1992,14,4,1,1
"2090",1992,14,5 - 9,8,7
"2090",1992,14,10 - 14,3,5
"2090",1992,14,15 - 19,9,27
"2090",1992,14,20 - 24,21,41
"2090",1992,14,25 - 29,31,50
"2090",1992,14,30 - 34,19,62
"2090",1992,14,35 - 39,23,54
"2090",1992,14,40 - 44,23,40
"2090",1992,14,45 - 49,21,36
"2090",1992,14,50 - 54,1,25
"2090",1992,14,55 - 59,5,16
"2090",1992,14,60 - 64,12,7
"2090",1992,14,65 - 69,3,5
"2090",1992,14,70 - 74,3,8
"2090",1992,14,75 - 79,0,4
"2090",1992,14,80 - 84,0,2
"2090",1992,14,85 - 89,2,2
"2090",1992,14,90 - 94,0,0
"2090",1992,14,95+,0,0
"2090",1992,14,UNK,0,0
"2090",1993,1,Total,95505,109407
"2090",1993,1,0,1069,1379
"2090",1993,1,1,72,114
"2090",1993,1,2,52,66
"2090",1993,1,3,39,72
"2090",1993,1,4,38,54
"2090",1993,1,5 - 9,146,171
"2090",1993,1,10 - 14,147,219
"2090",1993,1,15 - 19,346,841
"2090",1993,1,20 - 24,383,1082
"2090",1993,1,25 - 29,466,1373
"2090",1993,1,30 - 34,725,1860
"2090",1993,1,35 - 39,1028,2230
"2090",1993,1,40 - 44,1347,2499
"2090",1993,1,45 - 49,1813,3171
"2090",1993,1,50 - 54,2279,3878
"2090",1993,1,55 - 59,3156,5598
"2090",1993,1,60 - 64,5126,8724
"2090",1993,1,65 - 69,7607,12464
"2090",1993,1,70 - 74,10641,15394
"2090",1993,1,75 - 79,13350,16184
"2090",1993,1,80 - 84,15702,15232
"2090",1993,1,85 - 89,29973,16799
"2090",1993,1,90 - 94,0,0
"2090",1993,1,95+,0,0
"2090",1993,1,UNK,0,3
"2090",1993,2,Total,768,792
"2090",1993,2,0,19,13
"2090",1993,2,1,4,4
"2090",1993,2,2,4,3
"2090",1993,2,3,1,2
"2090",1993,2,4,2,0
"2090",1993,2,5 - 9,5,1
"2090",1993,2,10 - 14,2,5
"2090",1993,2,15 - 19,8,1
"2090",1993,2,20 - 24,8,6
"2090",1993,2,25 - 29,6,8
"2090",1993,2,30 - 34,6,14
"2090",1993,2,35 - 39,17,18
"2090",1993,2,40 - 44,7,25
"2090",1993,2,45 - 49,16,32
"2090",1993,2,50 - 54,19,32
"2090",1993,2,55 - 59,25,33
"2090",1993,2,60 - 64,45,40
"2090",1993,2,65 - 69,72,99
"2090",1993,2,70 - 74,86,114
"2090",1993,2,75 - 79,103,102
"2090",1993,2,80 - 84,125,110
"2090",1993,2,85 - 89,188,130
"2090",1993,2,90 - 94,0,0
"2090",1993,2,95+,0,0
"2090",1993,2,UNK,0,0
"2090",1993,3,Total,26211,30970
"2090",1993,3,0,10,15
"2090",1993,3,1,8,4
"2090",1993,3,2,4,8
"2090",1993,3,3,6,13
"2090",1993,3,4,3,9
"2090",1993,3,5 - 9,32,34
"2090",1993,3,10 - 14,29,32
"2090",1993,3,15 - 19,38,55
"2090",1993,3,20 - 24,48,57
"2090",1993,3,25 - 29,94,98
"2090",1993,3,30 - 34,207,161
"2090",1993,3,35 - 39,390,278
"2090",1993,3,40 - 44,686,492
"2090",1993,3,45 - 49,1009,855
"2090",1993,3,50 - 54,1303,1388
"2090",1993,3,55 - 59,1736,2242
"2090",1993,3,60 - 64,2589,3542
"2090",1993,3,65 - 69,3426,4811
"2090",1993,3,70 - 74,4063,5463
"2090",1993,3,75 - 79,3832,4785
"2090",1993,3,80 - 84,3228,3738
"2090",1993,3,85 - 89,3470,2890
"2090",1993,3,90 - 94,0,0
"2090",1993,3,95+,0,0
"2090",1993,3,UNK,0,0
"2090",1993,4,Total,38381,40513
"2090",1993,4,0,10,20
"2090",1993,4,1,1,5
"2090",1993,4,2,3,4
"2090",1993,4,3,0,2
"2090",1993,4,4,3,4
"2090",1993,4,5 - 9,7,8
"2090",1993,4,10 - 14,9,11
"2090",1993,4,15 - 19,11,19
"2090",1993,4,20 - 24,17,30
"2090",1993,4,25 - 29,31,49
"2090",1993,4,30 - 34,64,130
"2090",1993,4,35 - 39,110,294
"2090",1993,4,40 - 44,169,484
"2090",1993,4,45 - 49,255,877
"2090",1993,4,50 - 54,380,1261
"2090",1993,4,55 - 59,660,1905
"2090",1993,4,60 - 64,1304,3164
"2090",1993,4,65 - 69,2292,4761
"2090",1993,4,70 - 74,3890,6138
"2090",1993,4,75 - 79,5668,6916
"2090",1993,4,80 - 84,7617,6686
"2090",1993,4,85 - 89,15880,7744
"2090",1993,4,90 - 94,0,0
"2090",1993,4,95+,0,0
"2090",1993,4,UNK,0,1
"2090",1993,5,Total,1488,1644
"2090",1993,5,0,155,180
"2090",1993,5,1,8,13
"2090",1993,5,2,3,1
"2090",1993,5,3,1,0
"2090",1993,5,4,4,1
"2090",1993,5,5 - 9,2,8
"2090",1993,5,10 - 14,4,5
"2090",1993,5,15 - 19,12,19
"2090",1993,5,20 - 24,15,41
"2090",1993,5,25 - 29,17,61
"2090",1993,5,30 - 34,32,76
"2090",1993,5,35 - 39,35,89
"2090",1993,5,40 - 44,31,93
"2090",1993,5,45 - 49,33,89
"2090",1993,5,50 - 54,33,74
"2090",1993,5,55 - 59,42,98
"2090",1993,5,60 - 64,62,105
"2090",1993,5,65 - 69,76,123
"2090",1993,5,70 - 74,93,121
"2090",1993,5,75 - 79,103,123
"2090",1993,5,80 - 84,143,113
"2090",1993,5,85 - 89,584,210
"2090",1993,5,90 - 94,0,0
"2090",1993,5,95+,0,0
"2090",1993,5,UNK,0,1
"2090",1993,6,Total,2234,1800
"2090",1993,6,0,0,1
"2090",1993,6,1,0,0
"2090",1993,6,2,0,0
"2090",1993,6,3,0,0
"2090",1993,6,4,0,0
"2090",1993,6,5 - 9,1,1
"2090",1993,6,10 - 14,0,1
"2090",1993,6,15 - 19,4,10
"2090",1993,6,20 - 24,4,2
"2090",1993,6,25 - 29,7,8
"2090",1993,6,30 - 34,13,29
"2090",1993,6,35 - 39,10,40
"2090",1993,6,40 - 44,15,51
"2090",1993,6,45 - 49,17,58
"2090",1993,6,50 - 54,14,49
"2090",1993,6,55 - 59,23,68
"2090",1993,6,60 - 64,34,96
"2090",1993,6,65 - 69,60,123
"2090",1993,6,70 - 74,115,206
"2090",1993,6,75 - 79,215,231
"2090",1993,6,80 - 84,415,287
"2090",1993,6,85 - 89,1287,539
"2090",1993,6,90 - 94,0,0
"2090",1993,6,95+,0,0
"2090",1993,6,UNK,0,0
"2090",1993,7,Total,3153,2586
"2090",1993,7,0,24,39
"2090",1993,7,1,6,2
"2090",1993,7,2,6,3
"2090",1993,7,3,2,7
"2090",1993,7,4,3,1
"2090",1993,7,5 - 9,10,13
"2090",1993,7,10 - 14,10,17
"2090",1993,7,15 - 19,13,22
"2090",1993,7,20 - 24,17,36
"2090",1993,7,25 - 29,18,31
"2090",1993,7,30 - 34,26,30
"2090",1993,7,35 - 39,26,45
"2090",1993,7,40 - 44,42,58
"2090",1993,7,45 - 49,47,65
"2090",1993,7,50 - 54,59,64
"2090",1993,7,55 - 59,84,88
"2090",1993,7,60 - 64,101,134
"2090",1993,7,65 - 69,188,210
"2090",1993,7,70 - 74,280,318
"2090",1993,7,75 - 79,472,439
"2090",1993,7,80 - 84,617,471
"2090",1993,7,85 - 89,1102,493
"2090",1993,7,90 - 94,0,0
"2090",1993,7,95+,0,0
"2090",1993,7,UNK,0,0
"2090",1993,8,Total,3515,4429
"2090",1993,8,0,18,23
"2090",1993,8,1,0,5
"2090",1993,8,2,0,5
"2090",1993,8,3,2,2
"2090",1993,8,4,3,1
"2090",1993,8,5 - 9,8,3
"2090",1993,8,10 - 14,9,6
"2090",1993,8,15 - 19,4,13
"2090",1993,8,20 - 24,18,26
"2090",1993,8,25 - 29,23,157
"2090",1993,8,30 - 34,41,306
"2090",1993,8,35 - 39,41,387
"2090",1993,8,40 - 44,42,345
"2090",1993,8,45 - 49,48,263
"2090",1993,8,50 - 54,60,191
"2090",1993,8,55 - 59,98,210
"2090",1993,8,60 - 64,189,262
"2090",1993,8,65 - 69,311,377
"2090",1993,8,70 - 74,429,474
"2090",1993,8,75 - 79,535,476
"2090",1993,8,80 - 84,659,454
"2090",1993,8,85 - 89,977,443
"2090",1993,8,90 - 94,0,0
"2090",1993,8,95+,0,0
"2090",1993,8,UNK,0,0
"2090",1993,9,Total,3624,3931
"2090",1993,9,0,6,14
"2090",1993,9,1,1,5
"2090",1993,9,2,1,1
"2090",1993,9,3,0,2
"2090",1993,9,4,0,1
"2090",1993,9,5 - 9,1,2
"2090",1993,9,10 - 14,1,2
"2090",1993,9,15 - 19,4,5
"2090",1993,9,20 - 24,3,7
"2090",1993,9,25 - 29,7,12
"2090",1993,9,30 - 34,23,37
"2090",1993,9,35 - 39,47,85
"2090",1993,9,40 - 44,47,116
"2090",1993,9,45 - 49,73,155
"2090",1993,9,50 - 54,107,211
"2090",1993,9,55 - 59,121,283
"2090",1993,9,60 - 64,196,413
"2090",1993,9,65 - 69,310,527
"2090",1993,9,70 - 74,402,505
"2090",1993,9,75 - 79,512,491
"2090",1993,9,80 - 84,590,489
"2090",1993,9,85 - 89,1172,568
"2090",1993,9,90 - 94,0,0
"2090",1993,9,95+,0,0
"2090",1993,9,UNK,0,0
"2090",1993,10,Total,1647,1607
"2090",1993,10,0,3,7
"2090",1993,10,1,0,1
"2090",1993,10,2,0,0
"2090",1993,10,3,0,1
"2090",1993,10,4,0,0
"2090",1993,10,5 - 9,0,0
"2090",1993,10,10 - 14,2,1
"2090",1993,10,15 - 19,3,1
"2090",1993,10,20 - 24,2,4
"2090",1993,10,25 - 29,4,2
"2090",1993,10,30 - 34,3,4
"2090",1993,10,35 - 39,7,11
"2090",1993,10,40 - 44,8,15
"2090",1993,10,45 - 49,13,20
"2090",1993,10,50 - 54,18,25
"2090",1993,10,55 - 59,38,37
"2090",1993,10,60 - 64,53,77
"2090",1993,10,65 - 69,105,104
"2090",1993,10,70 - 74,169,216
"2090",1993,10,75 - 79,235,289
"2090",1993,10,80 - 84,315,322
"2090",1993,10,85 - 89,669,470
"2090",1993,10,90 - 94,0,0
"2090",1993,10,95+,0,0
"2090",1993,10,UNK,0,0
"2090",1993,11,Total,965,1218
"2090",1993,11,0,767,989
"2090",1993,11,1,17,29
"2090",1993,11,2,6,12
"2090",1993,11,3,4,8
"2090",1993,11,4,4,9
"2090",1993,11,5 - 9,7,9
"2090",1993,11,10 - 14,10,6
"2090",1993,11,15 - 19,3,19
"2090",1993,11,20 - 24,10,16
"2090",1993,11,25 - 29,12,15
"2090",1993,11,30 - 34,8,10
"2090",1993,11,35 - 39,15,14
"2090",1993,11,40 - 44,8,17
"2090",1993,11,45 - 49,13,10
"2090",1993,11,50 - 54,8,8
"2090",1993,11,55 - 59,10,10
"2090",1993,11,60 - 64,13,7
"2090",1993,11,65 - 69,15,8
"2090",1993,11,70 - 74,12,4
"2090",1993,11,75 - 79,9,5
"2090",1993,11,80 - 84,7,5
"2090",1993,11,85 - 89,7,8
"2090",1993,11,90 - 94,0,0
"2090",1993,11,95+,0,0
"2090",1993,11,UNK,0,0
"2090",1993,12,Total,8082,9971
"2090",1993,12,0,25,21
"2090",1993,12,1,6,15
"2090",1993,12,2,6,4
"2090",1993,12,3,5,6
"2090",1993,12,4,2,0
"2090",1993,12,5 - 9,5,2
"2090",1993,12,10 - 14,2,9
"2090",1993,12,15 - 19,8,11
"2090",1993,12,20 - 24,12,14
"2090",1993,12,25 - 29,16,14
"2090",1993,12,30 - 34,19,21
"2090",1993,12,35 - 39,22,37
"2090",1993,12,40 - 44,43,45
"2090",1993,12,45 - 49,51,69
"2090",1993,12,50 - 54,81,107
"2090",1993,12,55 - 59,142,203
"2090",1993,12,60 - 64,311,481
"2090",1993,12,65 - 69,490,877
"2090",1993,12,70 - 74,787,1390
"2090",1993,12,75 - 79,1232,1876
"2090",1993,12,80 - 84,1421,2098
"2090",1993,12,85 - 89,3396,2671
"2090",1993,12,90 - 94,0,0
"2090",1993,12,95+,0,0
"2090",1993,12,UNK,0,0
"2090",1993,13,Total,4109,8935
"2090",1993,13,0,25,43
"2090",1993,13,1,19,29
"2090",1993,13,2,17,23
"2090",1993,13,3,16,28
"2090",1993,13,4,13,26
"2090",1993,13,5 - 9,63,88
"2090",1993,13,10 - 14,63,119
"2090",1993,13,15 - 19,224,640
"2090",1993,13,20 - 24,201,798
"2090",1993,13,25 - 29,199,873
"2090",1993,13,30 - 34,247,963
"2090",1993,13,35 - 39,274,879
"2090",1993,13,40 - 44,223,717
"2090",1993,13,45 - 49,199,636
"2090",1993,13,50 - 54,170,439
"2090",1993,13,55 - 59,130,383
"2090",1993,13,60 - 64,172,350
"2090",1993,13,65 - 69,189,385
"2090",1993,13,70 - 74,192,360
"2090",1993,13,75 - 79,278,345
"2090",1993,13,80 - 84,362,355
"2090",1993,13,85 - 89,833,455
"2090",1993,13,90 - 94,0,0
"2090",1993,13,95+,0,0
"2090",1993,13,UNK,0,1
"2090",1993,14,Total,168,358
"2090",1993,14,0,5,11
"2090",1993,14,1,1,0
"2090",1993,14,2,2,2
"2090",1993,14,3,0,0
"2090",1993,14,4,1,2
"2090",1993,14,5 - 9,2,2
"2090",1993,14,10 - 14,3,0
"2090",1993,14,15 - 19,11,24
"2090",1993,14,20 - 24,21,38
"2090",1993,14,25 - 29,21,44
"2090",1993,14,30 - 34,20,71
"2090",1993,14,35 - 39,24,41
"2090",1993,14,40 - 44,13,35
"2090",1993,14,45 - 49,11,27
"2090",1993,14,50 - 54,7,16
"2090",1993,14,55 - 59,9,20
"2090",1993,14,60 - 64,4,11
"2090",1993,14,65 - 69,3,4
"2090",1993,14,70 - 74,1,4
"2090",1993,14,75 - 79,5,3
"2090",1993,14,80 - 84,3,2
"2090",1993,14,85 - 89,1,1
"2090",1993,14,90 - 94,0,0
"2090",1993,14,95+,0,0
"2090",1993,14,UNK,0,0
"2090",1994,1,Total,97335,109742
"2090",1994,1,0,1043,1375
"2090",1994,1,1,87,100
"2090",1994,1,2,49,71
"2090",1994,1,3,43,67
"2090",1994,1,4,46,54
"2090",1994,1,5 - 9,133,185
"2090",1994,1,10 - 14,162,246
"2090",1994,1,15 - 19,297,845
"2090",1994,1,20 - 24,345,1067
"2090",1994,1,25 - 29,428,1243
"2090",1994,1,30 - 34,658,1744
"2090",1994,1,35 - 39,999,2147
"2090",1994,1,40 - 44,1346,2582
"2090",1994,1,45 - 49,1946,3104
"2090",1994,1,50 - 54,2425,3897
"2090",1994,1,55 - 59,3335,5459
"2090",1994,1,60 - 64,4972,8863
"2090",1994,1,65 - 69,7538,12314
"2090",1994,1,70 - 74,10926,15511
"2090",1994,1,75 - 79,13190,15939
"2090",1994,1,80 - 84,16199,15700
"2090",1994,1,85 - 89,31163,17223
"2090",1994,1,90 - 94,0,0
"2090",1994,1,95+,0,0
"2090",1994,1,UNK,5,6
"2090",1994,2,Total,758,811
"2090",1994,2,0,11,18
"2090",1994,2,1,0,5
"2090",1994,2,2,2,1
"2090",1994,2,3,1,0
"2090",1994,2,4,1,2
"2090",1994,2,5 - 9,4,5
"2090",1994,2,10 - 14,2,5
"2090",1994,2,15 - 19,4,6
"2090",1994,2,20 - 24,7,7
"2090",1994,2,25 - 29,4,7
"2090",1994,2,30 - 34,8,15
"2090",1994,2,35 - 39,10,21
"2090",1994,2,40 - 44,13,29
"2090",1994,2,45 - 49,23,28
"2090",1994,2,50 - 54,15,21
"2090",1994,2,55 - 59,28,39
"2090",1994,2,60 - 64,31,47
"2090",1994,2,65 - 69,59,87
"2090",1994,2,70 - 74,106,123
"2090",1994,2,75 - 79,89,112
"2090",1994,2,80 - 84,119,98
"2090",1994,2,85 - 89,221,135
"2090",1994,2,90 - 94,0,0
"2090",1994,2,95+,0,0
"2090",1994,2,UNK,0,0
"2090",1994,3,Total,26815,31496
"2090",1994,3,0,3,7
"2090",1994,3,1,6,9
"2090",1994,3,2,2,5
"2090",1994,3,3,7,5
"2090",1994,3,4,8,6
"2090",1994,3,5 - 9,25,36
"2090",1994,3,10 - 14,32,36
"2090",1994,3,15 - 19,24,53
"2090",1994,3,20 - 24,44,49
"2090",1994,3,25 - 29,80,100
"2090",1994,3,30 - 34,177,137
"2090",1994,3,35 - 39,410,296
"2090",1994,3,40 - 44,670,510
"2090",1994,3,45 - 49,1115,884
"2090",1994,3,50 - 54,1431,1371
"2090",1994,3,55 - 59,1934,2214
"2090",1994,3,60 - 64,2597,3690
"2090",1994,3,65 - 69,3450,4892
"2090",1994,3,70 - 74,4069,5484
"2090",1994,3,75 - 79,3779,4764
"2090",1994,3,80 - 84,3366,3940
"2090",1994,3,85 - 89,3586,3008
"2090",1994,3,90 - 94,0,0
"2090",1994,3,95+,0,0
"2090",1994,3,UNK,0,0
"2090",1994,4,Total,38688,39885
"2090",1994,4,0,19,27
"2090",1994,4,1,2,7
"2090",1994,4,2,3,2
"2090",1994,4,3,3,4
"2090",1994,4,4,3,3
"2090",1994,4,5 - 9,4,5
"2090",1994,4,10 - 14,19,16
"2090",1994,4,15 - 19,10,22
"2090",1994,4,20 - 24,19,35
"2090",1994,4,25 - 29,36,55
"2090",1994,4,30 - 34,73,125
"2090",1994,4,35 - 39,116,242
"2090",1994,4,40 - 44,178,522
"2090",1994,4,45 - 49,261,814
"2090",1994,4,50 - 54,415,1251
"2090",1994,4,55 - 59,643,1774
"2090",1994,4,60 - 64,1247,3127
"2090",1994,4,65 - 69,2228,4546
"2090",1994,4,70 - 74,3955,6018
"2090",1994,4,75 - 79,5494,6691
"2090",1994,4,80 - 84,7778,6824
"2090",1994,4,85 - 89,16181,7774
"2090",1994,4,90 - 94,0,0
"2090",1994,4,95+,0,0
"2090",1994,4,UNK,1,1
"2090",1994,5,Total,1434,1673
"2090",1994,5,0,117,213
"2090",1994,5,1,9,11
"2090",1994,5,2,2,3
"2090",1994,5,3,2,1
"2090",1994,5,4,1,1
"2090",1994,5,5 - 9,6,6
"2090",1994,5,10 - 14,4,15
"2090",1994,5,15 - 19,13,39
"2090",1994,5,20 - 24,19,56
"2090",1994,5,25 - 29,20,65
"2090",1994,5,30 - 34,29,78
"2090",1994,5,35 - 39,40,86
"2090",1994,5,40 - 44,43,88
"2090",1994,5,45 - 49,43,82
"2090",1994,5,50 - 54,27,70
"2090",1994,5,55 - 59,30,78
"2090",1994,5,60 - 64,37,120
"2090",1994,5,65 - 69,58,126
"2090",1994,5,70 - 74,98,132
"2090",1994,5,75 - 79,122,97
"2090",1994,5,80 - 84,139,91
"2090",1994,5,85 - 89,573,214
"2090",1994,5,90 - 94,0,0
"2090",1994,5,95+,0,0
"2090",1994,5,UNK,2,1
"2090",1994,6,Total,2710,1963
"2090",1994,6,0,0,0
"2090",1994,6,1,0,1
"2090",1994,6,2,0,0
"2090",1994,6,3,0,1
"2090",1994,6,4,0,1
"2090",1994,6,5 - 9,1,1
"2090",1994,6,10 - 14,1,2
"2090",1994,6,15 - 19,2,4
"2090",1994,6,20 - 24,5,3
"2090",1994,6,25 - 29,6,13
"2090",1994,6,30 - 34,8,29
"2090",1994,6,35 - 39,15,34
"2090",1994,6,40 - 44,10,49
"2090",1994,6,45 - 49,12,76
"2090",1994,6,50 - 54,17,50
"2090",1994,6,55 - 59,20,62
"2090",1994,6,60 - 64,45,97
"2090",1994,6,65 - 69,77,130
"2090",1994,6,70 - 74,125,213
"2090",1994,6,75 - 79,257,278
"2090",1994,6,80 - 84,455,346
"2090",1994,6,85 - 89,1654,573
"2090",1994,6,90 - 94,0,0
"2090",1994,6,95+,0,0
"2090",1994,6,UNK,0,0
"2090",1994,7,Total,3331,2643
"2090",1994,7,0,18,25
"2090",1994,7,1,11,6
"2090",1994,7,2,3,3
"2090",1994,7,3,3,8
"2090",1994,7,4,2,7
"2090",1994,7,5 - 9,14,16
"2090",1994,7,10 - 14,11,13
"2090",1994,7,15 - 19,15,32
"2090",1994,7,20 - 24,16,23
"2090",1994,7,25 - 29,14,26
"2090",1994,7,30 - 34,20,27
"2090",1994,7,35 - 39,36,44
"2090",1994,7,40 - 44,53,58
"2090",1994,7,45 - 49,45,64
"2090",1994,7,50 - 54,63,80
"2090",1994,7,55 - 59,82,93
"2090",1994,7,60 - 64,112,136
"2090",1994,7,65 - 69,185,186
"2090",1994,7,70 - 74,340,320
"2090",1994,7,75 - 79,473,438
"2090",1994,7,80 - 84,619,485
"2090",1994,7,85 - 89,1196,553
"2090",1994,7,90 - 94,0,0
"2090",1994,7,95+,0,0
"2090",1994,7,UNK,0,0
"2090",1994,8,Total,3555,4683
"2090",1994,8,0,14,24
"2090",1994,8,1,8,5
"2090",1994,8,2,5,6
"2090",1994,8,3,3,2
"2090",1994,8,4,2,0
"2090",1994,8,5 - 9,7,7
"2090",1994,8,10 - 14,8,5
"2090",1994,8,15 - 19,11,10
"2090",1994,8,20 - 24,12,19
"2090",1994,8,25 - 29,27,142
"2090",1994,8,30 - 34,46,345
"2090",1994,8,35 - 39,62,386
"2090",1994,8,40 - 44,41,360
"2090",1994,8,45 - 49,62,282
"2090",1994,8,50 - 54,68,199
"2090",1994,8,55 - 59,102,232
"2090",1994,8,60 - 64,179,285
"2090",1994,8,65 - 69,291,393
"2090",1994,8,70 - 74,420,513
"2090",1994,8,75 - 79,527,479
"2090",1994,8,80 - 84,626,486
"2090",1994,8,85 - 89,1034,502
"2090",1994,8,90 - 94,0,0
"2090",1994,8,95+,0,0
"2090",1994,8,UNK,0,1
"2090",1994,9,Total,3767,3912
"2090",1994,9,0,6,14
"2090",1994,9,1,2,3
"2090",1994,9,2,1,1
"2090",1994,9,3,0,1
"2090",1994,9,4,2,1
"2090",1994,9,5 - 9,5,6
"2090",1994,9,10 - 14,2,3
"2090",1994,9,15 - 19,3,4
"2090",1994,9,20 - 24,5,7
"2090",1994,9,25 - 29,8,13
"2090",1994,9,30 - 34,17,31
"2090",1994,9,35 - 39,28,72
"2090",1994,9,40 - 44,47,100
"2090",1994,9,45 - 49,101,167
"2090",1994,9,50 - 54,98,209
"2090",1994,9,55 - 59,135,274
"2090",1994,9,60 - 64,176,385
"2090",1994,9,65 - 69,307,504
"2090",1994,9,70 - 74,426,564
"2090",1994,9,75 - 79,513,475
"2090",1994,9,80 - 84,604,493
"2090",1994,9,85 - 89,1281,585
"2090",1994,9,90 - 94,0,0
"2090",1994,9,95+,0,0
"2090",1994,9,UNK,0,0
"2090",1994,10,Total,1691,1670
"2090",1994,10,0,5,4
"2090",1994,10,1,0,1
"2090",1994,10,2,0,0
"2090",1994,10,3,1,0
"2090",1994,10,4,0,0
"2090",1994,10,5 - 9,0,0
"2090",1994,10,10 - 14,0,0
"2090",1994,10,15 - 19,1,0
"2090",1994,10,20 - 24,0,0
"2090",1994,10,25 - 29,3,3
"2090",1994,10,30 - 34,3,6
"2090",1994,10,35 - 39,5,10
"2090",1994,10,40 - 44,5,13
"2090",1994,10,45 - 49,20,18
"2090",1994,10,50 - 54,18,28
"2090",1994,10,55 - 59,30,42
"2090",1994,10,60 - 64,55,81
"2090",1994,10,65 - 69,102,135
"2090",1994,10,70 - 74,177,239
"2090",1994,10,75 - 79,262,268
"2090",1994,10,80 - 84,354,345
"2090",1994,10,85 - 89,650,477
"2090",1994,10,90 - 94,0,0
"2090",1994,10,95+,0,0
"2090",1994,10,UNK,0,0
"2090",1994,11,Total,1014,1202
"2090",1994,11,0,802,980
"2090",1994,11,1,15,17
"2090",1994,11,2,8,11
"2090",1994,11,3,4,11
"2090",1994,11,4,5,8
"2090",1994,11,5 - 9,11,12
"2090",1994,11,10 - 14,5,11
"2090",1994,11,15 - 19,10,12
"2090",1994,11,20 - 24,16,13
"2090",1994,11,25 - 29,10,14
"2090",1994,11,30 - 34,9,14
"2090",1994,11,35 - 39,9,13
"2090",1994,11,40 - 44,9,17
"2090",1994,11,45 - 49,11,6
"2090",1994,11,50 - 54,9,10
"2090",1994,11,55 - 59,13,11
"2090",1994,11,60 - 64,14,10
"2090",1994,11,65 - 69,11,9
"2090",1994,11,70 - 74,14,10
"2090",1994,11,75 - 79,12,6
"2090",1994,11,80 - 84,7,6
"2090",1994,11,85 - 89,10,1
"2090",1994,11,90 - 94,0,0
"2090",1994,11,95+,0,0
"2090",1994,11,UNK,0,0
"2090",1994,12,Total,8255,10087
"2090",1994,12,0,12,29
"2090",1994,12,1,7,9
"2090",1994,12,2,2,4
"2090",1994,12,3,3,2
"2090",1994,12,4,0,1
"2090",1994,12,5 - 9,6,3
"2090",1994,12,10 - 14,4,11
"2090",1994,12,15 - 19,6,6
"2090",1994,12,20 - 24,3,20
"2090",1994,12,25 - 29,14,18
"2090",1994,12,30 - 34,20,30
"2090",1994,12,35 - 39,16,21
"2090",1994,12,40 - 44,32,55
"2090",1994,12,45 - 49,47,66
"2090",1994,12,50 - 54,63,109
"2090",1994,12,55 - 59,119,206
"2090",1994,12,60 - 64,271,470
"2090",1994,12,65 - 69,520,897
"2090",1994,12,70 - 74,875,1436
"2090",1994,12,75 - 79,1229,1848
"2090",1994,12,80 - 84,1583,2095
"2090",1994,12,85 - 89,3423,2751
"2090",1994,12,90 - 94,0,0
"2090",1994,12,95+,0,0
"2090",1994,12,UNK,0,0
"2090",1994,13,Total,3979,8719
"2090",1994,13,0,23,26
"2090",1994,13,1,25,24
"2090",1994,13,2,16,29
"2090",1994,13,3,16,29
"2090",1994,13,4,22,23
"2090",1994,13,5 - 9,44,82
"2090",1994,13,10 - 14,66,124
"2090",1994,13,15 - 19,184,627
"2090",1994,13,20 - 24,169,791
"2090",1994,13,25 - 29,177,734
"2090",1994,13,30 - 34,214,852
"2090",1994,13,35 - 39,220,875
"2090",1994,13,40 - 44,227,744
"2090",1994,13,45 - 49,179,577
"2090",1994,13,50 - 54,165,475
"2090",1994,13,55 - 59,159,395
"2090",1994,13,60 - 64,149,374
"2090",1994,13,65 - 69,168,339
"2090",1994,13,70 - 74,215,365
"2090",1994,13,75 - 79,248,353
"2090",1994,13,80 - 84,367,379
"2090",1994,13,85 - 89,924,499
"2090",1994,13,90 - 94,0,0
"2090",1994,13,95+,0,0
"2090",1994,13,UNK,2,3
"2090",1994,14,Total,171,327
"2090",1994,14,0,10,5
"2090",1994,14,1,1,1
"2090",1994,14,2,2,4
"2090",1994,14,3,0,2
"2090",1994,14,4,0,1
"2090",1994,14,5 - 9,5,4
"2090",1994,14,10 - 14,7,3
"2090",1994,14,15 - 19,12,29
"2090",1994,14,20 - 24,23,40
"2090",1994,14,25 - 29,22,48
"2090",1994,14,30 - 34,18,46
"2090",1994,14,35 - 39,19,35
"2090",1994,14,40 - 44,10,30
"2090",1994,14,45 - 49,8,22
"2090",1994,14,50 - 54,9,13
"2090",1994,14,55 - 59,7,16
"2090",1994,14,60 - 64,4,7
"2090",1994,14,65 - 69,2,8
"2090",1994,14,70 - 74,2,3
"2090",1994,14,75 - 79,4,7
"2090",1994,14,80 - 84,4,3
"2090",1994,14,85 - 89,2,0
"2090",1994,14,90 - 94,0,0
"2090",1994,14,95+,0,0
"2090",1994,14,UNK,0,0
"2090",1995,1,Total,99337,111396
"2090",1995,1,0,1018,1303
"2090",1995,1,1,72,85
"2090",1995,1,2,45,58
"2090",1995,1,3,30,50
"2090",1995,1,4,46,50
"2090",1995,1,5 - 9,137,181
"2090",1995,1,10 - 14,184,221
"2090",1995,1,15 - 19,320,815
"2090",1995,1,20 - 24,328,1088
"2090",1995,1,25 - 29,446,1227
"2090",1995,1,30 - 34,685,1818
"2090",1995,1,35 - 39,984,2225
"2090",1995,1,40 - 44,1366,2572
"2090",1995,1,45 - 49,2038,3308
"2090",1995,1,50 - 54,2501,4118
"2090",1995,1,55 - 59,3333,5380
"2090",1995,1,60 - 64,4784,8412
"2090",1995,1,65 - 69,7503,12314
"2090",1995,1,70 - 74,10895,15650
"2090",1995,1,75 - 79,13302,16340
"2090",1995,1,80 - 84,16832,16147
"2090",1995,1,85 - 89,32478,18017
"2090",1995,1,90 - 94,0,0
"2090",1995,1,95+,0,0
"2090",1995,1,UNK,10,17
"2090",1995,2,Total,889,844
"2090",1995,2,0,10,17
"2090",1995,2,1,7,3
"2090",1995,2,2,1,1
"2090",1995,2,3,1,1
"2090",1995,2,4,3,1
"2090",1995,2,5 - 9,2,2
"2090",1995,2,10 - 14,6,4
"2090",1995,2,15 - 19,5,3
"2090",1995,2,20 - 24,6,9
"2090",1995,2,25 - 29,6,13
"2090",1995,2,30 - 34,4,14
"2090",1995,2,35 - 39,10,25
"2090",1995,2,40 - 44,14,26
"2090",1995,2,45 - 49,16,22
"2090",1995,2,50 - 54,18,47
"2090",1995,2,55 - 59,34,44
"2090",1995,2,60 - 64,49,59
"2090",1995,2,65 - 69,80,62
"2090",1995,2,70 - 74,135,128
"2090",1995,2,75 - 79,111,109
"2090",1995,2,80 - 84,129,122
"2090",1995,2,85 - 89,242,132
"2090",1995,2,90 - 94,0,0
"2090",1995,2,95+,0,0
"2090",1995,2,UNK,0,0
"2090",1995,3,Total,26964,31853
"2090",1995,3,0,5,6
"2090",1995,3,1,7,7
"2090",1995,3,2,2,3
"2090",1995,3,3,7,5
"2090",1995,3,4,8,7
"2090",1995,3,5 - 9,27,32
"2090",1995,3,10 - 14,35,23
"2090",1995,3,15 - 19,30,57
"2090",1995,3,20 - 24,40,54
"2090",1995,3,25 - 29,76,79
"2090",1995,3,30 - 34,183,140
"2090",1995,3,35 - 39,372,290
"2090",1995,3,40 - 44,657,469
"2090",1995,3,45 - 49,1118,941
"2090",1995,3,50 - 54,1420,1451
"2090",1995,3,55 - 59,1809,2194
"2090",1995,3,60 - 64,2447,3530
"2090",1995,3,65 - 69,3352,4881
"2090",1995,3,70 - 74,4170,5674
"2090",1995,3,75 - 79,3837,4944
"2090",1995,3,80 - 84,3541,3928
"2090",1995,3,85 - 89,3818,3135
"2090",1995,3,90 - 94,0,0
"2090",1995,3,95+,0,0
"2090",1995,3,UNK,3,3
"2090",1995,4,Total,39025,40091
"2090",1995,4,0,19,21
"2090",1995,4,1,5,3
"2090",1995,4,2,0,6
"2090",1995,4,3,0,0
"2090",1995,4,4,1,1
"2090",1995,4,5 - 9,12,5
"2090",1995,4,10 - 14,9,7
"2090",1995,4,15 - 19,11,20
"2090",1995,4,20 - 24,17,31
"2090",1995,4,25 - 29,40,52
"2090",1995,4,30 - 34,74,109
"2090",1995,4,35 - 39,105,270
"2090",1995,4,40 - 44,163,502
"2090",1995,4,45 - 49,297,805
"2090",1995,4,50 - 54,417,1202
"2090",1995,4,55 - 59,706,1755
"2090",1995,4,60 - 64,1182,2909
"2090",1995,4,65 - 69,2221,4426
"2090",1995,4,70 - 74,3767,5986
"2090",1995,4,75 - 79,5487,6834
"2090",1995,4,80 - 84,7845,7001
"2090",1995,4,85 - 89,16644,8140
"2090",1995,4,90 - 94,0,0
"2090",1995,4,95+,0,0
"2090",1995,4,UNK,3,6
"2090",1995,5,Total,1516,1741
"2090",1995,5,0,151,181
"2090",1995,5,1,11,10
"2090",1995,5,2,3,1
"2090",1995,5,3,2,0
"2090",1995,5,4,0,1
"2090",1995,5,5 - 9,3,8
"2090",1995,5,10 - 14,5,3
"2090",1995,5,15 - 19,15,37
"2090",1995,5,20 - 24,27,55
"2090",1995,5,25 - 29,22,74
"2090",1995,5,30 - 34,38,80
"2090",1995,5,35 - 39,30,92
"2090",1995,5,40 - 44,31,105
"2090",1995,5,45 - 49,44,108
"2090",1995,5,50 - 54,39,90
"2090",1995,5,55 - 59,34,90
"2090",1995,5,60 - 64,39,99
"2090",1995,5,65 - 69,77,118
"2090",1995,5,70 - 74,80,127
"2090",1995,5,75 - 79,114,112
"2090",1995,5,80 - 84,158,133
"2090",1995,5,85 - 89,592,217
"2090",1995,5,90 - 94,0,0
"2090",1995,5,95+,0,0
"2090",1995,5,UNK,1,0
"2090",1995,6,Total,3080,2013
"2090",1995,6,0,1,0
"2090",1995,6,1,0,0
"2090",1995,6,2,0,0
"2090",1995,6,3,0,0
"2090",1995,6,4,0,1
"2090",1995,6,5 - 9,0,0
"2090",1995,6,10 - 14,3,1
"2090",1995,6,15 - 19,0,4
"2090",1995,6,20 - 24,2,4
"2090",1995,6,25 - 29,5,9
"2090",1995,6,30 - 34,13,23
"2090",1995,6,35 - 39,16,31
"2090",1995,6,40 - 44,18,42
"2090",1995,6,45 - 49,23,60
"2090",1995,6,50 - 54,24,57
"2090",1995,6,55 - 59,32,63
"2090",1995,6,60 - 64,22,94
"2090",1995,6,65 - 69,61,143
"2090",1995,6,70 - 74,124,182
"2090",1995,6,75 - 79,278,258
"2090",1995,6,80 - 84,601,406
"2090",1995,6,85 - 89,1857,635
"2090",1995,6,90 - 94,0,0
"2090",1995,6,95+,0,0
"2090",1995,6,UNK,0,0
"2090",1995,7,Total,3468,2766
"2090",1995,7,0,28,23
"2090",1995,7,1,3,11
"2090",1995,7,2,8,4
"2090",1995,7,3,3,0
"2090",1995,7,4,4,5
"2090",1995,7,5 - 9,11,13
"2090",1995,7,10 - 14,14,17
"2090",1995,7,15 - 19,11,25
"2090",1995,7,20 - 24,7,27
"2090",1995,7,25 - 29,22,26
"2090",1995,7,30 - 34,17,31
"2090",1995,7,35 - 39,37,40
"2090",1995,7,40 - 44,44,50
"2090",1995,7,45 - 49,61,63
"2090",1995,7,50 - 54,69,81
"2090",1995,7,55 - 59,70,86
"2090",1995,7,60 - 64,134,149
"2090",1995,7,65 - 69,197,226
"2090",1995,7,70 - 74,321,339
"2090",1995,7,75 - 79,470,472
"2090",1995,7,80 - 84,687,530
"2090",1995,7,85 - 89,1250,548
"2090",1995,7,90 - 94,0,0
"2090",1995,7,95+,0,0
"2090",1995,7,UNK,0,0
"2090",1995,8,Total,3749,5057
"2090",1995,8,0,9,26
"2090",1995,8,1,5,3
"2090",1995,8,2,3,5
"2090",1995,8,3,1,2
"2090",1995,8,4,1,4
"2090",1995,8,5 - 9,4,7
"2090",1995,8,10 - 14,7,7
"2090",1995,8,15 - 19,14,8
"2090",1995,8,20 - 24,17,33
"2090",1995,8,25 - 29,31,120
"2090",1995,8,30 - 34,50,395
"2090",1995,8,35 - 39,47,416
"2090",1995,8,40 - 44,50,380
"2090",1995,8,45 - 49,66,338
"2090",1995,8,50 - 54,75,248
"2090",1995,8,55 - 59,116,210
"2090",1995,8,60 - 64,214,313
"2090",1995,8,65 - 69,293,417
"2090",1995,8,70 - 74,475,546
"2090",1995,8,75 - 79,528,545
"2090",1995,8,80 - 84,674,509
"2090",1995,8,85 - 89,1069,525
"2090",1995,8,90 - 94,0,0
"2090",1995,8,95+,0,0
"2090",1995,8,UNK,0,0
"2090",1995,9,Total,3683,3933
"2090",1995,9,0,8,18
"2090",1995,9,1,0,4
"2090",1995,9,2,0,1
"2090",1995,9,3,1,3
"2090",1995,9,4,1,0
"2090",1995,9,5 - 9,2,5
"2090",1995,9,10 - 14,2,1
"2090",1995,9,15 - 19,3,4
"2090",1995,9,20 - 24,4,5
"2090",1995,9,25 - 29,7,9
"2090",1995,9,30 - 34,21,22
"2090",1995,9,35 - 39,28,56
"2090",1995,9,40 - 44,51,98
"2090",1995,9,45 - 49,79,171
"2090",1995,9,50 - 54,111,220
"2090",1995,9,55 - 59,140,277
"2090",1995,9,60 - 64,171,382
"2090",1995,9,65 - 69,304,534
"2090",1995,9,70 - 74,411,539
"2090",1995,9,75 - 79,500,497
"2090",1995,9,80 - 84,593,504
"2090",1995,9,85 - 89,1246,583
"2090",1995,9,90 - 94,0,0
"2090",1995,9,95+,0,0
"2090",1995,9,UNK,0,0
"2090",1995,10,Total,1713,1759
"2090",1995,10,0,4,5
"2090",1995,10,1,1,1
"2090",1995,10,2,0,0
"2090",1995,10,3,0,0
"2090",1995,10,4,0,0
"2090",1995,10,5 - 9,0,2
"2090",1995,10,10 - 14,1,0
"2090",1995,10,15 - 19,2,0
"2090",1995,10,20 - 24,3,2
"2090",1995,10,25 - 29,4,4
"2090",1995,10,30 - 34,9,3
"2090",1995,10,35 - 39,3,14
"2090",1995,10,40 - 44,14,17
"2090",1995,10,45 - 49,18,23
"2090",1995,10,50 - 54,18,27
"2090",1995,10,55 - 59,23,43
"2090",1995,10,60 - 64,55,88
"2090",1995,10,65 - 69,107,151
"2090",1995,10,70 - 74,171,222
"2090",1995,10,75 - 79,238,291
"2090",1995,10,80 - 84,349,365
"2090",1995,10,85 - 89,693,501
"2090",1995,10,90 - 94,0,0
"2090",1995,10,95+,0,0
"2090",1995,10,UNK,0,0
"2090",1995,11,Total,966,1165
"2090",1995,11,0,736,938
"2090",1995,11,1,14,15
"2090",1995,11,2,3,12
"2090",1995,11,3,2,7
"2090",1995,11,4,5,6
"2090",1995,11,5 - 9,12,8
"2090",1995,11,10 - 14,12,9
"2090",1995,11,15 - 19,5,14
"2090",1995,11,20 - 24,5,15
"2090",1995,11,25 - 29,11,11
"2090",1995,11,30 - 34,24,15
"2090",1995,11,35 - 39,13,10
"2090",1995,11,40 - 44,13,16
"2090",1995,11,45 - 49,11,19
"2090",1995,11,50 - 54,17,8
"2090",1995,11,55 - 59,13,9
"2090",1995,11,60 - 64,17,5
"2090",1995,11,65 - 69,12,14
"2090",1995,11,70 - 74,11,12
"2090",1995,11,75 - 79,12,8
"2090",1995,11,80 - 84,8,5
"2090",1995,11,85 - 89,10,9
"2090",1995,11,90 - 94,0,0
"2090",1995,11,95+,0,0
"2090",1995,11,UNK,0,0
"2090",1995,12,Total,8678,10210
"2090",1995,12,0,18,35
"2090",1995,12,1,5,5
"2090",1995,12,2,4,0
"2090",1995,12,3,2,2
"2090",1995,12,4,2,3
"2090",1995,12,5 - 9,15,6
"2090",1995,12,10 - 14,9,8
"2090",1995,12,15 - 19,5,14
"2090",1995,12,20 - 24,8,19
"2090",1995,12,25 - 29,15,7
"2090",1995,12,30 - 34,17,24
"2090",1995,12,35 - 39,26,35
"2090",1995,12,40 - 44,37,47
"2090",1995,12,45 - 49,64,84
"2090",1995,12,50 - 54,89,140
"2090",1995,12,55 - 59,174,187
"2090",1995,12,60 - 64,257,385
"2090",1995,12,65 - 69,549,899
"2090",1995,12,70 - 74,895,1442
"2090",1995,12,75 - 79,1270,1791
"2090",1995,12,80 - 84,1645,2166
"2090",1995,12,85 - 89,3571,2910
"2090",1995,12,90 - 94,0,0
"2090",1995,12,95+,0,0
"2090",1995,12,UNK,1,1
"2090",1995,13,Total,4176,8898
"2090",1995,13,0,20,25
"2090",1995,13,1,11,22
"2090",1995,13,2,18,23
"2090",1995,13,3,10,26
"2090",1995,13,4,18,17
"2090",1995,13,5 - 9,43,83
"2090",1995,13,10 - 14,74,131
"2090",1995,13,15 - 19,207,606
"2090",1995,13,20 - 24,170,792
"2090",1995,13,25 - 29,184,788
"2090",1995,13,30 - 34,211,909
"2090",1995,13,35 - 39,251,892
"2090",1995,13,40 - 44,239,767
"2090",1995,13,45 - 49,208,627
"2090",1995,13,50 - 54,168,512
"2090",1995,13,55 - 59,138,382
"2090",1995,13,60 - 64,155,347
"2090",1995,13,65 - 69,173,378
"2090",1995,13,70 - 74,216,353
"2090",1995,13,75 - 79,288,351
"2090",1995,13,80 - 84,391,361
"2090",1995,13,85 - 89,981,499
"2090",1995,13,90 - 94,0,0
"2090",1995,13,95+,0,0
"2090",1995,13,UNK,2,7
"2090",1995,14,Total,159,330
"2090",1995,14,0,4,5
"2090",1995,14,1,3,0
"2090",1995,14,2,2,0
"2090",1995,14,3,1,3
"2090",1995,14,4,2,3
"2090",1995,14,5 - 9,6,6
"2090",1995,14,10 - 14,3,6
"2090",1995,14,15 - 19,8,19
"2090",1995,14,20 - 24,17,41
"2090",1995,14,25 - 29,12,28
"2090",1995,14,30 - 34,12,48
"2090",1995,14,35 - 39,24,45
"2090",1995,14,40 - 44,18,40
"2090",1995,14,45 - 49,13,21
"2090",1995,14,50 - 54,13,17
"2090",1995,14,55 - 59,4,12
"2090",1995,14,60 - 64,4,15
"2090",1995,14,65 - 69,1,6
"2090",1995,14,70 - 74,3,8
"2090",1995,14,75 - 79,1,6
"2090",1995,14,80 - 84,5,0
"2090",1995,14,85 - 89,3,1
"2090",1995,14,90 - 94,0,0
"2090",1995,14,95+,0,0
"2090",1995,14,UNK,0,0
"2090",1996,1,Total,101473,111386
"2090",1996,1,0,896,1155
"2090",1996,1,1,76,85
"2090",1996,1,2,41,62
"2090",1996,1,3,46,60
"2090",1996,1,4,41,50
"2090",1996,1,5 - 9,139,158
"2090",1996,1,10 - 14,133,206
"2090",1996,1,15 - 19,319,730
"2090",1996,1,20 - 24,318,1034
"2090",1996,1,25 - 29,393,1111
"2090",1996,1,30 - 34,682,1640
"2090",1996,1,35 - 39,1016,2104
"2090",1996,1,40 - 44,1542,2564
"2090",1996,1,45 - 49,2034,3210
"2090",1996,1,50 - 54,2532,4140
"2090",1996,1,55 - 59,3371,5412
"2090",1996,1,60 - 64,4757,8157
"2090",1996,1,65 - 69,7374,12232
"2090",1996,1,70 - 74,10895,15932
"2090",1996,1,75 - 79,13903,16413
"2090",1996,1,80 - 84,17187,16341
"2090",1996,1,85 - 89,33777,18587
"2090",1996,1,90 - 94,0,0
"2090",1996,1,95+,0,0
"2090",1996,1,UNK,1,3
"2090",1996,2,Total,920,891
"2090",1996,2,0,13,14
"2090",1996,2,1,5,2
"2090",1996,2,2,0,1
"2090",1996,2,3,1,3
"2090",1996,2,4,1,1
"2090",1996,2,5 - 9,3,1
"2090",1996,2,10 - 14,0,6
"2090",1996,2,15 - 19,3,3
"2090",1996,2,20 - 24,7,5
"2090",1996,2,25 - 29,5,6
"2090",1996,2,30 - 34,11,22
"2090",1996,2,35 - 39,9,21
"2090",1996,2,40 - 44,11,36
"2090",1996,2,45 - 49,31,38
"2090",1996,2,50 - 54,16,37
"2090",1996,2,55 - 59,31,45
"2090",1996,2,60 - 64,38,65
"2090",1996,2,65 - 69,68,105
"2090",1996,2,70 - 74,111,106
"2090",1996,2,75 - 79,123,115
"2090",1996,2,80 - 84,158,105
"2090",1996,2,85 - 89,275,154
"2090",1996,2,90 - 94,0,0
"2090",1996,2,95+,0,0
"2090",1996,2,UNK,0,0
"2090",1996,3,Total,28117,32168
"2090",1996,3,0,9,8
"2090",1996,3,1,11,8
"2090",1996,3,2,5,9
"2090",1996,3,3,7,14
"2090",1996,3,4,13,3
"2090",1996,3,5 - 9,27,32
"2090",1996,3,10 - 14,27,35
"2090",1996,3,15 - 19,23,41
"2090",1996,3,20 - 24,37,66
"2090",1996,3,25 - 29,77,81
"2090",1996,3,30 - 34,175,151
"2090",1996,3,35 - 39,406,279
"2090",1996,3,40 - 44,764,505
"2090",1996,3,45 - 49,1145,895
"2090",1996,3,50 - 54,1469,1471
"2090",1996,3,55 - 59,1901,2191
"2090",1996,3,60 - 64,2529,3435
"2090",1996,3,65 - 69,3489,4888
"2090",1996,3,70 - 74,4222,5706
"2090",1996,3,75 - 79,4169,5012
"2090",1996,3,80 - 84,3600,4045
"2090",1996,3,85 - 89,4012,3293
"2090",1996,3,90 - 94,0,0
"2090",1996,3,95+,0,0
"2090",1996,3,UNK,0,0
"2090",1996,4,Total,39415,40021
"2090",1996,4,0,18,12
"2090",1996,4,1,3,5
"2090",1996,4,2,4,3
"2090",1996,4,3,3,0
"2090",1996,4,4,1,0
"2090",1996,4,5 - 9,2,5
"2090",1996,4,10 - 14,7,7
"2090",1996,4,15 - 19,24,20
"2090",1996,4,20 - 24,10,28
"2090",1996,4,25 - 29,39,55
"2090",1996,4,30 - 34,77,111
"2090",1996,4,35 - 39,117,235
"2090",1996,4,40 - 44,188,455
"2090",1996,4,45 - 49,258,829
"2090",1996,4,50 - 54,412,1234
"2090",1996,4,55 - 59,686,1774
"2090",1996,4,60 - 64,1105,2774
"2090",1996,4,65 - 69,2097,4366
"2090",1996,4,70 - 74,3737,6151
"2090",1996,4,75 - 79,5632,6710
"2090",1996,4,80 - 84,7985,7098
"2090",1996,4,85 - 89,17010,8148
"2090",1996,4,90 - 94,0,0
"2090",1996,4,95+,0,0
"2090",1996,4,UNK,0,1
"2090",1996,5,Total,1604,2057
"2090",1996,5,0,104,144
"2090",1996,5,1,9,12
"2090",1996,5,2,2,5
"2090",1996,5,3,1,1
"2090",1996,5,4,3,4
"2090",1996,5,5 - 9,3,5
"2090",1996,5,10 - 14,9,8
"2090",1996,5,15 - 19,16,25
"2090",1996,5,20 - 24,18,61
"2090",1996,5,25 - 29,29,79
"2090",1996,5,30 - 34,41,133
"2090",1996,5,35 - 39,46,157
"2090",1996,5,40 - 44,74,163
"2090",1996,5,45 - 49,54,130
"2090",1996,5,50 - 54,47,122
"2090",1996,5,55 - 59,47,118
"2090",1996,5,60 - 64,51,122
"2090",1996,5,65 - 69,72,121
"2090",1996,5,70 - 74,103,162
"2090",1996,5,75 - 79,105,128
"2090",1996,5,80 - 84,161,136
"2090",1996,5,85 - 89,609,221
"2090",1996,5,90 - 94,0,0
"2090",1996,5,95+,0,0
"2090",1996,5,UNK,0,0
"2090",1996,6,Total,3213,2091
"2090",1996,6,0,0,0
"2090",1996,6,1,0,0
"2090",1996,6,2,0,0
"2090",1996,6,3,0,0
"2090",1996,6,4,1,0
"2090",1996,6,5 - 9,0,0
"2090",1996,6,10 - 14,1,0
"2090",1996,6,15 - 19,1,2
"2090",1996,6,20 - 24,2,4
"2090",1996,6,25 - 29,4,4
"2090",1996,6,30 - 34,13,14
"2090",1996,6,35 - 39,12,33
"2090",1996,6,40 - 44,18,50
"2090",1996,6,45 - 49,15,65
"2090",1996,6,50 - 54,26,59
"2090",1996,6,55 - 59,31,77
"2090",1996,6,60 - 64,40,93
"2090",1996,6,65 - 69,66,142
"2090",1996,6,70 - 74,135,197
"2090",1996,6,75 - 79,280,260
"2090",1996,6,80 - 84,565,373
"2090",1996,6,85 - 89,2003,718
"2090",1996,6,90 - 94,0,0
"2090",1996,6,95+,0,0
"2090",1996,6,UNK,0,0
"2090",1996,7,Total,3546,2822
"2090",1996,7,0,18,24
"2090",1996,7,1,2,8
"2090",1996,7,2,3,0
"2090",1996,7,3,7,3
"2090",1996,7,4,2,3
"2090",1996,7,5 - 9,15,10
"2090",1996,7,10 - 14,5,16
"2090",1996,7,15 - 19,16,26
"2090",1996,7,20 - 24,18,22
"2090",1996,7,25 - 29,15,22
"2090",1996,7,30 - 34,22,22
"2090",1996,7,35 - 39,25,50
"2090",1996,7,40 - 44,40,66
"2090",1996,7,45 - 49,70,67
"2090",1996,7,50 - 54,62,80
"2090",1996,7,55 - 59,61,73
"2090",1996,7,60 - 64,113,136
"2090",1996,7,65 - 69,170,235
"2090",1996,7,70 - 74,331,338
"2090",1996,7,75 - 79,492,462
"2090",1996,7,80 - 84,703,533
"2090",1996,7,85 - 89,1356,626
"2090",1996,7,90 - 94,0,0
"2090",1996,7,95+,0,0
"2090",1996,7,UNK,0,0
"2090",1996,8,Total,3670,4575
"2090",1996,8,0,7,10
"2090",1996,8,1,2,2
"2090",1996,8,2,3,7
"2090",1996,8,3,2,5
"2090",1996,8,4,0,1
"2090",1996,8,5 - 9,5,3
"2090",1996,8,10 - 14,6,6
"2090",1996,8,15 - 19,4,8
"2090",1996,8,20 - 24,12,17
"2090",1996,8,25 - 29,33,84
"2090",1996,8,30 - 34,49,266
"2090",1996,8,35 - 39,43,321
"2090",1996,8,40 - 44,43,287
"2090",1996,8,45 - 49,46,226
"2090",1996,8,50 - 54,64,217
"2090",1996,8,55 - 59,115,218
"2090",1996,8,60 - 64,187,282
"2090",1996,8,65 - 69,296,439
"2090",1996,8,70 - 74,436,545
"2090",1996,8,75 - 79,537,558
"2090",1996,8,80 - 84,681,507
"2090",1996,8,85 - 89,1099,566
"2090",1996,8,90 - 94,0,0
"2090",1996,8,95+,0,0
"2090",1996,8,UNK,0,0
"2090",1996,9,Total,3689,3773
"2090",1996,9,0,7,15
"2090",1996,9,1,2,1
"2090",1996,9,2,1,0
"2090",1996,9,3,0,1
"2090",1996,9,4,0,2
"2090",1996,9,5 - 9,2,3
"2090",1996,9,10 - 14,6,2
"2090",1996,9,15 - 19,6,2
"2090",1996,9,20 - 24,4,4
"2090",1996,9,25 - 29,9,6
"2090",1996,9,30 - 34,19,26
"2090",1996,9,35 - 39,30,55
"2090",1996,9,40 - 44,56,134
"2090",1996,9,45 - 49,71,160
"2090",1996,9,50 - 54,99,205
"2090",1996,9,55 - 59,120,238
"2090",1996,9,60 - 64,170,337
"2090",1996,9,65 - 69,255,547
"2090",1996,9,70 - 74,400,529
"2090",1996,9,75 - 79,497,465
"2090",1996,9,80 - 84,647,459
"2090",1996,9,85 - 89,1288,582
"2090",1996,9,90 - 94,0,0
"2090",1996,9,95+,0,0
"2090",1996,9,UNK,0,0
"2090",1996,10,Total,1829,1785
"2090",1996,10,0,7,3
"2090",1996,10,1,0,0
"2090",1996,10,2,2,1
"2090",1996,10,3,0,0
"2090",1996,10,4,0,0
"2090",1996,10,5 - 9,1,0
"2090",1996,10,10 - 14,0,0
"2090",1996,10,15 - 19,2,0
"2090",1996,10,20 - 24,3,2
"2090",1996,10,25 - 29,3,2
"2090",1996,10,30 - 34,7,11
"2090",1996,10,35 - 39,3,16
"2090",1996,10,40 - 44,9,8
"2090",1996,10,45 - 49,18,21
"2090",1996,10,50 - 54,21,24
"2090",1996,10,55 - 59,36,55
"2090",1996,10,60 - 64,51,76
"2090",1996,10,65 - 69,87,135
"2090",1996,10,70 - 74,172,229
"2090",1996,10,75 - 79,281,324
"2090",1996,10,80 - 84,366,340
"2090",1996,10,85 - 89,760,538
"2090",1996,10,90 - 94,0,0
"2090",1996,10,95+,0,0
"2090",1996,10,UNK,0,0
"2090",1996,11,Total,911,1137
"2090",1996,11,0,678,878
"2090",1996,11,1,20,17
"2090",1996,11,2,7,8
"2090",1996,11,3,8,8
"2090",1996,11,4,5,4
"2090",1996,11,5 - 9,11,9
"2090",1996,11,10 - 14,14,19
"2090",1996,11,15 - 19,8,14
"2090",1996,11,20 - 24,8,14
"2090",1996,11,25 - 29,8,19
"2090",1996,11,30 - 34,11,10
"2090",1996,11,35 - 39,11,18
"2090",1996,11,40 - 44,8,9
"2090",1996,11,45 - 49,17,16
"2090",1996,11,50 - 54,12,9
"2090",1996,11,55 - 59,10,15
"2090",1996,11,60 - 64,13,12
"2090",1996,11,65 - 69,10,12
"2090",1996,11,70 - 74,14,12
"2090",1996,11,75 - 79,17,15
"2090",1996,11,80 - 84,10,7
"2090",1996,11,85 - 89,11,12
"2090",1996,11,90 - 94,0,0
"2090",1996,11,95+,0,0
"2090",1996,11,UNK,0,0
"2090",1996,12,Total,8836,10301
"2090",1996,12,0,18,13
"2090",1996,12,1,6,7
"2090",1996,12,2,1,4
"2090",1996,12,3,0,6
"2090",1996,12,4,4,4
"2090",1996,12,5 - 9,2,5
"2090",1996,12,10 - 14,5,4
"2090",1996,12,15 - 19,3,7
"2090",1996,12,20 - 24,9,10
"2090",1996,12,25 - 29,11,19
"2090",1996,12,30 - 34,14,22
"2090",1996,12,35 - 39,27,27
"2090",1996,12,40 - 44,34,44
"2090",1996,12,45 - 49,48,85
"2090",1996,12,50 - 54,97,129
"2090",1996,12,55 - 59,147,212
"2090",1996,12,60 - 64,273,437
"2090",1996,12,65 - 69,530,812
"2090",1996,12,70 - 74,907,1463
"2090",1996,12,75 - 79,1289,1852
"2090",1996,12,80 - 84,1656,2220
"2090",1996,12,85 - 89,3755,2919
"2090",1996,12,90 - 94,0,0
"2090",1996,12,95+,0,0
"2090",1996,12,UNK,0,0
"2090",1996,13,Total,4247,8701
"2090",1996,13,0,11,20
"2090",1996,13,1,11,20
"2090",1996,13,2,12,20
"2090",1996,13,3,15,18
"2090",1996,13,4,9,27
"2090",1996,13,5 - 9,58,81
"2090",1996,13,10 - 14,47,97
"2090",1996,13,15 - 19,195,549
"2090",1996,13,20 - 24,172,763
"2090",1996,13,25 - 29,142,691
"2090",1996,13,30 - 34,216,799
"2090",1996,13,35 - 39,244,850
"2090",1996,13,40 - 44,265,759
"2090",1996,13,45 - 49,221,624
"2090",1996,13,50 - 54,180,515
"2090",1996,13,55 - 59,148,356
"2090",1996,13,60 - 64,139,347
"2090",1996,13,65 - 69,157,367
"2090",1996,13,70 - 74,212,395
"2090",1996,13,75 - 79,305,395
"2090",1996,13,80 - 84,446,406
"2090",1996,13,85 - 89,1041,601
"2090",1996,13,90 - 94,0,0
"2090",1996,13,95+,0,0
"2090",1996,13,UNK,1,1
"2090",1996,14,Total,167,344
"2090",1996,14,0,3,13
"2090",1996,14,1,4,3
"2090",1996,14,2,1,3
"2090",1996,14,3,2,1
"2090",1996,14,4,1,0
"2090",1996,14,5 - 9,8,4
"2090",1996,14,10 - 14,4,5
"2090",1996,14,15 - 19,16,27
"2090",1996,14,20 - 24,13,34
"2090",1996,14,25 - 29,13,40
"2090",1996,14,30 - 34,14,48
"2090",1996,14,35 - 39,21,32
"2090",1996,14,40 - 44,18,36
"2090",1996,14,45 - 49,12,32
"2090",1996,14,50 - 54,11,24
"2090",1996,14,55 - 59,8,15
"2090",1996,14,60 - 64,2,9
"2090",1996,14,65 - 69,1,9
"2090",1996,14,70 - 74,8,6
"2090",1996,14,75 - 79,6,0
"2090",1996,14,80 - 84,0,0
"2090",1996,14,85 - 89,1,2
"2090",1996,14,90 - 94,0,0
"2090",1996,14,95+,0,0
"2090",1996,14,UNK,0,1
"2090",1997,1,Total,103683,111985
"2090",1997,1,0,851,1076
"2090",1997,1,1,77,88
"2090",1997,1,2,54,78
"2090",1997,1,3,35,50
"2090",1997,1,4,39,34
"2090",1997,1,5 - 9,140,176
"2090",1997,1,10 - 14,154,246
"2090",1997,1,15 - 19,331,824
"2090",1997,1,20 - 24,314,981
"2090",1997,1,25 - 29,396,965
"2090",1997,1,30 - 34,591,1429
"2090",1997,1,35 - 39,966,1890
"2090",1997,1,40 - 44,1450,2471
"2090",1997,1,45 - 49,2025,3150
"2090",1997,1,50 - 54,2538,4234
"2090",1997,1,55 - 59,3360,5528
"2090",1997,1,60 - 64,4751,7938
"2090",1997,1,65 - 69,7265,12061
"2090",1997,1,70 - 74,10775,15499
"2090",1997,1,75 - 79,14419,17271
"2090",1997,1,80 - 84,17570,16644
"2090",1997,1,85 - 89,35567,19338
"2090",1997,1,90 - 94,0,0
"2090",1997,1,95+,0,0
"2090",1997,1,UNK,15,14
"2090",1997,2,Total,952,904
"2090",1997,2,0,12,10
"2090",1997,2,1,3,5
"2090",1997,2,2,3,3
"2090",1997,2,3,2,0
"2090",1997,2,4,0,0
"2090",1997,2,5 - 9,5,4
"2090",1997,2,10 - 14,1,5
"2090",1997,2,15 - 19,7,5
"2090",1997,2,20 - 24,6,5
"2090",1997,2,25 - 29,9,6
"2090",1997,2,30 - 34,11,15
"2090",1997,2,35 - 39,8,14
"2090",1997,2,40 - 44,18,36
"2090",1997,2,45 - 49,23,39
"2090",1997,2,50 - 54,23,47
"2090",1997,2,55 - 59,28,45
"2090",1997,2,60 - 64,43,53
"2090",1997,2,65 - 69,86,91
"2090",1997,2,70 - 74,113,114
"2090",1997,2,75 - 79,116,126
"2090",1997,2,80 - 84,158,126
"2090",1997,2,85 - 89,277,155
"2090",1997,2,90 - 94,0,0
"2090",1997,2,95+,0,0
"2090",1997,2,UNK,0,0
"2090",1997,3,Total,27682,32093
"2090",1997,3,0,12,7
"2090",1997,3,1,2,6
"2090",1997,3,2,8,13
"2090",1997,3,3,6,6
"2090",1997,3,4,5,5
"2090",1997,3,5 - 9,29,34
"2090",1997,3,10 - 14,26,32
"2090",1997,3,15 - 19,33,53
"2090",1997,3,20 - 24,44,55
"2090",1997,3,25 - 29,75,89
"2090",1997,3,30 - 34,145,143
"2090",1997,3,35 - 39,388,263
"2090",1997,3,40 - 44,694,522
"2090",1997,3,45 - 49,1074,868
"2090",1997,3,50 - 54,1446,1499
"2090",1997,3,55 - 59,1892,2295
"2090",1997,3,60 - 64,2436,3311
"2090",1997,3,65 - 69,3269,4776
"2090",1997,3,70 - 74,4066,5547
"2090",1997,3,75 - 79,4245,5212
"2090",1997,3,80 - 84,3700,4049
"2090",1997,3,85 - 89,4081,3303
"2090",1997,3,90 - 94,0,0
"2090",1997,3,95+,0,0
"2090",1997,3,UNK,6,5
"2090",1997,4,Total,39619,39838
"2090",1997,4,0,19,17
"2090",1997,4,1,5,3
"2090",1997,4,2,4,4
"2090",1997,4,3,1,2
"2090",1997,4,4,2,1
"2090",1997,4,5 - 9,8,5
"2090",1997,4,10 - 14,8,16
"2090",1997,4,15 - 19,15,19
"2090",1997,4,20 - 24,11,23
"2090",1997,4,25 - 29,26,53
"2090",1997,4,30 - 34,51,83
"2090",1997,4,35 - 39,118,233
"2090",1997,4,40 - 44,196,469
"2090",1997,4,45 - 49,291,836
"2090",1997,4,50 - 54,421,1277
"2090",1997,4,55 - 59,632,1720
"2090",1997,4,60 - 64,1076,2699
"2090",1997,4,65 - 69,2051,4180
"2090",1997,4,70 - 74,3660,5819
"2090",1997,4,75 - 79,5713,6872
"2090",1997,4,80 - 84,7818,6974
"2090",1997,4,85 - 89,17488,8529
"2090",1997,4,90 - 94,0,0
"2090",1997,4,95+,0,0
"2090",1997,4,UNK,5,4
"2090",1997,5,Total,2634,3312
"2090",1997,5,0,105,165
"2090",1997,5,1,13,24
"2090",1997,5,2,4,12
"2090",1997,5,3,2,8
"2090",1997,5,4,4,0
"2090",1997,5,5 - 9,9,7
"2090",1997,5,10 - 14,10,8
"2090",1997,5,15 - 19,25,56
"2090",1997,5,20 - 24,24,67
"2090",1997,5,25 - 29,38,92
"2090",1997,5,30 - 34,47,149
"2090",1997,5,35 - 39,67,196
"2090",1997,5,40 - 44,76,197
"2090",1997,5,45 - 49,105,175
"2090",1997,5,50 - 54,77,210
"2090",1997,5,55 - 59,100,196
"2090",1997,5,60 - 64,105,212
"2090",1997,5,65 - 69,167,274
"2090",1997,5,70 - 74,205,302
"2090",1997,5,75 - 79,255,306
"2090",1997,5,80 - 84,283,261
"2090",1997,5,85 - 89,912,393
"2090",1997,5,90 - 94,0,0
"2090",1997,5,95+,0,0
"2090",1997,5,UNK,1,2
"2090",1997,6,Total,3602,2253
"2090",1997,6,0,0,0
"2090",1997,6,1,1,0
"2090",1997,6,2,0,0
"2090",1997,6,3,0,0
"2090",1997,6,4,1,0
"2090",1997,6,5 - 9,1,0
"2090",1997,6,10 - 14,0,1
"2090",1997,6,15 - 19,2,3
"2090",1997,6,20 - 24,3,3
"2090",1997,6,25 - 29,3,10
"2090",1997,6,30 - 34,12,15
"2090",1997,6,35 - 39,15,33
"2090",1997,6,40 - 44,11,61
"2090",1997,6,45 - 49,22,58
"2090",1997,6,50 - 54,24,52
"2090",1997,6,55 - 59,15,58
"2090",1997,6,60 - 64,34,96
"2090",1997,6,65 - 69,80,151
"2090",1997,6,70 - 74,143,181
"2090",1997,6,75 - 79,330,338
"2090",1997,6,80 - 84,664,458
"2090",1997,6,85 - 89,2240,735
"2090",1997,6,90 - 94,0,0
"2090",1997,6,95+,0,0
"2090",1997,6,UNK,1,0
"2090",1997,7,Total,3714,2843
"2090",1997,7,0,23,21
"2090",1997,7,1,6,7
"2090",1997,7,2,5,4
"2090",1997,7,3,4,5
"2090",1997,7,4,6,3
"2090",1997,7,5 - 9,11,17
"2090",1997,7,10 - 14,13,13
"2090",1997,7,15 - 19,6,22
"2090",1997,7,20 - 24,11,25
"2090",1997,7,25 - 29,10,13
"2090",1997,7,30 - 34,23,30
"2090",1997,7,35 - 39,33,49
"2090",1997,7,40 - 44,44,57
"2090",1997,7,45 - 49,42,58
"2090",1997,7,50 - 54,70,76
"2090",1997,7,55 - 59,84,88
"2090",1997,7,60 - 64,127,108
"2090",1997,7,65 - 69,174,216
"2090",1997,7,70 - 74,316,361
"2090",1997,7,75 - 79,555,502
"2090",1997,7,80 - 84,737,576
"2090",1997,7,85 - 89,1413,592
"2090",1997,7,90 - 94,0,0
"2090",1997,7,95+,0,0
"2090",1997,7,UNK,1,0
"2090",1997,8,Total,3912,4042
"2090",1997,8,0,8,18
"2090",1997,8,1,5,3
"2090",1997,8,2,1,4
"2090",1997,8,3,0,0
"2090",1997,8,4,1,0
"2090",1997,8,5 - 9,5,9
"2090",1997,8,10 - 14,9,6
"2090",1997,8,15 - 19,6,9
"2090",1997,8,20 - 24,12,21
"2090",1997,8,25 - 29,21,45
"2090",1997,8,30 - 34,32,124
"2090",1997,8,35 - 39,43,158
"2090",1997,8,40 - 44,50,173
"2090",1997,8,45 - 49,59,155
"2090",1997,8,50 - 54,63,191
"2090",1997,8,55 - 59,109,200
"2090",1997,8,60 - 64,192,293
"2090",1997,8,65 - 69,289,465
"2090",1997,8,70 - 74,453,552
"2090",1997,8,75 - 79,608,556
"2090",1997,8,80 - 84,724,515
"2090",1997,8,85 - 89,1222,545
"2090",1997,8,90 - 94,0,0
"2090",1997,8,95+,0,0
"2090",1997,8,UNK,0,0
"2090",1997,9,Total,3839,3791
"2090",1997,9,0,14,6
"2090",1997,9,1,1,3
"2090",1997,9,2,0,1
"2090",1997,9,3,1,1
"2090",1997,9,4,1,1
"2090",1997,9,5 - 9,4,4
"2090",1997,9,10 - 14,4,4
"2090",1997,9,15 - 19,1,4
"2090",1997,9,20 - 24,4,7
"2090",1997,9,25 - 29,8,9
"2090",1997,9,30 - 34,18,15
"2090",1997,9,35 - 39,29,49
"2090",1997,9,40 - 44,58,98
"2090",1997,9,45 - 49,68,164
"2090",1997,9,50 - 54,96,178
"2090",1997,9,55 - 59,105,261
"2090",1997,9,60 - 64,181,323
"2090",1997,9,65 - 69,302,470
"2090",1997,9,70 - 74,412,491
"2090",1997,9,75 - 79,532,538
"2090",1997,9,80 - 84,624,523
"2090",1997,9,85 - 89,1376,641
"2090",1997,9,90 - 94,0,0
"2090",1997,9,95+,0,0
"2090",1997,9,UNK,0,0
"2090",1997,10,Total,1818,1798
"2090",1997,10,0,2,1
"2090",1997,10,1,1,0
"2090",1997,10,2,0,0
"2090",1997,10,3,0,0
"2090",1997,10,4,0,0
"2090",1997,10,5 - 9,0,1
"2090",1997,10,10 - 14,0,1
"2090",1997,10,15 - 19,3,2
"2090",1997,10,20 - 24,0,1
"2090",1997,10,25 - 29,3,0
"2090",1997,10,30 - 34,6,3
"2090",1997,10,35 - 39,4,12
"2090",1997,10,40 - 44,9,15
"2090",1997,10,45 - 49,17,18
"2090",1997,10,50 - 54,15,26
"2090",1997,10,55 - 59,45,40
"2090",1997,10,60 - 64,58,64
"2090",1997,10,65 - 69,92,143
"2090",1997,10,70 - 74,160,240
"2090",1997,10,75 - 79,258,343
"2090",1997,10,80 - 84,365,364
"2090",1997,10,85 - 89,780,524
"2090",1997,10,90 - 94,0,0
"2090",1997,10,95+,0,0
"2090",1997,10,UNK,0,0
"2090",1997,11,Total,819,1031
"2090",1997,11,0,619,783
"2090",1997,11,1,18,12
"2090",1997,11,2,7,8
"2090",1997,11,3,6,6
"2090",1997,11,4,1,2
"2090",1997,11,5 - 9,8,14
"2090",1997,11,10 - 14,11,10
"2090",1997,11,15 - 19,4,21
"2090",1997,11,20 - 24,9,13
"2090",1997,11,25 - 29,13,10
"2090",1997,11,30 - 34,13,11
"2090",1997,11,35 - 39,11,10
"2090",1997,11,40 - 44,8,19
"2090",1997,11,45 - 49,8,21
"2090",1997,11,50 - 54,7,12
"2090",1997,11,55 - 59,14,12
"2090",1997,11,60 - 64,13,14
"2090",1997,11,65 - 69,11,7
"2090",1997,11,70 - 74,5,8
"2090",1997,11,75 - 79,11,12
"2090",1997,11,80 - 84,12,13
"2090",1997,11,85 - 89,10,13
"2090",1997,11,90 - 94,0,0
"2090",1997,11,95+,0,0
"2090",1997,11,UNK,0,0
"2090",1997,12,Total,9425,10611
"2090",1997,12,0,11,18
"2090",1997,12,1,3,5
"2090",1997,12,2,4,2
"2090",1997,12,3,3,1
"2090",1997,12,4,3,0
"2090",1997,12,5 - 9,6,1
"2090",1997,12,10 - 14,7,4
"2090",1997,12,15 - 19,5,12
"2090",1997,12,20 - 24,14,11
"2090",1997,12,25 - 29,9,11
"2090",1997,12,30 - 34,18,17
"2090",1997,12,35 - 39,20,32
"2090",1997,12,40 - 44,34,38
"2090",1997,12,45 - 49,71,77
"2090",1997,12,50 - 54,97,114
"2090",1997,12,55 - 59,157,182
"2090",1997,12,60 - 64,277,382
"2090",1997,12,65 - 69,514,846
"2090",1997,12,70 - 74,872,1447
"2090",1997,12,75 - 79,1348,1969
"2090",1997,12,80 - 84,1822,2252
"2090",1997,12,85 - 89,4130,3187
"2090",1997,12,90 - 94,0,0
"2090",1997,12,95+,0,0
"2090",1997,12,UNK,0,3
"2090",1997,13,Total,4179,8439
"2090",1997,13,0,23,26
"2090",1997,13,1,17,16
"2090",1997,13,2,14,21
"2090",1997,13,3,9,18
"2090",1997,13,4,13,20
"2090",1997,13,5 - 9,45,73
"2090",1997,13,10 - 14,59,140
"2090",1997,13,15 - 19,212,591
"2090",1997,13,20 - 24,158,713
"2090",1997,13,25 - 29,156,581
"2090",1997,13,30 - 34,185,779
"2090",1997,13,35 - 39,200,814
"2090",1997,13,40 - 44,224,752
"2090",1997,13,45 - 49,214,640
"2090",1997,13,50 - 54,170,521
"2090",1997,13,55 - 59,141,391
"2090",1997,13,60 - 64,151,338
"2090",1997,13,65 - 69,152,370
"2090",1997,13,70 - 74,254,348
"2090",1997,13,75 - 79,276,369
"2090",1997,13,80 - 84,427,391
"2090",1997,13,85 - 89,1078,527
"2090",1997,13,90 - 94,0,0
"2090",1997,13,95+,0,0
"2090",1997,13,UNK,1,0
"2090",1997,14,Total,146,285
"2090",1997,14,0,2,3
"2090",1997,14,1,2,3
"2090",1997,14,2,4,3
"2090",1997,14,3,1,3
"2090",1997,14,4,1,2
"2090",1997,14,5 - 9,6,6
"2090",1997,14,10 - 14,4,6
"2090",1997,14,15 - 19,7,23
"2090",1997,14,20 - 24,13,35
"2090",1997,14,25 - 29,13,42
"2090",1997,14,30 - 34,17,36
"2090",1997,14,35 - 39,16,20
"2090",1997,14,40 - 44,15,20
"2090",1997,14,45 - 49,13,26
"2090",1997,14,50 - 54,8,12
"2090",1997,14,55 - 59,4,10
"2090",1997,14,60 - 64,6,10
"2090",1997,14,65 - 69,2,9
"2090",1997,14,70 - 74,2,6
"2090",1997,14,75 - 79,6,3
"2090",1997,14,80 - 84,2,4
"2090",1997,14,85 - 89,2,3
"2090",1997,14,90 - 94,0,0
"2090",1997,14,95+,0,0
"2090",1997,14,UNK,0,0
"2090",1998,1,Total,105084,113006
"2090",1998,1,0,809,1001
"2090",1998,1,1,70,75
"2090",1998,1,2,34,58
"2090",1998,1,3,37,39
"2090",1998,1,4,30,45
"2090",1998,1,5 - 9,131,154
"2090",1998,1,10 - 14,135,209
"2090",1998,1,15 - 19,310,730
"2090",1998,1,20 - 24,310,1010
"2090",1998,1,25 - 29,349,1000
"2090",1998,1,30 - 34,570,1325
"2090",1998,1,35 - 39,986,1876
"2090",1998,1,40 - 44,1492,2432
"2090",1998,1,45 - 49,2028,3115
"2090",1998,1,50 - 54,2763,4217
"2090",1998,1,55 - 59,3430,5515
"2090",1998,1,60 - 64,4653,7583
"2090",1998,1,65 - 69,7168,12014
"2090",1998,1,70 - 74,10783,15644
"2090",1998,1,75 - 79,14744,17909
"2090",1998,1,80 - 84,17335,16818
"2090",1998,1,85 - 89,36916,20236
"2090",1998,1,90 - 94,0,0
"2090",1998,1,95+,0,0
"2090",1998,1,UNK,1,1
"2090",1998,2,Total,1048,1035
"2090",1998,2,0,18,17
"2090",1998,2,1,0,3
"2090",1998,2,2,2,2
"2090",1998,2,3,0,1
"2090",1998,2,4,2,0
"2090",1998,2,5 - 9,2,6
"2090",1998,2,10 - 14,3,4
"2090",1998,2,15 - 19,4,5
"2090",1998,2,20 - 24,1,6
"2090",1998,2,25 - 29,3,12
"2090",1998,2,30 - 34,11,16
"2090",1998,2,35 - 39,12,26
"2090",1998,2,40 - 44,29,34
"2090",1998,2,45 - 49,26,39
"2090",1998,2,50 - 54,31,49
"2090",1998,2,55 - 59,38,48
"2090",1998,2,60 - 64,53,57
"2090",1998,2,65 - 69,82,99
"2090",1998,2,70 - 74,91,135
"2090",1998,2,75 - 79,157,148
"2090",1998,2,80 - 84,159,142
"2090",1998,2,85 - 89,324,186
"2090",1998,2,90 - 94,0,0
"2090",1998,2,95+,0,0
"2090",1998,2,UNK,0,0
"2090",1998,3,Total,28772,32955
"2090",1998,3,0,13,9
"2090",1998,3,1,9,4
"2090",1998,3,2,1,5
"2090",1998,3,3,5,8
"2090",1998,3,4,9,3
"2090",1998,3,5 - 9,29,31
"2090",1998,3,10 - 14,22,18
"2090",1998,3,15 - 19,28,46
"2090",1998,3,20 - 24,34,62
"2090",1998,3,25 - 29,68,102
"2090",1998,3,30 - 34,153,168
"2090",1998,3,35 - 39,385,283
"2090",1998,3,40 - 44,747,493
"2090",1998,3,45 - 49,1153,911
"2090",1998,3,50 - 54,1585,1548
"2090",1998,3,55 - 59,1988,2290
"2090",1998,3,60 - 64,2477,3210
"2090",1998,3,65 - 69,3321,5003
"2090",1998,3,70 - 74,4264,5678
"2090",1998,3,75 - 79,4491,5461
"2090",1998,3,80 - 84,3651,4141
"2090",1998,3,85 - 89,4339,3481
"2090",1998,3,90 - 94,0,0
"2090",1998,3,95+,0,0
"2090",1998,3,UNK,0,0
"2090",1998,4,Total,39447,39942
"2090",1998,4,0,21,20
"2090",1998,4,1,5,5
"2090",1998,4,2,3,3
"2090",1998,4,3,0,1
"2090",1998,4,4,0,1
"2090",1998,4,5 - 9,7,9
"2090",1998,4,10 - 14,4,7
"2090",1998,4,15 - 19,16,14
"2090",1998,4,20 - 24,13,28
"2090",1998,4,25 - 29,22,40
"2090",1998,4,30 - 34,38,80
"2090",1998,4,35 - 39,86,248
"2090",1998,4,40 - 44,189,470
"2090",1998,4,45 - 49,254,812
"2090",1998,4,50 - 54,475,1260
"2090",1998,4,55 - 59,592,1717
"2090",1998,4,60 - 64,1037,2513
"2090",1998,4,65 - 69,1966,4084
"2090",1998,4,70 - 74,3536,5695
"2090",1998,4,75 - 79,5648,7144
"2090",1998,4,80 - 84,7706,6983
"2090",1998,4,85 - 89,17829,8808
"2090",1998,4,90 - 94,0,0
"2090",1998,4,95+,0,0
"2090",1998,4,UNK,0,0
"2090",1998,5,Total,1474,1802
"2090",1998,5,0,84,132
"2090",1998,5,1,7,9
"2090",1998,5,2,1,4
"2090",1998,5,3,3,2
"2090",1998,5,4,2,4
"2090",1998,5,5 - 9,3,8
"2090",1998,5,10 - 14,8,6
"2090",1998,5,15 - 19,14,34
"2090",1998,5,20 - 24,21,66
"2090",1998,5,25 - 29,18,70
"2090",1998,5,30 - 34,39,76
"2090",1998,5,35 - 39,39,104
"2090",1998,5,40 - 44,41,127
"2090",1998,5,45 - 49,50,122
"2090",1998,5,50 - 54,38,107
"2090",1998,5,55 - 59,49,96
"2090",1998,5,60 - 64,48,105
"2090",1998,5,65 - 69,67,121
"2090",1998,5,70 - 74,87,124
"2090",1998,5,75 - 79,118,123
"2090",1998,5,80 - 84,127,115
"2090",1998,5,85 - 89,610,246
"2090",1998,5,90 - 94,0,0
"2090",1998,5,95+,0,0
"2090",1998,5,UNK,0,1
"2090",1998,6,Total,3863,2413
"2090",1998,6,0,0,0
"2090",1998,6,1,0,2
"2090",1998,6,2,0,0
"2090",1998,6,3,0,0
"2090",1998,6,4,0,0
"2090",1998,6,5 - 9,0,0
"2090",1998,6,10 - 14,1,0
"2090",1998,6,15 - 19,3,0
"2090",1998,6,20 - 24,7,7
"2090",1998,6,25 - 29,3,8
"2090",1998,6,30 - 34,7,25
"2090",1998,6,35 - 39,18,42
"2090",1998,6,40 - 44,22,53
"2090",1998,6,45 - 49,20,63
"2090",1998,6,50 - 54,29,60
"2090",1998,6,55 - 59,23,79
"2090",1998,6,60 - 64,45,91
"2090",1998,6,65 - 69,71,162
"2090",1998,6,70 - 74,145,223
"2090",1998,6,75 - 79,350,325
"2090",1998,6,80 - 84,646,471
"2090",1998,6,85 - 89,2473,802
"2090",1998,6,90 - 94,0,0
"2090",1998,6,95+,0,0
"2090",1998,6,UNK,0,0
"2090",1998,7,Total,3645,2947
"2090",1998,7,0,15,32
"2090",1998,7,1,6,4
"2090",1998,7,2,6,5
"2090",1998,7,3,1,4
"2090",1998,7,4,0,3
"2090",1998,7,5 - 9,10,11
"2090",1998,7,10 - 14,14,24
"2090",1998,7,15 - 19,9,26
"2090",1998,7,20 - 24,17,38
"2090",1998,7,25 - 29,16,24
"2090",1998,7,30 - 34,19,28
"2090",1998,7,35 - 39,38,50
"2090",1998,7,40 - 44,36,61
"2090",1998,7,45 - 49,54,63
"2090",1998,7,50 - 54,66,81
"2090",1998,7,55 - 59,87,95
"2090",1998,7,60 - 64,96,122
"2090",1998,7,65 - 69,169,201
"2090",1998,7,70 - 74,330,358
"2090",1998,7,75 - 79,522,511
"2090",1998,7,80 - 84,683,536
"2090",1998,7,85 - 89,1451,670
"2090",1998,7,90 - 94,0,0
"2090",1998,7,95+,0,0
"2090",1998,7,UNK,0,0
"2090",1998,8,Total,3877,4037
"2090",1998,8,0,7,17
"2090",1998,8,1,4,2
"2090",1998,8,2,1,1
"2090",1998,8,3,0,0
"2090",1998,8,4,1,1
"2090",1998,8,5 - 9,9,1
"2090",1998,8,10 - 14,3,5
"2090",1998,8,15 - 19,8,12
"2090",1998,8,20 - 24,18,15
"2090",1998,8,25 - 29,8,37
"2090",1998,8,30 - 34,32,83
"2090",1998,8,35 - 39,46,135
"2090",1998,8,40 - 44,50,142
"2090",1998,8,45 - 49,65,159
"2090",1998,8,50 - 54,58,169
"2090",1998,8,55 - 59,128,201
"2090",1998,8,60 - 64,168,258
"2090",1998,8,65 - 69,286,444
"2090",1998,8,70 - 74,450,570
"2090",1998,8,75 - 79,582,614
"2090",1998,8,80 - 84,700,558
"2090",1998,8,85 - 89,1252,613
"2090",1998,8,90 - 94,0,0
"2090",1998,8,95+,0,0
"2090",1998,8,UNK,1,0
"2090",1998,9,Total,4007,4020
"2090",1998,9,0,6,12
"2090",1998,9,1,3,4
"2090",1998,9,2,1,3
"2090",1998,9,3,2,2
"2090",1998,9,4,0,1
"2090",1998,9,5 - 9,1,1
"2090",1998,9,10 - 14,1,2
"2090",1998,9,15 - 19,5,4
"2090",1998,9,20 - 24,8,5
"2090",1998,9,25 - 29,5,9
"2090",1998,9,30 - 34,15,19
"2090",1998,9,35 - 39,32,61
"2090",1998,9,40 - 44,48,100
"2090",1998,9,45 - 49,65,174
"2090",1998,9,50 - 54,106,224
"2090",1998,9,55 - 59,134,263
"2090",1998,9,60 - 64,197,352
"2090",1998,9,65 - 69,267,490
"2090",1998,9,70 - 74,403,581
"2090",1998,9,75 - 79,582,575
"2090",1998,9,80 - 84,651,517
"2090",1998,9,85 - 89,1475,621
"2090",1998,9,90 - 94,0,0
"2090",1998,9,95+,0,0
"2090",1998,9,UNK,0,0
"2090",1998,10,Total,1972,1915
"2090",1998,10,0,1,1
"2090",1998,10,1,0,0
"2090",1998,10,2,1,0
"2090",1998,10,3,0,0
"2090",1998,10,4,0,0
"2090",1998,10,5 - 9,1,0
"2090",1998,10,10 - 14,2,0
"2090",1998,10,15 - 19,0,0
"2090",1998,10,20 - 24,1,4
"2090",1998,10,25 - 29,2,5
"2090",1998,10,30 - 34,6,7
"2090",1998,10,35 - 39,9,4
"2090",1998,10,40 - 44,19,11
"2090",1998,10,45 - 49,18,11
"2090",1998,10,50 - 54,23,34
"2090",1998,10,55 - 59,34,47
"2090",1998,10,60 - 64,59,75
"2090",1998,10,65 - 69,94,144
"2090",1998,10,70 - 74,167,271
"2090",1998,10,75 - 79,288,341
"2090",1998,10,80 - 84,381,402
"2090",1998,10,85 - 89,866,558
"2090",1998,10,90 - 94,0,0
"2090",1998,10,95+,0,0
"2090",1998,10,UNK,0,0
"2090",1998,11,Total,837,949
"2090",1998,11,0,614,710
"2090",1998,11,1,14,16
"2090",1998,11,2,7,8
"2090",1998,11,3,8,6
"2090",1998,11,4,1,5
"2090",1998,11,5 - 9,9,11
"2090",1998,11,10 - 14,4,13
"2090",1998,11,15 - 19,6,17
"2090",1998,11,20 - 24,8,8
"2090",1998,11,25 - 29,10,8
"2090",1998,11,30 - 34,8,18
"2090",1998,11,35 - 39,10,12
"2090",1998,11,40 - 44,10,15
"2090",1998,11,45 - 49,16,10
"2090",1998,11,50 - 54,11,17
"2090",1998,11,55 - 59,14,16
"2090",1998,11,60 - 64,13,21
"2090",1998,11,65 - 69,15,6
"2090",1998,11,70 - 74,11,6
"2090",1998,11,75 - 79,16,9
"2090",1998,11,80 - 84,12,12
"2090",1998,11,85 - 89,20,5
"2090",1998,11,90 - 94,0,0
"2090",1998,11,95+,0,0
"2090",1998,11,UNK,0,0
"2090",1998,12,Total,10454,11379
"2090",1998,12,0,12,17
"2090",1998,12,1,4,2
"2090",1998,12,2,1,3
"2090",1998,12,3,5,1
"2090",1998,12,4,3,4
"2090",1998,12,5 - 9,6,7
"2090",1998,12,10 - 14,7,7
"2090",1998,12,15 - 19,7,12
"2090",1998,12,20 - 24,16,15
"2090",1998,12,25 - 29,8,15
"2090",1998,12,30 - 34,15,30
"2090",1998,12,35 - 39,29,36
"2090",1998,12,40 - 44,42,59
"2090",1998,12,45 - 49,58,71
"2090",1998,12,50 - 54,118,125
"2090",1998,12,55 - 59,162,203
"2090",1998,12,60 - 64,273,393
"2090",1998,12,65 - 69,581,847
"2090",1998,12,70 - 74,970,1511
"2090",1998,12,75 - 79,1525,2147
"2090",1998,12,80 - 84,1954,2410
"2090",1998,12,85 - 89,4658,3464
"2090",1998,12,90 - 94,0,0
"2090",1998,12,95+,0,0
"2090",1998,12,UNK,0,0
"2090",1998,13,Total,4222,8573
"2090",1998,13,0,8,22
"2090",1998,13,1,16,22
"2090",1998,13,2,9,20
"2090",1998,13,3,11,13
"2090",1998,13,4,10,21
"2090",1998,13,5 - 9,47,65
"2090",1998,13,10 - 14,56,119
"2090",1998,13,15 - 19,199,528
"2090",1998,13,20 - 24,147,720
"2090",1998,13,25 - 29,169,638
"2090",1998,13,30 - 34,187,733
"2090",1998,13,35 - 39,249,829
"2090",1998,13,40 - 44,229,818
"2090",1998,13,45 - 49,224,645
"2090",1998,13,50 - 54,185,506
"2090",1998,13,55 - 59,145,418
"2090",1998,13,60 - 64,128,348
"2090",1998,13,65 - 69,171,336
"2090",1998,13,70 - 74,215,377
"2090",1998,13,75 - 79,297,405
"2090",1998,13,80 - 84,458,395
"2090",1998,13,85 - 89,1062,595
"2090",1998,13,90 - 94,0,0
"2090",1998,13,95+,0,0
"2090",1998,13,UNK,0,0
"2090",1998,14,Total,155,312
"2090",1998,14,0,7,7
"2090",1998,14,1,1,2
"2090",1998,14,2,1,3
"2090",1998,14,3,2,1
"2090",1998,14,4,2,2
"2090",1998,14,5 - 9,3,3
"2090",1998,14,10 - 14,8,2
"2090",1998,14,15 - 19,9,27
"2090",1998,14,20 - 24,16,35
"2090",1998,14,25 - 29,11,29
"2090",1998,14,30 - 34,22,35
"2090",1998,14,35 - 39,18,36
"2090",1998,14,40 - 44,14,37
"2090",1998,14,45 - 49,7,19
"2090",1998,14,50 - 54,10,20
"2090",1998,14,55 - 59,5,18
"2090",1998,14,60 - 64,8,7
"2090",1998,14,65 - 69,0,11
"2090",1998,14,70 - 74,2,8
"2090",1998,14,75 - 79,5,4
"2090",1998,14,80 - 84,3,2
"2090",1998,14,85 - 89,1,4
"2090",1998,14,90 - 94,0,0
"2090",1998,14,95+,0,0
"2090",1998,14,UNK,0,0
"2090",1999,1,Total,105861,113669
"2090",1999,1,0,791,985
"2090",1999,1,1,71,82
"2090",1999,1,2,39,48
"2090",1999,1,3,36,50
"2090",1999,1,4,27,34
"2090",1999,1,5 - 9,115,169
"2090",1999,1,10 - 14,117,213
"2090",1999,1,15 - 19,338,726
"2090",1999,1,20 - 24,311,974
"2090",1999,1,25 - 29,380,950
"2090",1999,1,30 - 34,523,1242
"2090",1999,1,35 - 39,1001,1812
"2090",1999,1,40 - 44,1571,2492
"2090",1999,1,45 - 49,1930,3283
"2090",1999,1,50 - 54,2846,4344
"2090",1999,1,55 - 59,3463,5628
"2090",1999,1,60 - 64,4581,7570
"2090",1999,1,65 - 69,6994,11570
"2090",1999,1,70 - 74,10321,15458
"2090",1999,1,75 - 79,15059,18287
"2090",1999,1,80 - 84,17200,16526
"2090",1999,1,85 - 89,38147,21225
"2090",1999,1,90 - 94,0,0
"2090",1999,1,95+,0,0
"2090",1999,1,UNK,0,1
"2090",1999,2,Total,1089,1063
"2090",1999,2,0,15,18
"2090",1999,2,1,0,7
"2090",1999,2,2,2,2
"2090",1999,2,3,1,1
"2090",1999,2,4,0,0
"2090",1999,2,5 - 9,3,2
"2090",1999,2,10 - 14,6,3
"2090",1999,2,15 - 19,5,2
"2090",1999,2,20 - 24,2,4
"2090",1999,2,25 - 29,4,7
"2090",1999,2,30 - 34,8,11
"2090",1999,2,35 - 39,17,22
"2090",1999,2,40 - 44,26,39
"2090",1999,2,45 - 49,33,56
"2090",1999,2,50 - 54,26,60
"2090",1999,2,55 - 59,35,53
"2090",1999,2,60 - 64,52,65
"2090",1999,2,65 - 69,75,96
"2090",1999,2,70 - 74,113,118
"2090",1999,2,75 - 79,170,182
"2090",1999,2,80 - 84,129,132
"2090",1999,2,85 - 89,367,183
"2090",1999,2,90 - 94,0,0
"2090",1999,2,95+,0,0
"2090",1999,2,UNK,0,0
"2090",1999,3,Total,29177,33592
"2090",1999,3,0,8,6
"2090",1999,3,1,7,7
"2090",1999,3,2,6,10
"2090",1999,3,3,8,9
"2090",1999,3,4,5,1
"2090",1999,3,5 - 9,31,27
"2090",1999,3,10 - 14,17,39
"2090",1999,3,15 - 19,28,35
"2090",1999,3,20 - 24,47,62
"2090",1999,3,25 - 29,75,80
"2090",1999,3,30 - 34,144,151
"2090",1999,3,35 - 39,380,289
"2090",1999,3,40 - 44,718,548
"2090",1999,3,45 - 49,1015,950
"2090",1999,3,50 - 54,1635,1592
"2090",1999,3,55 - 59,1948,2287
"2090",1999,3,60 - 64,2469,3303
"2090",1999,3,65 - 69,3350,4786
"2090",1999,3,70 - 74,4091,5802
"2090",1999,3,75 - 79,4662,5823
"2090",1999,3,80 - 84,3873,4134
"2090",1999,3,85 - 89,4660,3651
"2090",1999,3,90 - 94,0,0
"2090",1999,3,95+,0,0
"2090",1999,3,UNK,0,0
"2090",1999,4,Total,39134,39808
"2090",1999,4,0,18,19
"2090",1999,4,1,7,6
"2090",1999,4,2,4,3
"2090",1999,4,3,2,1
"2090",1999,4,4,2,2
"2090",1999,4,5 - 9,7,6
"2090",1999,4,10 - 14,7,4
"2090",1999,4,15 - 19,13,21
"2090",1999,4,20 - 24,18,30
"2090",1999,4,25 - 29,33,56
"2090",1999,4,30 - 34,46,87
"2090",1999,4,35 - 39,101,207
"2090",1999,4,40 - 44,214,495
"2090",1999,4,45 - 49,264,835
"2090",1999,4,50 - 54,469,1290
"2090",1999,4,55 - 59,652,1804
"2090",1999,4,60 - 64,1023,2449
"2090",1999,4,65 - 69,1877,3939
"2090",1999,4,70 - 74,3252,5566
"2090",1999,4,75 - 79,5610,7070
"2090",1999,4,80 - 84,7422,6743
"2090",1999,4,85 - 89,18093,9175
"2090",1999,4,90 - 94,0,0
"2090",1999,4,95+,0,0
"2090",1999,4,UNK,0,0
"2090",1999,5,Total,1115,1107
"2090",1999,5,0,72,135
"2090",1999,5,1,4,7
"2090",1999,5,2,1,2
"2090",1999,5,3,0,2
"2090",1999,5,4,1,0
"2090",1999,5,5 - 9,1,1
"2090",1999,5,10 - 14,2,4
"2090",1999,5,15 - 19,9,16
"2090",1999,5,20 - 24,14,22
"2090",1999,5,25 - 29,10,29
"2090",1999,5,30 - 34,9,33
"2090",1999,5,35 - 39,19,47
"2090",1999,5,40 - 44,22,56
"2090",1999,5,45 - 49,21,58
"2090",1999,5,50 - 54,39,54
"2090",1999,5,55 - 59,23,57
"2090",1999,5,60 - 64,37,58
"2090",1999,5,65 - 69,48,80
"2090",1999,5,70 - 74,63,98
"2090",1999,5,75 - 79,95,84
"2090",1999,5,80 - 84,91,82
"2090",1999,5,85 - 89,534,182
"2090",1999,5,90 - 94,0,0
"2090",1999,5,95+,0,0
"2090",1999,5,UNK,0,0
"2090",1999,6,Total,4200,2472
"2090",1999,6,0,0,0
"2090",1999,6,1,0,0
"2090",1999,6,2,0,0
"2090",1999,6,3,0,0
"2090",1999,6,4,0,0
"2090",1999,6,5 - 9,0,0
"2090",1999,6,10 - 14,0,0
"2090",1999,6,15 - 19,3,0
"2090",1999,6,20 - 24,1,8
"2090",1999,6,25 - 29,9,14
"2090",1999,6,30 - 34,9,15
"2090",1999,6,35 - 39,19,29
"2090",1999,6,40 - 44,25,55
"2090",1999,6,45 - 49,19,56
"2090",1999,6,50 - 54,31,81
"2090",1999,6,55 - 59,25,58
"2090",1999,6,60 - 64,40,88
"2090",1999,6,65 - 69,87,134
"2090",1999,6,70 - 74,163,209
"2090",1999,6,75 - 79,384,359
"2090",1999,6,80 - 84,700,455
"2090",1999,6,85 - 89,2685,911
"2090",1999,6,90 - 94,0,0
"2090",1999,6,95+,0,0
"2090",1999,6,UNK,0,0
"2090",1999,7,Total,3814,2942
"2090",1999,7,0,21,15
"2090",1999,7,1,11,10
"2090",1999,7,2,4,5
"2090",1999,7,3,1,4
"2090",1999,7,4,2,6
"2090",1999,7,5 - 9,8,22
"2090",1999,7,10 - 14,8,15
"2090",1999,7,15 - 19,13,22
"2090",1999,7,20 - 24,17,27
"2090",1999,7,25 - 29,15,27
"2090",1999,7,30 - 34,17,29
"2090",1999,7,35 - 39,45,35
"2090",1999,7,40 - 44,51,49
"2090",1999,7,45 - 49,65,69
"2090",1999,7,50 - 54,77,74
"2090",1999,7,55 - 59,83,89
"2090",1999,7,60 - 64,105,149
"2090",1999,7,65 - 69,168,191
"2090",1999,7,70 - 74,330,358
"2090",1999,7,75 - 79,531,506
"2090",1999,7,80 - 84,712,551
"2090",1999,7,85 - 89,1530,688
"2090",1999,7,90 - 94,0,0
"2090",1999,7,95+,0,0
"2090",1999,7,UNK,0,1
"2090",1999,8,Total,4074,4194
"2090",1999,8,0,15,18
"2090",1999,8,1,4,3
"2090",1999,8,2,2,1
"2090",1999,8,3,2,1
"2090",1999,8,4,0,0
"2090",1999,8,5 - 9,5,2
"2090",1999,8,10 - 14,6,3
"2090",1999,8,15 - 19,8,9
"2090",1999,8,20 - 24,12,13
"2090",1999,8,25 - 29,20,31
"2090",1999,8,30 - 34,17,70
"2090",1999,8,35 - 39,42,121
"2090",1999,8,40 - 44,46,126
"2090",1999,8,45 - 49,53,163
"2090",1999,8,50 - 54,68,182
"2090",1999,8,55 - 59,116,233
"2090",1999,8,60 - 64,194,298
"2090",1999,8,65 - 69,288,437
"2090",1999,8,70 - 74,448,601
"2090",1999,8,75 - 79,706,659
"2090",1999,8,80 - 84,663,563
"2090",1999,8,85 - 89,1359,660
"2090",1999,8,90 - 94,0,0
"2090",1999,8,95+,0,0
"2090",1999,8,UNK,0,0
"2090",1999,9,Total,3962,3934
"2090",1999,9,0,8,17
"2090",1999,9,1,1,2
"2090",1999,9,2,2,0
"2090",1999,9,3,2,2
"2090",1999,9,4,0,0
"2090",1999,9,5 - 9,5,1
"2090",1999,9,10 - 14,0,3
"2090",1999,9,15 - 19,2,3
"2090",1999,9,20 - 24,6,2
"2090",1999,9,25 - 29,8,4
"2090",1999,9,30 - 34,17,20
"2090",1999,9,35 - 39,37,51
"2090",1999,9,40 - 44,67,112
"2090",1999,9,45 - 49,82,179
"2090",1999,9,50 - 54,106,237
"2090",1999,9,55 - 59,136,278
"2090",1999,9,60 - 64,173,284
"2090",1999,9,65 - 69,258,493
"2090",1999,9,70 - 74,433,511
"2090",1999,9,75 - 79,550,554
"2090",1999,9,80 - 84,650,508
"2090",1999,9,85 - 89,1419,673
"2090",1999,9,90 - 94,0,0
"2090",1999,9,95+,0,0
"2090",1999,9,UNK,0,0
"2090",1999,10,Total,2019,1955
"2090",1999,10,0,2,5
"2090",1999,10,1,0,0
"2090",1999,10,2,0,0
"2090",1999,10,3,0,0
"2090",1999,10,4,0,1
"2090",1999,10,5 - 9,0,0
"2090",1999,10,10 - 14,1,3
"2090",1999,10,15 - 19,0,0
"2090",1999,10,20 - 24,1,0
"2090",1999,10,25 - 29,3,1
"2090",1999,10,30 - 34,4,3
"2090",1999,10,35 - 39,9,15
"2090",1999,10,40 - 44,16,14
"2090",1999,10,45 - 49,19,23
"2090",1999,10,50 - 54,27,32
"2090",1999,10,55 - 59,27,51
"2090",1999,10,60 - 64,51,74
"2090",1999,10,65 - 69,87,136
"2090",1999,10,70 - 74,178,228
"2090",1999,10,75 - 79,281,358
"2090",1999,10,80 - 84,387,394
"2090",1999,10,85 - 89,926,617
"2090",1999,10,90 - 94,0,0
"2090",1999,10,95+,0,0
"2090",1999,10,UNK,0,0
"2090",1999,11,Total,830,952
"2090",1999,11,0,593,703
"2090",1999,11,1,12,17
"2090",1999,11,2,5,5
"2090",1999,11,3,4,3
"2090",1999,11,4,4,2
"2090",1999,11,5 - 9,5,14
"2090",1999,11,10 - 14,10,17
"2090",1999,11,15 - 19,12,11
"2090",1999,11,20 - 24,11,13
"2090",1999,11,25 - 29,10,14
"2090",1999,11,30 - 34,7,11
"2090",1999,11,35 - 39,6,11
"2090",1999,11,40 - 44,15,15
"2090",1999,11,45 - 49,11,9
"2090",1999,11,50 - 54,22,6
"2090",1999,11,55 - 59,15,16
"2090",1999,11,60 - 64,8,16
"2090",1999,11,65 - 69,15,18
"2090",1999,11,70 - 74,17,14
"2090",1999,11,75 - 79,14,15
"2090",1999,11,80 - 84,15,11
"2090",1999,11,85 - 89,19,11
"2090",1999,11,90 - 94,0,0
"2090",1999,11,95+,0,0
"2090",1999,11,UNK,0,0
"2090",1999,12,Total,10509,11517
"2090",1999,12,0,20,20
"2090",1999,12,1,4,7
"2090",1999,12,2,2,1
"2090",1999,12,3,3,0
"2090",1999,12,4,1,1
"2090",1999,12,5 - 9,6,5
"2090",1999,12,10 - 14,5,6
"2090",1999,12,15 - 19,11,13
"2090",1999,12,20 - 24,9,10
"2090",1999,12,25 - 29,18,10
"2090",1999,12,30 - 34,30,20
"2090",1999,12,35 - 39,28,29
"2090",1999,12,40 - 44,48,61
"2090",1999,12,45 - 49,59,102
"2090",1999,12,50 - 54,110,127
"2090",1999,12,55 - 59,170,205
"2090",1999,12,60 - 64,262,414
"2090",1999,12,65 - 69,519,827
"2090",1999,12,70 - 74,926,1449
"2090",1999,12,75 - 79,1574,2142
"2090",1999,12,80 - 84,1920,2448
"2090",1999,12,85 - 89,4784,3620
"2090",1999,12,90 - 94,0,0
"2090",1999,12,95+,0,0
"2090",1999,12,UNK,0,0
"2090",1999,13,Total,4448,9086
"2090",1999,13,0,14,20
"2090",1999,13,1,19,13
"2090",1999,13,2,9,18
"2090",1999,13,3,11,24
"2090",1999,13,4,11,20
"2090",1999,13,5 - 9,38,80
"2090",1999,13,10 - 14,50,111
"2090",1999,13,15 - 19,219,569
"2090",1999,13,20 - 24,156,741
"2090",1999,13,25 - 29,160,640
"2090",1999,13,30 - 34,187,743
"2090",1999,13,35 - 39,265,914
"2090",1999,13,40 - 44,305,873
"2090",1999,13,45 - 49,246,746
"2090",1999,13,50 - 54,202,579
"2090",1999,13,55 - 59,189,449
"2090",1999,13,60 - 64,124,329
"2090",1999,13,65 - 69,144,373
"2090",1999,13,70 - 74,209,400
"2090",1999,13,75 - 79,290,406
"2090",1999,13,80 - 84,424,385
"2090",1999,13,85 - 89,1176,653
"2090",1999,13,90 - 94,0,0
"2090",1999,13,95+,0,0
"2090",1999,13,UNK,0,0
"2090",1999,14,Total,143,319
"2090",1999,14,0,3,5
"2090",1999,14,1,2,1
"2090",1999,14,2,2,1
"2090",1999,14,3,2,3
"2090",1999,14,4,1,1
"2090",1999,14,5 - 9,3,4
"2090",1999,14,10 - 14,5,2
"2090",1999,14,15 - 19,11,19
"2090",1999,14,20 - 24,14,39
"2090",1999,14,25 - 29,9,34
"2090",1999,14,30 - 34,15,47
"2090",1999,14,35 - 39,18,36
"2090",1999,14,40 - 44,10,39
"2090",1999,14,45 - 49,17,23
"2090",1999,14,50 - 54,5,13
"2090",1999,14,55 - 59,7,15
"2090",1999,14,60 - 64,5,8
"2090",1999,14,65 - 69,6,5
"2090",1999,14,70 - 74,2,9
"2090",1999,14,75 - 79,2,7
"2090",1999,14,80 - 84,2,6
"2090",1999,14,85 - 89,2,2
"2090",1999,14,90 - 94,0,0
"2090",1999,14,95+,0,0
"2090",1999,14,UNK,0,0
