"","Year","Cause","Age","Female","Male"
"2340",1990,1,Total,5813,7408
"2340",1990,1,0,1781,2288
"2340",1990,1,1,272,288
"2340",1990,1,2,91,115
"2340",1990,1,3,58,78
"2340",1990,1,4,61,55
"2340",1990,1,5 - 9,164,197
"2340",1990,1,10 - 14,91,147
"2340",1990,1,15 - 19,145,224
"2340",1990,1,20 - 24,148,282
"2340",1990,1,25 - 29,105,264
"2340",1990,1,30 - 34,126,233
"2340",1990,1,35 - 39,159,204
"2340",1990,1,40 - 44,117,192
"2340",1990,1,45 - 49,139,225
"2340",1990,1,50 - 54,166,222
"2340",1990,1,55 - 59,214,262
"2340",1990,1,60 - 64,219,324
"2340",1990,1,65 - 69,268,319
"2340",1990,1,70 - 74,291,357
"2340",1990,1,75 - 79,320,382
"2340",1990,1,80 - 84,289,288
"2340",1990,1,85 - 89,572,437
"2340",1990,1,90 - 94,0,0
"2340",1990,1,95+,0,0
"2340",1990,1,UNK,17,25
"2340",1990,2,Total,1430,1733
"2340",1990,2,0,798,1074
"2340",1990,2,1,156,165
"2340",1990,2,2,45,65
"2340",1990,2,3,24,48
"2340",1990,2,4,33,25
"2340",1990,2,5 - 9,72,73
"2340",1990,2,10 - 14,29,37
"2340",1990,2,15 - 19,39,17
"2340",1990,2,20 - 24,33,23
"2340",1990,2,25 - 29,22,13
"2340",1990,2,30 - 34,15,4
"2340",1990,2,35 - 39,15,13
"2340",1990,2,40 - 44,6,10
"2340",1990,2,45 - 49,13,15
"2340",1990,2,50 - 54,6,15
"2340",1990,2,55 - 59,14,18
"2340",1990,2,60 - 64,11,30
"2340",1990,2,65 - 69,21,18
"2340",1990,2,70 - 74,16,17
"2340",1990,2,75 - 79,15,21
"2340",1990,2,80 - 84,17,15
"2340",1990,2,85 - 89,26,16
"2340",1990,2,90 - 94,0,0
"2340",1990,2,95+,0,0
"2340",1990,2,UNK,4,1
"2340",1990,3,Total,514,413
"2340",1990,3,0,4,2
"2340",1990,3,1,2,2
"2340",1990,3,2,2,5
"2340",1990,3,3,1,3
"2340",1990,3,4,2,3
"2340",1990,3,5 - 9,6,11
"2340",1990,3,10 - 14,6,9
"2340",1990,3,15 - 19,5,13
"2340",1990,3,20 - 24,13,14
"2340",1990,3,25 - 29,11,11
"2340",1990,3,30 - 34,21,9
"2340",1990,3,35 - 39,47,11
"2340",1990,3,40 - 44,35,16
"2340",1990,3,45 - 49,40,22
"2340",1990,3,50 - 54,46,29
"2340",1990,3,55 - 59,43,31
"2340",1990,3,60 - 64,49,50
"2340",1990,3,65 - 69,45,40
"2340",1990,3,70 - 74,49,52
"2340",1990,3,75 - 79,26,38
"2340",1990,3,80 - 84,26,24
"2340",1990,3,85 - 89,35,18
"2340",1990,3,90 - 94,0,0
"2340",1990,3,95+,0,0
"2340",1990,3,UNK,0,0
"2340",1990,4,Total,1190,1156
"2340",1990,4,0,8,10
"2340",1990,4,1,4,5
"2340",1990,4,2,2,1
"2340",1990,4,3,0,1
"2340",1990,4,4,0,0
"2340",1990,4,5 - 9,7,4
"2340",1990,4,10 - 14,5,4
"2340",1990,4,15 - 19,16,12
"2340",1990,4,20 - 24,14,16
"2340",1990,4,25 - 29,8,9
"2340",1990,4,30 - 34,13,20
"2340",1990,4,35 - 39,37,25
"2340",1990,4,40 - 44,24,28
"2340",1990,4,45 - 49,36,41
"2340",1990,4,50 - 54,57,46
"2340",1990,4,55 - 59,84,76
"2340",1990,4,60 - 64,79,104
"2340",1990,4,65 - 69,108,118
"2340",1990,4,70 - 74,122,149
"2340",1990,4,75 - 79,167,177
"2340",1990,4,80 - 84,130,121
"2340",1990,4,85 - 89,268,184
"2340",1990,4,90 - 94,0,0
"2340",1990,4,95+,0,0
"2340",1990,4,UNK,1,5
"2340",1990,5,Total,277,299
"2340",1990,5,0,37,46
"2340",1990,5,1,2,13
"2340",1990,5,2,1,3
"2340",1990,5,3,4,2
"2340",1990,5,4,0,2
"2340",1990,5,5 - 9,3,4
"2340",1990,5,10 - 14,3,5
"2340",1990,5,15 - 19,10,2
"2340",1990,5,20 - 24,6,8
"2340",1990,5,25 - 29,3,5
"2340",1990,5,30 - 34,8,8
"2340",1990,5,35 - 39,8,4
"2340",1990,5,40 - 44,7,5
"2340",1990,5,45 - 49,6,8
"2340",1990,5,50 - 54,4,11
"2340",1990,5,55 - 59,8,8
"2340",1990,5,60 - 64,8,18
"2340",1990,5,65 - 69,16,13
"2340",1990,5,70 - 74,9,18
"2340",1990,5,75 - 79,20,19
"2340",1990,5,80 - 84,29,25
"2340",1990,5,85 - 89,83,70
"2340",1990,5,90 - 94,0,0
"2340",1990,5,95+,0,0
"2340",1990,5,UNK,2,2
"2340",1990,6,Total,13,101
"2340",1990,6,0,0,0
"2340",1990,6,1,0,0
"2340",1990,6,2,0,0
"2340",1990,6,3,0,0
"2340",1990,6,4,0,0
"2340",1990,6,5 - 9,0,0
"2340",1990,6,10 - 14,0,0
"2340",1990,6,15 - 19,0,2
"2340",1990,6,20 - 24,0,2
"2340",1990,6,25 - 29,1,2
"2340",1990,6,30 - 34,3,12
"2340",1990,6,35 - 39,1,7
"2340",1990,6,40 - 44,0,7
"2340",1990,6,45 - 49,1,14
"2340",1990,6,50 - 54,3,13
"2340",1990,6,55 - 59,0,10
"2340",1990,6,60 - 64,0,8
"2340",1990,6,65 - 69,0,6
"2340",1990,6,70 - 74,1,6
"2340",1990,6,75 - 79,1,6
"2340",1990,6,80 - 84,2,2
"2340",1990,6,85 - 89,0,3
"2340",1990,6,90 - 94,0,0
"2340",1990,6,95+,0,0
"2340",1990,6,UNK,0,1
"2340",1990,7,Total,80,116
"2340",1990,7,0,16,25
"2340",1990,7,1,6,7
"2340",1990,7,2,3,2
"2340",1990,7,3,2,1
"2340",1990,7,4,2,0
"2340",1990,7,5 - 9,7,10
"2340",1990,7,10 - 14,4,6
"2340",1990,7,15 - 19,7,7
"2340",1990,7,20 - 24,4,5
"2340",1990,7,25 - 29,8,7
"2340",1990,7,30 - 34,4,9
"2340",1990,7,35 - 39,2,3
"2340",1990,7,40 - 44,1,2
"2340",1990,7,45 - 49,4,3
"2340",1990,7,50 - 54,0,4
"2340",1990,7,55 - 59,1,3
"2340",1990,7,60 - 64,0,3
"2340",1990,7,65 - 69,2,8
"2340",1990,7,70 - 74,2,0
"2340",1990,7,75 - 79,2,2
"2340",1990,7,80 - 84,1,6
"2340",1990,7,85 - 89,2,3
"2340",1990,7,90 - 94,0,0
"2340",1990,7,95+,0,0
"2340",1990,7,UNK,0,0
"2340",1990,8,Total,204,187
"2340",1990,8,0,35,52
"2340",1990,8,1,8,14
"2340",1990,8,2,3,3
"2340",1990,8,3,1,2
"2340",1990,8,4,1,2
"2340",1990,8,5 - 9,7,6
"2340",1990,8,10 - 14,4,3
"2340",1990,8,15 - 19,5,1
"2340",1990,8,20 - 24,2,2
"2340",1990,8,25 - 29,2,2
"2340",1990,8,30 - 34,4,3
"2340",1990,8,35 - 39,3,3
"2340",1990,8,40 - 44,5,8
"2340",1990,8,45 - 49,6,4
"2340",1990,8,50 - 54,5,4
"2340",1990,8,55 - 59,17,9
"2340",1990,8,60 - 64,17,12
"2340",1990,8,65 - 69,14,16
"2340",1990,8,70 - 74,17,14
"2340",1990,8,75 - 79,14,8
"2340",1990,8,80 - 84,13,10
"2340",1990,8,85 - 89,19,9
"2340",1990,8,90 - 94,0,0
"2340",1990,8,95+,0,0
"2340",1990,8,UNK,2,0
"2340",1990,9,Total,189,309
"2340",1990,9,0,14,12
"2340",1990,9,1,0,4
"2340",1990,9,2,1,1
"2340",1990,9,3,0,1
"2340",1990,9,4,0,1
"2340",1990,9,5 - 9,2,3
"2340",1990,9,10 - 14,5,4
"2340",1990,9,15 - 19,3,4
"2340",1990,9,20 - 24,4,7
"2340",1990,9,25 - 29,5,5
"2340",1990,9,30 - 34,10,12
"2340",1990,9,35 - 39,6,19
"2340",1990,9,40 - 44,11,30
"2340",1990,9,45 - 49,5,27
"2340",1990,9,50 - 54,14,26
"2340",1990,9,55 - 59,14,26
"2340",1990,9,60 - 64,13,21
"2340",1990,9,65 - 69,16,20
"2340",1990,9,70 - 74,22,31
"2340",1990,9,75 - 79,15,20
"2340",1990,9,80 - 84,11,14
"2340",1990,9,85 - 89,18,21
"2340",1990,9,90 - 94,0,0
"2340",1990,9,95+,0,0
"2340",1990,9,UNK,0,0
"2340",1990,10,Total,200,294
"2340",1990,10,0,14,13
"2340",1990,10,1,4,3
"2340",1990,10,2,1,1
"2340",1990,10,3,2,0
"2340",1990,10,4,1,3
"2340",1990,10,5 - 9,5,6
"2340",1990,10,10 - 14,8,6
"2340",1990,10,15 - 19,9,3
"2340",1990,10,20 - 24,8,2
"2340",1990,10,25 - 29,1,10
"2340",1990,10,30 - 34,5,5
"2340",1990,10,35 - 39,5,7
"2340",1990,10,40 - 44,6,12
"2340",1990,10,45 - 49,8,17
"2340",1990,10,50 - 54,16,19
"2340",1990,10,55 - 59,7,25
"2340",1990,10,60 - 64,18,21
"2340",1990,10,65 - 69,14,31
"2340",1990,10,70 - 74,16,19
"2340",1990,10,75 - 79,13,26
"2340",1990,10,80 - 84,14,23
"2340",1990,10,85 - 89,25,40
"2340",1990,10,90 - 94,0,0
"2340",1990,10,95+,0,0
"2340",1990,10,UNK,0,2
"2340",1990,11,Total,595,741
"2340",1990,11,0,576,724
"2340",1990,11,1,7,4
"2340",1990,11,2,2,3
"2340",1990,11,3,0,1
"2340",1990,11,4,0,1
"2340",1990,11,5 - 9,0,2
"2340",1990,11,10 - 14,1,1
"2340",1990,11,15 - 19,2,3
"2340",1990,11,20 - 24,2,1
"2340",1990,11,25 - 29,1,1
"2340",1990,11,30 - 34,1,0
"2340",1990,11,35 - 39,0,0
"2340",1990,11,40 - 44,0,0
"2340",1990,11,45 - 49,0,0
"2340",1990,11,50 - 54,0,0
"2340",1990,11,55 - 59,1,0
"2340",1990,11,60 - 64,0,0
"2340",1990,11,65 - 69,1,0
"2340",1990,11,70 - 74,0,0
"2340",1990,11,75 - 79,0,0
"2340",1990,11,80 - 84,0,0
"2340",1990,11,85 - 89,0,0
"2340",1990,11,90 - 94,0,0
"2340",1990,11,95+,0,0
"2340",1990,11,UNK,1,0
"2340",1990,12,Total,702,741
"2340",1990,12,0,255,307
"2340",1990,12,1,70,55
"2340",1990,12,2,25,24
"2340",1990,12,3,22,9
"2340",1990,12,4,14,10
"2340",1990,12,5 - 9,33,23
"2340",1990,12,10 - 14,10,11
"2340",1990,12,15 - 19,8,6
"2340",1990,12,20 - 24,7,14
"2340",1990,12,25 - 29,6,8
"2340",1990,12,30 - 34,7,12
"2340",1990,12,35 - 39,3,11
"2340",1990,12,40 - 44,6,6
"2340",1990,12,45 - 49,13,8
"2340",1990,12,50 - 54,10,18
"2340",1990,12,55 - 59,17,14
"2340",1990,12,60 - 64,12,24
"2340",1990,12,65 - 69,26,24
"2340",1990,12,70 - 74,24,32
"2340",1990,12,75 - 79,31,43
"2340",1990,12,80 - 84,32,35
"2340",1990,12,85 - 89,69,46
"2340",1990,12,90 - 94,0,0
"2340",1990,12,95+,0,0
"2340",1990,12,UNK,2,1
"2340",1990,13,Total,280,1087
"2340",1990,13,0,17,18
"2340",1990,13,1,10,13
"2340",1990,13,2,6,5
"2340",1990,13,3,2,9
"2340",1990,13,4,6,7
"2340",1990,13,5 - 9,16,51
"2340",1990,13,10 - 14,14,49
"2340",1990,13,15 - 19,32,134
"2340",1990,13,20 - 24,32,156
"2340",1990,13,25 - 29,23,167
"2340",1990,13,30 - 34,18,115
"2340",1990,13,35 - 39,18,76
"2340",1990,13,40 - 44,10,54
"2340",1990,13,45 - 49,3,52
"2340",1990,13,50 - 54,2,30
"2340",1990,13,55 - 59,6,31
"2340",1990,13,60 - 64,7,26
"2340",1990,13,65 - 69,4,20
"2340",1990,13,70 - 74,9,17
"2340",1990,13,75 - 79,10,19
"2340",1990,13,80 - 84,12,8
"2340",1990,13,85 - 89,20,20
"2340",1990,13,90 - 94,0,0
"2340",1990,13,95+,0,0
"2340",1990,13,UNK,3,10
"2340",1990,14,Total,16,162
"2340",1990,14,0,0,1
"2340",1990,14,1,0,0
"2340",1990,14,2,0,1
"2340",1990,14,3,0,0
"2340",1990,14,4,0,0
"2340",1990,14,5 - 9,1,1
"2340",1990,14,10 - 14,0,3
"2340",1990,14,15 - 19,1,16
"2340",1990,14,20 - 24,4,29
"2340",1990,14,25 - 29,2,22
"2340",1990,14,30 - 34,1,18
"2340",1990,14,35 - 39,1,23
"2340",1990,14,40 - 44,3,14
"2340",1990,14,45 - 49,1,12
"2340",1990,14,50 - 54,0,6
"2340",1990,14,55 - 59,0,5
"2340",1990,14,60 - 64,0,6
"2340",1990,14,65 - 69,0,1
"2340",1990,14,70 - 74,0,1
"2340",1990,14,75 - 79,1,0
"2340",1990,14,80 - 84,0,0
"2340",1990,14,85 - 89,0,0
"2340",1990,14,90 - 94,0,0
"2340",1990,14,95+,0,0
"2340",1990,14,UNK,1,3
"2340",1991,1,Total,5402,7113
"2340",1991,1,0,1249,1760
"2340",1991,1,1,184,209
"2340",1991,1,2,59,73
"2340",1991,1,3,57,52
"2340",1991,1,4,32,48
"2340",1991,1,5 - 9,102,139
"2340",1991,1,10 - 14,89,116
"2340",1991,1,15 - 19,133,223
"2340",1991,1,20 - 24,131,289
"2340",1991,1,25 - 29,136,300
"2340",1991,1,30 - 34,131,241
"2340",1991,1,35 - 39,183,279
"2340",1991,1,40 - 44,140,246
"2340",1991,1,45 - 49,166,228
"2340",1991,1,50 - 54,172,264
"2340",1991,1,55 - 59,242,329
"2340",1991,1,60 - 64,289,388
"2340",1991,1,65 - 69,288,320
"2340",1991,1,70 - 74,336,391
"2340",1991,1,75 - 79,364,419
"2340",1991,1,80 - 84,279,305
"2340",1991,1,85 - 89,637,479
"2340",1991,1,90 - 94,0,0
"2340",1991,1,95+,0,0
"2340",1991,1,UNK,3,15
"2340",1991,2,Total,764,1034
"2340",1991,2,0,388,545
"2340",1991,2,1,70,100
"2340",1991,2,2,23,27
"2340",1991,2,3,16,18
"2340",1991,2,4,7,12
"2340",1991,2,5 - 9,33,30
"2340",1991,2,10 - 14,14,14
"2340",1991,2,15 - 19,27,25
"2340",1991,2,20 - 24,13,19
"2340",1991,2,25 - 29,21,16
"2340",1991,2,30 - 34,19,17
"2340",1991,2,35 - 39,10,16
"2340",1991,2,40 - 44,10,10
"2340",1991,2,45 - 49,7,11
"2340",1991,2,50 - 54,7,23
"2340",1991,2,55 - 59,4,21
"2340",1991,2,60 - 64,17,24
"2340",1991,2,65 - 69,13,21
"2340",1991,2,70 - 74,13,25
"2340",1991,2,75 - 79,19,25
"2340",1991,2,80 - 84,11,13
"2340",1991,2,85 - 89,22,22
"2340",1991,2,90 - 94,0,0
"2340",1991,2,95+,0,0
"2340",1991,2,UNK,0,0
"2340",1991,3,Total,615,415
"2340",1991,3,0,0,3
"2340",1991,3,1,1,3
"2340",1991,3,2,2,2
"2340",1991,3,3,0,1
"2340",1991,3,4,1,3
"2340",1991,3,5 - 9,8,12
"2340",1991,3,10 - 14,11,12
"2340",1991,3,15 - 19,9,12
"2340",1991,3,20 - 24,9,9
"2340",1991,3,25 - 29,12,13
"2340",1991,3,30 - 34,21,10
"2340",1991,3,35 - 39,51,17
"2340",1991,3,40 - 44,40,16
"2340",1991,3,45 - 49,50,19
"2340",1991,3,50 - 54,38,23
"2340",1991,3,55 - 59,77,39
"2340",1991,3,60 - 64,55,41
"2340",1991,3,65 - 69,63,42
"2340",1991,3,70 - 74,58,43
"2340",1991,3,75 - 79,43,39
"2340",1991,3,80 - 84,28,31
"2340",1991,3,85 - 89,38,25
"2340",1991,3,90 - 94,0,0
"2340",1991,3,95+,0,0
"2340",1991,3,UNK,0,0
"2340",1991,4,Total,1273,1270
"2340",1991,4,0,12,17
"2340",1991,4,1,2,2
"2340",1991,4,2,1,0
"2340",1991,4,3,2,1
"2340",1991,4,4,1,2
"2340",1991,4,5 - 9,0,3
"2340",1991,4,10 - 14,4,4
"2340",1991,4,15 - 19,7,4
"2340",1991,4,20 - 24,10,9
"2340",1991,4,25 - 29,15,23
"2340",1991,4,30 - 34,23,22
"2340",1991,4,35 - 39,33,35
"2340",1991,4,40 - 44,24,44
"2340",1991,4,45 - 49,37,51
"2340",1991,4,50 - 54,56,69
"2340",1991,4,55 - 59,83,98
"2340",1991,4,60 - 64,111,117
"2340",1991,4,65 - 69,106,121
"2340",1991,4,70 - 74,137,146
"2340",1991,4,75 - 79,166,171
"2340",1991,4,80 - 84,131,127
"2340",1991,4,85 - 89,311,201
"2340",1991,4,90 - 94,0,0
"2340",1991,4,95+,0,0
"2340",1991,4,UNK,1,3
"2340",1991,5,Total,289,259
"2340",1991,5,0,29,17
"2340",1991,5,1,5,5
"2340",1991,5,2,2,2
"2340",1991,5,3,4,1
"2340",1991,5,4,4,2
"2340",1991,5,5 - 9,4,4
"2340",1991,5,10 - 14,2,3
"2340",1991,5,15 - 19,7,9
"2340",1991,5,20 - 24,13,6
"2340",1991,5,25 - 29,4,6
"2340",1991,5,30 - 34,4,5
"2340",1991,5,35 - 39,10,8
"2340",1991,5,40 - 44,8,7
"2340",1991,5,45 - 49,4,7
"2340",1991,5,50 - 54,2,8
"2340",1991,5,55 - 59,4,15
"2340",1991,5,60 - 64,12,17
"2340",1991,5,65 - 69,8,10
"2340",1991,5,70 - 74,16,12
"2340",1991,5,75 - 79,29,30
"2340",1991,5,80 - 84,22,26
"2340",1991,5,85 - 89,96,57
"2340",1991,5,90 - 94,0,0
"2340",1991,5,95+,0,0
"2340",1991,5,UNK,0,2
"2340",1991,6,Total,14,176
"2340",1991,6,0,0,0
"2340",1991,6,1,0,0
"2340",1991,6,2,0,0
"2340",1991,6,3,0,0
"2340",1991,6,4,0,0
"2340",1991,6,5 - 9,0,1
"2340",1991,6,10 - 14,0,0
"2340",1991,6,15 - 19,0,1
"2340",1991,6,20 - 24,0,1
"2340",1991,6,25 - 29,0,9
"2340",1991,6,30 - 34,1,17
"2340",1991,6,35 - 39,1,24
"2340",1991,6,40 - 44,2,23
"2340",1991,6,45 - 49,1,12
"2340",1991,6,50 - 54,0,19
"2340",1991,6,55 - 59,2,19
"2340",1991,6,60 - 64,3,14
"2340",1991,6,65 - 69,0,11
"2340",1991,6,70 - 74,1,9
"2340",1991,6,75 - 79,1,4
"2340",1991,6,80 - 84,0,4
"2340",1991,6,85 - 89,2,7
"2340",1991,6,90 - 94,0,0
"2340",1991,6,95+,0,0
"2340",1991,6,UNK,0,1
"2340",1991,7,Total,110,124
"2340",1991,7,0,20,32
"2340",1991,7,1,6,7
"2340",1991,7,2,3,2
"2340",1991,7,3,5,2
"2340",1991,7,4,2,6
"2340",1991,7,5 - 9,5,11
"2340",1991,7,10 - 14,9,3
"2340",1991,7,15 - 19,8,8
"2340",1991,7,20 - 24,10,4
"2340",1991,7,25 - 29,3,9
"2340",1991,7,30 - 34,4,3
"2340",1991,7,35 - 39,5,7
"2340",1991,7,40 - 44,4,3
"2340",1991,7,45 - 49,5,5
"2340",1991,7,50 - 54,2,3
"2340",1991,7,55 - 59,1,0
"2340",1991,7,60 - 64,2,5
"2340",1991,7,65 - 69,5,2
"2340",1991,7,70 - 74,3,2
"2340",1991,7,75 - 79,5,3
"2340",1991,7,80 - 84,2,2
"2340",1991,7,85 - 89,1,5
"2340",1991,7,90 - 94,0,0
"2340",1991,7,95+,0,0
"2340",1991,7,UNK,0,0
"2340",1991,8,Total,259,216
"2340",1991,8,0,37,46
"2340",1991,8,1,16,9
"2340",1991,8,2,2,3
"2340",1991,8,3,2,2
"2340",1991,8,4,0,1
"2340",1991,8,5 - 9,2,6
"2340",1991,8,10 - 14,3,1
"2340",1991,8,15 - 19,1,2
"2340",1991,8,20 - 24,4,3
"2340",1991,8,25 - 29,4,4
"2340",1991,8,30 - 34,1,7
"2340",1991,8,35 - 39,3,9
"2340",1991,8,40 - 44,6,5
"2340",1991,8,45 - 49,16,8
"2340",1991,8,50 - 54,11,6
"2340",1991,8,55 - 59,12,11
"2340",1991,8,60 - 64,21,25
"2340",1991,8,65 - 69,26,11
"2340",1991,8,70 - 74,25,20
"2340",1991,8,75 - 79,21,14
"2340",1991,8,80 - 84,20,11
"2340",1991,8,85 - 89,26,12
"2340",1991,8,90 - 94,0,0
"2340",1991,8,95+,0,0
"2340",1991,8,UNK,0,0
"2340",1991,9,Total,192,414
"2340",1991,9,0,10,13
"2340",1991,9,1,2,0
"2340",1991,9,2,0,2
"2340",1991,9,3,1,0
"2340",1991,9,4,0,0
"2340",1991,9,5 - 9,1,8
"2340",1991,9,10 - 14,0,4
"2340",1991,9,15 - 19,3,6
"2340",1991,9,20 - 24,5,13
"2340",1991,9,25 - 29,7,19
"2340",1991,9,30 - 34,6,13
"2340",1991,9,35 - 39,7,22
"2340",1991,9,40 - 44,8,37
"2340",1991,9,45 - 49,13,25
"2340",1991,9,50 - 54,16,42
"2340",1991,9,55 - 59,15,34
"2340",1991,9,60 - 64,16,43
"2340",1991,9,65 - 69,18,35
"2340",1991,9,70 - 74,17,34
"2340",1991,9,75 - 79,16,25
"2340",1991,9,80 - 84,14,16
"2340",1991,9,85 - 89,17,22
"2340",1991,9,90 - 94,0,0
"2340",1991,9,95+,0,0
"2340",1991,9,UNK,0,1
"2340",1991,10,Total,215,297
"2340",1991,10,0,11,5
"2340",1991,10,1,3,3
"2340",1991,10,2,1,1
"2340",1991,10,3,1,1
"2340",1991,10,4,0,2
"2340",1991,10,5 - 9,9,5
"2340",1991,10,10 - 14,7,2
"2340",1991,10,15 - 19,3,7
"2340",1991,10,20 - 24,6,5
"2340",1991,10,25 - 29,9,8
"2340",1991,10,30 - 34,8,11
"2340",1991,10,35 - 39,8,8
"2340",1991,10,40 - 44,11,12
"2340",1991,10,45 - 49,8,16
"2340",1991,10,50 - 54,10,11
"2340",1991,10,55 - 59,20,21
"2340",1991,10,60 - 64,19,22
"2340",1991,10,65 - 69,15,20
"2340",1991,10,70 - 74,15,36
"2340",1991,10,75 - 79,21,40
"2340",1991,10,80 - 84,12,17
"2340",1991,10,85 - 89,18,43
"2340",1991,10,90 - 94,0,0
"2340",1991,10,95+,0,0
"2340",1991,10,UNK,0,1
"2340",1991,11,Total,545,816
"2340",1991,11,0,533,795
"2340",1991,11,1,0,4
"2340",1991,11,2,1,3
"2340",1991,11,3,3,0
"2340",1991,11,4,0,1
"2340",1991,11,5 - 9,3,2
"2340",1991,11,10 - 14,1,6
"2340",1991,11,15 - 19,1,1
"2340",1991,11,20 - 24,1,0
"2340",1991,11,25 - 29,2,0
"2340",1991,11,30 - 34,0,0
"2340",1991,11,35 - 39,0,2
"2340",1991,11,40 - 44,0,0
"2340",1991,11,45 - 49,0,0
"2340",1991,11,50 - 54,0,0
"2340",1991,11,55 - 59,0,0
"2340",1991,11,60 - 64,0,1
"2340",1991,11,65 - 69,0,0
"2340",1991,11,70 - 74,0,0
"2340",1991,11,75 - 79,0,0
"2340",1991,11,80 - 84,0,0
"2340",1991,11,85 - 89,0,0
"2340",1991,11,90 - 94,0,0
"2340",1991,11,95+,0,0
"2340",1991,11,UNK,0,1
"2340",1991,12,Total,619,692
"2340",1991,12,0,186,258
"2340",1991,12,1,62,53
"2340",1991,12,2,16,24
"2340",1991,12,3,11,17
"2340",1991,12,4,9,12
"2340",1991,12,5 - 9,14,14
"2340",1991,12,10 - 14,11,6
"2340",1991,12,15 - 19,6,5
"2340",1991,12,20 - 24,7,8
"2340",1991,12,25 - 29,7,11
"2340",1991,12,30 - 34,6,5
"2340",1991,12,35 - 39,12,8
"2340",1991,12,40 - 44,9,10
"2340",1991,12,45 - 49,7,13
"2340",1991,12,50 - 54,16,10
"2340",1991,12,55 - 59,12,13
"2340",1991,12,60 - 64,18,25
"2340",1991,12,65 - 69,24,23
"2340",1991,12,70 - 74,37,30
"2340",1991,12,75 - 79,36,49
"2340",1991,12,80 - 84,31,38
"2340",1991,12,85 - 89,82,58
"2340",1991,12,90 - 94,0,0
"2340",1991,12,95+,0,0
"2340",1991,12,UNK,0,2
"2340",1991,13,Total,310,1120
"2340",1991,13,0,13,23
"2340",1991,13,1,14,20
"2340",1991,13,2,7,5
"2340",1991,13,3,10,8
"2340",1991,13,4,8,5
"2340",1991,13,5 - 9,18,37
"2340",1991,13,10 - 14,19,51
"2340",1991,13,15 - 19,46,118
"2340",1991,13,20 - 24,31,176
"2340",1991,13,25 - 29,19,137
"2340",1991,13,30 - 34,13,110
"2340",1991,13,35 - 39,17,100
"2340",1991,13,40 - 44,8,63
"2340",1991,13,45 - 49,16,52
"2340",1991,13,50 - 54,11,41
"2340",1991,13,55 - 59,8,42
"2340",1991,13,60 - 64,8,40
"2340",1991,13,65 - 69,7,15
"2340",1991,13,70 - 74,8,23
"2340",1991,13,75 - 79,4,15
"2340",1991,13,80 - 84,4,13
"2340",1991,13,85 - 89,19,22
"2340",1991,13,90 - 94,0,0
"2340",1991,13,95+,0,0
"2340",1991,13,UNK,2,4
"2340",1991,14,Total,31,198
"2340",1991,14,0,0,1
"2340",1991,14,1,0,1
"2340",1991,14,2,0,0
"2340",1991,14,3,0,0
"2340",1991,14,4,0,1
"2340",1991,14,5 - 9,1,2
"2340",1991,14,10 - 14,1,2
"2340",1991,14,15 - 19,3,20
"2340",1991,14,20 - 24,4,32
"2340",1991,14,25 - 29,13,43
"2340",1991,14,30 - 34,3,18
"2340",1991,14,35 - 39,4,20
"2340",1991,14,40 - 44,1,15
"2340",1991,14,45 - 49,0,9
"2340",1991,14,50 - 54,0,6
"2340",1991,14,55 - 59,0,11
"2340",1991,14,60 - 64,1,9
"2340",1991,14,65 - 69,0,4
"2340",1991,14,70 - 74,0,4
"2340",1991,14,75 - 79,0,0
"2340",1991,14,80 - 84,0,0
"2340",1991,14,85 - 89,0,0
"2340",1991,14,90 - 94,0,0
"2340",1991,14,95+,0,0
"2340",1991,14,UNK,0,0
"2340",1992,1,Total,5386,7080
"2340",1992,1,0,1172,1554
"2340",1992,1,1,139,188
"2340",1992,1,2,55,65
"2340",1992,1,3,47,55
"2340",1992,1,4,26,29
"2340",1992,1,5 - 9,112,144
"2340",1992,1,10 - 14,98,124
"2340",1992,1,15 - 19,131,200
"2340",1992,1,20 - 24,131,286
"2340",1992,1,25 - 29,124,296
"2340",1992,1,30 - 34,139,266
"2340",1992,1,35 - 39,163,274
"2340",1992,1,40 - 44,146,248
"2340",1992,1,45 - 49,157,275
"2340",1992,1,50 - 54,199,242
"2340",1992,1,55 - 59,213,295
"2340",1992,1,60 - 64,265,404
"2340",1992,1,65 - 69,274,345
"2340",1992,1,70 - 74,349,429
"2340",1992,1,75 - 79,365,387
"2340",1992,1,80 - 84,400,404
"2340",1992,1,85 - 89,590,508
"2340",1992,1,90 - 94,0,0
"2340",1992,1,95+,0,0
"2340",1992,1,UNK,91,62
"2340",1992,2,Total,627,794
"2340",1992,2,0,309,380
"2340",1992,2,1,61,80
"2340",1992,2,2,20,14
"2340",1992,2,3,10,12
"2340",1992,2,4,6,4
"2340",1992,2,5 - 9,23,28
"2340",1992,2,10 - 14,17,17
"2340",1992,2,15 - 19,15,10
"2340",1992,2,20 - 24,21,19
"2340",1992,2,25 - 29,9,11
"2340",1992,2,30 - 34,11,9
"2340",1992,2,35 - 39,9,12
"2340",1992,2,40 - 44,15,8
"2340",1992,2,45 - 49,2,16
"2340",1992,2,50 - 54,7,17
"2340",1992,2,55 - 59,14,16
"2340",1992,2,60 - 64,15,18
"2340",1992,2,65 - 69,13,24
"2340",1992,2,70 - 74,13,30
"2340",1992,2,75 - 79,4,17
"2340",1992,2,80 - 84,11,20
"2340",1992,2,85 - 89,20,28
"2340",1992,2,90 - 94,0,0
"2340",1992,2,95+,0,0
"2340",1992,2,UNK,2,4
"2340",1992,3,Total,672,461
"2340",1992,3,0,1,1
"2340",1992,3,1,3,1
"2340",1992,3,2,1,2
"2340",1992,3,3,3,2
"2340",1992,3,4,2,2
"2340",1992,3,5 - 9,6,9
"2340",1992,3,10 - 14,8,13
"2340",1992,3,15 - 19,12,7
"2340",1992,3,20 - 24,8,11
"2340",1992,3,25 - 29,21,11
"2340",1992,3,30 - 34,24,8
"2340",1992,3,35 - 39,43,16
"2340",1992,3,40 - 44,41,16
"2340",1992,3,45 - 49,53,27
"2340",1992,3,50 - 54,72,22
"2340",1992,3,55 - 59,59,38
"2340",1992,3,60 - 64,54,50
"2340",1992,3,65 - 69,63,49
"2340",1992,3,70 - 74,52,56
"2340",1992,3,75 - 79,48,45
"2340",1992,3,80 - 84,47,40
"2340",1992,3,85 - 89,48,34
"2340",1992,3,90 - 94,0,0
"2340",1992,3,95+,0,0
"2340",1992,3,UNK,3,1
"2340",1992,4,Total,1309,1335
"2340",1992,4,0,0,0
"2340",1992,4,1,0,0
"2340",1992,4,2,0,0
"2340",1992,4,3,1,0
"2340",1992,4,4,0,0
"2340",1992,4,5 - 9,0,0
"2340",1992,4,10 - 14,4,2
"2340",1992,4,15 - 19,13,14
"2340",1992,4,20 - 24,7,11
"2340",1992,4,25 - 29,9,10
"2340",1992,4,30 - 34,17,14
"2340",1992,4,35 - 39,38,36
"2340",1992,4,40 - 44,36,41
"2340",1992,4,45 - 49,36,50
"2340",1992,4,50 - 54,50,55
"2340",1992,4,55 - 59,67,92
"2340",1992,4,60 - 64,98,156
"2340",1992,4,65 - 69,114,119
"2340",1992,4,70 - 74,142,165
"2340",1992,4,75 - 79,175,160
"2340",1992,4,80 - 84,209,172
"2340",1992,4,85 - 89,262,213
"2340",1992,4,90 - 94,0,0
"2340",1992,4,95+,0,0
"2340",1992,4,UNK,31,25
"2340",1992,5,Total,274,292
"2340",1992,5,0,24,31
"2340",1992,5,1,2,4
"2340",1992,5,2,2,3
"2340",1992,5,3,3,1
"2340",1992,5,4,0,3
"2340",1992,5,5 - 9,7,2
"2340",1992,5,10 - 14,3,3
"2340",1992,5,15 - 19,4,6
"2340",1992,5,20 - 24,6,7
"2340",1992,5,25 - 29,6,7
"2340",1992,5,30 - 34,5,1
"2340",1992,5,35 - 39,6,13
"2340",1992,5,40 - 44,4,7
"2340",1992,5,45 - 49,6,8
"2340",1992,5,50 - 54,6,12
"2340",1992,5,55 - 59,4,9
"2340",1992,5,60 - 64,9,12
"2340",1992,5,65 - 69,4,14
"2340",1992,5,70 - 74,13,25
"2340",1992,5,75 - 79,26,25
"2340",1992,5,80 - 84,27,36
"2340",1992,5,85 - 89,85,55
"2340",1992,5,90 - 94,0,0
"2340",1992,5,95+,0,0
"2340",1992,5,UNK,22,8
"2340",1992,6,Total,8,133
"2340",1992,6,0,0,0
"2340",1992,6,1,0,0
"2340",1992,6,2,0,0
"2340",1992,6,3,0,0
"2340",1992,6,4,0,0
"2340",1992,6,5 - 9,0,0
"2340",1992,6,10 - 14,0,0
"2340",1992,6,15 - 19,0,2
"2340",1992,6,20 - 24,0,0
"2340",1992,6,25 - 29,1,2
"2340",1992,6,30 - 34,2,12
"2340",1992,6,35 - 39,0,21
"2340",1992,6,40 - 44,1,18
"2340",1992,6,45 - 49,1,20
"2340",1992,6,50 - 54,0,9
"2340",1992,6,55 - 59,0,11
"2340",1992,6,60 - 64,3,8
"2340",1992,6,65 - 69,0,9
"2340",1992,6,70 - 74,0,4
"2340",1992,6,75 - 79,0,6
"2340",1992,6,80 - 84,0,9
"2340",1992,6,85 - 89,0,1
"2340",1992,6,90 - 94,0,0
"2340",1992,6,95+,0,0
"2340",1992,6,UNK,0,1
"2340",1992,7,Total,133,152
"2340",1992,7,0,38,49
"2340",1992,7,1,7,9
"2340",1992,7,2,5,3
"2340",1992,7,3,3,7
"2340",1992,7,4,4,2
"2340",1992,7,5 - 9,10,10
"2340",1992,7,10 - 14,10,8
"2340",1992,7,15 - 19,6,8
"2340",1992,7,20 - 24,7,8
"2340",1992,7,25 - 29,3,6
"2340",1992,7,30 - 34,2,6
"2340",1992,7,35 - 39,2,4
"2340",1992,7,40 - 44,2,6
"2340",1992,7,45 - 49,3,4
"2340",1992,7,50 - 54,2,2
"2340",1992,7,55 - 59,3,6
"2340",1992,7,60 - 64,4,1
"2340",1992,7,65 - 69,7,3
"2340",1992,7,70 - 74,5,5
"2340",1992,7,75 - 79,7,2
"2340",1992,7,80 - 84,0,3
"2340",1992,7,85 - 89,3,0
"2340",1992,7,90 - 94,0,0
"2340",1992,7,95+,0,0
"2340",1992,7,UNK,0,0
"2340",1992,8,Total,294,228
"2340",1992,8,0,29,22
"2340",1992,8,1,5,13
"2340",1992,8,2,1,6
"2340",1992,8,3,5,2
"2340",1992,8,4,0,0
"2340",1992,8,5 - 9,8,1
"2340",1992,8,10 - 14,3,1
"2340",1992,8,15 - 19,2,4
"2340",1992,8,20 - 24,4,2
"2340",1992,8,25 - 29,4,3
"2340",1992,8,30 - 34,2,2
"2340",1992,8,35 - 39,4,4
"2340",1992,8,40 - 44,7,9
"2340",1992,8,45 - 49,8,15
"2340",1992,8,50 - 54,16,11
"2340",1992,8,55 - 59,22,18
"2340",1992,8,60 - 64,32,26
"2340",1992,8,65 - 69,28,13
"2340",1992,8,70 - 74,28,17
"2340",1992,8,75 - 79,38,27
"2340",1992,8,80 - 84,23,12
"2340",1992,8,85 - 89,22,18
"2340",1992,8,90 - 94,0,0
"2340",1992,8,95+,0,0
"2340",1992,8,UNK,3,2
"2340",1992,9,Total,184,414
"2340",1992,9,0,0,1
"2340",1992,9,1,0,3
"2340",1992,9,2,0,0
"2340",1992,9,3,0,1
"2340",1992,9,4,0,1
"2340",1992,9,5 - 9,7,11
"2340",1992,9,10 - 14,6,8
"2340",1992,9,15 - 19,1,3
"2340",1992,9,20 - 24,5,4
"2340",1992,9,25 - 29,5,18
"2340",1992,9,30 - 34,9,23
"2340",1992,9,35 - 39,12,22
"2340",1992,9,40 - 44,9,32
"2340",1992,9,45 - 49,10,37
"2340",1992,9,50 - 54,12,31
"2340",1992,9,55 - 59,12,27
"2340",1992,9,60 - 64,19,47
"2340",1992,9,65 - 69,10,35
"2340",1992,9,70 - 74,18,30
"2340",1992,9,75 - 79,12,26
"2340",1992,9,80 - 84,12,26
"2340",1992,9,85 - 89,21,26
"2340",1992,9,90 - 94,0,0
"2340",1992,9,95+,0,0
"2340",1992,9,UNK,4,2
"2340",1992,10,Total,150,307
"2340",1992,10,0,3,9
"2340",1992,10,1,1,2
"2340",1992,10,2,2,3
"2340",1992,10,3,2,1
"2340",1992,10,4,2,4
"2340",1992,10,5 - 9,2,9
"2340",1992,10,10 - 14,0,2
"2340",1992,10,15 - 19,3,7
"2340",1992,10,20 - 24,5,6
"2340",1992,10,25 - 29,7,11
"2340",1992,10,30 - 34,3,9
"2340",1992,10,35 - 39,6,21
"2340",1992,10,40 - 44,4,12
"2340",1992,10,45 - 49,6,16
"2340",1992,10,50 - 54,11,14
"2340",1992,10,55 - 59,11,25
"2340",1992,10,60 - 64,11,17
"2340",1992,10,65 - 69,13,20
"2340",1992,10,70 - 74,12,28
"2340",1992,10,75 - 79,11,28
"2340",1992,10,80 - 84,10,25
"2340",1992,10,85 - 89,20,38
"2340",1992,10,90 - 94,0,0
"2340",1992,10,95+,0,0
"2340",1992,10,UNK,5,0
"2340",1992,11,Total,606,864
"2340",1992,11,0,577,823
"2340",1992,11,1,7,9
"2340",1992,11,2,0,4
"2340",1992,11,3,1,3
"2340",1992,11,4,1,1
"2340",1992,11,5 - 9,6,5
"2340",1992,11,10 - 14,5,0
"2340",1992,11,15 - 19,3,3
"2340",1992,11,20 - 24,0,4
"2340",1992,11,25 - 29,2,2
"2340",1992,11,30 - 34,0,1
"2340",1992,11,35 - 39,0,2
"2340",1992,11,40 - 44,0,1
"2340",1992,11,45 - 49,1,1
"2340",1992,11,50 - 54,0,1
"2340",1992,11,55 - 59,0,0
"2340",1992,11,60 - 64,0,1
"2340",1992,11,65 - 69,0,0
"2340",1992,11,70 - 74,0,0
"2340",1992,11,75 - 79,0,0
"2340",1992,11,80 - 84,0,2
"2340",1992,11,85 - 89,0,1
"2340",1992,11,90 - 94,0,0
"2340",1992,11,95+,0,0
"2340",1992,11,UNK,3,0
"2340",1992,12,Total,531,587
"2340",1992,12,0,163,201
"2340",1992,12,1,33,49
"2340",1992,12,2,14,19
"2340",1992,12,3,9,7
"2340",1992,12,4,6,4
"2340",1992,12,5 - 9,13,15
"2340",1992,12,10 - 14,9,6
"2340",1992,12,15 - 19,9,7
"2340",1992,12,20 - 24,9,6
"2340",1992,12,25 - 29,6,6
"2340",1992,12,30 - 34,8,6
"2340",1992,12,35 - 39,4,7
"2340",1992,12,40 - 44,6,3
"2340",1992,12,45 - 49,8,10
"2340",1992,12,50 - 54,12,11
"2340",1992,12,55 - 59,9,8
"2340",1992,12,60 - 64,13,22
"2340",1992,12,65 - 69,15,25
"2340",1992,12,70 - 74,42,35
"2340",1992,12,75 - 79,31,38
"2340",1992,12,80 - 84,37,36
"2340",1992,12,85 - 89,66,56
"2340",1992,12,90 - 94,0,0
"2340",1992,12,95+,0,0
"2340",1992,12,UNK,9,10
"2340",1992,13,Total,366,1245
"2340",1992,13,0,28,34
"2340",1992,13,1,17,17
"2340",1992,13,2,9,11
"2340",1992,13,3,9,15
"2340",1992,13,4,5,7
"2340",1992,13,5 - 9,27,48
"2340",1992,13,10 - 14,26,57
"2340",1992,13,15 - 19,34,100
"2340",1992,13,20 - 24,29,171
"2340",1992,13,25 - 29,25,176
"2340",1992,13,30 - 34,25,143
"2340",1992,13,35 - 39,11,92
"2340",1992,13,40 - 44,8,80
"2340",1992,13,45 - 49,15,58
"2340",1992,13,50 - 54,8,50
"2340",1992,13,55 - 59,8,33
"2340",1992,13,60 - 64,4,39
"2340",1992,13,65 - 69,5,27
"2340",1992,13,70 - 74,16,29
"2340",1992,13,75 - 79,11,9
"2340",1992,13,80 - 84,13,13
"2340",1992,13,85 - 89,28,28
"2340",1992,13,90 - 94,0,0
"2340",1992,13,95+,0,0
"2340",1992,13,UNK,5,8
"2340",1992,14,Total,38,194
"2340",1992,14,0,0,0
"2340",1992,14,1,0,0
"2340",1992,14,2,0,0
"2340",1992,14,3,0,0
"2340",1992,14,4,0,0
"2340",1992,14,5 - 9,0,0
"2340",1992,14,10 - 14,2,3
"2340",1992,14,15 - 19,3,27
"2340",1992,14,20 - 24,5,35
"2340",1992,14,25 - 29,6,30
"2340",1992,14,30 - 34,5,30
"2340",1992,14,35 - 39,6,23
"2340",1992,14,40 - 44,2,14
"2340",1992,14,45 - 49,3,11
"2340",1992,14,50 - 54,2,5
"2340",1992,14,55 - 59,1,7
"2340",1992,14,60 - 64,0,3
"2340",1992,14,65 - 69,0,1
"2340",1992,14,70 - 74,1,1
"2340",1992,14,75 - 79,0,2
"2340",1992,14,80 - 84,0,1
"2340",1992,14,85 - 89,1,0
"2340",1992,14,90 - 94,0,0
"2340",1992,14,95+,0,0
"2340",1992,14,UNK,1,1
"2340",1993,1,Total,5707,7458
"2340",1993,1,0,1184,1684
"2340",1993,1,1,164,208
"2340",1993,1,2,56,84
"2340",1993,1,3,53,51
"2340",1993,1,4,24,42
"2340",1993,1,5 - 9,110,104
"2340",1993,1,10 - 14,79,142
"2340",1993,1,15 - 19,103,208
"2340",1993,1,20 - 24,125,316
"2340",1993,1,25 - 29,137,289
"2340",1993,1,30 - 34,155,264
"2340",1993,1,35 - 39,186,293
"2340",1993,1,40 - 44,164,257
"2340",1993,1,45 - 49,201,276
"2340",1993,1,50 - 54,165,236
"2340",1993,1,55 - 59,258,323
"2340",1993,1,60 - 64,292,389
"2340",1993,1,65 - 69,315,423
"2340",1993,1,70 - 74,424,468
"2340",1993,1,75 - 79,387,404
"2340",1993,1,80 - 84,358,407
"2340",1993,1,85 - 89,691,533
"2340",1993,1,90 - 94,0,0
"2340",1993,1,95+,0,0
"2340",1993,1,UNK,76,57
"2340",1993,2,Total,613,923
"2340",1993,2,0,279,410
"2340",1993,2,1,65,96
"2340",1993,2,2,15,28
"2340",1993,2,3,21,12
"2340",1993,2,4,3,10
"2340",1993,2,5 - 9,30,25
"2340",1993,2,10 - 14,15,15
"2340",1993,2,15 - 19,6,14
"2340",1993,2,20 - 24,17,19
"2340",1993,2,25 - 29,11,24
"2340",1993,2,30 - 34,9,23
"2340",1993,2,35 - 39,13,21
"2340",1993,2,40 - 44,14,15
"2340",1993,2,45 - 49,9,18
"2340",1993,2,50 - 54,14,16
"2340",1993,2,55 - 59,10,30
"2340",1993,2,60 - 64,14,22
"2340",1993,2,65 - 69,11,25
"2340",1993,2,70 - 74,14,21
"2340",1993,2,75 - 79,14,28
"2340",1993,2,80 - 84,11,19
"2340",1993,2,85 - 89,17,29
"2340",1993,2,90 - 94,0,0
"2340",1993,2,95+,0,0
"2340",1993,2,UNK,1,3
"2340",1993,3,Total,693,474
"2340",1993,3,0,6,4
"2340",1993,3,1,1,0
"2340",1993,3,2,5,3
"2340",1993,3,3,3,1
"2340",1993,3,4,2,3
"2340",1993,3,5 - 9,9,8
"2340",1993,3,10 - 14,5,13
"2340",1993,3,15 - 19,8,9
"2340",1993,3,20 - 24,9,14
"2340",1993,3,25 - 29,22,7
"2340",1993,3,30 - 34,34,9
"2340",1993,3,35 - 39,50,13
"2340",1993,3,40 - 44,45,29
"2340",1993,3,45 - 49,59,18
"2340",1993,3,50 - 54,55,22
"2340",1993,3,55 - 59,70,25
"2340",1993,3,60 - 64,56,52
"2340",1993,3,65 - 69,61,67
"2340",1993,3,70 - 74,56,69
"2340",1993,3,75 - 79,60,46
"2340",1993,3,80 - 84,27,35
"2340",1993,3,85 - 89,46,26
"2340",1993,3,90 - 94,0,0
"2340",1993,3,95+,0,0
"2340",1993,3,UNK,4,1
"2340",1993,4,Total,1482,1399
"2340",1993,4,0,6,6
"2340",1993,4,1,1,2
"2340",1993,4,2,1,0
"2340",1993,4,3,2,0
"2340",1993,4,4,1,0
"2340",1993,4,5 - 9,1,2
"2340",1993,4,10 - 14,10,5
"2340",1993,4,15 - 19,5,7
"2340",1993,4,20 - 24,12,14
"2340",1993,4,25 - 29,15,13
"2340",1993,4,30 - 34,21,19
"2340",1993,4,35 - 39,28,23
"2340",1993,4,40 - 44,36,34
"2340",1993,4,45 - 49,57,57
"2340",1993,4,50 - 54,43,63
"2340",1993,4,55 - 59,70,98
"2340",1993,4,60 - 64,116,127
"2340",1993,4,65 - 69,125,156
"2340",1993,4,70 - 74,195,170
"2340",1993,4,75 - 79,181,165
"2340",1993,4,80 - 84,175,169
"2340",1993,4,85 - 89,347,244
"2340",1993,4,90 - 94,0,0
"2340",1993,4,95+,0,0
"2340",1993,4,UNK,34,25
"2340",1993,5,Total,311,324
"2340",1993,5,0,26,37
"2340",1993,5,1,3,8
"2340",1993,5,2,4,4
"2340",1993,5,3,5,5
"2340",1993,5,4,0,1
"2340",1993,5,5 - 9,4,3
"2340",1993,5,10 - 14,5,0
"2340",1993,5,15 - 19,1,2
"2340",1993,5,20 - 24,5,16
"2340",1993,5,25 - 29,11,13
"2340",1993,5,30 - 34,3,5
"2340",1993,5,35 - 39,7,10
"2340",1993,5,40 - 44,8,5
"2340",1993,5,45 - 49,7,5
"2340",1993,5,50 - 54,5,10
"2340",1993,5,55 - 59,17,16
"2340",1993,5,60 - 64,14,15
"2340",1993,5,65 - 69,13,15
"2340",1993,5,70 - 74,20,23
"2340",1993,5,75 - 79,18,17
"2340",1993,5,80 - 84,32,36
"2340",1993,5,85 - 89,83,68
"2340",1993,5,90 - 94,0,0
"2340",1993,5,95+,0,0
"2340",1993,5,UNK,20,10
"2340",1993,6,Total,8,156
"2340",1993,6,0,0,0
"2340",1993,6,1,0,0
"2340",1993,6,2,0,0
"2340",1993,6,3,0,0
"2340",1993,6,4,0,0
"2340",1993,6,5 - 9,0,0
"2340",1993,6,10 - 14,0,1
"2340",1993,6,15 - 19,0,1
"2340",1993,6,20 - 24,1,5
"2340",1993,6,25 - 29,0,7
"2340",1993,6,30 - 34,1,11
"2340",1993,6,35 - 39,0,28
"2340",1993,6,40 - 44,0,14
"2340",1993,6,45 - 49,3,15
"2340",1993,6,50 - 54,1,14
"2340",1993,6,55 - 59,0,13
"2340",1993,6,60 - 64,1,11
"2340",1993,6,65 - 69,0,8
"2340",1993,6,70 - 74,0,12
"2340",1993,6,75 - 79,0,5
"2340",1993,6,80 - 84,1,6
"2340",1993,6,85 - 89,0,3
"2340",1993,6,90 - 94,0,0
"2340",1993,6,95+,0,0
"2340",1993,6,UNK,0,2
"2340",1993,7,Total,115,168
"2340",1993,7,0,27,43
"2340",1993,7,1,6,10
"2340",1993,7,2,3,9
"2340",1993,7,3,2,2
"2340",1993,7,4,1,2
"2340",1993,7,5 - 9,10,9
"2340",1993,7,10 - 14,2,9
"2340",1993,7,15 - 19,8,11
"2340",1993,7,20 - 24,9,14
"2340",1993,7,25 - 29,8,10
"2340",1993,7,30 - 34,5,6
"2340",1993,7,35 - 39,6,11
"2340",1993,7,40 - 44,4,8
"2340",1993,7,45 - 49,2,5
"2340",1993,7,50 - 54,0,0
"2340",1993,7,55 - 59,4,6
"2340",1993,7,60 - 64,2,3
"2340",1993,7,65 - 69,1,1
"2340",1993,7,70 - 74,8,1
"2340",1993,7,75 - 79,5,3
"2340",1993,7,80 - 84,2,4
"2340",1993,7,85 - 89,0,1
"2340",1993,7,90 - 94,0,0
"2340",1993,7,95+,0,0
"2340",1993,7,UNK,0,0
"2340",1993,8,Total,306,233
"2340",1993,8,0,27,32
"2340",1993,8,1,14,10
"2340",1993,8,2,4,5
"2340",1993,8,3,3,1
"2340",1993,8,4,2,1
"2340",1993,8,5 - 9,5,3
"2340",1993,8,10 - 14,1,5
"2340",1993,8,15 - 19,0,5
"2340",1993,8,20 - 24,1,3
"2340",1993,8,25 - 29,3,6
"2340",1993,8,30 - 34,3,3
"2340",1993,8,35 - 39,5,9
"2340",1993,8,40 - 44,5,12
"2340",1993,8,45 - 49,12,7
"2340",1993,8,50 - 54,10,13
"2340",1993,8,55 - 59,24,13
"2340",1993,8,60 - 64,30,25
"2340",1993,8,65 - 69,41,21
"2340",1993,8,70 - 74,41,16
"2340",1993,8,75 - 79,25,11
"2340",1993,8,80 - 84,23,18
"2340",1993,8,85 - 89,26,14
"2340",1993,8,90 - 94,0,0
"2340",1993,8,95+,0,0
"2340",1993,8,UNK,1,0
"2340",1993,9,Total,220,428
"2340",1993,9,0,10,9
"2340",1993,9,1,2,4
"2340",1993,9,2,0,1
"2340",1993,9,3,0,4
"2340",1993,9,4,3,1
"2340",1993,9,5 - 9,5,2
"2340",1993,9,10 - 14,0,6
"2340",1993,9,15 - 19,7,5
"2340",1993,9,20 - 24,5,5
"2340",1993,9,25 - 29,5,12
"2340",1993,9,30 - 34,3,19
"2340",1993,9,35 - 39,7,31
"2340",1993,9,40 - 44,11,28
"2340",1993,9,45 - 49,15,39
"2340",1993,9,50 - 54,8,29
"2340",1993,9,55 - 59,17,36
"2340",1993,9,60 - 64,20,37
"2340",1993,9,65 - 69,18,43
"2340",1993,9,70 - 74,32,41
"2340",1993,9,75 - 79,17,29
"2340",1993,9,80 - 84,15,21
"2340",1993,9,85 - 89,19,26
"2340",1993,9,90 - 94,0,0
"2340",1993,9,95+,0,0
"2340",1993,9,UNK,1,0
"2340",1993,10,Total,203,314
"2340",1993,10,0,3,3
"2340",1993,10,1,3,4
"2340",1993,10,2,1,2
"2340",1993,10,3,2,3
"2340",1993,10,4,3,1
"2340",1993,10,5 - 9,6,5
"2340",1993,10,10 - 14,6,1
"2340",1993,10,15 - 19,2,3
"2340",1993,10,20 - 24,6,5
"2340",1993,10,25 - 29,7,9
"2340",1993,10,30 - 34,11,6
"2340",1993,10,35 - 39,10,14
"2340",1993,10,40 - 44,5,15
"2340",1993,10,45 - 49,5,23
"2340",1993,10,50 - 54,4,18
"2340",1993,10,55 - 59,13,27
"2340",1993,10,60 - 64,15,28
"2340",1993,10,65 - 69,15,24
"2340",1993,10,70 - 74,14,33
"2340",1993,10,75 - 79,16,25
"2340",1993,10,80 - 84,18,34
"2340",1993,10,85 - 89,37,30
"2340",1993,10,90 - 94,0,0
"2340",1993,10,95+,0,0
"2340",1993,10,UNK,1,1
"2340",1993,11,Total,610,912
"2340",1993,11,0,596,884
"2340",1993,11,1,2,3
"2340",1993,11,2,1,5
"2340",1993,11,3,1,2
"2340",1993,11,4,1,2
"2340",1993,11,5 - 9,1,2
"2340",1993,11,10 - 14,3,5
"2340",1993,11,15 - 19,0,2
"2340",1993,11,20 - 24,2,1
"2340",1993,11,25 - 29,0,1
"2340",1993,11,30 - 34,1,0
"2340",1993,11,35 - 39,0,2
"2340",1993,11,40 - 44,0,0
"2340",1993,11,45 - 49,0,0
"2340",1993,11,50 - 54,0,1
"2340",1993,11,55 - 59,0,0
"2340",1993,11,60 - 64,0,2
"2340",1993,11,65 - 69,0,0
"2340",1993,11,70 - 74,1,0
"2340",1993,11,75 - 79,0,0
"2340",1993,11,80 - 84,0,0
"2340",1993,11,85 - 89,1,0
"2340",1993,11,90 - 94,0,0
"2340",1993,11,95+,0,0
"2340",1993,11,UNK,0,0
"2340",1993,12,Total,570,661
"2340",1993,12,0,175,221
"2340",1993,12,1,57,55
"2340",1993,12,2,16,19
"2340",1993,12,3,7,11
"2340",1993,12,4,5,7
"2340",1993,12,5 - 9,15,8
"2340",1993,12,10 - 14,4,4
"2340",1993,12,15 - 19,7,9
"2340",1993,12,20 - 24,6,5
"2340",1993,12,25 - 29,6,6
"2340",1993,12,30 - 34,4,5
"2340",1993,12,35 - 39,8,4
"2340",1993,12,40 - 44,6,10
"2340",1993,12,45 - 49,11,9
"2340",1993,12,50 - 54,8,13
"2340",1993,12,55 - 59,12,15
"2340",1993,12,60 - 64,14,23
"2340",1993,12,65 - 69,20,28
"2340",1993,12,70 - 74,26,53
"2340",1993,12,75 - 79,38,43
"2340",1993,12,80 - 84,37,40
"2340",1993,12,85 - 89,78,71
"2340",1993,12,90 - 94,0,0
"2340",1993,12,95+,0,0
"2340",1993,12,UNK,10,2
"2340",1993,13,Total,381,1202
"2340",1993,13,0,22,24
"2340",1993,13,1,10,14
"2340",1993,13,2,3,8
"2340",1993,13,3,6,8
"2340",1993,13,4,3,12
"2340",1993,13,5 - 9,21,34
"2340",1993,13,10 - 14,20,69
"2340",1993,13,15 - 19,43,117
"2340",1993,13,20 - 24,33,178
"2340",1993,13,25 - 29,22,146
"2340",1993,13,30 - 34,30,137
"2340",1993,13,35 - 39,20,100
"2340",1993,13,40 - 44,19,60
"2340",1993,13,45 - 49,14,66
"2340",1993,13,50 - 54,14,27
"2340",1993,13,55 - 59,15,39
"2340",1993,13,60 - 64,9,35
"2340",1993,13,65 - 69,7,31
"2340",1993,13,70 - 74,13,24
"2340",1993,13,75 - 79,11,23
"2340",1993,13,80 - 84,13,19
"2340",1993,13,85 - 89,30,20
"2340",1993,13,90 - 94,0,0
"2340",1993,13,95+,0,0
"2340",1993,13,UNK,3,11
"2340",1993,14,Total,23,194
"2340",1993,14,0,0,1
"2340",1993,14,1,0,0
"2340",1993,14,2,0,0
"2340",1993,14,3,0,0
"2340",1993,14,4,0,2
"2340",1993,14,5 - 9,1,1
"2340",1993,14,10 - 14,2,4
"2340",1993,14,15 - 19,1,17
"2340",1993,14,20 - 24,2,34
"2340",1993,14,25 - 29,4,34
"2340",1993,14,30 - 34,3,21
"2340",1993,14,35 - 39,3,26
"2340",1993,14,40 - 44,1,24
"2340",1993,14,45 - 49,2,11
"2340",1993,14,50 - 54,3,8
"2340",1993,14,55 - 59,0,3
"2340",1993,14,60 - 64,1,4
"2340",1993,14,65 - 69,0,1
"2340",1993,14,70 - 74,0,0
"2340",1993,14,75 - 79,0,1
"2340",1993,14,80 - 84,0,1
"2340",1993,14,85 - 89,0,0
"2340",1993,14,90 - 94,0,0
"2340",1993,14,95+,0,0
"2340",1993,14,UNK,0,1
"2340",1994,1,Total,5643,7451
"2340",1994,1,0,1109,1537
"2340",1994,1,1,166,181
"2340",1994,1,2,74,74
"2340",1994,1,3,41,52
"2340",1994,1,4,32,30
"2340",1994,1,5 - 9,110,119
"2340",1994,1,10 - 14,76,108
"2340",1994,1,15 - 19,134,263
"2340",1994,1,20 - 24,148,309
"2340",1994,1,25 - 29,132,273
"2340",1994,1,30 - 34,128,332
"2340",1994,1,35 - 39,159,288
"2340",1994,1,40 - 44,167,281
"2340",1994,1,45 - 49,168,241
"2340",1994,1,50 - 54,189,278
"2340",1994,1,55 - 59,210,330
"2340",1994,1,60 - 64,304,420
"2340",1994,1,65 - 69,332,446
"2340",1994,1,70 - 74,380,432
"2340",1994,1,75 - 79,367,422
"2340",1994,1,80 - 84,435,430
"2340",1994,1,85 - 89,686,546
"2340",1994,1,90 - 94,0,0
"2340",1994,1,95+,0,0
"2340",1994,1,UNK,96,59
"2340",1994,2,Total,556,740
"2340",1994,2,0,226,308
"2340",1994,2,1,67,69
"2340",1994,2,2,17,20
"2340",1994,2,3,13,11
"2340",1994,2,4,10,5
"2340",1994,2,5 - 9,20,23
"2340",1994,2,10 - 14,10,9
"2340",1994,2,15 - 19,11,18
"2340",1994,2,20 - 24,14,14
"2340",1994,2,25 - 29,17,19
"2340",1994,2,30 - 34,12,23
"2340",1994,2,35 - 39,10,14
"2340",1994,2,40 - 44,14,17
"2340",1994,2,45 - 49,12,19
"2340",1994,2,50 - 54,11,19
"2340",1994,2,55 - 59,7,18
"2340",1994,2,60 - 64,15,22
"2340",1994,2,65 - 69,12,31
"2340",1994,2,70 - 74,14,27
"2340",1994,2,75 - 79,9,12
"2340",1994,2,80 - 84,18,21
"2340",1994,2,85 - 89,13,20
"2340",1994,2,90 - 94,0,0
"2340",1994,2,95+,0,0
"2340",1994,2,UNK,4,1
"2340",1994,3,Total,663,538
"2340",1994,3,0,1,1
"2340",1994,3,1,1,1
"2340",1994,3,2,2,0
"2340",1994,3,3,0,5
"2340",1994,3,4,2,3
"2340",1994,3,5 - 9,3,10
"2340",1994,3,10 - 14,6,13
"2340",1994,3,15 - 19,8,9
"2340",1994,3,20 - 24,13,16
"2340",1994,3,25 - 29,17,12
"2340",1994,3,30 - 34,27,19
"2340",1994,3,35 - 39,48,20
"2340",1994,3,40 - 44,44,19
"2340",1994,3,45 - 49,48,23
"2340",1994,3,50 - 54,57,34
"2340",1994,3,55 - 59,60,49
"2340",1994,3,60 - 64,67,43
"2340",1994,3,65 - 69,68,55
"2340",1994,3,70 - 74,63,53
"2340",1994,3,75 - 79,47,56
"2340",1994,3,80 - 84,32,47
"2340",1994,3,85 - 89,48,48
"2340",1994,3,90 - 94,0,0
"2340",1994,3,95+,0,0
"2340",1994,3,UNK,1,2
"2340",1994,4,Total,1518,1445
"2340",1994,4,0,4,0
"2340",1994,4,1,1,1
"2340",1994,4,2,0,2
"2340",1994,4,3,0,1
"2340",1994,4,4,2,1
"2340",1994,4,5 - 9,4,3
"2340",1994,4,10 - 14,4,4
"2340",1994,4,15 - 19,18,21
"2340",1994,4,20 - 24,17,12
"2340",1994,4,25 - 29,20,14
"2340",1994,4,30 - 34,23,23
"2340",1994,4,35 - 39,22,25
"2340",1994,4,40 - 44,34,37
"2340",1994,4,45 - 49,46,45
"2340",1994,4,50 - 54,53,76
"2340",1994,4,55 - 59,58,94
"2340",1994,4,60 - 64,113,145
"2340",1994,4,65 - 69,133,139
"2340",1994,4,70 - 74,164,161
"2340",1994,4,75 - 79,178,188
"2340",1994,4,80 - 84,211,183
"2340",1994,4,85 - 89,356,244
"2340",1994,4,90 - 94,0,0
"2340",1994,4,95+,0,0
"2340",1994,4,UNK,57,26
"2340",1994,5,Total,331,286
"2340",1994,5,0,26,28
"2340",1994,5,1,6,10
"2340",1994,5,2,11,3
"2340",1994,5,3,2,3
"2340",1994,5,4,0,0
"2340",1994,5,5 - 9,4,5
"2340",1994,5,10 - 14,2,3
"2340",1994,5,15 - 19,7,4
"2340",1994,5,20 - 24,8,7
"2340",1994,5,25 - 29,7,11
"2340",1994,5,30 - 34,5,11
"2340",1994,5,35 - 39,1,9
"2340",1994,5,40 - 44,2,8
"2340",1994,5,45 - 49,8,9
"2340",1994,5,50 - 54,11,7
"2340",1994,5,55 - 59,10,10
"2340",1994,5,60 - 64,11,8
"2340",1994,5,65 - 69,10,13
"2340",1994,5,70 - 74,21,13
"2340",1994,5,75 - 79,23,17
"2340",1994,5,80 - 84,31,32
"2340",1994,5,85 - 89,106,63
"2340",1994,5,90 - 94,0,0
"2340",1994,5,95+,0,0
"2340",1994,5,UNK,19,12
"2340",1994,6,Total,13,183
"2340",1994,6,0,0,0
"2340",1994,6,1,0,0
"2340",1994,6,2,0,1
"2340",1994,6,3,0,0
"2340",1994,6,4,0,0
"2340",1994,6,5 - 9,0,0
"2340",1994,6,10 - 14,0,0
"2340",1994,6,15 - 19,1,1
"2340",1994,6,20 - 24,0,7
"2340",1994,6,25 - 29,2,10
"2340",1994,6,30 - 34,2,23
"2340",1994,6,35 - 39,0,18
"2340",1994,6,40 - 44,1,19
"2340",1994,6,45 - 49,0,23
"2340",1994,6,50 - 54,1,10
"2340",1994,6,55 - 59,2,18
"2340",1994,6,60 - 64,2,21
"2340",1994,6,65 - 69,1,5
"2340",1994,6,70 - 74,1,14
"2340",1994,6,75 - 79,0,4
"2340",1994,6,80 - 84,0,4
"2340",1994,6,85 - 89,0,4
"2340",1994,6,90 - 94,0,0
"2340",1994,6,95+,0,0
"2340",1994,6,UNK,0,1
"2340",1994,7,Total,95,131
"2340",1994,7,0,20,26
"2340",1994,7,1,4,10
"2340",1994,7,2,3,5
"2340",1994,7,3,3,5
"2340",1994,7,4,2,2
"2340",1994,7,5 - 9,6,5
"2340",1994,7,10 - 14,5,9
"2340",1994,7,15 - 19,4,11
"2340",1994,7,20 - 24,8,5
"2340",1994,7,25 - 29,6,9
"2340",1994,7,30 - 34,3,5
"2340",1994,7,35 - 39,6,6
"2340",1994,7,40 - 44,1,4
"2340",1994,7,45 - 49,1,3
"2340",1994,7,50 - 54,0,0
"2340",1994,7,55 - 59,5,3
"2340",1994,7,60 - 64,3,2
"2340",1994,7,65 - 69,4,6
"2340",1994,7,70 - 74,4,4
"2340",1994,7,75 - 79,2,3
"2340",1994,7,80 - 84,2,2
"2340",1994,7,85 - 89,3,6
"2340",1994,7,90 - 94,0,0
"2340",1994,7,95+,0,0
"2340",1994,7,UNK,0,0
"2340",1994,8,Total,305,287
"2340",1994,8,0,27,29
"2340",1994,8,1,8,8
"2340",1994,8,2,3,5
"2340",1994,8,3,3,5
"2340",1994,8,4,1,0
"2340",1994,8,5 - 9,3,2
"2340",1994,8,10 - 14,2,1
"2340",1994,8,15 - 19,2,1
"2340",1994,8,20 - 24,4,2
"2340",1994,8,25 - 29,3,1
"2340",1994,8,30 - 34,6,12
"2340",1994,8,35 - 39,7,4
"2340",1994,8,40 - 44,9,9
"2340",1994,8,45 - 49,17,14
"2340",1994,8,50 - 54,26,18
"2340",1994,8,55 - 59,13,24
"2340",1994,8,60 - 64,29,25
"2340",1994,8,65 - 69,39,39
"2340",1994,8,70 - 74,28,23
"2340",1994,8,75 - 79,27,31
"2340",1994,8,80 - 84,30,17
"2340",1994,8,85 - 89,15,15
"2340",1994,8,90 - 94,0,0
"2340",1994,8,95+,0,0
"2340",1994,8,UNK,3,2
"2340",1994,9,Total,213,437
"2340",1994,9,0,5,10
"2340",1994,9,1,3,1
"2340",1994,9,2,3,0
"2340",1994,9,3,2,0
"2340",1994,9,4,0,1
"2340",1994,9,5 - 9,7,4
"2340",1994,9,10 - 14,2,6
"2340",1994,9,15 - 19,2,5
"2340",1994,9,20 - 24,6,4
"2340",1994,9,25 - 29,8,10
"2340",1994,9,30 - 34,3,25
"2340",1994,9,35 - 39,13,40
"2340",1994,9,40 - 44,11,41
"2340",1994,9,45 - 49,4,28
"2340",1994,9,50 - 54,10,42
"2340",1994,9,55 - 59,14,37
"2340",1994,9,60 - 64,28,41
"2340",1994,9,65 - 69,19,38
"2340",1994,9,70 - 74,18,38
"2340",1994,9,75 - 79,21,26
"2340",1994,9,80 - 84,20,19
"2340",1994,9,85 - 89,14,17
"2340",1994,9,90 - 94,0,0
"2340",1994,9,95+,0,0
"2340",1994,9,UNK,0,4
"2340",1994,10,Total,168,346
"2340",1994,10,0,3,6
"2340",1994,10,1,1,3
"2340",1994,10,2,1,3
"2340",1994,10,3,1,0
"2340",1994,10,4,1,1
"2340",1994,10,5 - 9,6,6
"2340",1994,10,10 - 14,6,3
"2340",1994,10,15 - 19,4,11
"2340",1994,10,20 - 24,6,8
"2340",1994,10,25 - 29,3,10
"2340",1994,10,30 - 34,6,12
"2340",1994,10,35 - 39,5,13
"2340",1994,10,40 - 44,9,19
"2340",1994,10,45 - 49,5,11
"2340",1994,10,50 - 54,7,21
"2340",1994,10,55 - 59,11,18
"2340",1994,10,60 - 64,12,36
"2340",1994,10,65 - 69,8,43
"2340",1994,10,70 - 74,21,26
"2340",1994,10,75 - 79,13,31
"2340",1994,10,80 - 84,17,34
"2340",1994,10,85 - 89,17,29
"2340",1994,10,90 - 94,0,0
"2340",1994,10,95+,0,0
"2340",1994,10,UNK,5,2
"2340",1994,11,Total,648,921
"2340",1994,11,0,625,885
"2340",1994,11,1,5,10
"2340",1994,11,2,1,4
"2340",1994,11,3,1,0
"2340",1994,11,4,1,4
"2340",1994,11,5 - 9,5,4
"2340",1994,11,10 - 14,4,2
"2340",1994,11,15 - 19,2,5
"2340",1994,11,20 - 24,0,0
"2340",1994,11,25 - 29,1,1
"2340",1994,11,30 - 34,0,1
"2340",1994,11,35 - 39,0,0
"2340",1994,11,40 - 44,1,0
"2340",1994,11,45 - 49,0,0
"2340",1994,11,50 - 54,0,0
"2340",1994,11,55 - 59,1,2
"2340",1994,11,60 - 64,0,0
"2340",1994,11,65 - 69,0,0
"2340",1994,11,70 - 74,0,0
"2340",1994,11,75 - 79,0,0
"2340",1994,11,80 - 84,0,0
"2340",1994,11,85 - 89,1,2
"2340",1994,11,90 - 94,0,0
"2340",1994,11,95+,0,0
"2340",1994,11,UNK,0,1
"2340",1994,12,Total,568,646
"2340",1994,12,0,144,204
"2340",1994,12,1,52,49
"2340",1994,12,2,24,16
"2340",1994,12,3,7,10
"2340",1994,12,4,6,3
"2340",1994,12,5 - 9,18,14
"2340",1994,12,10 - 14,9,8
"2340",1994,12,15 - 19,4,7
"2340",1994,12,20 - 24,9,8
"2340",1994,12,25 - 29,8,10
"2340",1994,12,30 - 34,5,7
"2340",1994,12,35 - 39,8,12
"2340",1994,12,40 - 44,11,13
"2340",1994,12,45 - 49,8,11
"2340",1994,12,50 - 54,9,6
"2340",1994,12,55 - 59,19,11
"2340",1994,12,60 - 64,14,29
"2340",1994,12,65 - 69,23,39
"2340",1994,12,70 - 74,29,40
"2340",1994,12,75 - 79,32,31
"2340",1994,12,80 - 84,47,49
"2340",1994,12,85 - 89,79,65
"2340",1994,12,90 - 94,0,0
"2340",1994,12,95+,0,0
"2340",1994,12,UNK,3,4
"2340",1994,13,Total,358,1225
"2340",1994,13,0,22,31
"2340",1994,13,1,12,17
"2340",1994,13,2,8,14
"2340",1994,13,3,6,10
"2340",1994,13,4,6,8
"2340",1994,13,5 - 9,29,40
"2340",1994,13,10 - 14,17,46
"2340",1994,13,15 - 19,47,135
"2340",1994,13,20 - 24,31,191
"2340",1994,13,25 - 29,20,133
"2340",1994,13,30 - 34,16,137
"2340",1994,13,35 - 39,14,94
"2340",1994,13,40 - 44,18,84
"2340",1994,13,45 - 49,11,43
"2340",1994,13,50 - 54,4,39
"2340",1994,13,55 - 59,6,38
"2340",1994,13,60 - 64,9,42
"2340",1994,13,65 - 69,9,29
"2340",1994,13,70 - 74,10,26
"2340",1994,13,75 - 79,11,17
"2340",1994,13,80 - 84,21,20
"2340",1994,13,85 - 89,27,28
"2340",1994,13,90 - 94,0,0
"2340",1994,13,95+,0,0
"2340",1994,13,UNK,4,3
"2340",1994,14,Total,40,201
"2340",1994,14,0,2,0
"2340",1994,14,1,1,0
"2340",1994,14,2,1,1
"2340",1994,14,3,3,1
"2340",1994,14,4,1,0
"2340",1994,14,5 - 9,4,2
"2340",1994,14,10 - 14,2,1
"2340",1994,14,15 - 19,4,27
"2340",1994,14,20 - 24,6,35
"2340",1994,14,25 - 29,3,30
"2340",1994,14,30 - 34,3,31
"2340",1994,14,35 - 39,2,30
"2340",1994,14,40 - 44,3,7
"2340",1994,14,45 - 49,2,10
"2340",1994,14,50 - 54,0,6
"2340",1994,14,55 - 59,0,5
"2340",1994,14,60 - 64,0,4
"2340",1994,14,65 - 69,1,5
"2340",1994,14,70 - 74,1,3
"2340",1994,14,75 - 79,0,2
"2340",1994,14,80 - 84,0,0
"2340",1994,14,85 - 89,1,0
"2340",1994,14,90 - 94,0,0
"2340",1994,14,95+,0,0
"2340",1994,14,UNK,0,1
"2340",1996,1,Total,5962,7839
"2340",1996,1,0,1010,1368
"2340",1996,1,1,148,158
"2340",1996,1,2,68,95
"2340",1996,1,3,42,46
"2340",1996,1,4,28,37
"2340",1996,1,5 - 9,90,122
"2340",1996,1,10 - 14,95,127
"2340",1996,1,15 - 19,187,251
"2340",1996,1,20 - 24,174,309
"2340",1996,1,25 - 29,115,247
"2340",1996,1,30 - 34,144,301
"2340",1996,1,35 - 39,160,321
"2340",1996,1,40 - 44,163,329
"2340",1996,1,45 - 49,208,314
"2340",1996,1,50 - 54,221,328
"2340",1996,1,55 - 59,253,384
"2340",1996,1,60 - 64,316,426
"2340",1996,1,65 - 69,380,478
"2340",1996,1,70 - 74,370,509
"2340",1996,1,75 - 79,453,515
"2340",1996,1,80 - 84,475,469
"2340",1996,1,85 - 89,772,654
"2340",1996,1,90 - 94,0,0
"2340",1996,1,95+,0,0
"2340",1996,1,UNK,90,51
"2340",1996,2,Total,539,738
"2340",1996,2,0,220,275
"2340",1996,2,1,55,61
"2340",1996,2,2,19,33
"2340",1996,2,3,7,10
"2340",1996,2,4,3,10
"2340",1996,2,5 - 9,20,21
"2340",1996,2,10 - 14,4,12
"2340",1996,2,15 - 19,12,8
"2340",1996,2,20 - 24,16,13
"2340",1996,2,25 - 29,10,15
"2340",1996,2,30 - 34,19,13
"2340",1996,2,35 - 39,7,20
"2340",1996,2,40 - 44,15,20
"2340",1996,2,45 - 49,13,23
"2340",1996,2,50 - 54,14,21
"2340",1996,2,55 - 59,9,25
"2340",1996,2,60 - 64,17,36
"2340",1996,2,65 - 69,11,19
"2340",1996,2,70 - 74,15,25
"2340",1996,2,75 - 79,14,24
"2340",1996,2,80 - 84,13,26
"2340",1996,2,85 - 89,25,24
"2340",1996,2,90 - 94,0,0
"2340",1996,2,95+,0,0
"2340",1996,2,UNK,1,4
"2340",1996,3,Total,765,575
"2340",1996,3,0,2,1
"2340",1996,3,1,2,3
"2340",1996,3,2,1,3
"2340",1996,3,3,0,2
"2340",1996,3,4,4,2
"2340",1996,3,5 - 9,5,7
"2340",1996,3,10 - 14,12,8
"2340",1996,3,15 - 19,15,15
"2340",1996,3,20 - 24,13,13
"2340",1996,3,25 - 29,16,8
"2340",1996,3,30 - 34,33,15
"2340",1996,3,35 - 39,44,14
"2340",1996,3,40 - 44,39,20
"2340",1996,3,45 - 49,67,28
"2340",1996,3,50 - 54,71,33
"2340",1996,3,55 - 59,61,43
"2340",1996,3,60 - 64,82,43
"2340",1996,3,65 - 69,70,75
"2340",1996,3,70 - 74,61,78
"2340",1996,3,75 - 79,65,53
"2340",1996,3,80 - 84,46,49
"2340",1996,3,85 - 89,54,59
"2340",1996,3,90 - 94,0,0
"2340",1996,3,95+,0,0
"2340",1996,3,UNK,2,3
"2340",1996,4,Total,1621,1564
"2340",1996,4,0,3,6
"2340",1996,4,1,2,1
"2340",1996,4,2,0,4
"2340",1996,4,3,2,3
"2340",1996,4,4,0,1
"2340",1996,4,5 - 9,3,3
"2340",1996,4,10 - 14,4,9
"2340",1996,4,15 - 19,10,7
"2340",1996,4,20 - 24,16,17
"2340",1996,4,25 - 29,7,9
"2340",1996,4,30 - 34,17,21
"2340",1996,4,35 - 39,18,22
"2340",1996,4,40 - 44,31,41
"2340",1996,4,45 - 49,50,58
"2340",1996,4,50 - 54,46,70
"2340",1996,4,55 - 59,88,92
"2340",1996,4,60 - 64,103,126
"2340",1996,4,65 - 69,157,155
"2340",1996,4,70 - 74,148,170
"2340",1996,4,75 - 79,206,205
"2340",1996,4,80 - 84,245,203
"2340",1996,4,85 - 89,422,316
"2340",1996,4,90 - 94,0,0
"2340",1996,4,95+,0,0
"2340",1996,4,UNK,43,25
"2340",1996,5,Total,246,286
"2340",1996,5,0,10,25
"2340",1996,5,1,5,3
"2340",1996,5,2,7,3
"2340",1996,5,3,0,2
"2340",1996,5,4,1,0
"2340",1996,5,5 - 9,2,4
"2340",1996,5,10 - 14,3,5
"2340",1996,5,15 - 19,8,9
"2340",1996,5,20 - 24,5,7
"2340",1996,5,25 - 29,5,4
"2340",1996,5,30 - 34,7,6
"2340",1996,5,35 - 39,6,7
"2340",1996,5,40 - 44,4,6
"2340",1996,5,45 - 49,4,4
"2340",1996,5,50 - 54,8,11
"2340",1996,5,55 - 59,3,18
"2340",1996,5,60 - 64,6,13
"2340",1996,5,65 - 69,9,19
"2340",1996,5,70 - 74,14,19
"2340",1996,5,75 - 79,19,29
"2340",1996,5,80 - 84,28,20
"2340",1996,5,85 - 89,73,65
"2340",1996,5,90 - 94,0,0
"2340",1996,5,95+,0,0
"2340",1996,5,UNK,19,7
"2340",1996,6,Total,32,364
"2340",1996,6,0,0,0
"2340",1996,6,1,0,0
"2340",1996,6,2,0,0
"2340",1996,6,3,0,0
"2340",1996,6,4,0,0
"2340",1996,6,5 - 9,0,0
"2340",1996,6,10 - 14,1,1
"2340",1996,6,15 - 19,0,1
"2340",1996,6,20 - 24,0,6
"2340",1996,6,25 - 29,0,14
"2340",1996,6,30 - 34,1,35
"2340",1996,6,35 - 39,5,46
"2340",1996,6,40 - 44,5,52
"2340",1996,6,45 - 49,2,43
"2340",1996,6,50 - 54,3,37
"2340",1996,6,55 - 59,2,36
"2340",1996,6,60 - 64,2,23
"2340",1996,6,65 - 69,2,19
"2340",1996,6,70 - 74,1,23
"2340",1996,6,75 - 79,4,8
"2340",1996,6,80 - 84,3,9
"2340",1996,6,85 - 89,1,9
"2340",1996,6,90 - 94,0,0
"2340",1996,6,95+,0,0
"2340",1996,6,UNK,0,2
"2340",1996,7,Total,155,180
"2340",1996,7,0,28,36
"2340",1996,7,1,11,10
"2340",1996,7,2,5,3
"2340",1996,7,3,4,1
"2340",1996,7,4,3,2
"2340",1996,7,5 - 9,12,13
"2340",1996,7,10 - 14,7,10
"2340",1996,7,15 - 19,13,17
"2340",1996,7,20 - 24,16,9
"2340",1996,7,25 - 29,11,11
"2340",1996,7,30 - 34,4,3
"2340",1996,7,35 - 39,5,8
"2340",1996,7,40 - 44,3,8
"2340",1996,7,45 - 49,4,6
"2340",1996,7,50 - 54,4,7
"2340",1996,7,55 - 59,1,5
"2340",1996,7,60 - 64,6,3
"2340",1996,7,65 - 69,4,4
"2340",1996,7,70 - 74,6,6
"2340",1996,7,75 - 79,2,8
"2340",1996,7,80 - 84,3,4
"2340",1996,7,85 - 89,3,6
"2340",1996,7,90 - 94,0,0
"2340",1996,7,95+,0,0
"2340",1996,7,UNK,0,0
"2340",1996,8,Total,449,417
"2340",1996,8,0,31,49
"2340",1996,8,1,14,15
"2340",1996,8,2,7,10
"2340",1996,8,3,3,3
"2340",1996,8,4,1,1
"2340",1996,8,5 - 9,3,6
"2340",1996,8,10 - 14,2,1
"2340",1996,8,15 - 19,6,1
"2340",1996,8,20 - 24,1,3
"2340",1996,8,25 - 29,3,9
"2340",1996,8,30 - 34,4,11
"2340",1996,8,35 - 39,8,6
"2340",1996,8,40 - 44,6,19
"2340",1996,8,45 - 49,20,19
"2340",1996,8,50 - 54,30,26
"2340",1996,8,55 - 59,42,30
"2340",1996,8,60 - 64,39,42
"2340",1996,8,65 - 69,63,47
"2340",1996,8,70 - 74,45,39
"2340",1996,8,75 - 79,48,33
"2340",1996,8,80 - 84,32,26
"2340",1996,8,85 - 89,39,21
"2340",1996,8,90 - 94,0,0
"2340",1996,8,95+,0,0
"2340",1996,8,UNK,2,0
"2340",1996,9,Total,232,443
"2340",1996,9,0,3,12
"2340",1996,9,1,2,3
"2340",1996,9,2,1,0
"2340",1996,9,3,2,0
"2340",1996,9,4,2,2
"2340",1996,9,5 - 9,0,6
"2340",1996,9,10 - 14,3,4
"2340",1996,9,15 - 19,3,5
"2340",1996,9,20 - 24,8,9
"2340",1996,9,25 - 29,4,15
"2340",1996,9,30 - 34,11,24
"2340",1996,9,35 - 39,5,28
"2340",1996,9,40 - 44,17,28
"2340",1996,9,45 - 49,17,41
"2340",1996,9,50 - 54,15,35
"2340",1996,9,55 - 59,12,46
"2340",1996,9,60 - 64,19,41
"2340",1996,9,65 - 69,16,35
"2340",1996,9,70 - 74,23,32
"2340",1996,9,75 - 79,26,38
"2340",1996,9,80 - 84,15,18
"2340",1996,9,85 - 89,26,20
"2340",1996,9,90 - 94,0,0
"2340",1996,9,95+,0,0
"2340",1996,9,UNK,2,1
"2340",1996,10,Total,168,360
"2340",1996,10,0,3,3
"2340",1996,10,1,1,5
"2340",1996,10,2,1,3
"2340",1996,10,3,1,5
"2340",1996,10,4,4,3
"2340",1996,10,5 - 9,7,7
"2340",1996,10,10 - 14,2,3
"2340",1996,10,15 - 19,5,3
"2340",1996,10,20 - 24,10,6
"2340",1996,10,25 - 29,3,4
"2340",1996,10,30 - 34,6,15
"2340",1996,10,35 - 39,4,13
"2340",1996,10,40 - 44,6,25
"2340",1996,10,45 - 49,7,14
"2340",1996,10,50 - 54,5,17
"2340",1996,10,55 - 59,11,28
"2340",1996,10,60 - 64,5,29
"2340",1996,10,65 - 69,6,42
"2340",1996,10,70 - 74,12,38
"2340",1996,10,75 - 79,19,27
"2340",1996,10,80 - 84,23,37
"2340",1996,10,85 - 89,22,30
"2340",1996,10,90 - 94,0,0
"2340",1996,10,95+,0,0
"2340",1996,10,UNK,5,3
"2340",1996,11,Total,589,800
"2340",1996,11,0,558,768
"2340",1996,11,1,9,10
"2340",1996,11,2,2,2
"2340",1996,11,3,1,2
"2340",1996,11,4,1,2
"2340",1996,11,5 - 9,4,5
"2340",1996,11,10 - 14,3,3
"2340",1996,11,15 - 19,3,1
"2340",1996,11,20 - 24,0,3
"2340",1996,11,25 - 29,3,2
"2340",1996,11,30 - 34,1,0
"2340",1996,11,35 - 39,0,0
"2340",1996,11,40 - 44,0,1
"2340",1996,11,45 - 49,1,0
"2340",1996,11,50 - 54,1,0
"2340",1996,11,55 - 59,0,0
"2340",1996,11,60 - 64,1,1
"2340",1996,11,65 - 69,0,0
"2340",1996,11,70 - 74,0,0
"2340",1996,11,75 - 79,1,0
"2340",1996,11,80 - 84,0,0
"2340",1996,11,85 - 89,0,0
"2340",1996,11,90 - 94,0,0
"2340",1996,11,95+,0,0
"2340",1996,11,UNK,0,0
"2340",1996,12,Total,459,543
"2340",1996,12,0,113,136
"2340",1996,12,1,28,25
"2340",1996,12,2,13,21
"2340",1996,12,3,14,8
"2340",1996,12,4,5,5
"2340",1996,12,5 - 9,13,7
"2340",1996,12,10 - 14,6,5
"2340",1996,12,15 - 19,6,5
"2340",1996,12,20 - 24,5,9
"2340",1996,12,25 - 29,4,9
"2340",1996,12,30 - 34,2,11
"2340",1996,12,35 - 39,11,6
"2340",1996,12,40 - 44,8,12
"2340",1996,12,45 - 49,2,4
"2340",1996,12,50 - 54,9,12
"2340",1996,12,55 - 59,11,7
"2340",1996,12,60 - 64,17,18
"2340",1996,12,65 - 69,25,33
"2340",1996,12,70 - 74,26,35
"2340",1996,12,75 - 79,32,49
"2340",1996,12,80 - 84,40,54
"2340",1996,12,85 - 89,62,69
"2340",1996,12,90 - 94,0,0
"2340",1996,12,95+,0,0
"2340",1996,12,UNK,7,3
"2340",1996,13,Total,441,1240
"2340",1996,13,0,34,48
"2340",1996,13,1,17,21
"2340",1996,13,2,10,12
"2340",1996,13,3,8,10
"2340",1996,13,4,4,6
"2340",1996,13,5 - 9,17,38
"2340",1996,13,10 - 14,36,60
"2340",1996,13,15 - 19,65,138
"2340",1996,13,20 - 24,41,159
"2340",1996,13,25 - 29,27,112
"2340",1996,13,30 - 34,15,121
"2340",1996,13,35 - 39,16,118
"2340",1996,13,40 - 44,20,83
"2340",1996,13,45 - 49,12,55
"2340",1996,13,50 - 54,6,49
"2340",1996,13,55 - 59,11,37
"2340",1996,13,60 - 64,14,40
"2340",1996,13,65 - 69,8,23
"2340",1996,13,70 - 74,13,36
"2340",1996,13,75 - 79,12,29
"2340",1996,13,80 - 84,18,18
"2340",1996,13,85 - 89,29,24
"2340",1996,13,90 - 94,0,0
"2340",1996,13,95+,0,0
"2340",1996,13,UNK,8,3
"2340",1996,14,Total,39,246
"2340",1996,14,0,2,1
"2340",1996,14,1,0,0
"2340",1996,14,2,0,1
"2340",1996,14,3,0,0
"2340",1996,14,4,0,0
"2340",1996,14,5 - 9,1,2
"2340",1996,14,10 - 14,3,3
"2340",1996,14,15 - 19,7,38
"2340",1996,14,20 - 24,6,50
"2340",1996,14,25 - 29,3,29
"2340",1996,14,30 - 34,3,23
"2340",1996,14,35 - 39,3,29
"2340",1996,14,40 - 44,1,14
"2340",1996,14,45 - 49,3,17
"2340",1996,14,50 - 54,2,9
"2340",1996,14,55 - 59,1,11
"2340",1996,14,60 - 64,1,6
"2340",1996,14,65 - 69,0,3
"2340",1996,14,70 - 74,2,5
"2340",1996,14,75 - 79,0,3
"2340",1996,14,80 - 84,1,1
"2340",1996,14,85 - 89,0,1
"2340",1996,14,90 - 94,0,0
"2340",1996,14,95+,0,0
"2340",1996,14,UNK,0,0
