"","Year","Cause","Age","Female","Male"
"2130",1990,1,Total,61703,92982
"2130",1990,1,0,5648,7405
"2130",1990,1,1,977,1155
"2130",1990,1,2,450,544
"2130",1990,1,3,264,338
"2130",1990,1,4,227,245
"2130",1990,1,5 - 9,669,987
"2130",1990,1,10 - 14,632,1019
"2130",1990,1,15 - 19,1125,4024
"2130",1990,1,20 - 24,1371,6744
"2130",1990,1,25 - 29,1364,6575
"2130",1990,1,30 - 34,1382,5254
"2130",1990,1,35 - 39,1524,4403
"2130",1990,1,40 - 44,1674,3536
"2130",1990,1,45 - 49,1946,3315
"2130",1990,1,50 - 54,2702,3784
"2130",1990,1,55 - 59,3340,4445
"2130",1990,1,60 - 64,4575,6007
"2130",1990,1,65 - 69,5036,6356
"2130",1990,1,70 - 74,6123,7030
"2130",1990,1,75 - 79,6410,6999
"2130",1990,1,80 - 84,5697,5399
"2130",1990,1,85 - 89,7861,5698
"2130",1990,1,90 - 94,0,0
"2130",1990,1,95+,0,0
"2130",1990,1,UNK,706,1720
"2130",1990,2,Total,2602,3475
"2130",1990,2,0,771,1012
"2130",1990,2,1,252,300
"2130",1990,2,2,86,84
"2130",1990,2,3,49,47
"2130",1990,2,4,26,30
"2130",1990,2,5 - 9,55,77
"2130",1990,2,10 - 14,40,57
"2130",1990,2,15 - 19,47,63
"2130",1990,2,20 - 24,72,88
"2130",1990,2,25 - 29,57,108
"2130",1990,2,30 - 34,65,110
"2130",1990,2,35 - 39,66,125
"2130",1990,2,40 - 44,52,108
"2130",1990,2,45 - 49,71,108
"2130",1990,2,50 - 54,79,115
"2130",1990,2,55 - 59,77,129
"2130",1990,2,60 - 64,97,163
"2130",1990,2,65 - 69,109,166
"2130",1990,2,70 - 74,97,166
"2130",1990,2,75 - 79,129,156
"2130",1990,2,80 - 84,115,117
"2130",1990,2,85 - 89,160,98
"2130",1990,2,90 - 94,0,0
"2130",1990,2,95+,0,0
"2130",1990,2,UNK,30,48
"2130",1990,3,Total,10462,9788
"2130",1990,3,0,20,29
"2130",1990,3,1,13,18
"2130",1990,3,2,24,17
"2130",1990,3,3,20,30
"2130",1990,3,4,18,35
"2130",1990,3,5 - 9,83,99
"2130",1990,3,10 - 14,69,106
"2130",1990,3,15 - 19,99,135
"2130",1990,3,20 - 24,118,145
"2130",1990,3,25 - 29,133,137
"2130",1990,3,30 - 34,242,144
"2130",1990,3,35 - 39,335,213
"2130",1990,3,40 - 44,519,268
"2130",1990,3,45 - 49,650,384
"2130",1990,3,50 - 54,890,646
"2130",1990,3,55 - 59,1035,778
"2130",1990,3,60 - 64,1229,1174
"2130",1990,3,65 - 69,1198,1322
"2130",1990,3,70 - 74,1286,1359
"2130",1990,3,75 - 79,1009,1222
"2130",1990,3,80 - 84,704,792
"2130",1990,3,85 - 89,673,636
"2130",1990,3,90 - 94,0,0
"2130",1990,3,95+,0,0
"2130",1990,3,UNK,95,99
"2130",1990,4,Total,22535,23364
"2130",1990,4,0,124,110
"2130",1990,4,1,21,27
"2130",1990,4,2,16,13
"2130",1990,4,3,6,6
"2130",1990,4,4,7,7
"2130",1990,4,5 - 9,33,36
"2130",1990,4,10 - 14,60,47
"2130",1990,4,15 - 19,102,114
"2130",1990,4,20 - 24,123,156
"2130",1990,4,25 - 29,175,193
"2130",1990,4,30 - 34,222,238
"2130",1990,4,35 - 39,340,391
"2130",1990,4,40 - 44,446,572
"2130",1990,4,45 - 49,615,739
"2130",1990,4,50 - 54,943,1172
"2130",1990,4,55 - 59,1293,1739
"2130",1990,4,60 - 64,1891,2525
"2130",1990,4,65 - 69,2240,2848
"2130",1990,4,70 - 74,2963,3304
"2130",1990,4,75 - 79,3298,3294
"2130",1990,4,80 - 84,3032,2649
"2130",1990,4,85 - 89,4353,2868
"2130",1990,4,90 - 94,0,0
"2130",1990,4,95+,0,0
"2130",1990,4,UNK,232,316
"2130",1990,5,Total,2843,3203
"2130",1990,5,0,167,217
"2130",1990,5,1,55,76
"2130",1990,5,2,35,53
"2130",1990,5,3,15,17
"2130",1990,5,4,10,10
"2130",1990,5,5 - 9,30,52
"2130",1990,5,10 - 14,21,29
"2130",1990,5,15 - 19,55,63
"2130",1990,5,20 - 24,49,69
"2130",1990,5,25 - 29,51,96
"2130",1990,5,30 - 34,43,79
"2130",1990,5,35 - 39,52,84
"2130",1990,5,40 - 44,52,64
"2130",1990,5,45 - 49,50,92
"2130",1990,5,50 - 54,86,117
"2130",1990,5,55 - 59,92,126
"2130",1990,5,60 - 64,152,190
"2130",1990,5,65 - 69,167,211
"2130",1990,5,70 - 74,236,253
"2130",1990,5,75 - 79,291,359
"2130",1990,5,80 - 84,379,370
"2130",1990,5,85 - 89,708,497
"2130",1990,5,90 - 94,0,0
"2130",1990,5,95+,0,0
"2130",1990,5,UNK,47,79
"2130",1990,6,Total,83,140
"2130",1990,6,0,0,1
"2130",1990,6,1,0,0
"2130",1990,6,2,0,2
"2130",1990,6,3,0,0
"2130",1990,6,4,0,0
"2130",1990,6,5 - 9,1,3
"2130",1990,6,10 - 14,0,0
"2130",1990,6,15 - 19,2,6
"2130",1990,6,20 - 24,1,4
"2130",1990,6,25 - 29,2,6
"2130",1990,6,30 - 34,0,4
"2130",1990,6,35 - 39,1,7
"2130",1990,6,40 - 44,1,7
"2130",1990,6,45 - 49,2,6
"2130",1990,6,50 - 54,1,6
"2130",1990,6,55 - 59,4,10
"2130",1990,6,60 - 64,8,11
"2130",1990,6,65 - 69,5,9
"2130",1990,6,70 - 74,11,18
"2130",1990,6,75 - 79,12,17
"2130",1990,6,80 - 84,15,7
"2130",1990,6,85 - 89,17,12
"2130",1990,6,90 - 94,0,0
"2130",1990,6,95+,0,0
"2130",1990,6,UNK,0,4
"2130",1990,7,Total,1060,1240
"2130",1990,7,0,188,180
"2130",1990,7,1,38,64
"2130",1990,7,2,19,29
"2130",1990,7,3,17,20
"2130",1990,7,4,14,18
"2130",1990,7,5 - 9,53,72
"2130",1990,7,10 - 14,62,55
"2130",1990,7,15 - 19,59,64
"2130",1990,7,20 - 24,64,87
"2130",1990,7,25 - 29,55,79
"2130",1990,7,30 - 34,62,48
"2130",1990,7,35 - 39,44,55
"2130",1990,7,40 - 44,35,40
"2130",1990,7,45 - 49,23,43
"2130",1990,7,50 - 54,32,47
"2130",1990,7,55 - 59,34,47
"2130",1990,7,60 - 64,38,47
"2130",1990,7,65 - 69,41,46
"2130",1990,7,70 - 74,43,54
"2130",1990,7,75 - 79,42,56
"2130",1990,7,80 - 84,45,45
"2130",1990,7,85 - 89,39,27
"2130",1990,7,90 - 94,0,0
"2130",1990,7,95+,0,0
"2130",1990,7,UNK,13,17
"2130",1990,8,Total,2920,2512
"2130",1990,8,0,233,321
"2130",1990,8,1,104,104
"2130",1990,8,2,32,34
"2130",1990,8,3,16,14
"2130",1990,8,4,15,7
"2130",1990,8,5 - 9,23,31
"2130",1990,8,10 - 14,17,19
"2130",1990,8,15 - 19,26,18
"2130",1990,8,20 - 24,33,49
"2130",1990,8,25 - 29,32,75
"2130",1990,8,30 - 34,38,91
"2130",1990,8,35 - 39,39,79
"2130",1990,8,40 - 44,61,96
"2130",1990,8,45 - 49,70,91
"2130",1990,8,50 - 54,129,125
"2130",1990,8,55 - 59,187,144
"2130",1990,8,60 - 64,253,188
"2130",1990,8,65 - 69,303,190
"2130",1990,8,70 - 74,312,221
"2130",1990,8,75 - 79,346,226
"2130",1990,8,80 - 84,288,164
"2130",1990,8,85 - 89,330,173
"2130",1990,8,90 - 94,0,0
"2130",1990,8,95+,0,0
"2130",1990,8,UNK,33,52
"2130",1990,9,Total,2370,3086
"2130",1990,9,0,108,143
"2130",1990,9,1,19,31
"2130",1990,9,2,13,17
"2130",1990,9,3,8,13
"2130",1990,9,4,11,5
"2130",1990,9,5 - 9,17,27
"2130",1990,9,10 - 14,22,13
"2130",1990,9,15 - 19,31,23
"2130",1990,9,20 - 24,40,45
"2130",1990,9,25 - 29,42,45
"2130",1990,9,30 - 34,47,77
"2130",1990,9,35 - 39,51,91
"2130",1990,9,40 - 44,61,128
"2130",1990,9,45 - 49,102,155
"2130",1990,9,50 - 54,113,208
"2130",1990,9,55 - 59,152,243
"2130",1990,9,60 - 64,206,337
"2130",1990,9,65 - 69,228,337
"2130",1990,9,70 - 74,291,326
"2130",1990,9,75 - 79,305,350
"2130",1990,9,80 - 84,228,227
"2130",1990,9,85 - 89,256,209
"2130",1990,9,90 - 94,0,0
"2130",1990,9,95+,0,0
"2130",1990,9,UNK,19,36
"2130",1990,10,Total,1271,1477
"2130",1990,10,0,28,33
"2130",1990,10,1,15,18
"2130",1990,10,2,4,6
"2130",1990,10,3,3,2
"2130",1990,10,4,7,6
"2130",1990,10,5 - 9,15,12
"2130",1990,10,10 - 14,18,13
"2130",1990,10,15 - 19,29,39
"2130",1990,10,20 - 24,43,36
"2130",1990,10,25 - 29,53,42
"2130",1990,10,30 - 34,51,52
"2130",1990,10,35 - 39,43,53
"2130",1990,10,40 - 44,47,33
"2130",1990,10,45 - 49,51,49
"2130",1990,10,50 - 54,61,68
"2130",1990,10,55 - 59,73,106
"2130",1990,10,60 - 64,93,154
"2130",1990,10,65 - 69,94,100
"2130",1990,10,70 - 74,105,137
"2130",1990,10,75 - 79,128,158
"2130",1990,10,80 - 84,133,152
"2130",1990,10,85 - 89,157,190
"2130",1990,10,90 - 94,0,0
"2130",1990,10,95+,0,0
"2130",1990,10,UNK,20,18
"2130",1990,11,Total,3281,4399
"2130",1990,11,0,2922,4027
"2130",1990,11,1,72,76
"2130",1990,11,2,38,43
"2130",1990,11,3,15,23
"2130",1990,11,4,14,8
"2130",1990,11,5 - 9,33,25
"2130",1990,11,10 - 14,22,32
"2130",1990,11,15 - 19,17,19
"2130",1990,11,20 - 24,17,15
"2130",1990,11,25 - 29,21,11
"2130",1990,11,30 - 34,11,9
"2130",1990,11,35 - 39,9,16
"2130",1990,11,40 - 44,6,4
"2130",1990,11,45 - 49,8,3
"2130",1990,11,50 - 54,4,4
"2130",1990,11,55 - 59,3,2
"2130",1990,11,60 - 64,7,5
"2130",1990,11,65 - 69,7,4
"2130",1990,11,70 - 74,4,4
"2130",1990,11,75 - 79,4,3
"2130",1990,11,80 - 84,1,1
"2130",1990,11,85 - 89,3,4
"2130",1990,11,90 - 94,0,0
"2130",1990,11,95+,0,0
"2130",1990,11,UNK,43,61
"2130",1990,12,Total,5845,6724
"2130",1990,12,0,917,1121
"2130",1990,12,1,257,285
"2130",1990,12,2,92,107
"2130",1990,12,3,51,51
"2130",1990,12,4,37,38
"2130",1990,12,5 - 9,76,84
"2130",1990,12,10 - 14,56,48
"2130",1990,12,15 - 19,57,68
"2130",1990,12,20 - 24,55,50
"2130",1990,12,25 - 29,53,78
"2130",1990,12,30 - 34,54,89
"2130",1990,12,35 - 39,64,79
"2130",1990,12,40 - 44,68,86
"2130",1990,12,45 - 49,96,114
"2130",1990,12,50 - 54,159,153
"2130",1990,12,55 - 59,230,242
"2130",1990,12,60 - 64,373,470
"2130",1990,12,65 - 69,405,587
"2130",1990,12,70 - 74,577,712
"2130",1990,12,75 - 79,623,788
"2130",1990,12,80 - 84,576,632
"2130",1990,12,85 - 89,908,755
"2130",1990,12,90 - 94,0,0
"2130",1990,12,95+,0,0
"2130",1990,12,UNK,61,87
"2130",1990,13,Total,3091,10606
"2130",1990,13,0,133,165
"2130",1990,13,1,114,138
"2130",1990,13,2,76,123
"2130",1990,13,3,58,108
"2130",1990,13,4,57,72
"2130",1990,13,5 - 9,207,415
"2130",1990,13,10 - 14,167,394
"2130",1990,13,15 - 19,258,825
"2130",1990,13,20 - 24,277,1326
"2130",1990,13,25 - 29,245,1246
"2130",1990,13,30 - 34,166,1058
"2130",1990,13,35 - 39,160,874
"2130",1990,13,40 - 44,122,671
"2130",1990,13,45 - 49,96,555
"2130",1990,13,50 - 54,104,439
"2130",1990,13,55 - 59,78,406
"2130",1990,13,60 - 64,132,380
"2130",1990,13,65 - 69,139,326
"2130",1990,13,70 - 74,117,291
"2130",1990,13,75 - 79,118,244
"2130",1990,13,80 - 84,93,162
"2130",1990,13,85 - 89,123,154
"2130",1990,13,90 - 94,0,0
"2130",1990,13,95+,0,0
"2130",1990,13,UNK,51,234
"2130",1990,14,Total,1813,22220
"2130",1990,14,0,8,13
"2130",1990,14,1,3,4
"2130",1990,14,2,3,9
"2130",1990,14,3,4,5
"2130",1990,14,4,4,7
"2130",1990,14,5 - 9,32,42
"2130",1990,14,10 - 14,49,182
"2130",1990,14,15 - 19,250,2556
"2130",1990,14,20 - 24,337,4645
"2130",1990,14,25 - 29,287,4436
"2130",1990,14,30 - 34,231,3228
"2130",1990,14,35 - 39,188,2317
"2130",1990,14,40 - 44,115,1440
"2130",1990,14,45 - 49,72,953
"2130",1990,14,50 - 54,61,650
"2130",1990,14,55 - 59,37,427
"2130",1990,14,60 - 64,30,310
"2130",1990,14,65 - 69,22,155
"2130",1990,14,70 - 74,10,100
"2130",1990,14,75 - 79,11,53
"2130",1990,14,80 - 84,5,18
"2130",1990,14,85 - 89,4,8
"2130",1990,14,90 - 94,0,0
"2130",1990,14,95+,0,0
"2130",1990,14,UNK,50,662
"2130",1991,1,Total,63349,100343
"2130",1991,1,0,5436,7409
"2130",1991,1,1,906,1042
"2130",1991,1,2,468,522
"2130",1991,1,3,272,338
"2130",1991,1,4,229,258
"2130",1991,1,5 - 9,714,1010
"2130",1991,1,10 - 14,652,1160
"2130",1991,1,15 - 19,1138,4672
"2130",1991,1,20 - 24,1418,8008
"2130",1991,1,25 - 29,1473,7558
"2130",1991,1,30 - 34,1476,6215
"2130",1991,1,35 - 39,1724,5191
"2130",1991,1,40 - 44,1740,4009
"2130",1991,1,45 - 49,2069,3539
"2130",1991,1,50 - 54,2722,4097
"2130",1991,1,55 - 59,3369,4541
"2130",1991,1,60 - 64,4624,6184
"2130",1991,1,65 - 69,5016,6368
"2130",1991,1,70 - 74,6295,7488
"2130",1991,1,75 - 79,6426,6975
"2130",1991,1,80 - 84,6219,5812
"2130",1991,1,85 - 89,8254,6063
"2130",1991,1,90 - 94,0,0
"2130",1991,1,95+,0,0
"2130",1991,1,UNK,709,1884
"2130",1991,2,Total,2664,3352
"2130",1991,2,0,761,959
"2130",1991,2,1,224,247
"2130",1991,2,2,85,80
"2130",1991,2,3,41,41
"2130",1991,2,4,28,29
"2130",1991,2,5 - 9,78,84
"2130",1991,2,10 - 14,42,51
"2130",1991,2,15 - 19,41,47
"2130",1991,2,20 - 24,68,81
"2130",1991,2,25 - 29,67,108
"2130",1991,2,30 - 34,76,116
"2130",1991,2,35 - 39,89,116
"2130",1991,2,40 - 44,62,108
"2130",1991,2,45 - 49,52,95
"2130",1991,2,50 - 54,63,109
"2130",1991,2,55 - 59,81,129
"2130",1991,2,60 - 64,99,165
"2130",1991,2,65 - 69,84,157
"2130",1991,2,70 - 74,139,177
"2130",1991,2,75 - 79,121,142
"2130",1991,2,80 - 84,137,143
"2130",1991,2,85 - 89,192,122
"2130",1991,2,90 - 94,0,0
"2130",1991,2,95+,0,0
"2130",1991,2,UNK,34,46
"2130",1991,3,Total,10973,10288
"2130",1991,3,0,19,26
"2130",1991,3,1,20,14
"2130",1991,3,2,19,23
"2130",1991,3,3,26,21
"2130",1991,3,4,28,25
"2130",1991,3,5 - 9,83,128
"2130",1991,3,10 - 14,82,95
"2130",1991,3,15 - 19,100,123
"2130",1991,3,20 - 24,118,144
"2130",1991,3,25 - 29,182,171
"2130",1991,3,30 - 34,254,189
"2130",1991,3,35 - 39,380,220
"2130",1991,3,40 - 44,524,328
"2130",1991,3,45 - 49,686,381
"2130",1991,3,50 - 54,869,653
"2130",1991,3,55 - 59,1066,850
"2130",1991,3,60 - 64,1289,1210
"2130",1991,3,65 - 69,1270,1347
"2130",1991,3,70 - 74,1254,1460
"2130",1991,3,75 - 79,1091,1251
"2130",1991,3,80 - 84,843,847
"2130",1991,3,85 - 89,676,664
"2130",1991,3,90 - 94,0,0
"2130",1991,3,95+,0,0
"2130",1991,3,UNK,94,118
"2130",1991,4,Total,23192,24320
"2130",1991,4,0,112,138
"2130",1991,4,1,33,23
"2130",1991,4,2,13,10
"2130",1991,4,3,6,16
"2130",1991,4,4,8,4
"2130",1991,4,5 - 9,34,49
"2130",1991,4,10 - 14,56,66
"2130",1991,4,15 - 19,88,129
"2130",1991,4,20 - 24,132,168
"2130",1991,4,25 - 29,175,229
"2130",1991,4,30 - 34,242,317
"2130",1991,4,35 - 39,381,436
"2130",1991,4,40 - 44,491,541
"2130",1991,4,45 - 49,691,739
"2130",1991,4,50 - 54,965,1209
"2130",1991,4,55 - 59,1278,1756
"2130",1991,4,60 - 64,1872,2607
"2130",1991,4,65 - 69,2209,2753
"2130",1991,4,70 - 74,3035,3446
"2130",1991,4,75 - 79,3264,3386
"2130",1991,4,80 - 84,3348,2862
"2130",1991,4,85 - 89,4514,3090
"2130",1991,4,90 - 94,0,0
"2130",1991,4,95+,0,0
"2130",1991,4,UNK,245,346
"2130",1991,5,Total,3074,3523
"2130",1991,5,0,188,213
"2130",1991,5,1,69,72
"2130",1991,5,2,35,31
"2130",1991,5,3,23,30
"2130",1991,5,4,11,10
"2130",1991,5,5 - 9,28,32
"2130",1991,5,10 - 14,27,39
"2130",1991,5,15 - 19,46,61
"2130",1991,5,20 - 24,60,98
"2130",1991,5,25 - 29,57,156
"2130",1991,5,30 - 34,71,151
"2130",1991,5,35 - 39,68,124
"2130",1991,5,40 - 44,56,123
"2130",1991,5,45 - 49,44,90
"2130",1991,5,50 - 54,86,111
"2130",1991,5,55 - 59,84,119
"2130",1991,5,60 - 64,138,201
"2130",1991,5,65 - 69,163,223
"2130",1991,5,70 - 74,285,325
"2130",1991,5,75 - 79,328,329
"2130",1991,5,80 - 84,385,354
"2130",1991,5,85 - 89,770,533
"2130",1991,5,90 - 94,0,0
"2130",1991,5,95+,0,0
"2130",1991,5,UNK,52,98
"2130",1991,6,Total,62,86
"2130",1991,6,0,0,0
"2130",1991,6,1,0,0
"2130",1991,6,2,1,0
"2130",1991,6,3,0,2
"2130",1991,6,4,0,1
"2130",1991,6,5 - 9,1,1
"2130",1991,6,10 - 14,0,2
"2130",1991,6,15 - 19,1,1
"2130",1991,6,20 - 24,2,0
"2130",1991,6,25 - 29,2,5
"2130",1991,6,30 - 34,0,3
"2130",1991,6,35 - 39,2,6
"2130",1991,6,40 - 44,0,2
"2130",1991,6,45 - 49,3,4
"2130",1991,6,50 - 54,1,2
"2130",1991,6,55 - 59,1,5
"2130",1991,6,60 - 64,8,8
"2130",1991,6,65 - 69,3,8
"2130",1991,6,70 - 74,6,9
"2130",1991,6,75 - 79,9,5
"2130",1991,6,80 - 84,7,11
"2130",1991,6,85 - 89,15,11
"2130",1991,6,90 - 94,0,0
"2130",1991,6,95+,0,0
"2130",1991,6,UNK,0,0
"2130",1991,7,Total,1032,1391
"2130",1991,7,0,148,224
"2130",1991,7,1,38,51
"2130",1991,7,2,27,36
"2130",1991,7,3,13,24
"2130",1991,7,4,24,11
"2130",1991,7,5 - 9,61,60
"2130",1991,7,10 - 14,54,61
"2130",1991,7,15 - 19,51,92
"2130",1991,7,20 - 24,48,81
"2130",1991,7,25 - 29,56,86
"2130",1991,7,30 - 34,62,78
"2130",1991,7,35 - 39,49,66
"2130",1991,7,40 - 44,27,55
"2130",1991,7,45 - 49,27,44
"2130",1991,7,50 - 54,37,51
"2130",1991,7,55 - 59,37,38
"2130",1991,7,60 - 64,39,51
"2130",1991,7,65 - 69,41,58
"2130",1991,7,70 - 74,37,77
"2130",1991,7,75 - 79,46,52
"2130",1991,7,80 - 84,48,42
"2130",1991,7,85 - 89,55,40
"2130",1991,7,90 - 94,0,0
"2130",1991,7,95+,0,0
"2130",1991,7,UNK,7,13
"2130",1991,8,Total,3098,2541
"2130",1991,8,0,224,272
"2130",1991,8,1,104,100
"2130",1991,8,2,27,37
"2130",1991,8,3,12,11
"2130",1991,8,4,18,10
"2130",1991,8,5 - 9,40,21
"2130",1991,8,10 - 14,17,16
"2130",1991,8,15 - 19,26,16
"2130",1991,8,20 - 24,32,40
"2130",1991,8,25 - 29,42,75
"2130",1991,8,30 - 34,36,85
"2130",1991,8,35 - 39,56,80
"2130",1991,8,40 - 44,49,80
"2130",1991,8,45 - 49,79,93
"2130",1991,8,50 - 54,135,112
"2130",1991,8,55 - 59,183,162
"2130",1991,8,60 - 64,271,210
"2130",1991,8,65 - 69,299,211
"2130",1991,8,70 - 74,362,253
"2130",1991,8,75 - 79,337,212
"2130",1991,8,80 - 84,305,190
"2130",1991,8,85 - 89,402,212
"2130",1991,8,90 - 94,0,0
"2130",1991,8,95+,0,0
"2130",1991,8,UNK,42,43
"2130",1991,9,Total,2299,3188
"2130",1991,9,0,52,96
"2130",1991,9,1,15,19
"2130",1991,9,2,14,5
"2130",1991,9,3,6,9
"2130",1991,9,4,13,5
"2130",1991,9,5 - 9,23,17
"2130",1991,9,10 - 14,19,22
"2130",1991,9,15 - 19,30,31
"2130",1991,9,20 - 24,46,54
"2130",1991,9,25 - 29,33,60
"2130",1991,9,30 - 34,41,92
"2130",1991,9,35 - 39,53,100
"2130",1991,9,40 - 44,72,145
"2130",1991,9,45 - 49,80,167
"2130",1991,9,50 - 54,125,234
"2130",1991,9,55 - 59,145,230
"2130",1991,9,60 - 64,208,346
"2130",1991,9,65 - 69,233,351
"2130",1991,9,70 - 74,275,362
"2130",1991,9,75 - 79,258,342
"2130",1991,9,80 - 84,242,256
"2130",1991,9,85 - 89,298,216
"2130",1991,9,90 - 94,0,0
"2130",1991,9,95+,0,0
"2130",1991,9,UNK,18,29
"2130",1991,10,Total,1310,1484
"2130",1991,10,0,22,32
"2130",1991,10,1,3,11
"2130",1991,10,2,8,10
"2130",1991,10,3,3,10
"2130",1991,10,4,3,7
"2130",1991,10,5 - 9,10,11
"2130",1991,10,10 - 14,19,21
"2130",1991,10,15 - 19,36,33
"2130",1991,10,20 - 24,52,45
"2130",1991,10,25 - 29,52,45
"2130",1991,10,30 - 34,48,34
"2130",1991,10,35 - 39,58,52
"2130",1991,10,40 - 44,49,51
"2130",1991,10,45 - 49,56,55
"2130",1991,10,50 - 54,73,77
"2130",1991,10,55 - 59,73,72
"2130",1991,10,60 - 64,97,106
"2130",1991,10,65 - 69,106,126
"2130",1991,10,70 - 74,107,167
"2130",1991,10,75 - 79,119,163
"2130",1991,10,80 - 84,132,156
"2130",1991,10,85 - 89,171,178
"2130",1991,10,90 - 94,0,0
"2130",1991,10,95+,0,0
"2130",1991,10,UNK,13,22
"2130",1991,11,Total,3158,4461
"2130",1991,11,0,2845,4137
"2130",1991,11,1,61,72
"2130",1991,11,2,31,36
"2130",1991,11,3,16,13
"2130",1991,11,4,10,13
"2130",1991,11,5 - 9,35,44
"2130",1991,11,10 - 14,33,16
"2130",1991,11,15 - 19,15,18
"2130",1991,11,20 - 24,13,11
"2130",1991,11,25 - 29,15,8
"2130",1991,11,30 - 34,12,7
"2130",1991,11,35 - 39,6,6
"2130",1991,11,40 - 44,6,3
"2130",1991,11,45 - 49,2,3
"2130",1991,11,50 - 54,3,1
"2130",1991,11,55 - 59,3,2
"2130",1991,11,60 - 64,8,5
"2130",1991,11,65 - 69,4,2
"2130",1991,11,70 - 74,3,3
"2130",1991,11,75 - 79,2,1
"2130",1991,11,80 - 84,3,3
"2130",1991,11,85 - 89,2,0
"2130",1991,11,90 - 94,0,0
"2130",1991,11,95+,0,0
"2130",1991,11,UNK,30,57
"2130",1991,12,Total,5721,6734
"2130",1991,12,0,908,1096
"2130",1991,12,1,220,268
"2130",1991,12,2,107,108
"2130",1991,12,3,58,42
"2130",1991,12,4,28,39
"2130",1991,12,5 - 9,78,92
"2130",1991,12,10 - 14,44,73
"2130",1991,12,15 - 19,55,67
"2130",1991,12,20 - 24,68,77
"2130",1991,12,25 - 29,60,86
"2130",1991,12,30 - 34,50,91
"2130",1991,12,35 - 39,69,73
"2130",1991,12,40 - 44,80,96
"2130",1991,12,45 - 49,85,126
"2130",1991,12,50 - 54,147,174
"2130",1991,12,55 - 59,199,249
"2130",1991,12,60 - 64,350,437
"2130",1991,12,65 - 69,403,547
"2130",1991,12,70 - 74,559,697
"2130",1991,12,75 - 79,632,743
"2130",1991,12,80 - 84,583,702
"2130",1991,12,85 - 89,887,774
"2130",1991,12,90 - 94,0,0
"2130",1991,12,95+,0,0
"2130",1991,12,UNK,51,77
"2130",1991,13,Total,3177,10853
"2130",1991,13,0,105,162
"2130",1991,13,1,97,148
"2130",1991,13,2,87,133
"2130",1991,13,3,59,107
"2130",1991,13,4,47,89
"2130",1991,13,5 - 9,206,401
"2130",1991,13,10 - 14,166,466
"2130",1991,13,15 - 19,252,847
"2130",1991,13,20 - 24,263,1451
"2130",1991,13,25 - 29,249,1297
"2130",1991,13,30 - 34,200,1103
"2130",1991,13,35 - 39,164,878
"2130",1991,13,40 - 44,128,667
"2130",1991,13,45 - 49,127,507
"2130",1991,13,50 - 54,125,512
"2130",1991,13,55 - 59,121,385
"2130",1991,13,60 - 64,147,395
"2130",1991,13,65 - 69,120,307
"2130",1991,13,70 - 74,125,307
"2130",1991,13,75 - 79,100,196
"2130",1991,13,80 - 84,109,158
"2130",1991,13,85 - 89,133,139
"2130",1991,13,90 - 94,0,0
"2130",1991,13,95+,0,0
"2130",1991,13,UNK,47,198
"2130",1991,14,Total,2091,27322
"2130",1991,14,0,13,10
"2130",1991,14,1,5,1
"2130",1991,14,2,8,6
"2130",1991,14,3,5,6
"2130",1991,14,4,6,12
"2130",1991,14,5 - 9,22,49
"2130",1991,14,10 - 14,70,212
"2130",1991,14,15 - 19,306,3192
"2130",1991,14,20 - 24,367,5731
"2130",1991,14,25 - 29,327,5208
"2130",1991,14,30 - 34,250,3917
"2130",1991,14,35 - 39,203,3016
"2130",1991,14,40 - 44,132,1792
"2130",1991,14,45 - 49,88,1196
"2130",1991,14,50 - 54,67,823
"2130",1991,14,55 - 59,42,514
"2130",1991,14,60 - 64,34,378
"2130",1991,14,65 - 69,27,215
"2130",1991,14,70 - 74,28,112
"2130",1991,14,75 - 79,17,63
"2130",1991,14,80 - 84,6,26
"2130",1991,14,85 - 89,7,16
"2130",1991,14,90 - 94,0,0
"2130",1991,14,95+,0,0
"2130",1991,14,UNK,61,827
"2130",1992,1,Total,64880,102863
"2130",1992,1,0,5297,7266
"2130",1992,1,1,966,1104
"2130",1992,1,2,453,546
"2130",1992,1,3,257,343
"2130",1992,1,4,215,245
"2130",1992,1,5 - 9,691,982
"2130",1992,1,10 - 14,668,1169
"2130",1992,1,15 - 19,1201,4662
"2130",1992,1,20 - 24,1408,7896
"2130",1992,1,25 - 29,1491,7598
"2130",1992,1,30 - 34,1505,6179
"2130",1992,1,35 - 39,1750,5422
"2130",1992,1,40 - 44,1776,4152
"2130",1992,1,45 - 49,1997,3630
"2130",1992,1,50 - 54,2760,4280
"2130",1992,1,55 - 59,3456,4656
"2130",1992,1,60 - 64,4795,6287
"2130",1992,1,65 - 69,5118,6625
"2130",1992,1,70 - 74,6589,7770
"2130",1992,1,75 - 79,6610,7310
"2130",1992,1,80 - 84,6592,6292
"2130",1992,1,85 - 89,7924,6130
"2130",1992,1,90 - 94,0,0
"2130",1992,1,95+,0,0
"2130",1992,1,UNK,1361,2319
"2130",1992,2,Total,2563,3401
"2130",1992,2,0,724,914
"2130",1992,2,1,214,256
"2130",1992,2,2,71,75
"2130",1992,2,3,39,49
"2130",1992,2,4,29,31
"2130",1992,2,5 - 9,64,69
"2130",1992,2,10 - 14,36,52
"2130",1992,2,15 - 19,46,65
"2130",1992,2,20 - 24,69,92
"2130",1992,2,25 - 29,66,91
"2130",1992,2,30 - 34,62,101
"2130",1992,2,35 - 39,68,117
"2130",1992,2,40 - 44,44,108
"2130",1992,2,45 - 49,48,95
"2130",1992,2,50 - 54,63,124
"2130",1992,2,55 - 59,95,120
"2130",1992,2,60 - 64,85,152
"2130",1992,2,65 - 69,107,158
"2130",1992,2,70 - 74,134,208
"2130",1992,2,75 - 79,144,162
"2130",1992,2,80 - 84,136,159
"2130",1992,2,85 - 89,174,146
"2130",1992,2,90 - 94,0,0
"2130",1992,2,95+,0,0
"2130",1992,2,UNK,45,57
"2130",1992,3,Total,10801,10215
"2130",1992,3,0,16,24
"2130",1992,3,1,17,16
"2130",1992,3,2,19,28
"2130",1992,3,3,22,23
"2130",1992,3,4,34,24
"2130",1992,3,5 - 9,82,101
"2130",1992,3,10 - 14,88,87
"2130",1992,3,15 - 19,91,131
"2130",1992,3,20 - 24,97,138
"2130",1992,3,25 - 29,154,139
"2130",1992,3,30 - 34,257,201
"2130",1992,3,35 - 39,367,221
"2130",1992,3,40 - 44,522,280
"2130",1992,3,45 - 49,629,396
"2130",1992,3,50 - 54,881,605
"2130",1992,3,55 - 59,1050,860
"2130",1992,3,60 - 64,1277,1188
"2130",1992,3,65 - 69,1272,1305
"2130",1992,3,70 - 74,1262,1466
"2130",1992,3,75 - 79,1021,1256
"2130",1992,3,80 - 84,832,895
"2130",1992,3,85 - 89,694,674
"2130",1992,3,90 - 94,0,0
"2130",1992,3,95+,0,0
"2130",1992,3,UNK,117,157
"2130",1992,4,Total,22242,23007
"2130",1992,4,0,52,73
"2130",1992,4,1,35,27
"2130",1992,4,2,7,14
"2130",1992,4,3,6,9
"2130",1992,4,4,5,4
"2130",1992,4,5 - 9,41,43
"2130",1992,4,10 - 14,34,32
"2130",1992,4,15 - 19,68,92
"2130",1992,4,20 - 24,110,135
"2130",1992,4,25 - 29,145,197
"2130",1992,4,30 - 34,217,254
"2130",1992,4,35 - 39,352,351
"2130",1992,4,40 - 44,459,517
"2130",1992,4,45 - 49,608,713
"2130",1992,4,50 - 54,930,1165
"2130",1992,4,55 - 59,1220,1591
"2130",1992,4,60 - 64,1881,2424
"2130",1992,4,65 - 69,2112,2695
"2130",1992,4,70 - 74,2977,3246
"2130",1992,4,75 - 79,3115,3225
"2130",1992,4,80 - 84,3257,2864
"2130",1992,4,85 - 89,4047,2861
"2130",1992,4,90 - 94,0,0
"2130",1992,4,95+,0,0
"2130",1992,4,UNK,564,475
"2130",1992,5,Total,5917,6561
"2130",1992,5,0,483,602
"2130",1992,5,1,125,148
"2130",1992,5,2,67,53
"2130",1992,5,3,27,42
"2130",1992,5,4,27,26
"2130",1992,5,5 - 9,65,85
"2130",1992,5,10 - 14,67,57
"2130",1992,5,15 - 19,84,92
"2130",1992,5,20 - 24,85,152
"2130",1992,5,25 - 29,107,139
"2130",1992,5,30 - 34,102,149
"2130",1992,5,35 - 39,127,139
"2130",1992,5,40 - 44,134,168
"2130",1992,5,45 - 49,148,162
"2130",1992,5,50 - 54,181,246
"2130",1992,5,55 - 59,252,303
"2130",1992,5,60 - 64,350,466
"2130",1992,5,65 - 69,394,478
"2130",1992,5,70 - 74,567,691
"2130",1992,5,75 - 79,650,699
"2130",1992,5,80 - 84,722,689
"2130",1992,5,85 - 89,964,772
"2130",1992,5,90 - 94,0,0
"2130",1992,5,95+,0,0
"2130",1992,5,UNK,189,203
"2130",1992,6,Total,31,85
"2130",1992,6,0,0,0
"2130",1992,6,1,0,0
"2130",1992,6,2,0,0
"2130",1992,6,3,0,0
"2130",1992,6,4,0,0
"2130",1992,6,5 - 9,0,0
"2130",1992,6,10 - 14,0,0
"2130",1992,6,15 - 19,1,2
"2130",1992,6,20 - 24,1,1
"2130",1992,6,25 - 29,3,4
"2130",1992,6,30 - 34,0,9
"2130",1992,6,35 - 39,0,4
"2130",1992,6,40 - 44,0,5
"2130",1992,6,45 - 49,1,6
"2130",1992,6,50 - 54,2,8
"2130",1992,6,55 - 59,1,7
"2130",1992,6,60 - 64,2,4
"2130",1992,6,65 - 69,2,6
"2130",1992,6,70 - 74,7,8
"2130",1992,6,75 - 79,2,3
"2130",1992,6,80 - 84,2,7
"2130",1992,6,85 - 89,6,9
"2130",1992,6,90 - 94,0,0
"2130",1992,6,95+,0,0
"2130",1992,6,UNK,1,2
"2130",1992,7,Total,873,1191
"2130",1992,7,0,133,208
"2130",1992,7,1,51,61
"2130",1992,7,2,17,25
"2130",1992,7,3,11,14
"2130",1992,7,4,8,16
"2130",1992,7,5 - 9,35,42
"2130",1992,7,10 - 14,39,58
"2130",1992,7,15 - 19,55,58
"2130",1992,7,20 - 24,52,76
"2130",1992,7,25 - 29,48,70
"2130",1992,7,30 - 34,29,58
"2130",1992,7,35 - 39,37,54
"2130",1992,7,40 - 44,31,60
"2130",1992,7,45 - 49,28,47
"2130",1992,7,50 - 54,34,38
"2130",1992,7,55 - 59,27,39
"2130",1992,7,60 - 64,41,41
"2130",1992,7,65 - 69,41,49
"2130",1992,7,70 - 74,41,56
"2130",1992,7,75 - 79,31,43
"2130",1992,7,80 - 84,29,42
"2130",1992,7,85 - 89,46,24
"2130",1992,7,90 - 94,0,0
"2130",1992,7,95+,0,0
"2130",1992,7,UNK,9,12
"2130",1992,8,Total,3166,3167
"2130",1992,8,0,193,270
"2130",1992,8,1,87,81
"2130",1992,8,2,27,26
"2130",1992,8,3,7,12
"2130",1992,8,4,12,12
"2130",1992,8,5 - 9,31,23
"2130",1992,8,10 - 14,12,24
"2130",1992,8,15 - 19,25,23
"2130",1992,8,20 - 24,40,86
"2130",1992,8,25 - 29,41,150
"2130",1992,8,30 - 34,49,183
"2130",1992,8,35 - 39,62,156
"2130",1992,8,40 - 44,58,140
"2130",1992,8,45 - 49,88,114
"2130",1992,8,50 - 54,135,158
"2130",1992,8,55 - 59,205,175
"2130",1992,8,60 - 64,278,244
"2130",1992,8,65 - 69,283,261
"2130",1992,8,70 - 74,361,280
"2130",1992,8,75 - 79,363,252
"2130",1992,8,80 - 84,355,220
"2130",1992,8,85 - 89,392,222
"2130",1992,8,90 - 94,0,0
"2130",1992,8,95+,0,0
"2130",1992,8,UNK,62,55
"2130",1992,9,Total,2427,3232
"2130",1992,9,0,60,104
"2130",1992,9,1,17,15
"2130",1992,9,2,7,8
"2130",1992,9,3,0,14
"2130",1992,9,4,5,10
"2130",1992,9,5 - 9,21,23
"2130",1992,9,10 - 14,25,21
"2130",1992,9,15 - 19,36,21
"2130",1992,9,20 - 24,36,29
"2130",1992,9,25 - 29,36,47
"2130",1992,9,30 - 34,50,63
"2130",1992,9,35 - 39,51,113
"2130",1992,9,40 - 44,75,134
"2130",1992,9,45 - 49,84,145
"2130",1992,9,50 - 54,124,242
"2130",1992,9,55 - 59,160,252
"2130",1992,9,60 - 64,217,361
"2130",1992,9,65 - 69,244,377
"2130",1992,9,70 - 74,284,355
"2130",1992,9,75 - 79,279,358
"2130",1992,9,80 - 84,268,249
"2130",1992,9,85 - 89,307,238
"2130",1992,9,90 - 94,0,0
"2130",1992,9,95+,0,0
"2130",1992,9,UNK,41,53
"2130",1992,10,Total,1241,1446
"2130",1992,10,0,18,17
"2130",1992,10,1,19,23
"2130",1992,10,2,1,0
"2130",1992,10,3,1,0
"2130",1992,10,4,0,1
"2130",1992,10,5 - 9,6,7
"2130",1992,10,10 - 14,25,14
"2130",1992,10,15 - 19,39,26
"2130",1992,10,20 - 24,48,36
"2130",1992,10,25 - 29,50,41
"2130",1992,10,30 - 34,53,43
"2130",1992,10,35 - 39,50,43
"2130",1992,10,40 - 44,37,46
"2130",1992,10,45 - 49,40,64
"2130",1992,10,50 - 54,54,83
"2130",1992,10,55 - 59,60,78
"2130",1992,10,60 - 64,83,132
"2130",1992,10,65 - 69,84,127
"2130",1992,10,70 - 74,113,150
"2130",1992,10,75 - 79,108,157
"2130",1992,10,80 - 84,132,153
"2130",1992,10,85 - 89,191,171
"2130",1992,10,90 - 94,0,0
"2130",1992,10,95+,0,0
"2130",1992,10,UNK,29,34
"2130",1992,11,Total,3056,4206
"2130",1992,11,0,2742,3864
"2130",1992,11,1,64,68
"2130",1992,11,2,25,29
"2130",1992,11,3,16,25
"2130",1992,11,4,14,14
"2130",1992,11,5 - 9,39,27
"2130",1992,11,10 - 14,21,23
"2130",1992,11,15 - 19,23,19
"2130",1992,11,20 - 24,18,21
"2130",1992,11,25 - 29,16,13
"2130",1992,11,30 - 34,8,8
"2130",1992,11,35 - 39,12,10
"2130",1992,11,40 - 44,8,1
"2130",1992,11,45 - 49,0,0
"2130",1992,11,50 - 54,1,1
"2130",1992,11,55 - 59,1,4
"2130",1992,11,60 - 64,3,1
"2130",1992,11,65 - 69,2,1
"2130",1992,11,70 - 74,1,1
"2130",1992,11,75 - 79,0,0
"2130",1992,11,80 - 84,0,1
"2130",1992,11,85 - 89,1,0
"2130",1992,11,90 - 94,0,0
"2130",1992,11,95+,0,0
"2130",1992,11,UNK,41,75
"2130",1992,12,Total,5721,6908
"2130",1992,12,0,768,1037
"2130",1992,12,1,205,232
"2130",1992,12,2,120,132
"2130",1992,12,3,55,35
"2130",1992,12,4,30,19
"2130",1992,12,5 - 9,58,86
"2130",1992,12,10 - 14,44,54
"2130",1992,12,15 - 19,59,59
"2130",1992,12,20 - 24,53,68
"2130",1992,12,25 - 29,56,73
"2130",1992,12,30 - 34,72,75
"2130",1992,12,35 - 39,53,85
"2130",1992,12,40 - 44,79,107
"2130",1992,12,45 - 49,67,112
"2130",1992,12,50 - 54,146,179
"2130",1992,12,55 - 59,206,275
"2130",1992,12,60 - 64,347,460
"2130",1992,12,65 - 69,374,588
"2130",1992,12,70 - 74,612,805
"2130",1992,12,75 - 79,648,772
"2130",1992,12,80 - 84,677,755
"2130",1992,12,85 - 89,870,778
"2130",1992,12,90 - 94,0,0
"2130",1992,12,95+,0,0
"2130",1992,12,UNK,122,122
"2130",1992,13,Total,3261,11130
"2130",1992,13,0,71,104
"2130",1992,13,1,118,153
"2130",1992,13,2,82,142
"2130",1992,13,3,63,106
"2130",1992,13,4,43,74
"2130",1992,13,5 - 9,201,402
"2130",1992,13,10 - 14,171,476
"2130",1992,13,15 - 19,282,891
"2130",1992,13,20 - 24,294,1341
"2130",1992,13,25 - 29,248,1287
"2130",1992,13,30 - 34,178,1074
"2130",1992,13,35 - 39,179,925
"2130",1992,13,40 - 44,131,705
"2130",1992,13,45 - 49,121,555
"2130",1992,13,50 - 54,104,545
"2130",1992,13,55 - 59,93,446
"2130",1992,13,60 - 64,154,407
"2130",1992,13,65 - 69,112,324
"2130",1992,13,70 - 74,150,319
"2130",1992,13,75 - 79,149,271
"2130",1992,13,80 - 84,116,190
"2130",1992,13,85 - 89,146,167
"2130",1992,13,90 - 94,0,0
"2130",1992,13,95+,0,0
"2130",1992,13,UNK,55,226
"2130",1992,14,Total,2265,27739
"2130",1992,14,0,14,16
"2130",1992,14,1,4,9
"2130",1992,14,2,5,6
"2130",1992,14,3,6,8
"2130",1992,14,4,4,12
"2130",1992,14,5 - 9,34,51
"2130",1992,14,10 - 14,78,250
"2130",1992,14,15 - 19,288,3160
"2130",1992,14,20 - 24,358,5702
"2130",1992,14,25 - 29,383,5320
"2130",1992,14,30 - 34,304,3939
"2130",1992,14,35 - 39,259,3179
"2130",1992,14,40 - 44,134,1863
"2130",1992,14,45 - 49,96,1206
"2130",1992,14,50 - 54,66,865
"2130",1992,14,55 - 59,48,480
"2130",1992,14,60 - 64,32,372
"2130",1992,14,65 - 69,35,215
"2130",1992,14,70 - 74,21,134
"2130",1992,14,75 - 79,13,61
"2130",1992,14,80 - 84,9,26
"2130",1992,14,85 - 89,4,26
"2130",1992,14,90 - 94,0,0
"2130",1992,14,95+,0,0
"2130",1992,14,UNK,70,839
"2130",1993,1,Total,65624,103023
"2130",1993,1,0,4898,6613
"2130",1993,1,1,813,952
"2130",1993,1,2,452,514
"2130",1993,1,3,240,290
"2130",1993,1,4,209,205
"2130",1993,1,5 - 9,668,928
"2130",1993,1,10 - 14,594,1121
"2130",1993,1,15 - 19,1111,4942
"2130",1993,1,20 - 24,1413,7958
"2130",1993,1,25 - 29,1417,7251
"2130",1993,1,30 - 34,1571,6301
"2130",1993,1,35 - 39,1730,5343
"2130",1993,1,40 - 44,1856,4119
"2130",1993,1,45 - 49,2132,3752
"2130",1993,1,50 - 54,2778,4018
"2130",1993,1,55 - 59,3415,4719
"2130",1993,1,60 - 64,4902,6374
"2130",1993,1,65 - 69,5489,6901
"2130",1993,1,70 - 74,6641,7936
"2130",1993,1,75 - 79,6789,7633
"2130",1993,1,80 - 84,6684,6439
"2130",1993,1,85 - 89,8220,6163
"2130",1993,1,90 - 94,0,0
"2130",1993,1,95+,0,0
"2130",1993,1,UNK,1602,2551
"2130",1993,2,Total,2280,2964
"2130",1993,2,0,528,684
"2130",1993,2,1,178,194
"2130",1993,2,2,64,72
"2130",1993,2,3,30,28
"2130",1993,2,4,28,17
"2130",1993,2,5 - 9,61,89
"2130",1993,2,10 - 14,32,41
"2130",1993,2,15 - 19,42,63
"2130",1993,2,20 - 24,54,72
"2130",1993,2,25 - 29,64,75
"2130",1993,2,30 - 34,63,95
"2130",1993,2,35 - 39,74,112
"2130",1993,2,40 - 44,67,96
"2130",1993,2,45 - 49,56,102
"2130",1993,2,50 - 54,72,131
"2130",1993,2,55 - 59,80,110
"2130",1993,2,60 - 64,96,151
"2130",1993,2,65 - 69,110,160
"2130",1993,2,70 - 74,119,163
"2130",1993,2,75 - 79,126,150
"2130",1993,2,80 - 84,113,135
"2130",1993,2,85 - 89,174,159
"2130",1993,2,90 - 94,0,0
"2130",1993,2,95+,0,0
"2130",1993,2,UNK,49,65
"2130",1993,3,Total,11451,10686
"2130",1993,3,0,16,25
"2130",1993,3,1,19,24
"2130",1993,3,2,29,28
"2130",1993,3,3,23,21
"2130",1993,3,4,25,23
"2130",1993,3,5 - 9,96,97
"2130",1993,3,10 - 14,70,120
"2130",1993,3,15 - 19,81,125
"2130",1993,3,20 - 24,119,143
"2130",1993,3,25 - 29,151,147
"2130",1993,3,30 - 34,278,186
"2130",1993,3,35 - 39,410,228
"2130",1993,3,40 - 44,591,291
"2130",1993,3,45 - 49,680,414
"2130",1993,3,50 - 54,873,600
"2130",1993,3,55 - 59,1019,829
"2130",1993,3,60 - 64,1341,1273
"2130",1993,3,65 - 69,1356,1386
"2130",1993,3,70 - 74,1335,1559
"2130",1993,3,75 - 79,1180,1315
"2130",1993,3,80 - 84,863,946
"2130",1993,3,85 - 89,726,707
"2130",1993,3,90 - 94,0,0
"2130",1993,3,95+,0,0
"2130",1993,3,UNK,170,199
"2130",1993,4,Total,22687,23547
"2130",1993,4,0,37,53
"2130",1993,4,1,8,17
"2130",1993,4,2,11,10
"2130",1993,4,3,6,10
"2130",1993,4,4,6,2
"2130",1993,4,5 - 9,21,30
"2130",1993,4,10 - 14,38,41
"2130",1993,4,15 - 19,65,103
"2130",1993,4,20 - 24,119,125
"2130",1993,4,25 - 29,141,182
"2130",1993,4,30 - 34,229,259
"2130",1993,4,35 - 39,345,376
"2130",1993,4,40 - 44,450,522
"2130",1993,4,45 - 49,607,744
"2130",1993,4,50 - 54,972,1098
"2130",1993,4,55 - 59,1210,1605
"2130",1993,4,60 - 64,1881,2485
"2130",1993,4,65 - 69,2269,2828
"2130",1993,4,70 - 74,2962,3359
"2130",1993,4,75 - 79,3121,3343
"2130",1993,4,80 - 84,3399,2949
"2130",1993,4,85 - 89,4189,2882
"2130",1993,4,90 - 94,0,0
"2130",1993,4,95+,0,0
"2130",1993,4,UNK,601,524
"2130",1993,5,Total,5675,6493
"2130",1993,5,0,381,514
"2130",1993,5,1,112,113
"2130",1993,5,2,39,41
"2130",1993,5,3,32,26
"2130",1993,5,4,21,18
"2130",1993,5,5 - 9,66,60
"2130",1993,5,10 - 14,56,62
"2130",1993,5,15 - 19,77,99
"2130",1993,5,20 - 24,94,121
"2130",1993,5,25 - 29,103,154
"2130",1993,5,30 - 34,102,139
"2130",1993,5,35 - 39,116,143
"2130",1993,5,40 - 44,138,166
"2130",1993,5,45 - 49,163,183
"2130",1993,5,50 - 54,178,227
"2130",1993,5,55 - 59,259,296
"2130",1993,5,60 - 64,355,421
"2130",1993,5,65 - 69,367,591
"2130",1993,5,70 - 74,506,706
"2130",1993,5,75 - 79,639,750
"2130",1993,5,80 - 84,646,689
"2130",1993,5,85 - 89,980,723
"2130",1993,5,90 - 94,0,0
"2130",1993,5,95+,0,0
"2130",1993,5,UNK,245,251
"2130",1993,6,Total,23,61
"2130",1993,6,0,0,1
"2130",1993,6,1,0,0
"2130",1993,6,2,0,0
"2130",1993,6,3,0,0
"2130",1993,6,4,0,0
"2130",1993,6,5 - 9,0,0
"2130",1993,6,10 - 14,0,1
"2130",1993,6,15 - 19,0,2
"2130",1993,6,20 - 24,0,2
"2130",1993,6,25 - 29,1,3
"2130",1993,6,30 - 34,2,5
"2130",1993,6,35 - 39,0,7
"2130",1993,6,40 - 44,0,2
"2130",1993,6,45 - 49,2,2
"2130",1993,6,50 - 54,1,6
"2130",1993,6,55 - 59,3,1
"2130",1993,6,60 - 64,2,8
"2130",1993,6,65 - 69,1,6
"2130",1993,6,70 - 74,3,4
"2130",1993,6,75 - 79,1,4
"2130",1993,6,80 - 84,3,2
"2130",1993,6,85 - 89,4,3
"2130",1993,6,90 - 94,0,0
"2130",1993,6,95+,0,0
"2130",1993,6,UNK,0,2
"2130",1993,7,Total,802,1052
"2130",1993,7,0,128,153
"2130",1993,7,1,41,60
"2130",1993,7,2,23,29
"2130",1993,7,3,14,16
"2130",1993,7,4,10,14
"2130",1993,7,5 - 9,39,31
"2130",1993,7,10 - 14,35,33
"2130",1993,7,15 - 19,45,64
"2130",1993,7,20 - 24,50,85
"2130",1993,7,25 - 29,45,55
"2130",1993,7,30 - 34,35,57
"2130",1993,7,35 - 39,30,68
"2130",1993,7,40 - 44,40,34
"2130",1993,7,45 - 49,28,37
"2130",1993,7,50 - 54,41,42
"2130",1993,7,55 - 59,21,34
"2130",1993,7,60 - 64,29,39
"2130",1993,7,65 - 69,24,41
"2130",1993,7,70 - 74,29,46
"2130",1993,7,75 - 79,32,29
"2130",1993,7,80 - 84,23,41
"2130",1993,7,85 - 89,28,25
"2130",1993,7,90 - 94,0,0
"2130",1993,7,95+,0,0
"2130",1993,7,UNK,12,19
"2130",1993,8,Total,3071,3023
"2130",1993,8,0,124,155
"2130",1993,8,1,46,57
"2130",1993,8,2,18,15
"2130",1993,8,3,6,11
"2130",1993,8,4,6,3
"2130",1993,8,5 - 9,24,21
"2130",1993,8,10 - 14,13,13
"2130",1993,8,15 - 19,15,30
"2130",1993,8,20 - 24,42,88
"2130",1993,8,25 - 29,49,175
"2130",1993,8,30 - 34,64,233
"2130",1993,8,35 - 39,70,179
"2130",1993,8,40 - 44,61,166
"2130",1993,8,45 - 49,88,151
"2130",1993,8,50 - 54,132,139
"2130",1993,8,55 - 59,203,175
"2130",1993,8,60 - 64,285,241
"2130",1993,8,65 - 69,345,241
"2130",1993,8,70 - 74,388,250
"2130",1993,8,75 - 79,364,244
"2130",1993,8,80 - 84,323,197
"2130",1993,8,85 - 89,335,180
"2130",1993,8,90 - 94,0,0
"2130",1993,8,95+,0,0
"2130",1993,8,UNK,70,59
"2130",1993,9,Total,2553,3271
"2130",1993,9,0,46,78
"2130",1993,9,1,14,20
"2130",1993,9,2,8,7
"2130",1993,9,3,7,4
"2130",1993,9,4,4,3
"2130",1993,9,5 - 9,15,14
"2130",1993,9,10 - 14,15,15
"2130",1993,9,15 - 19,25,32
"2130",1993,9,20 - 24,30,37
"2130",1993,9,25 - 29,40,51
"2130",1993,9,30 - 34,36,82
"2130",1993,9,35 - 39,68,114
"2130",1993,9,40 - 44,64,149
"2130",1993,9,45 - 49,95,166
"2130",1993,9,50 - 54,110,240
"2130",1993,9,55 - 59,141,270
"2130",1993,9,60 - 64,249,340
"2130",1993,9,65 - 69,274,333
"2130",1993,9,70 - 74,326,384
"2130",1993,9,75 - 79,315,360
"2130",1993,9,80 - 84,314,261
"2130",1993,9,85 - 89,298,255
"2130",1993,9,90 - 94,0,0
"2130",1993,9,95+,0,0
"2130",1993,9,UNK,59,56
"2130",1993,10,Total,1163,1313
"2130",1993,10,0,16,23
"2130",1993,10,1,13,11
"2130",1993,10,2,6,3
"2130",1993,10,3,4,2
"2130",1993,10,4,1,7
"2130",1993,10,5 - 9,5,10
"2130",1993,10,10 - 14,16,21
"2130",1993,10,15 - 19,30,29
"2130",1993,10,20 - 24,46,31
"2130",1993,10,25 - 29,47,33
"2130",1993,10,30 - 34,49,46
"2130",1993,10,35 - 39,47,51
"2130",1993,10,40 - 44,36,51
"2130",1993,10,45 - 49,51,49
"2130",1993,10,50 - 54,46,62
"2130",1993,10,55 - 59,55,70
"2130",1993,10,60 - 64,73,118
"2130",1993,10,65 - 69,89,110
"2130",1993,10,70 - 74,115,141
"2130",1993,10,75 - 79,105,133
"2130",1993,10,80 - 84,109,119
"2130",1993,10,85 - 89,169,166
"2130",1993,10,90 - 94,0,0
"2130",1993,10,95+,0,0
"2130",1993,10,UNK,35,27
"2130",1993,11,Total,3057,4253
"2130",1993,11,0,2757,3925
"2130",1993,11,1,58,70
"2130",1993,11,2,31,37
"2130",1993,11,3,17,19
"2130",1993,11,4,18,9
"2130",1993,11,5 - 9,40,36
"2130",1993,11,10 - 14,17,17
"2130",1993,11,15 - 19,16,20
"2130",1993,11,20 - 24,11,9
"2130",1993,11,25 - 29,14,14
"2130",1993,11,30 - 34,10,13
"2130",1993,11,35 - 39,1,4
"2130",1993,11,40 - 44,4,2
"2130",1993,11,45 - 49,5,1
"2130",1993,11,50 - 54,1,2
"2130",1993,11,55 - 59,2,4
"2130",1993,11,60 - 64,2,1
"2130",1993,11,65 - 69,1,2
"2130",1993,11,70 - 74,3,1
"2130",1993,11,75 - 79,1,0
"2130",1993,11,80 - 84,1,1
"2130",1993,11,85 - 89,0,3
"2130",1993,11,90 - 94,0,0
"2130",1993,11,95+,0,0
"2130",1993,11,UNK,47,63
"2130",1993,12,Total,5867,6913
"2130",1993,12,0,757,882
"2130",1993,12,1,207,200
"2130",1993,12,2,106,117
"2130",1993,12,3,34,45
"2130",1993,12,4,28,27
"2130",1993,12,5 - 9,67,77
"2130",1993,12,10 - 14,38,50
"2130",1993,12,15 - 19,61,75
"2130",1993,12,20 - 24,53,80
"2130",1993,12,25 - 29,60,70
"2130",1993,12,30 - 34,50,98
"2130",1993,12,35 - 39,51,107
"2130",1993,12,40 - 44,72,105
"2130",1993,12,45 - 49,86,101
"2130",1993,12,50 - 54,131,177
"2130",1993,12,55 - 59,192,253
"2130",1993,12,60 - 64,363,463
"2130",1993,12,65 - 69,444,595
"2130",1993,12,70 - 74,599,775
"2130",1993,12,75 - 79,656,884
"2130",1993,12,80 - 84,687,783
"2130",1993,12,85 - 89,997,796
"2130",1993,12,90 - 94,0,0
"2130",1993,12,95+,0,0
"2130",1993,12,UNK,128,153
"2130",1993,13,Total,3556,11516
"2130",1993,13,0,71,73
"2130",1993,13,1,96,168
"2130",1993,13,2,99,136
"2130",1993,13,3,61,95
"2130",1993,13,4,52,66
"2130",1993,13,5 - 9,201,399
"2130",1993,13,10 - 14,173,451
"2130",1993,13,15 - 19,271,918
"2130",1993,13,20 - 24,256,1390
"2130",1993,13,25 - 29,219,1312
"2130",1993,13,30 - 34,205,1123
"2130",1993,13,35 - 39,179,955
"2130",1993,13,40 - 44,163,696
"2130",1993,13,45 - 49,132,581
"2130",1993,13,50 - 54,121,517
"2130",1993,13,55 - 59,141,482
"2130",1993,13,60 - 64,151,435
"2130",1993,13,65 - 69,137,345
"2130",1993,13,70 - 74,185,377
"2130",1993,13,75 - 79,181,288
"2130",1993,13,80 - 84,149,242
"2130",1993,13,85 - 89,231,206
"2130",1993,13,90 - 94,0,0
"2130",1993,13,95+,0,0
"2130",1993,13,UNK,82,261
"2130",1993,14,Total,2197,27352
"2130",1993,14,0,16,15
"2130",1993,14,1,5,5
"2130",1993,14,2,13,12
"2130",1993,14,3,5,8
"2130",1993,14,4,5,10
"2130",1993,14,5 - 9,26,46
"2130",1993,14,10 - 14,61,244
"2130",1993,14,15 - 19,302,3362
"2130",1993,14,20 - 24,399,5752
"2130",1993,14,25 - 29,336,4958
"2130",1993,14,30 - 34,300,3943
"2130",1993,14,35 - 39,239,2979
"2130",1993,14,40 - 44,109,1819
"2130",1993,14,45 - 49,96,1210
"2130",1993,14,50 - 54,60,751
"2130",1993,14,55 - 59,43,562
"2130",1993,14,60 - 64,43,354
"2130",1993,14,65 - 69,24,219
"2130",1993,14,70 - 74,16,124
"2130",1993,14,75 - 79,11,71
"2130",1993,14,80 - 84,5,26
"2130",1993,14,85 - 89,2,16
"2130",1993,14,90 - 94,0,0
"2130",1993,14,95+,0,0
"2130",1993,14,UNK,81,866
"2130",1994,1,Total,65978,102590
"2130",1994,1,0,4730,6572
"2130",1994,1,1,747,894
"2130",1994,1,2,373,471
"2130",1994,1,3,206,284
"2130",1994,1,4,169,224
"2130",1994,1,5 - 9,629,904
"2130",1994,1,10 - 14,636,1098
"2130",1994,1,15 - 19,1229,5086
"2130",1994,1,20 - 24,1295,7749
"2130",1994,1,25 - 29,1447,6940
"2130",1994,1,30 - 34,1544,6153
"2130",1994,1,35 - 39,1693,5225
"2130",1994,1,40 - 44,1818,4228
"2130",1994,1,45 - 49,2083,3730
"2130",1994,1,50 - 54,2862,4115
"2130",1994,1,55 - 59,3558,4611
"2130",1994,1,60 - 64,4841,6207
"2130",1994,1,65 - 69,5666,6948
"2130",1994,1,70 - 74,6703,7992
"2130",1994,1,75 - 79,6938,7526
"2130",1994,1,80 - 84,6899,6946
"2130",1994,1,85 - 89,8321,6312
"2130",1994,1,90 - 94,0,0
"2130",1994,1,95+,0,0
"2130",1994,1,UNK,1591,2375
"2130",1994,2,Total,2191,3003
"2130",1994,2,0,525,732
"2130",1994,2,1,144,158
"2130",1994,2,2,41,66
"2130",1994,2,3,14,25
"2130",1994,2,4,12,21
"2130",1994,2,5 - 9,42,67
"2130",1994,2,10 - 14,36,36
"2130",1994,2,15 - 19,47,64
"2130",1994,2,20 - 24,50,66
"2130",1994,2,25 - 29,58,105
"2130",1994,2,30 - 34,61,101
"2130",1994,2,35 - 39,57,131
"2130",1994,2,40 - 44,59,118
"2130",1994,2,45 - 49,59,108
"2130",1994,2,50 - 54,69,104
"2130",1994,2,55 - 59,81,115
"2130",1994,2,60 - 64,102,139
"2130",1994,2,65 - 69,101,142
"2130",1994,2,70 - 74,143,181
"2130",1994,2,75 - 79,130,164
"2130",1994,2,80 - 84,133,157
"2130",1994,2,85 - 89,173,136
"2130",1994,2,90 - 94,0,0
"2130",1994,2,95+,0,0
"2130",1994,2,UNK,54,67
"2130",1994,3,Total,11709,11034
"2130",1994,3,0,23,25
"2130",1994,3,1,19,25
"2130",1994,3,2,20,17
"2130",1994,3,3,21,29
"2130",1994,3,4,28,29
"2130",1994,3,5 - 9,86,105
"2130",1994,3,10 - 14,103,112
"2130",1994,3,15 - 19,113,117
"2130",1994,3,20 - 24,99,136
"2130",1994,3,25 - 29,144,152
"2130",1994,3,30 - 34,290,212
"2130",1994,3,35 - 39,416,243
"2130",1994,3,40 - 44,537,338
"2130",1994,3,45 - 49,696,401
"2130",1994,3,50 - 54,905,659
"2130",1994,3,55 - 59,1154,826
"2130",1994,3,60 - 64,1349,1274
"2130",1994,3,65 - 69,1382,1461
"2130",1994,3,70 - 74,1382,1484
"2130",1994,3,75 - 79,1103,1422
"2130",1994,3,80 - 84,898,1025
"2130",1994,3,85 - 89,740,745
"2130",1994,3,90 - 94,0,0
"2130",1994,3,95+,0,0
"2130",1994,3,UNK,201,197
"2130",1994,4,Total,23315,24064
"2130",1994,4,0,46,59
"2130",1994,4,1,14,19
"2130",1994,4,2,6,9
"2130",1994,4,3,5,7
"2130",1994,4,4,5,7
"2130",1994,4,5 - 9,44,24
"2130",1994,4,10 - 14,30,53
"2130",1994,4,15 - 19,81,92
"2130",1994,4,20 - 24,110,130
"2130",1994,4,25 - 29,166,169
"2130",1994,4,30 - 34,196,251
"2130",1994,4,35 - 39,342,386
"2130",1994,4,40 - 44,451,534
"2130",1994,4,45 - 49,580,797
"2130",1994,4,50 - 54,969,1189
"2130",1994,4,55 - 59,1263,1568
"2130",1994,4,60 - 64,1863,2451
"2130",1994,4,65 - 69,2368,2786
"2130",1994,4,70 - 74,2997,3508
"2130",1994,4,75 - 79,3357,3314
"2130",1994,4,80 - 84,3498,3149
"2130",1994,4,85 - 89,4319,3016
"2130",1994,4,90 - 94,0,0
"2130",1994,4,95+,0,0
"2130",1994,4,UNK,605,546
"2130",1994,5,Total,5180,5854
"2130",1994,5,0,334,467
"2130",1994,5,1,80,76
"2130",1994,5,2,38,40
"2130",1994,5,3,23,24
"2130",1994,5,4,14,13
"2130",1994,5,5 - 9,48,46
"2130",1994,5,10 - 14,65,48
"2130",1994,5,15 - 19,78,68
"2130",1994,5,20 - 24,78,123
"2130",1994,5,25 - 29,94,135
"2130",1994,5,30 - 34,104,143
"2130",1994,5,35 - 39,110,167
"2130",1994,5,40 - 44,133,151
"2130",1994,5,45 - 49,131,177
"2130",1994,5,50 - 54,179,217
"2130",1994,5,55 - 59,182,276
"2130",1994,5,60 - 64,293,390
"2130",1994,5,65 - 69,375,473
"2130",1994,5,70 - 74,527,626
"2130",1994,5,75 - 79,559,615
"2130",1994,5,80 - 84,613,694
"2130",1994,5,85 - 89,908,685
"2130",1994,5,90 - 94,0,0
"2130",1994,5,95+,0,0
"2130",1994,5,UNK,214,200
"2130",1994,6,Total,18,48
"2130",1994,6,0,1,0
"2130",1994,6,1,0,0
"2130",1994,6,2,0,0
"2130",1994,6,3,0,0
"2130",1994,6,4,0,0
"2130",1994,6,5 - 9,0,0
"2130",1994,6,10 - 14,0,0
"2130",1994,6,15 - 19,0,1
"2130",1994,6,20 - 24,0,2
"2130",1994,6,25 - 29,0,4
"2130",1994,6,30 - 34,0,3
"2130",1994,6,35 - 39,1,4
"2130",1994,6,40 - 44,1,1
"2130",1994,6,45 - 49,4,3
"2130",1994,6,50 - 54,1,3
"2130",1994,6,55 - 59,1,4
"2130",1994,6,60 - 64,0,4
"2130",1994,6,65 - 69,1,5
"2130",1994,6,70 - 74,0,4
"2130",1994,6,75 - 79,4,5
"2130",1994,6,80 - 84,0,2
"2130",1994,6,85 - 89,3,2
"2130",1994,6,90 - 94,0,0
"2130",1994,6,95+,0,0
"2130",1994,6,UNK,1,1
"2130",1994,7,Total,720,1014
"2130",1994,7,0,114,157
"2130",1994,7,1,44,53
"2130",1994,7,2,20,16
"2130",1994,7,3,10,14
"2130",1994,7,4,4,6
"2130",1994,7,5 - 9,20,38
"2130",1994,7,10 - 14,31,34
"2130",1994,7,15 - 19,24,52
"2130",1994,7,20 - 24,40,50
"2130",1994,7,25 - 29,37,60
"2130",1994,7,30 - 34,34,70
"2130",1994,7,35 - 39,32,56
"2130",1994,7,40 - 44,26,51
"2130",1994,7,45 - 49,25,44
"2130",1994,7,50 - 54,32,38
"2130",1994,7,55 - 59,39,41
"2130",1994,7,60 - 64,42,35
"2130",1994,7,65 - 69,31,39
"2130",1994,7,70 - 74,24,47
"2130",1994,7,75 - 79,29,37
"2130",1994,7,80 - 84,28,35
"2130",1994,7,85 - 89,20,25
"2130",1994,7,90 - 94,0,0
"2130",1994,7,95+,0,0
"2130",1994,7,UNK,14,16
"2130",1994,8,Total,3326,3382
"2130",1994,8,0,124,149
"2130",1994,8,1,37,46
"2130",1994,8,2,22,21
"2130",1994,8,3,6,8
"2130",1994,8,4,3,7
"2130",1994,8,5 - 9,30,13
"2130",1994,8,10 - 14,12,18
"2130",1994,8,15 - 19,21,15
"2130",1994,8,20 - 24,36,99
"2130",1994,8,25 - 29,49,230
"2130",1994,8,30 - 34,69,281
"2130",1994,8,35 - 39,57,219
"2130",1994,8,40 - 44,83,178
"2130",1994,8,45 - 49,101,164
"2130",1994,8,50 - 54,159,166
"2130",1994,8,55 - 59,207,170
"2130",1994,8,60 - 64,309,260
"2130",1994,8,65 - 69,363,288
"2130",1994,8,70 - 74,418,277
"2130",1994,8,75 - 79,421,255
"2130",1994,8,80 - 84,360,231
"2130",1994,8,85 - 89,363,202
"2130",1994,8,90 - 94,0,0
"2130",1994,8,95+,0,0
"2130",1994,8,UNK,76,85
"2130",1994,9,Total,2562,3355
"2130",1994,9,0,43,81
"2130",1994,9,1,16,20
"2130",1994,9,2,6,5
"2130",1994,9,3,6,3
"2130",1994,9,4,4,8
"2130",1994,9,5 - 9,12,22
"2130",1994,9,10 - 14,14,13
"2130",1994,9,15 - 19,32,19
"2130",1994,9,20 - 24,36,31
"2130",1994,9,25 - 29,34,53
"2130",1994,9,30 - 34,44,83
"2130",1994,9,35 - 39,67,99
"2130",1994,9,40 - 44,66,130
"2130",1994,9,45 - 49,105,181
"2130",1994,9,50 - 54,127,223
"2130",1994,9,55 - 59,157,268
"2130",1994,9,60 - 64,219,351
"2130",1994,9,65 - 69,244,361
"2130",1994,9,70 - 74,299,421
"2130",1994,9,75 - 79,347,354
"2130",1994,9,80 - 84,315,301
"2130",1994,9,85 - 89,321,266
"2130",1994,9,90 - 94,0,0
"2130",1994,9,95+,0,0
"2130",1994,9,UNK,48,62
"2130",1994,10,Total,1201,1281
"2130",1994,10,0,20,20
"2130",1994,10,1,14,21
"2130",1994,10,2,6,3
"2130",1994,10,3,3,2
"2130",1994,10,4,2,4
"2130",1994,10,5 - 9,14,7
"2130",1994,10,10 - 14,15,7
"2130",1994,10,15 - 19,35,21
"2130",1994,10,20 - 24,41,42
"2130",1994,10,25 - 29,45,39
"2130",1994,10,30 - 34,42,41
"2130",1994,10,35 - 39,39,54
"2130",1994,10,40 - 44,46,32
"2130",1994,10,45 - 49,42,40
"2130",1994,10,50 - 54,50,68
"2130",1994,10,55 - 59,80,79
"2130",1994,10,60 - 64,83,102
"2130",1994,10,65 - 69,108,121
"2130",1994,10,70 - 74,93,143
"2130",1994,10,75 - 79,89,131
"2130",1994,10,80 - 84,131,143
"2130",1994,10,85 - 89,170,140
"2130",1994,10,90 - 94,0,0
"2130",1994,10,95+,0,0
"2130",1994,10,UNK,33,21
"2130",1994,11,Total,3016,4157
"2130",1994,11,0,2701,3793
"2130",1994,11,1,66,68
"2130",1994,11,2,31,29
"2130",1994,11,3,16,19
"2130",1994,11,4,13,11
"2130",1994,11,5 - 9,37,41
"2130",1994,11,10 - 14,29,25
"2130",1994,11,15 - 19,18,19
"2130",1994,11,20 - 24,7,17
"2130",1994,11,25 - 29,13,14
"2130",1994,11,30 - 34,12,10
"2130",1994,11,35 - 39,12,6
"2130",1994,11,40 - 44,6,8
"2130",1994,11,45 - 49,0,2
"2130",1994,11,50 - 54,0,0
"2130",1994,11,55 - 59,0,0
"2130",1994,11,60 - 64,0,0
"2130",1994,11,65 - 69,0,1
"2130",1994,11,70 - 74,1,1
"2130",1994,11,75 - 79,0,0
"2130",1994,11,80 - 84,0,0
"2130",1994,11,85 - 89,0,0
"2130",1994,11,90 - 94,0,0
"2130",1994,11,95+,0,0
"2130",1994,11,UNK,54,93
"2130",1994,12,Total,5919,7067
"2130",1994,12,0,681,942
"2130",1994,12,1,187,219
"2130",1994,12,2,88,102
"2130",1994,12,3,30,31
"2130",1994,12,4,20,17
"2130",1994,12,5 - 9,58,75
"2130",1994,12,10 - 14,43,52
"2130",1994,12,15 - 19,68,68
"2130",1994,12,20 - 24,52,65
"2130",1994,12,25 - 29,61,76
"2130",1994,12,30 - 34,63,85
"2130",1994,12,35 - 39,65,97
"2130",1994,12,40 - 44,74,107
"2130",1994,12,45 - 49,84,121
"2130",1994,12,50 - 54,145,188
"2130",1994,12,55 - 59,203,242
"2130",1994,12,60 - 64,380,443
"2130",1994,12,65 - 69,475,632
"2130",1994,12,70 - 74,604,811
"2130",1994,12,75 - 79,679,848
"2130",1994,12,80 - 84,706,876
"2130",1994,12,85 - 89,1026,841
"2130",1994,12,90 - 94,0,0
"2130",1994,12,95+,0,0
"2130",1994,12,UNK,127,129
"2130",1994,13,Total,3493,12174
"2130",1994,13,0,80,114
"2130",1994,13,1,105,171
"2130",1994,13,2,86,147
"2130",1994,13,3,62,113
"2130",1994,13,4,55,92
"2130",1994,13,5 - 9,191,407
"2130",1994,13,10 - 14,177,432
"2130",1994,13,15 - 19,294,975
"2130",1994,13,20 - 24,312,1486
"2130",1994,13,25 - 29,267,1432
"2130",1994,13,30 - 34,219,1273
"2130",1994,13,35 - 39,184,1041
"2130",1994,13,40 - 44,135,779
"2130",1994,13,45 - 49,116,594
"2130",1994,13,50 - 54,112,522
"2130",1994,13,55 - 59,110,452
"2130",1994,13,60 - 64,138,429
"2130",1994,13,65 - 69,140,387
"2130",1994,13,70 - 74,147,360
"2130",1994,13,75 - 79,150,269
"2130",1994,13,80 - 84,150,242
"2130",1994,13,85 - 89,185,188
"2130",1994,13,90 - 94,0,0
"2130",1994,13,95+,0,0
"2130",1994,13,UNK,78,269
"2130",1994,14,Total,2040,25580
"2130",1994,14,0,10,10
"2130",1994,14,1,9,11
"2130",1994,14,2,7,5
"2130",1994,14,3,5,9
"2130",1994,14,4,7,6
"2130",1994,14,5 - 9,32,39
"2130",1994,14,10 - 14,60,253
"2130",1994,14,15 - 19,324,3562
"2130",1994,14,20 - 24,300,5486
"2130",1994,14,25 - 29,321,4445
"2130",1994,14,30 - 34,278,3581
"2130",1994,14,35 - 39,205,2701
"2130",1994,14,40 - 44,132,1782
"2130",1994,14,45 - 49,102,1080
"2130",1994,14,50 - 54,73,718
"2130",1994,14,55 - 59,36,538
"2130",1994,14,60 - 64,25,297
"2130",1994,14,65 - 69,24,197
"2130",1994,14,70 - 74,7,87
"2130",1994,14,75 - 79,10,54
"2130",1994,14,80 - 84,7,26
"2130",1994,14,85 - 89,4,19
"2130",1994,14,90 - 94,0,0
"2130",1994,14,95+,0,0
"2130",1994,14,UNK,62,674
"2130",1995,1,Total,67685,102211
"2130",1995,1,0,4779,6325
"2130",1995,1,1,748,835
"2130",1995,1,2,353,414
"2130",1995,1,3,225,276
"2130",1995,1,4,186,210
"2130",1995,1,5 - 9,623,882
"2130",1995,1,10 - 14,631,1065
"2130",1995,1,15 - 19,1184,4991
"2130",1995,1,20 - 24,1274,7127
"2130",1995,1,25 - 29,1405,6768
"2130",1995,1,30 - 34,1442,5902
"2130",1995,1,35 - 39,1780,5174
"2130",1995,1,40 - 44,1842,4178
"2130",1995,1,45 - 49,2250,3801
"2130",1995,1,50 - 54,2835,4110
"2130",1995,1,55 - 59,3500,4822
"2130",1995,1,60 - 64,4962,6162
"2130",1995,1,65 - 69,6101,7382
"2130",1995,1,70 - 74,6687,7959
"2130",1995,1,75 - 79,7460,7934
"2130",1995,1,80 - 84,7144,6851
"2130",1995,1,85 - 89,8905,6906
"2130",1995,1,90 - 94,0,0
"2130",1995,1,95+,0,0
"2130",1995,1,UNK,1369,2137
"2130",1995,2,Total,2320,3183
"2130",1995,2,0,493,680
"2130",1995,2,1,133,155
"2130",1995,2,2,40,45
"2130",1995,2,3,29,29
"2130",1995,2,4,18,15
"2130",1995,2,5 - 9,36,65
"2130",1995,2,10 - 14,31,54
"2130",1995,2,15 - 19,42,64
"2130",1995,2,20 - 24,65,87
"2130",1995,2,25 - 29,66,92
"2130",1995,2,30 - 34,73,113
"2130",1995,2,35 - 39,73,132
"2130",1995,2,40 - 44,60,126
"2130",1995,2,45 - 49,72,113
"2130",1995,2,50 - 54,72,141
"2130",1995,2,55 - 59,83,138
"2130",1995,2,60 - 64,110,164
"2130",1995,2,65 - 69,138,176
"2130",1995,2,70 - 74,141,204
"2130",1995,2,75 - 79,147,199
"2130",1995,2,80 - 84,157,151
"2130",1995,2,85 - 89,203,174
"2130",1995,2,90 - 94,0,0
"2130",1995,2,95+,0,0
"2130",1995,2,UNK,38,66
"2130",1995,3,Total,12033,11226
"2130",1995,3,0,23,25
"2130",1995,3,1,28,21
"2130",1995,3,2,13,14
"2130",1995,3,3,21,21
"2130",1995,3,4,24,31
"2130",1995,3,5 - 9,82,108
"2130",1995,3,10 - 14,91,88
"2130",1995,3,15 - 19,104,124
"2130",1995,3,20 - 24,95,121
"2130",1995,3,25 - 29,159,148
"2130",1995,3,30 - 34,279,218
"2130",1995,3,35 - 39,467,258
"2130",1995,3,40 - 44,549,324
"2130",1995,3,45 - 49,716,422
"2130",1995,3,50 - 54,922,628
"2130",1995,3,55 - 59,1065,912
"2130",1995,3,60 - 64,1381,1277
"2130",1995,3,65 - 69,1478,1509
"2130",1995,3,70 - 74,1404,1569
"2130",1995,3,75 - 79,1275,1410
"2130",1995,3,80 - 84,926,1038
"2130",1995,3,85 - 89,766,805
"2130",1995,3,90 - 94,0,0
"2130",1995,3,95+,0,0
"2130",1995,3,UNK,165,155
"2130",1995,4,Total,24004,24744
"2130",1995,4,0,64,80
"2130",1995,4,1,20,14
"2130",1995,4,2,11,10
"2130",1995,4,3,5,8
"2130",1995,4,4,5,3
"2130",1995,4,5 - 9,26,20
"2130",1995,4,10 - 14,36,42
"2130",1995,4,15 - 19,70,95
"2130",1995,4,20 - 24,106,117
"2130",1995,4,25 - 29,149,174
"2130",1995,4,30 - 34,201,265
"2130",1995,4,35 - 39,346,394
"2130",1995,4,40 - 44,473,562
"2130",1995,4,45 - 49,702,817
"2130",1995,4,50 - 54,910,1260
"2130",1995,4,55 - 59,1262,1702
"2130",1995,4,60 - 64,1841,2336
"2130",1995,4,65 - 69,2541,3048
"2130",1995,4,70 - 74,2979,3397
"2130",1995,4,75 - 79,3593,3468
"2130",1995,4,80 - 84,3552,3088
"2130",1995,4,85 - 89,4598,3320
"2130",1995,4,90 - 94,0,0
"2130",1995,4,95+,0,0
"2130",1995,4,UNK,514,524
"2130",1995,5,Total,4561,5214
"2130",1995,5,0,273,336
"2130",1995,5,1,94,83
"2130",1995,5,2,41,46
"2130",1995,5,3,18,18
"2130",1995,5,4,21,17
"2130",1995,5,5 - 9,43,42
"2130",1995,5,10 - 14,29,49
"2130",1995,5,15 - 19,65,73
"2130",1995,5,20 - 24,80,111
"2130",1995,5,25 - 29,73,108
"2130",1995,5,30 - 34,62,144
"2130",1995,5,35 - 39,98,142
"2130",1995,5,40 - 44,123,152
"2130",1995,5,45 - 49,116,150
"2130",1995,5,50 - 54,147,177
"2130",1995,5,55 - 59,196,222
"2130",1995,5,60 - 64,255,345
"2130",1995,5,65 - 69,312,423
"2130",1995,5,70 - 74,394,526
"2130",1995,5,75 - 79,500,638
"2130",1995,5,80 - 84,568,573
"2130",1995,5,85 - 89,886,667
"2130",1995,5,90 - 94,0,0
"2130",1995,5,95+,0,0
"2130",1995,5,UNK,167,172
"2130",1995,6,Total,29,58
"2130",1995,6,0,0,0
"2130",1995,6,1,0,0
"2130",1995,6,2,0,0
"2130",1995,6,3,0,0
"2130",1995,6,4,0,0
"2130",1995,6,5 - 9,0,0
"2130",1995,6,10 - 14,1,0
"2130",1995,6,15 - 19,2,1
"2130",1995,6,20 - 24,2,1
"2130",1995,6,25 - 29,1,0
"2130",1995,6,30 - 34,0,3
"2130",1995,6,35 - 39,0,1
"2130",1995,6,40 - 44,1,3
"2130",1995,6,45 - 49,1,5
"2130",1995,6,50 - 54,2,4
"2130",1995,6,55 - 59,2,8
"2130",1995,6,60 - 64,4,4
"2130",1995,6,65 - 69,1,3
"2130",1995,6,70 - 74,3,6
"2130",1995,6,75 - 79,2,3
"2130",1995,6,80 - 84,3,5
"2130",1995,6,85 - 89,3,9
"2130",1995,6,90 - 94,0,0
"2130",1995,6,95+,0,0
"2130",1995,6,UNK,1,2
"2130",1995,7,Total,765,1023
"2130",1995,7,0,108,156
"2130",1995,7,1,25,38
"2130",1995,7,2,19,13
"2130",1995,7,3,13,20
"2130",1995,7,4,8,10
"2130",1995,7,5 - 9,40,46
"2130",1995,7,10 - 14,42,49
"2130",1995,7,15 - 19,36,39
"2130",1995,7,20 - 24,36,63
"2130",1995,7,25 - 29,39,61
"2130",1995,7,30 - 34,47,70
"2130",1995,7,35 - 39,39,61
"2130",1995,7,40 - 44,32,44
"2130",1995,7,45 - 49,22,38
"2130",1995,7,50 - 54,29,34
"2130",1995,7,55 - 59,24,44
"2130",1995,7,60 - 64,35,36
"2130",1995,7,65 - 69,25,43
"2130",1995,7,70 - 74,32,42
"2130",1995,7,75 - 79,30,34
"2130",1995,7,80 - 84,39,38
"2130",1995,7,85 - 89,38,26
"2130",1995,7,90 - 94,0,0
"2130",1995,7,95+,0,0
"2130",1995,7,UNK,7,18
"2130",1995,8,Total,3620,3868
"2130",1995,8,0,115,191
"2130",1995,8,1,54,53
"2130",1995,8,2,23,17
"2130",1995,8,3,7,12
"2130",1995,8,4,6,5
"2130",1995,8,5 - 9,21,23
"2130",1995,8,10 - 14,8,19
"2130",1995,8,15 - 19,17,30
"2130",1995,8,20 - 24,44,119
"2130",1995,8,25 - 29,61,223
"2130",1995,8,30 - 34,46,324
"2130",1995,8,35 - 39,71,315
"2130",1995,8,40 - 44,65,229
"2130",1995,8,45 - 49,124,193
"2130",1995,8,50 - 54,186,171
"2130",1995,8,55 - 59,224,212
"2130",1995,8,60 - 64,345,264
"2130",1995,8,65 - 69,407,309
"2130",1995,8,70 - 74,422,333
"2130",1995,8,75 - 79,446,267
"2130",1995,8,80 - 84,433,258
"2130",1995,8,85 - 89,424,235
"2130",1995,8,90 - 94,0,0
"2130",1995,8,95+,0,0
"2130",1995,8,UNK,71,66
"2130",1995,9,Total,2628,3373
"2130",1995,9,0,46,66
"2130",1995,9,1,15,13
"2130",1995,9,2,11,11
"2130",1995,9,3,5,3
"2130",1995,9,4,3,7
"2130",1995,9,5 - 9,13,19
"2130",1995,9,10 - 14,15,18
"2130",1995,9,15 - 19,26,33
"2130",1995,9,20 - 24,31,23
"2130",1995,9,25 - 29,47,52
"2130",1995,9,30 - 34,43,80
"2130",1995,9,35 - 39,53,110
"2130",1995,9,40 - 44,55,125
"2130",1995,9,45 - 49,77,187
"2130",1995,9,50 - 54,113,250
"2130",1995,9,55 - 59,146,263
"2130",1995,9,60 - 64,251,356
"2130",1995,9,65 - 69,301,427
"2130",1995,9,70 - 74,319,367
"2130",1995,9,75 - 79,349,376
"2130",1995,9,80 - 84,305,277
"2130",1995,9,85 - 89,350,249
"2130",1995,9,90 - 94,0,0
"2130",1995,9,95+,0,0
"2130",1995,9,UNK,54,61
"2130",1995,10,Total,1211,1341
"2130",1995,10,0,18,22
"2130",1995,10,1,10,11
"2130",1995,10,2,5,3
"2130",1995,10,3,2,2
"2130",1995,10,4,2,3
"2130",1995,10,5 - 9,13,7
"2130",1995,10,10 - 14,22,9
"2130",1995,10,15 - 19,38,23
"2130",1995,10,20 - 24,28,37
"2130",1995,10,25 - 29,35,31
"2130",1995,10,30 - 34,39,42
"2130",1995,10,35 - 39,44,41
"2130",1995,10,40 - 44,46,56
"2130",1995,10,45 - 49,45,54
"2130",1995,10,50 - 54,66,72
"2130",1995,10,55 - 59,67,83
"2130",1995,10,60 - 64,95,101
"2130",1995,10,65 - 69,109,143
"2130",1995,10,70 - 74,97,130
"2130",1995,10,75 - 79,109,157
"2130",1995,10,80 - 84,131,130
"2130",1995,10,85 - 89,171,149
"2130",1995,10,90 - 94,0,0
"2130",1995,10,95+,0,0
"2130",1995,10,UNK,19,35
"2130",1995,11,Total,3130,4063
"2130",1995,11,0,2731,3639
"2130",1995,11,1,75,67
"2130",1995,11,2,33,24
"2130",1995,11,3,26,23
"2130",1995,11,4,18,6
"2130",1995,11,5 - 9,32,40
"2130",1995,11,10 - 14,33,28
"2130",1995,11,15 - 19,15,25
"2130",1995,11,20 - 24,15,21
"2130",1995,11,25 - 29,17,15
"2130",1995,11,30 - 34,11,5
"2130",1995,11,35 - 39,6,10
"2130",1995,11,40 - 44,11,9
"2130",1995,11,45 - 49,4,8
"2130",1995,11,50 - 54,5,6
"2130",1995,11,55 - 59,3,5
"2130",1995,11,60 - 64,5,8
"2130",1995,11,65 - 69,6,4
"2130",1995,11,70 - 74,2,7
"2130",1995,11,75 - 79,2,7
"2130",1995,11,80 - 84,4,5
"2130",1995,11,85 - 89,4,3
"2130",1995,11,90 - 94,0,0
"2130",1995,11,95+,0,0
"2130",1995,11,UNK,72,98
"2130",1995,12,Total,6608,7745
"2130",1995,12,0,752,936
"2130",1995,12,1,185,200
"2130",1995,12,2,71,76
"2130",1995,12,3,43,42
"2130",1995,12,4,25,21
"2130",1995,12,5 - 9,65,69
"2130",1995,12,10 - 14,46,42
"2130",1995,12,15 - 19,49,64
"2130",1995,12,20 - 24,55,81
"2130",1995,12,25 - 29,51,74
"2130",1995,12,30 - 34,64,91
"2130",1995,12,35 - 39,63,104
"2130",1995,12,40 - 44,71,118
"2130",1995,12,45 - 49,103,118
"2130",1995,12,50 - 54,147,194
"2130",1995,12,55 - 59,226,266
"2130",1995,12,60 - 64,430,508
"2130",1995,12,65 - 69,559,672
"2130",1995,12,70 - 74,671,925
"2130",1995,12,75 - 79,807,977
"2130",1995,12,80 - 84,812,985
"2130",1995,12,85 - 89,1188,1025
"2130",1995,12,90 - 94,0,0
"2130",1995,12,95+,0,0
"2130",1995,12,UNK,125,157
"2130",1995,13,Total,3885,14204
"2130",1995,13,0,128,147
"2130",1995,13,1,95,159
"2130",1995,13,2,76,135
"2130",1995,13,3,52,93
"2130",1995,13,4,46,77
"2130",1995,13,5 - 9,205,392
"2130",1995,13,10 - 14,183,459
"2130",1995,13,15 - 19,374,1272
"2130",1995,13,20 - 24,334,1892
"2130",1995,13,25 - 29,295,1882
"2130",1995,13,30 - 34,252,1522
"2130",1995,13,35 - 39,214,1256
"2130",1995,13,40 - 44,178,880
"2130",1995,13,45 - 49,147,736
"2130",1995,13,50 - 54,131,561
"2130",1995,13,55 - 59,128,522
"2130",1995,13,60 - 64,155,462
"2130",1995,13,65 - 69,150,430
"2130",1995,13,70 - 74,153,323
"2130",1995,13,75 - 79,146,304
"2130",1995,13,80 - 84,164,242
"2130",1995,13,85 - 89,205,196
"2130",1995,13,90 - 94,0,0
"2130",1995,13,95+,0,0
"2130",1995,13,UNK,74,262
"2130",1995,14,Total,1738,21705
"2130",1995,14,0,11,15
"2130",1995,14,1,7,12
"2130",1995,14,2,9,13
"2130",1995,14,3,2,3
"2130",1995,14,4,3,12
"2130",1995,14,5 - 9,31,35
"2130",1995,14,10 - 14,72,198
"2130",1995,14,15 - 19,256,3120
"2130",1995,14,20 - 24,272,4439
"2130",1995,14,25 - 29,277,3895
"2130",1995,14,30 - 34,202,3003
"2130",1995,14,35 - 39,185,2338
"2130",1995,14,40 - 44,110,1533
"2130",1995,14,45 - 49,89,949
"2130",1995,14,50 - 54,56,593
"2130",1995,14,55 - 59,39,427
"2130",1995,14,60 - 64,20,267
"2130",1995,14,65 - 69,24,163
"2130",1995,14,70 - 74,14,98
"2130",1995,14,75 - 79,6,49
"2130",1995,14,80 - 84,2,22
"2130",1995,14,85 - 89,4,11
"2130",1995,14,90 - 94,0,0
"2130",1995,14,95+,0,0
"2130",1995,14,UNK,47,510
"2130",1996,1,Total,68867,104639
"2130",1996,1,0,4476,5927
"2130",1996,1,1,639,809
"2130",1996,1,2,306,386
"2130",1996,1,3,218,280
"2130",1996,1,4,175,216
"2130",1996,1,5 - 9,605,795
"2130",1996,1,10 - 14,607,1043
"2130",1996,1,15 - 19,1219,5189
"2130",1996,1,20 - 24,1216,7210
"2130",1996,1,25 - 29,1349,6846
"2130",1996,1,30 - 34,1566,5810
"2130",1996,1,35 - 39,1824,5398
"2130",1996,1,40 - 44,1977,4402
"2130",1996,1,45 - 49,2280,4154
"2130",1996,1,50 - 54,2697,4062
"2130",1996,1,55 - 59,3624,4932
"2130",1996,1,60 - 64,4878,6069
"2130",1996,1,65 - 69,6335,7910
"2130",1996,1,70 - 74,6766,8126
"2130",1996,1,75 - 79,7928,8532
"2130",1996,1,80 - 84,7248,6976
"2130",1996,1,85 - 89,10035,7578
"2130",1996,1,90 - 94,0,0
"2130",1996,1,95+,0,0
"2130",1996,1,UNK,899,1989
"2130",1996,2,Total,2170,2886
"2130",1996,2,0,427,563
"2130",1996,2,1,106,154
"2130",1996,2,2,44,32
"2130",1996,2,3,20,23
"2130",1996,2,4,14,20
"2130",1996,2,5 - 9,47,55
"2130",1996,2,10 - 14,34,31
"2130",1996,2,15 - 19,43,63
"2130",1996,2,20 - 24,50,69
"2130",1996,2,25 - 29,51,88
"2130",1996,2,30 - 34,75,107
"2130",1996,2,35 - 39,63,123
"2130",1996,2,40 - 44,58,123
"2130",1996,2,45 - 49,65,114
"2130",1996,2,50 - 54,71,134
"2130",1996,2,55 - 59,99,111
"2130",1996,2,60 - 64,101,167
"2130",1996,2,65 - 69,123,190
"2130",1996,2,70 - 74,123,184
"2130",1996,2,75 - 79,154,181
"2130",1996,2,80 - 84,162,137
"2130",1996,2,85 - 89,211,166
"2130",1996,2,90 - 94,0,0
"2130",1996,2,95+,0,0
"2130",1996,2,UNK,29,51
"2130",1996,3,Total,12425,11617
"2130",1996,3,0,20,19
"2130",1996,3,1,14,23
"2130",1996,3,2,17,25
"2130",1996,3,3,20,28
"2130",1996,3,4,22,28
"2130",1996,3,5 - 9,89,102
"2130",1996,3,10 - 14,103,99
"2130",1996,3,15 - 19,104,148
"2130",1996,3,20 - 24,103,110
"2130",1996,3,25 - 29,160,163
"2130",1996,3,30 - 34,339,189
"2130",1996,3,35 - 39,454,260
"2130",1996,3,40 - 44,617,347
"2130",1996,3,45 - 49,760,457
"2130",1996,3,50 - 54,921,630
"2130",1996,3,55 - 59,1100,959
"2130",1996,3,60 - 64,1333,1206
"2130",1996,3,65 - 69,1515,1592
"2130",1996,3,70 - 74,1363,1632
"2130",1996,3,75 - 79,1338,1524
"2130",1996,3,80 - 84,994,1035
"2130",1996,3,85 - 89,914,881
"2130",1996,3,90 - 94,0,0
"2130",1996,3,95+,0,0
"2130",1996,3,UNK,125,160
"2130",1996,4,Total,24891,26219
"2130",1996,4,0,62,86
"2130",1996,4,1,27,20
"2130",1996,4,2,8,7
"2130",1996,4,3,5,9
"2130",1996,4,4,13,8
"2130",1996,4,5 - 9,24,26
"2130",1996,4,10 - 14,36,43
"2130",1996,4,15 - 19,81,103
"2130",1996,4,20 - 24,96,132
"2130",1996,4,25 - 29,160,160
"2130",1996,4,30 - 34,234,255
"2130",1996,4,35 - 39,349,404
"2130",1996,4,40 - 44,493,567
"2130",1996,4,45 - 49,663,894
"2130",1996,4,50 - 54,877,1193
"2130",1996,4,55 - 59,1299,1748
"2130",1996,4,60 - 64,1916,2453
"2130",1996,4,65 - 69,2672,3352
"2130",1996,4,70 - 74,2998,3551
"2130",1996,4,75 - 79,3782,3889
"2130",1996,4,80 - 84,3619,3271
"2130",1996,4,85 - 89,5158,3635
"2130",1996,4,90 - 94,0,0
"2130",1996,4,95+,0,0
"2130",1996,4,UNK,319,413
"2130",1996,5,Total,4218,4659
"2130",1996,5,0,216,250
"2130",1996,5,1,54,69
"2130",1996,5,2,27,35
"2130",1996,5,3,19,27
"2130",1996,5,4,12,15
"2130",1996,5,5 - 9,35,33
"2130",1996,5,10 - 14,34,56
"2130",1996,5,15 - 19,78,71
"2130",1996,5,20 - 24,66,116
"2130",1996,5,25 - 29,78,115
"2130",1996,5,30 - 34,66,119
"2130",1996,5,35 - 39,97,128
"2130",1996,5,40 - 44,97,134
"2130",1996,5,45 - 49,114,148
"2130",1996,5,50 - 54,110,167
"2130",1996,5,55 - 59,162,199
"2130",1996,5,60 - 64,219,271
"2130",1996,5,65 - 69,298,401
"2130",1996,5,70 - 74,379,457
"2130",1996,5,75 - 79,507,532
"2130",1996,5,80 - 84,527,511
"2130",1996,5,85 - 89,946,664
"2130",1996,5,90 - 94,0,0
"2130",1996,5,95+,0,0
"2130",1996,5,UNK,77,141
"2130",1996,6,Total,12,24
"2130",1996,6,0,0,0
"2130",1996,6,1,0,0
"2130",1996,6,2,0,0
"2130",1996,6,3,0,0
"2130",1996,6,4,0,0
"2130",1996,6,5 - 9,0,0
"2130",1996,6,10 - 14,0,0
"2130",1996,6,15 - 19,0,0
"2130",1996,6,20 - 24,0,0
"2130",1996,6,25 - 29,0,0
"2130",1996,6,30 - 34,1,2
"2130",1996,6,35 - 39,3,1
"2130",1996,6,40 - 44,1,2
"2130",1996,6,45 - 49,0,2
"2130",1996,6,50 - 54,2,1
"2130",1996,6,55 - 59,0,5
"2130",1996,6,60 - 64,0,2
"2130",1996,6,65 - 69,0,0
"2130",1996,6,70 - 74,0,3
"2130",1996,6,75 - 79,1,2
"2130",1996,6,80 - 84,3,2
"2130",1996,6,85 - 89,1,2
"2130",1996,6,90 - 94,0,0
"2130",1996,6,95+,0,0
"2130",1996,6,UNK,0,0
"2130",1996,7,Total,747,983
"2130",1996,7,0,105,162
"2130",1996,7,1,33,50
"2130",1996,7,2,14,15
"2130",1996,7,3,20,15
"2130",1996,7,4,10,11
"2130",1996,7,5 - 9,35,37
"2130",1996,7,10 - 14,25,31
"2130",1996,7,15 - 19,29,58
"2130",1996,7,20 - 24,37,55
"2130",1996,7,25 - 29,48,50
"2130",1996,7,30 - 34,36,70
"2130",1996,7,35 - 39,36,70
"2130",1996,7,40 - 44,27,32
"2130",1996,7,45 - 49,29,27
"2130",1996,7,50 - 54,22,34
"2130",1996,7,55 - 59,21,33
"2130",1996,7,60 - 64,26,35
"2130",1996,7,65 - 69,49,37
"2130",1996,7,70 - 74,31,47
"2130",1996,7,75 - 79,33,36
"2130",1996,7,80 - 84,40,23
"2130",1996,7,85 - 89,34,38
"2130",1996,7,90 - 94,0,0
"2130",1996,7,95+,0,0
"2130",1996,7,UNK,7,17
"2130",1996,8,Total,4002,4307
"2130",1996,8,0,150,184
"2130",1996,8,1,57,61
"2130",1996,8,2,15,30
"2130",1996,8,3,12,10
"2130",1996,8,4,9,3
"2130",1996,8,5 - 9,22,23
"2130",1996,8,10 - 14,18,20
"2130",1996,8,15 - 19,31,42
"2130",1996,8,20 - 24,50,113
"2130",1996,8,25 - 29,69,257
"2130",1996,8,30 - 34,98,349
"2130",1996,8,35 - 39,71,320
"2130",1996,8,40 - 44,96,260
"2130",1996,8,45 - 49,112,215
"2130",1996,8,50 - 54,140,198
"2130",1996,8,55 - 59,266,224
"2130",1996,8,60 - 64,359,286
"2130",1996,8,65 - 69,463,378
"2130",1996,8,70 - 74,479,346
"2130",1996,8,75 - 79,492,382
"2130",1996,8,80 - 84,422,244
"2130",1996,8,85 - 89,525,311
"2130",1996,8,90 - 94,0,0
"2130",1996,8,95+,0,0
"2130",1996,8,UNK,46,51
"2130",1996,9,Total,2687,3466
"2130",1996,9,0,45,115
"2130",1996,9,1,10,20
"2130",1996,9,2,7,10
"2130",1996,9,3,3,6
"2130",1996,9,4,4,7
"2130",1996,9,5 - 9,13,12
"2130",1996,9,10 - 14,11,17
"2130",1996,9,15 - 19,22,34
"2130",1996,9,20 - 24,21,37
"2130",1996,9,25 - 29,40,60
"2130",1996,9,30 - 34,42,63
"2130",1996,9,35 - 39,47,118
"2130",1996,9,40 - 44,61,144
"2130",1996,9,45 - 49,94,183
"2130",1996,9,50 - 54,102,195
"2130",1996,9,55 - 59,185,296
"2130",1996,9,60 - 64,275,344
"2130",1996,9,65 - 69,317,426
"2130",1996,9,70 - 74,336,409
"2130",1996,9,75 - 79,349,344
"2130",1996,9,80 - 84,304,306
"2130",1996,9,85 - 89,365,275
"2130",1996,9,90 - 94,0,0
"2130",1996,9,95+,0,0
"2130",1996,9,UNK,34,45
"2130",1996,10,Total,1218,1373
"2130",1996,10,0,8,11
"2130",1996,10,1,4,4
"2130",1996,10,2,5,6
"2130",1996,10,3,3,2
"2130",1996,10,4,1,4
"2130",1996,10,5 - 9,13,11
"2130",1996,10,10 - 14,13,16
"2130",1996,10,15 - 19,30,27
"2130",1996,10,20 - 24,36,24
"2130",1996,10,25 - 29,41,40
"2130",1996,10,30 - 34,37,40
"2130",1996,10,35 - 39,44,47
"2130",1996,10,40 - 44,65,46
"2130",1996,10,45 - 49,56,64
"2130",1996,10,50 - 54,58,62
"2130",1996,10,55 - 59,65,77
"2130",1996,10,60 - 64,85,105
"2130",1996,10,65 - 69,120,159
"2130",1996,10,70 - 74,122,146
"2130",1996,10,75 - 79,114,144
"2130",1996,10,80 - 84,124,151
"2130",1996,10,85 - 89,153,166
"2130",1996,10,90 - 94,0,0
"2130",1996,10,95+,0,0
"2130",1996,10,UNK,21,21
"2130",1996,11,Total,2916,3894
"2130",1996,11,0,2632,3517
"2130",1996,11,1,58,69
"2130",1996,11,2,24,31
"2130",1996,11,3,13,14
"2130",1996,11,4,7,15
"2130",1996,11,5 - 9,39,31
"2130",1996,11,10 - 14,23,22
"2130",1996,11,15 - 19,17,31
"2130",1996,11,20 - 24,7,12
"2130",1996,11,25 - 29,9,10
"2130",1996,11,30 - 34,10,5
"2130",1996,11,35 - 39,2,10
"2130",1996,11,40 - 44,5,5
"2130",1996,11,45 - 49,6,6
"2130",1996,11,50 - 54,1,4
"2130",1996,11,55 - 59,1,6
"2130",1996,11,60 - 64,2,1
"2130",1996,11,65 - 69,2,5
"2130",1996,11,70 - 74,2,2
"2130",1996,11,75 - 79,2,3
"2130",1996,11,80 - 84,3,4
"2130",1996,11,85 - 89,0,4
"2130",1996,11,90 - 94,0,0
"2130",1996,11,95+,0,0
"2130",1996,11,UNK,51,87
"2130",1996,12,Total,7016,8005
"2130",1996,12,0,659,822
"2130",1996,12,1,162,171
"2130",1996,12,2,60,73
"2130",1996,12,3,38,43
"2130",1996,12,4,33,30
"2130",1996,12,5 - 9,70,73
"2130",1996,12,10 - 14,52,56
"2130",1996,12,15 - 19,68,80
"2130",1996,12,20 - 24,77,91
"2130",1996,12,25 - 29,61,74
"2130",1996,12,30 - 34,52,72
"2130",1996,12,35 - 39,91,127
"2130",1996,12,40 - 44,86,121
"2130",1996,12,45 - 49,109,163
"2130",1996,12,50 - 54,197,199
"2130",1996,12,55 - 59,233,296
"2130",1996,12,60 - 64,375,434
"2130",1996,12,65 - 69,572,768
"2130",1996,12,70 - 74,715,925
"2130",1996,12,75 - 79,931,1073
"2130",1996,12,80 - 84,854,1016
"2130",1996,12,85 - 89,1460,1196
"2130",1996,12,90 - 94,0,0
"2130",1996,12,95+,0,0
"2130",1996,12,UNK,61,102
"2130",1996,13,Total,3640,13818
"2130",1996,13,0,114,166
"2130",1996,13,1,103,148
"2130",1996,13,2,72,108
"2130",1996,13,3,58,89
"2130",1996,13,4,45,67
"2130",1996,13,5 - 9,188,347
"2130",1996,13,10 - 14,176,432
"2130",1996,13,15 - 19,325,1355
"2130",1996,13,20 - 24,288,1858
"2130",1996,13,25 - 29,265,1791
"2130",1996,13,30 - 34,232,1432
"2130",1996,13,35 - 39,220,1192
"2130",1996,13,40 - 44,167,920
"2130",1996,13,45 - 49,138,704
"2130",1996,13,50 - 54,115,538
"2130",1996,13,55 - 59,120,490
"2130",1996,13,60 - 64,133,442
"2130",1996,13,65 - 69,141,401
"2130",1996,13,70 - 74,156,303
"2130",1996,13,75 - 79,174,332
"2130",1996,13,80 - 84,149,223
"2130",1996,13,85 - 89,207,193
"2130",1996,13,90 - 94,0,0
"2130",1996,13,95+,0,0
"2130",1996,13,UNK,54,287
"2130",1996,14,Total,1857,22992
"2130",1996,14,0,16,7
"2130",1996,14,1,4,10
"2130",1996,14,2,9,9
"2130",1996,14,3,7,5
"2130",1996,14,4,4,8
"2130",1996,14,5 - 9,22,32
"2130",1996,14,10 - 14,65,207
"2130",1996,14,15 - 19,289,3157
"2130",1996,14,20 - 24,262,4571
"2130",1996,14,25 - 29,246,4020
"2130",1996,14,30 - 34,225,3091
"2130",1996,14,35 - 39,228,2582
"2130",1996,14,40 - 44,136,1683
"2130",1996,14,45 - 49,93,1163
"2130",1996,14,50 - 54,58,695
"2130",1996,14,55 - 59,49,466
"2130",1996,14,60 - 64,28,301
"2130",1996,14,65 - 69,22,180
"2130",1996,14,70 - 74,16,93
"2130",1996,14,75 - 79,12,61
"2130",1996,14,80 - 84,6,25
"2130",1996,14,85 - 89,5,15
"2130",1996,14,90 - 94,0,0
"2130",1996,14,95+,0,0
"2130",1996,14,UNK,55,611
