"","Year","Cause","Age","Female","Male"
"2250",2005,1,Total,29698,41240
"2250",2005,1,0,4392,5550
"2250",2005,1,1,1267,1404
"2250",2005,1,2,459,516
"2250",2005,1,3,206,257
"2250",2005,1,4,147,181
"2250",2005,1,5 - 9,470,556
"2250",2005,1,10 - 14,382,558
"2250",2005,1,15 - 19,684,1651
"2250",2005,1,20 - 24,770,2334
"2250",2005,1,25 - 29,749,2290
"2250",2005,1,30 - 34,757,1915
"2250",2005,1,35 - 39,852,1867
"2250",2005,1,40 - 44,942,1821
"2250",2005,1,45 - 49,1000,1802
"2250",2005,1,50 - 54,1273,1770
"2250",2005,1,55 - 59,1439,1873
"2250",2005,1,60 - 64,1480,1855
"2250",2005,1,65 - 69,1820,2209
"2250",2005,1,70 - 74,2186,2459
"2250",2005,1,75 - 79,2544,2863
"2250",2005,1,80 - 84,2451,2383
"2250",2005,1,85 - 89,1819,1836
"2250",2005,1,90 - 94,1096,770
"2250",2005,1,95+,447,316
"2250",2005,1,UNK,66,204
"2250",2005,2,Total,2685,3443
"2250",2005,2,0,632,812
"2250",2005,2,1,474,501
"2250",2005,2,2,151,147
"2250",2005,2,3,52,65
"2250",2005,2,4,29,37
"2250",2005,2,5 - 9,71,96
"2250",2005,2,10 - 14,39,44
"2250",2005,2,15 - 19,49,54
"2250",2005,2,20 - 24,95,99
"2250",2005,2,25 - 29,85,180
"2250",2005,2,30 - 34,101,168
"2250",2005,2,35 - 39,85,144
"2250",2005,2,40 - 44,80,138
"2250",2005,2,45 - 49,71,121
"2250",2005,2,50 - 54,79,114
"2250",2005,2,55 - 59,83,100
"2250",2005,2,60 - 64,66,106
"2250",2005,2,65 - 69,86,104
"2250",2005,2,70 - 74,80,96
"2250",2005,2,75 - 79,98,122
"2250",2005,2,80 - 84,98,88
"2250",2005,2,85 - 89,48,65
"2250",2005,2,90 - 94,28,23
"2250",2005,2,95+,4,12
"2250",2005,2,UNK,1,7
"2250",2005,3,Total,3402,2994
"2250",2005,3,0,11,9
"2250",2005,3,1,6,11
"2250",2005,3,2,7,10
"2250",2005,3,3,6,13
"2250",2005,3,4,5,11
"2250",2005,3,5 - 9,19,38
"2250",2005,3,10 - 14,35,39
"2250",2005,3,15 - 19,56,72
"2250",2005,3,20 - 24,58,48
"2250",2005,3,25 - 29,61,59
"2250",2005,3,30 - 34,86,84
"2250",2005,3,35 - 39,155,73
"2250",2005,3,40 - 44,196,97
"2250",2005,3,45 - 49,229,131
"2250",2005,3,50 - 54,322,165
"2250",2005,3,55 - 59,313,228
"2250",2005,3,60 - 64,296,255
"2250",2005,3,65 - 69,359,324
"2250",2005,3,70 - 74,369,378
"2250",2005,3,75 - 79,360,412
"2250",2005,3,80 - 84,242,290
"2250",2005,3,85 - 89,139,182
"2250",2005,3,90 - 94,48,51
"2250",2005,3,95+,21,12
"2250",2005,3,UNK,3,2
"2250",2005,4,Total,4384,4359
"2250",2005,4,0,47,57
"2250",2005,4,1,15,13
"2250",2005,4,2,7,8
"2250",2005,4,3,6,4
"2250",2005,4,4,1,0
"2250",2005,4,5 - 9,15,20
"2250",2005,4,10 - 14,25,22
"2250",2005,4,15 - 19,41,38
"2250",2005,4,20 - 24,52,55
"2250",2005,4,25 - 29,59,75
"2250",2005,4,30 - 34,85,92
"2250",2005,4,35 - 39,86,85
"2250",2005,4,40 - 44,121,120
"2250",2005,4,45 - 49,154,172
"2250",2005,4,50 - 54,204,212
"2250",2005,4,55 - 59,213,246
"2250",2005,4,60 - 64,273,306
"2250",2005,4,65 - 69,366,387
"2250",2005,4,70 - 74,475,500
"2250",2005,4,75 - 79,533,643
"2250",2005,4,80 - 84,632,513
"2250",2005,4,85 - 89,486,460
"2250",2005,4,90 - 94,336,230
"2250",2005,4,95+,142,90
"2250",2005,4,UNK,10,11
"2250",2005,5,Total,2728,2798
"2250",2005,5,0,223,269
"2250",2005,5,1,86,104
"2250",2005,5,2,36,44
"2250",2005,5,3,12,21
"2250",2005,5,4,7,8
"2250",2005,5,5 - 9,37,35
"2250",2005,5,10 - 14,10,27
"2250",2005,5,15 - 19,53,47
"2250",2005,5,20 - 24,47,62
"2250",2005,5,25 - 29,50,79
"2250",2005,5,30 - 34,35,56
"2250",2005,5,35 - 39,46,63
"2250",2005,5,40 - 44,48,71
"2250",2005,5,45 - 49,64,59
"2250",2005,5,50 - 54,60,64
"2250",2005,5,55 - 59,74,94
"2250",2005,5,60 - 64,87,113
"2250",2005,5,65 - 69,104,147
"2250",2005,5,70 - 74,235,212
"2250",2005,5,75 - 79,326,303
"2250",2005,5,80 - 84,392,355
"2250",2005,5,85 - 89,325,300
"2250",2005,5,90 - 94,247,142
"2250",2005,5,95+,113,66
"2250",2005,5,UNK,11,57
"2250",2005,6,Total,209,1534
"2250",2005,6,0,1,0
"2250",2005,6,1,0,1
"2250",2005,6,2,0,0
"2250",2005,6,3,0,0
"2250",2005,6,4,0,0
"2250",2005,6,5 - 9,0,2
"2250",2005,6,10 - 14,0,1
"2250",2005,6,15 - 19,2,14
"2250",2005,6,20 - 24,4,56
"2250",2005,6,25 - 29,10,113
"2250",2005,6,30 - 34,24,141
"2250",2005,6,35 - 39,23,192
"2250",2005,6,40 - 44,30,226
"2250",2005,6,45 - 49,22,211
"2250",2005,6,50 - 54,23,148
"2250",2005,6,55 - 59,20,132
"2250",2005,6,60 - 64,17,97
"2250",2005,6,65 - 69,9,77
"2250",2005,6,70 - 74,10,64
"2250",2005,6,75 - 79,8,24
"2250",2005,6,80 - 84,4,15
"2250",2005,6,85 - 89,1,8
"2250",2005,6,90 - 94,1,1
"2250",2005,6,95+,0,1
"2250",2005,6,UNK,0,10
"2250",2005,7,Total,736,943
"2250",2005,7,0,61,68
"2250",2005,7,1,32,32
"2250",2005,7,2,8,12
"2250",2005,7,3,6,12
"2250",2005,7,4,2,11
"2250",2005,7,5 - 9,21,26
"2250",2005,7,10 - 14,23,39
"2250",2005,7,15 - 19,37,34
"2250",2005,7,20 - 24,37,47
"2250",2005,7,25 - 29,42,40
"2250",2005,7,30 - 34,25,35
"2250",2005,7,35 - 39,17,52
"2250",2005,7,40 - 44,24,40
"2250",2005,7,45 - 49,24,34
"2250",2005,7,50 - 54,34,31
"2250",2005,7,55 - 59,38,43
"2250",2005,7,60 - 64,23,32
"2250",2005,7,65 - 69,41,66
"2250",2005,7,70 - 74,43,71
"2250",2005,7,75 - 79,60,81
"2250",2005,7,80 - 84,70,63
"2250",2005,7,85 - 89,41,45
"2250",2005,7,90 - 94,14,19
"2250",2005,7,95+,10,8
"2250",2005,7,UNK,3,2
"2250",2005,8,Total,3218,2946
"2250",2005,8,0,218,280
"2250",2005,8,1,109,131
"2250",2005,8,2,43,60
"2250",2005,8,3,23,14
"2250",2005,8,4,18,18
"2250",2005,8,5 - 9,38,40
"2250",2005,8,10 - 14,25,23
"2250",2005,8,15 - 19,24,21
"2250",2005,8,20 - 24,40,32
"2250",2005,8,25 - 29,37,48
"2250",2005,8,30 - 34,40,60
"2250",2005,8,35 - 39,32,61
"2250",2005,8,40 - 44,85,90
"2250",2005,8,45 - 49,110,128
"2250",2005,8,50 - 54,170,155
"2250",2005,8,55 - 59,233,198
"2250",2005,8,60 - 64,243,212
"2250",2005,8,65 - 69,311,271
"2250",2005,8,70 - 74,321,235
"2250",2005,8,75 - 79,396,296
"2250",2005,8,80 - 84,288,257
"2250",2005,8,85 - 89,235,190
"2250",2005,8,90 - 94,128,81
"2250",2005,8,95+,49,41
"2250",2005,8,UNK,2,4
"2250",2005,9,Total,1726,2922
"2250",2005,9,0,43,55
"2250",2005,9,1,16,28
"2250",2005,9,2,11,9
"2250",2005,9,3,5,8
"2250",2005,9,4,3,7
"2250",2005,9,5 - 9,18,25
"2250",2005,9,10 - 14,13,21
"2250",2005,9,15 - 19,23,45
"2250",2005,9,20 - 24,50,74
"2250",2005,9,25 - 29,51,154
"2250",2005,9,30 - 34,49,161
"2250",2005,9,35 - 39,87,210
"2250",2005,9,40 - 44,81,262
"2250",2005,9,45 - 49,99,250
"2250",2005,9,50 - 54,125,266
"2250",2005,9,55 - 59,134,267
"2250",2005,9,60 - 64,168,199
"2250",2005,9,65 - 69,153,225
"2250",2005,9,70 - 74,165,223
"2250",2005,9,75 - 79,167,199
"2250",2005,9,80 - 84,122,133
"2250",2005,9,85 - 89,88,68
"2250",2005,9,90 - 94,43,23
"2250",2005,9,95+,11,6
"2250",2005,9,UNK,1,4
"2250",2005,10,Total,787,1000
"2250",2005,10,0,22,28
"2250",2005,10,1,8,10
"2250",2005,10,2,4,5
"2250",2005,10,3,2,3
"2250",2005,10,4,3,2
"2250",2005,10,5 - 9,15,8
"2250",2005,10,10 - 14,12,16
"2250",2005,10,15 - 19,18,16
"2250",2005,10,20 - 24,25,28
"2250",2005,10,25 - 29,23,21
"2250",2005,10,30 - 34,35,28
"2250",2005,10,35 - 39,32,32
"2250",2005,10,40 - 44,22,27
"2250",2005,10,45 - 49,30,33
"2250",2005,10,50 - 54,45,64
"2250",2005,10,55 - 59,47,69
"2250",2005,10,60 - 64,51,74
"2250",2005,10,65 - 69,68,96
"2250",2005,10,70 - 74,85,106
"2250",2005,10,75 - 79,71,120
"2250",2005,10,80 - 84,77,109
"2250",2005,10,85 - 89,55,63
"2250",2005,10,90 - 94,29,33
"2250",2005,10,95+,8,9
"2250",2005,10,UNK,0,0
"2250",2005,11,Total,1930,2476
"2250",2005,11,0,1856,2393
"2250",2005,11,1,15,17
"2250",2005,11,2,6,10
"2250",2005,11,3,3,3
"2250",2005,11,4,3,3
"2250",2005,11,5 - 9,7,13
"2250",2005,11,10 - 14,8,11
"2250",2005,11,15 - 19,5,8
"2250",2005,11,20 - 24,3,3
"2250",2005,11,25 - 29,6,0
"2250",2005,11,30 - 34,3,1
"2250",2005,11,35 - 39,3,5
"2250",2005,11,40 - 44,1,4
"2250",2005,11,45 - 49,1,1
"2250",2005,11,50 - 54,0,3
"2250",2005,11,55 - 59,2,0
"2250",2005,11,60 - 64,0,1
"2250",2005,11,65 - 69,1,0
"2250",2005,11,70 - 74,1,0
"2250",2005,11,75 - 79,0,0
"2250",2005,11,80 - 84,2,0
"2250",2005,11,85 - 89,0,0
"2250",2005,11,90 - 94,0,0
"2250",2005,11,95+,0,0
"2250",2005,11,UNK,4,0
"2250",2005,12,Total,5127,5933
"2250",2005,12,0,1182,1481
"2250",2005,12,1,447,494
"2250",2005,12,2,148,162
"2250",2005,12,3,57,72
"2250",2005,12,4,43,50
"2250",2005,12,5 - 9,107,99
"2250",2005,12,10 - 14,53,67
"2250",2005,12,15 - 19,82,73
"2250",2005,12,20 - 24,78,95
"2250",2005,12,25 - 29,70,113
"2250",2005,12,30 - 34,53,120
"2250",2005,12,35 - 39,84,109
"2250",2005,12,40 - 44,85,135
"2250",2005,12,45 - 49,84,144
"2250",2005,12,50 - 54,117,138
"2250",2005,12,55 - 59,189,171
"2250",2005,12,60 - 64,186,206
"2250",2005,12,65 - 69,251,305
"2250",2005,12,70 - 74,332,385
"2250",2005,12,75 - 79,429,486
"2250",2005,12,80 - 84,431,438
"2250",2005,12,85 - 89,340,382
"2250",2005,12,90 - 94,187,139
"2250",2005,12,95+,83,61
"2250",2005,12,UNK,9,8
"2250",2005,13,Total,1568,5573
"2250",2005,13,0,72,67
"2250",2005,13,1,44,51
"2250",2005,13,2,30,38
"2250",2005,13,3,29,36
"2250",2005,13,4,28,30
"2250",2005,13,5 - 9,104,138
"2250",2005,13,10 - 14,105,188
"2250",2005,13,15 - 19,177,602
"2250",2005,13,20 - 24,139,823
"2250",2005,13,25 - 29,113,687
"2250",2005,13,30 - 34,86,507
"2250",2005,13,35 - 39,97,465
"2250",2005,13,40 - 44,78,339
"2250",2005,13,45 - 49,72,344
"2250",2005,13,50 - 54,58,265
"2250",2005,13,55 - 59,60,237
"2250",2005,13,60 - 64,42,173
"2250",2005,13,65 - 69,38,142
"2250",2005,13,70 - 74,35,127
"2250",2005,13,75 - 79,46,117
"2250",2005,13,80 - 84,50,77
"2250",2005,13,85 - 89,29,46
"2250",2005,13,90 - 94,17,17
"2250",2005,13,95+,3,6
"2250",2005,13,UNK,16,51
"2250",2005,14,Total,413,3951
"2250",2005,14,0,1,5
"2250",2005,14,1,4,2
"2250",2005,14,2,2,1
"2250",2005,14,3,1,2
"2250",2005,14,4,2,0
"2250",2005,14,5 - 9,7,11
"2250",2005,14,10 - 14,18,51
"2250",2005,14,15 - 19,55,618
"2250",2005,14,20 - 24,57,902
"2250",2005,14,25 - 29,54,709
"2250",2005,14,30 - 34,49,456
"2250",2005,14,35 - 39,41,364
"2250",2005,14,40 - 44,34,253
"2250",2005,14,45 - 49,21,161
"2250",2005,14,50 - 54,17,131
"2250",2005,14,55 - 59,14,75
"2250",2005,14,60 - 64,8,62
"2250",2005,14,65 - 69,6,40
"2250",2005,14,70 - 74,3,21
"2250",2005,14,75 - 79,3,17
"2250",2005,14,80 - 84,2,15
"2250",2005,14,85 - 89,5,6
"2250",2005,14,90 - 94,2,1
"2250",2005,14,95+,1,0
"2250",2005,14,UNK,6,48
"2250",2006,1,Total,29106,40650
"2250",2006,1,0,4030,5012
"2250",2006,1,1,956,1105
"2250",2006,1,2,384,421
"2250",2006,1,3,212,203
"2250",2006,1,4,115,171
"2250",2006,1,5 - 9,460,556
"2250",2006,1,10 - 14,403,519
"2250",2006,1,15 - 19,674,1597
"2250",2006,1,20 - 24,711,2342
"2250",2006,1,25 - 29,779,2448
"2250",2006,1,30 - 34,723,2054
"2250",2006,1,35 - 39,816,1905
"2250",2006,1,40 - 44,930,1835
"2250",2006,1,45 - 49,1026,1803
"2250",2006,1,50 - 54,1202,1846
"2250",2006,1,55 - 59,1485,1857
"2250",2006,1,60 - 64,1550,1870
"2250",2006,1,65 - 69,1831,2124
"2250",2006,1,70 - 74,2154,2419
"2250",2006,1,75 - 79,2541,2799
"2250",2006,1,80 - 84,2551,2583
"2250",2006,1,85 - 89,1973,1870
"2250",2006,1,90 - 94,1090,815
"2250",2006,1,95+,436,301
"2250",2006,1,UNK,74,195
"2250",2006,2,Total,2467,3098
"2250",2006,2,0,505,644
"2250",2006,2,1,325,366
"2250",2006,2,2,116,105
"2250",2006,2,3,54,51
"2250",2006,2,4,16,40
"2250",2006,2,5 - 9,86,99
"2250",2006,2,10 - 14,57,46
"2250",2006,2,15 - 19,69,52
"2250",2006,2,20 - 24,82,96
"2250",2006,2,25 - 29,126,184
"2250",2006,2,30 - 34,86,165
"2250",2006,2,35 - 39,83,167
"2250",2006,2,40 - 44,81,115
"2250",2006,2,45 - 49,72,123
"2250",2006,2,50 - 54,70,112
"2250",2006,2,55 - 59,87,108
"2250",2006,2,60 - 64,71,85
"2250",2006,2,65 - 69,93,120
"2250",2006,2,70 - 74,108,101
"2250",2006,2,75 - 79,103,127
"2250",2006,2,80 - 84,81,100
"2250",2006,2,85 - 89,55,56
"2250",2006,2,90 - 94,25,22
"2250",2006,2,95+,10,10
"2250",2006,2,UNK,6,4
"2250",2006,3,Total,3720,3070
"2250",2006,3,0,10,9
"2250",2006,3,1,10,5
"2250",2006,3,2,6,13
"2250",2006,3,3,14,10
"2250",2006,3,4,7,9
"2250",2006,3,5 - 9,44,39
"2250",2006,3,10 - 14,41,39
"2250",2006,3,15 - 19,43,50
"2250",2006,3,20 - 24,53,62
"2250",2006,3,25 - 29,75,81
"2250",2006,3,30 - 34,100,73
"2250",2006,3,35 - 39,155,89
"2250",2006,3,40 - 44,212,112
"2250",2006,3,45 - 49,279,132
"2250",2006,3,50 - 54,288,169
"2250",2006,3,55 - 59,362,222
"2250",2006,3,60 - 64,363,278
"2250",2006,3,65 - 69,384,303
"2250",2006,3,70 - 74,378,366
"2250",2006,3,75 - 79,366,421
"2250",2006,3,80 - 84,290,302
"2250",2006,3,85 - 89,155,189
"2250",2006,3,90 - 94,60,76
"2250",2006,3,95+,17,16
"2250",2006,3,UNK,8,5
"2250",2006,4,Total,4771,5020
"2250",2006,4,0,55,76
"2250",2006,4,1,14,17
"2250",2006,4,2,9,14
"2250",2006,4,3,6,7
"2250",2006,4,4,1,6
"2250",2006,4,5 - 9,21,20
"2250",2006,4,10 - 14,26,32
"2250",2006,4,15 - 19,33,41
"2250",2006,4,20 - 24,52,58
"2250",2006,4,25 - 29,57,88
"2250",2006,4,30 - 34,65,98
"2250",2006,4,35 - 39,82,117
"2250",2006,4,40 - 44,107,162
"2250",2006,4,45 - 49,141,162
"2250",2006,4,50 - 54,203,233
"2250",2006,4,55 - 59,263,317
"2250",2006,4,60 - 64,280,342
"2250",2006,4,65 - 69,360,413
"2250",2006,4,70 - 74,485,536
"2250",2006,4,75 - 79,616,671
"2250",2006,4,80 - 84,780,683
"2250",2006,4,85 - 89,596,535
"2250",2006,4,90 - 94,363,273
"2250",2006,4,95+,137,102
"2250",2006,4,UNK,19,17
"2250",2006,5,Total,2062,2255
"2250",2006,5,0,158,139
"2250",2006,5,1,59,75
"2250",2006,5,2,18,29
"2250",2006,5,3,10,9
"2250",2006,5,4,10,7
"2250",2006,5,5 - 9,18,44
"2250",2006,5,10 - 14,17,26
"2250",2006,5,15 - 19,34,59
"2250",2006,5,20 - 24,36,76
"2250",2006,5,25 - 29,39,73
"2250",2006,5,30 - 34,29,67
"2250",2006,5,35 - 39,31,59
"2250",2006,5,40 - 44,28,53
"2250",2006,5,45 - 49,31,53
"2250",2006,5,50 - 54,42,54
"2250",2006,5,55 - 59,33,54
"2250",2006,5,60 - 64,54,69
"2250",2006,5,65 - 69,108,107
"2250",2006,5,70 - 74,134,163
"2250",2006,5,75 - 79,239,258
"2250",2006,5,80 - 84,341,315
"2250",2006,5,85 - 89,312,253
"2250",2006,5,90 - 94,173,122
"2250",2006,5,95+,97,57
"2250",2006,5,UNK,11,34
"2250",2006,6,Total,102,827
"2250",2006,6,0,1,0
"2250",2006,6,1,0,0
"2250",2006,6,2,0,1
"2250",2006,6,3,0,0
"2250",2006,6,4,0,0
"2250",2006,6,5 - 9,0,1
"2250",2006,6,10 - 14,1,1
"2250",2006,6,15 - 19,0,6
"2250",2006,6,20 - 24,5,23
"2250",2006,6,25 - 29,3,54
"2250",2006,6,30 - 34,9,94
"2250",2006,6,35 - 39,9,108
"2250",2006,6,40 - 44,10,109
"2250",2006,6,45 - 49,15,99
"2250",2006,6,50 - 54,18,98
"2250",2006,6,55 - 59,7,74
"2250",2006,6,60 - 64,8,53
"2250",2006,6,65 - 69,4,40
"2250",2006,6,70 - 74,5,32
"2250",2006,6,75 - 79,5,17
"2250",2006,6,80 - 84,1,6
"2250",2006,6,85 - 89,1,5
"2250",2006,6,90 - 94,0,1
"2250",2006,6,95+,0,0
"2250",2006,6,UNK,0,5
"2250",2006,7,Total,707,841
"2250",2006,7,0,57,62
"2250",2006,7,1,21,30
"2250",2006,7,2,9,12
"2250",2006,7,3,7,10
"2250",2006,7,4,6,4
"2250",2006,7,5 - 9,22,24
"2250",2006,7,10 - 14,16,32
"2250",2006,7,15 - 19,30,38
"2250",2006,7,20 - 24,44,42
"2250",2006,7,25 - 29,31,30
"2250",2006,7,30 - 34,21,32
"2250",2006,7,35 - 39,19,28
"2250",2006,7,40 - 44,28,32
"2250",2006,7,45 - 49,21,44
"2250",2006,7,50 - 54,19,35
"2250",2006,7,55 - 59,31,36
"2250",2006,7,60 - 64,39,36
"2250",2006,7,65 - 69,41,46
"2250",2006,7,70 - 74,45,54
"2250",2006,7,75 - 79,59,73
"2250",2006,7,80 - 84,55,75
"2250",2006,7,85 - 89,53,50
"2250",2006,7,90 - 94,21,14
"2250",2006,7,95+,10,2
"2250",2006,7,UNK,2,0
"2250",2006,8,Total,3306,2936
"2250",2006,8,0,195,260
"2250",2006,8,1,95,105
"2250",2006,8,2,42,36
"2250",2006,8,3,15,22
"2250",2006,8,4,11,14
"2250",2006,8,5 - 9,33,39
"2250",2006,8,10 - 14,20,28
"2250",2006,8,15 - 19,29,14
"2250",2006,8,20 - 24,37,34
"2250",2006,8,25 - 29,39,53
"2250",2006,8,30 - 34,44,53
"2250",2006,8,35 - 39,54,69
"2250",2006,8,40 - 44,72,97
"2250",2006,8,45 - 49,110,126
"2250",2006,8,50 - 54,184,172
"2250",2006,8,55 - 59,252,217
"2250",2006,8,60 - 64,269,215
"2250",2006,8,65 - 69,318,261
"2250",2006,8,70 - 74,338,281
"2250",2006,8,75 - 79,374,311
"2250",2006,8,80 - 84,322,258
"2250",2006,8,85 - 89,251,166
"2250",2006,8,90 - 94,140,76
"2250",2006,8,95+,55,28
"2250",2006,8,UNK,7,1
"2250",2006,9,Total,1730,2808
"2250",2006,9,0,32,35
"2250",2006,9,1,10,19
"2250",2006,9,2,9,11
"2250",2006,9,3,5,4
"2250",2006,9,4,4,6
"2250",2006,9,5 - 9,17,27
"2250",2006,9,10 - 14,26,17
"2250",2006,9,15 - 19,34,34
"2250",2006,9,20 - 24,26,51
"2250",2006,9,25 - 29,51,138
"2250",2006,9,30 - 34,50,184
"2250",2006,9,35 - 39,69,212
"2250",2006,9,40 - 44,79,250
"2250",2006,9,45 - 49,109,257
"2250",2006,9,50 - 54,119,249
"2250",2006,9,55 - 59,129,215
"2250",2006,9,60 - 64,152,204
"2250",2006,9,65 - 69,159,192
"2250",2006,9,70 - 74,163,200
"2250",2006,9,75 - 79,187,203
"2250",2006,9,80 - 84,129,158
"2250",2006,9,85 - 89,99,100
"2250",2006,9,90 - 94,53,30
"2250",2006,9,95+,12,5
"2250",2006,9,UNK,7,7
"2250",2006,10,Total,896,1056
"2250",2006,10,0,23,40
"2250",2006,10,1,9,14
"2250",2006,10,2,6,5
"2250",2006,10,3,3,3
"2250",2006,10,4,2,5
"2250",2006,10,5 - 9,20,12
"2250",2006,10,10 - 14,20,14
"2250",2006,10,15 - 19,31,20
"2250",2006,10,20 - 24,28,26
"2250",2006,10,25 - 29,23,19
"2250",2006,10,30 - 34,33,30
"2250",2006,10,35 - 39,37,31
"2250",2006,10,40 - 44,40,24
"2250",2006,10,45 - 49,39,47
"2250",2006,10,50 - 54,40,52
"2250",2006,10,55 - 59,70,60
"2250",2006,10,60 - 64,71,88
"2250",2006,10,65 - 69,72,122
"2250",2006,10,70 - 74,87,111
"2250",2006,10,75 - 79,76,117
"2250",2006,10,80 - 84,72,107
"2250",2006,10,85 - 89,56,68
"2250",2006,10,90 - 94,31,31
"2250",2006,10,95+,6,8
"2250",2006,10,UNK,1,2
"2250",2006,11,Total,1980,2515
"2250",2006,11,0,1878,2448
"2250",2006,11,1,22,15
"2250",2006,11,2,16,7
"2250",2006,11,3,4,1
"2250",2006,11,4,2,4
"2250",2006,11,5 - 9,18,10
"2250",2006,11,10 - 14,6,6
"2250",2006,11,15 - 19,3,6
"2250",2006,11,20 - 24,6,2
"2250",2006,11,25 - 29,7,2
"2250",2006,11,30 - 34,6,1
"2250",2006,11,35 - 39,2,1
"2250",2006,11,40 - 44,2,1
"2250",2006,11,45 - 49,1,1
"2250",2006,11,50 - 54,1,2
"2250",2006,11,55 - 59,0,1
"2250",2006,11,60 - 64,1,0
"2250",2006,11,65 - 69,0,0
"2250",2006,11,70 - 74,2,0
"2250",2006,11,75 - 79,0,1
"2250",2006,11,80 - 84,1,2
"2250",2006,11,85 - 89,1,3
"2250",2006,11,90 - 94,0,0
"2250",2006,11,95+,0,0
"2250",2006,11,UNK,1,1
"2250",2006,12,Total,4743,5384
"2250",2006,12,0,1050,1210
"2250",2006,12,1,349,408
"2250",2006,12,2,129,145
"2250",2006,12,3,61,62
"2250",2006,12,4,43,38
"2250",2006,12,5 - 9,94,105
"2250",2006,12,10 - 14,51,65
"2250",2006,12,15 - 19,70,73
"2250",2006,12,20 - 24,64,92
"2250",2006,12,25 - 29,75,90
"2250",2006,12,30 - 34,65,134
"2250",2006,12,35 - 39,68,100
"2250",2006,12,40 - 44,93,123
"2250",2006,12,45 - 49,101,131
"2250",2006,12,50 - 54,124,159
"2250",2006,12,55 - 59,163,152
"2250",2006,12,60 - 64,172,204
"2250",2006,12,65 - 69,215,258
"2250",2006,12,70 - 74,319,364
"2250",2006,12,75 - 79,436,431
"2250",2006,12,80 - 84,402,455
"2250",2006,12,85 - 89,324,364
"2250",2006,12,90 - 94,189,145
"2250",2006,12,95+,77,69
"2250",2006,12,UNK,9,7
"2250",2006,13,Total,1473,6641
"2250",2006,13,0,36,60
"2250",2006,13,1,33,37
"2250",2006,13,2,19,34
"2250",2006,13,3,27,20
"2250",2006,13,4,10,33
"2250",2006,13,5 - 9,76,107
"2250",2006,13,10 - 14,99,163
"2250",2006,13,15 - 19,192,597
"2250",2006,13,20 - 24,137,910
"2250",2006,13,25 - 29,112,866
"2250",2006,13,30 - 34,100,662
"2250",2006,13,35 - 39,88,584
"2250",2006,13,40 - 44,83,524
"2250",2006,13,45 - 49,65,426
"2250",2006,13,50 - 54,64,379
"2250",2006,13,55 - 59,52,309
"2250",2006,13,60 - 64,42,219
"2250",2006,13,65 - 69,49,194
"2250",2006,13,70 - 74,47,169
"2250",2006,13,75 - 79,48,126
"2250",2006,13,80 - 84,39,91
"2250",2006,13,85 - 89,32,47
"2250",2006,13,90 - 94,15,20
"2250",2006,13,95+,7,3
"2250",2006,13,UNK,1,61
"2250",2006,14,Total,435,3865
"2250",2006,14,0,3,1
"2250",2006,14,1,0,3
"2250",2006,14,2,3,1
"2250",2006,14,3,3,1
"2250",2006,14,4,2,3
"2250",2006,14,5 - 9,3,15
"2250",2006,14,10 - 14,16,46
"2250",2006,14,15 - 19,61,592
"2250",2006,14,20 - 24,77,862
"2250",2006,14,25 - 29,64,757
"2250",2006,14,30 - 34,37,443
"2250",2006,14,35 - 39,40,331
"2250",2006,14,40 - 44,39,226
"2250",2006,14,45 - 49,24,189
"2250",2006,14,50 - 54,19,117
"2250",2006,14,55 - 59,10,75
"2250",2006,14,60 - 64,7,60
"2250",2006,14,65 - 69,6,42
"2250",2006,14,70 - 74,11,22
"2250",2006,14,75 - 79,3,17
"2250",2006,14,80 - 84,1,5
"2250",2006,14,85 - 89,2,5
"2250",2006,14,90 - 94,1,2
"2250",2006,14,95+,1,0
"2250",2006,14,UNK,2,50
"2250",2007,1,Total,29160,39234
"2250",2007,1,0,3943,4914
"2250",2007,1,1,918,1020
"2250",2007,1,2,358,393
"2250",2007,1,3,191,214
"2250",2007,1,4,129,151
"2250",2007,1,5 - 9,441,537
"2250",2007,1,10 - 14,393,555
"2250",2007,1,15 - 19,616,1575
"2250",2007,1,20 - 24,694,2165
"2250",2007,1,25 - 29,728,2221
"2250",2007,1,30 - 34,788,1890
"2250",2007,1,35 - 39,800,1652
"2250",2007,1,40 - 44,857,1697
"2250",2007,1,45 - 49,1083,1698
"2250",2007,1,50 - 54,1258,1754
"2250",2007,1,55 - 59,1467,1877
"2250",2007,1,60 - 64,1688,1885
"2250",2007,1,65 - 69,1885,2115
"2250",2007,1,70 - 74,2141,2352
"2250",2007,1,75 - 79,2565,2767
"2250",2007,1,80 - 84,2543,2537
"2250",2007,1,85 - 89,1983,1968
"2250",2007,1,90 - 94,1124,889
"2250",2007,1,95+,507,341
"2250",2007,1,UNK,60,67
"2250",2007,2,Total,2509,3110
"2250",2007,2,0,586,699
"2250",2007,2,1,298,376
"2250",2007,2,2,112,113
"2250",2007,2,3,47,48
"2250",2007,2,4,30,37
"2250",2007,2,5 - 9,81,95
"2250",2007,2,10 - 14,51,58
"2250",2007,2,15 - 19,52,56
"2250",2007,2,20 - 24,87,105
"2250",2007,2,25 - 29,92,182
"2250",2007,2,30 - 34,84,156
"2250",2007,2,35 - 39,67,127
"2250",2007,2,40 - 44,77,110
"2250",2007,2,45 - 49,76,115
"2250",2007,2,50 - 54,69,109
"2250",2007,2,55 - 59,84,100
"2250",2007,2,60 - 64,87,79
"2250",2007,2,65 - 69,103,126
"2250",2007,2,70 - 74,110,115
"2250",2007,2,75 - 79,100,107
"2250",2007,2,80 - 84,92,100
"2250",2007,2,85 - 89,65,66
"2250",2007,2,90 - 94,31,26
"2250",2007,2,95+,23,5
"2250",2007,2,UNK,5,0
"2250",2007,3,Total,3693,3122
"2250",2007,3,0,8,11
"2250",2007,3,1,6,13
"2250",2007,3,2,9,9
"2250",2007,3,3,11,7
"2250",2007,3,4,5,3
"2250",2007,3,5 - 9,31,36
"2250",2007,3,10 - 14,23,45
"2250",2007,3,15 - 19,53,71
"2250",2007,3,20 - 24,52,74
"2250",2007,3,25 - 29,74,68
"2250",2007,3,30 - 34,99,67
"2250",2007,3,35 - 39,128,70
"2250",2007,3,40 - 44,208,83
"2250",2007,3,45 - 49,266,107
"2250",2007,3,50 - 54,321,163
"2250",2007,3,55 - 59,347,242
"2250",2007,3,60 - 64,381,301
"2250",2007,3,65 - 69,369,344
"2250",2007,3,70 - 74,364,364
"2250",2007,3,75 - 79,389,432
"2250",2007,3,80 - 84,283,327
"2250",2007,3,85 - 89,177,205
"2250",2007,3,90 - 94,63,64
"2250",2007,3,95+,19,14
"2250",2007,3,UNK,7,2
"2250",2007,4,Total,5289,5277
"2250",2007,4,0,55,54
"2250",2007,4,1,22,20
"2250",2007,4,2,3,7
"2250",2007,4,3,4,5
"2250",2007,4,4,4,4
"2250",2007,4,5 - 9,17,23
"2250",2007,4,10 - 14,23,20
"2250",2007,4,15 - 19,48,61
"2250",2007,4,20 - 24,58,75
"2250",2007,4,25 - 29,61,89
"2250",2007,4,30 - 34,72,96
"2250",2007,4,35 - 39,89,104
"2250",2007,4,40 - 44,100,145
"2250",2007,4,45 - 49,173,195
"2250",2007,4,50 - 54,221,256
"2250",2007,4,55 - 59,258,298
"2250",2007,4,60 - 64,347,359
"2250",2007,4,65 - 69,441,471
"2250",2007,4,70 - 74,522,559
"2250",2007,4,75 - 79,687,710
"2250",2007,4,80 - 84,807,679
"2250",2007,4,85 - 89,673,614
"2250",2007,4,90 - 94,402,308
"2250",2007,4,95+,192,119
"2250",2007,4,UNK,10,6
"2250",2007,5,Total,1695,1804
"2250",2007,5,0,150,192
"2250",2007,5,1,50,52
"2250",2007,5,2,28,26
"2250",2007,5,3,16,11
"2250",2007,5,4,5,5
"2250",2007,5,5 - 9,35,26
"2250",2007,5,10 - 14,30,33
"2250",2007,5,15 - 19,26,44
"2250",2007,5,20 - 24,30,41
"2250",2007,5,25 - 29,28,56
"2250",2007,5,30 - 34,34,57
"2250",2007,5,35 - 39,27,52
"2250",2007,5,40 - 44,38,30
"2250",2007,5,45 - 49,38,37
"2250",2007,5,50 - 54,36,51
"2250",2007,5,55 - 59,42,44
"2250",2007,5,60 - 64,47,46
"2250",2007,5,65 - 69,74,81
"2250",2007,5,70 - 74,109,117
"2250",2007,5,75 - 79,166,163
"2250",2007,5,80 - 84,238,250
"2250",2007,5,85 - 89,219,212
"2250",2007,5,90 - 94,150,111
"2250",2007,5,95+,72,55
"2250",2007,5,UNK,7,12
"2250",2007,6,Total,93,649
"2250",2007,6,0,0,0
"2250",2007,6,1,0,0
"2250",2007,6,2,0,0
"2250",2007,6,3,0,1
"2250",2007,6,4,0,0
"2250",2007,6,5 - 9,0,0
"2250",2007,6,10 - 14,2,1
"2250",2007,6,15 - 19,3,1
"2250",2007,6,20 - 24,5,18
"2250",2007,6,25 - 29,3,39
"2250",2007,6,30 - 34,7,51
"2250",2007,6,35 - 39,12,81
"2250",2007,6,40 - 44,12,89
"2250",2007,6,45 - 49,11,78
"2250",2007,6,50 - 54,13,76
"2250",2007,6,55 - 59,6,67
"2250",2007,6,60 - 64,3,48
"2250",2007,6,65 - 69,3,31
"2250",2007,6,70 - 74,4,26
"2250",2007,6,75 - 79,3,19
"2250",2007,6,80 - 84,5,14
"2250",2007,6,85 - 89,0,6
"2250",2007,6,90 - 94,1,0
"2250",2007,6,95+,0,0
"2250",2007,6,UNK,0,3
"2250",2007,7,Total,703,860
"2250",2007,7,0,45,52
"2250",2007,7,1,20,22
"2250",2007,7,2,5,19
"2250",2007,7,3,6,7
"2250",2007,7,4,8,9
"2250",2007,7,5 - 9,23,29
"2250",2007,7,10 - 14,26,33
"2250",2007,7,15 - 19,27,52
"2250",2007,7,20 - 24,35,27
"2250",2007,7,25 - 29,35,33
"2250",2007,7,30 - 34,21,33
"2250",2007,7,35 - 39,19,35
"2250",2007,7,40 - 44,16,31
"2250",2007,7,45 - 49,25,29
"2250",2007,7,50 - 54,25,43
"2250",2007,7,55 - 59,38,38
"2250",2007,7,60 - 64,42,37
"2250",2007,7,65 - 69,40,49
"2250",2007,7,70 - 74,48,59
"2250",2007,7,75 - 79,65,87
"2250",2007,7,80 - 84,69,62
"2250",2007,7,85 - 89,40,51
"2250",2007,7,90 - 94,19,17
"2250",2007,7,95+,5,2
"2250",2007,7,UNK,1,4
"2250",2007,8,Total,3457,2871
"2250",2007,8,0,176,232
"2250",2007,8,1,75,93
"2250",2007,8,2,35,40
"2250",2007,8,3,13,12
"2250",2007,8,4,15,19
"2250",2007,8,5 - 9,29,30
"2250",2007,8,10 - 14,26,18
"2250",2007,8,15 - 19,24,21
"2250",2007,8,20 - 24,24,23
"2250",2007,8,25 - 29,51,41
"2250",2007,8,30 - 34,51,43
"2250",2007,8,35 - 39,65,67
"2250",2007,8,40 - 44,86,92
"2250",2007,8,45 - 49,120,125
"2250",2007,8,50 - 54,215,167
"2250",2007,8,55 - 59,280,220
"2250",2007,8,60 - 64,322,236
"2250",2007,8,65 - 69,322,214
"2250",2007,8,70 - 74,342,273
"2250",2007,8,75 - 79,392,314
"2250",2007,8,80 - 84,354,262
"2250",2007,8,85 - 89,255,205
"2250",2007,8,90 - 94,130,94
"2250",2007,8,95+,49,27
"2250",2007,8,UNK,6,3
"2250",2007,9,Total,1677,2784
"2250",2007,9,0,31,37
"2250",2007,9,1,19,22
"2250",2007,9,2,8,9
"2250",2007,9,3,7,6
"2250",2007,9,4,8,4
"2250",2007,9,5 - 9,13,33
"2250",2007,9,10 - 14,13,32
"2250",2007,9,15 - 19,19,34
"2250",2007,9,20 - 24,37,69
"2250",2007,9,25 - 29,54,105
"2250",2007,9,30 - 34,72,165
"2250",2007,9,35 - 39,80,195
"2250",2007,9,40 - 44,72,256
"2250",2007,9,45 - 49,110,253
"2250",2007,9,50 - 54,111,236
"2250",2007,9,55 - 59,137,249
"2250",2007,9,60 - 64,138,215
"2250",2007,9,65 - 69,156,226
"2250",2007,9,70 - 74,168,186
"2250",2007,9,75 - 79,170,172
"2250",2007,9,80 - 84,113,150
"2250",2007,9,85 - 89,83,87
"2250",2007,9,90 - 94,38,30
"2250",2007,9,95+,17,9
"2250",2007,9,UNK,3,4
"2250",2007,10,Total,874,1087
"2250",2007,10,0,16,35
"2250",2007,10,1,4,9
"2250",2007,10,2,9,4
"2250",2007,10,3,0,4
"2250",2007,10,4,5,1
"2250",2007,10,5 - 9,13,8
"2250",2007,10,10 - 14,14,13
"2250",2007,10,15 - 19,20,16
"2250",2007,10,20 - 24,28,19
"2250",2007,10,25 - 29,21,32
"2250",2007,10,30 - 34,37,25
"2250",2007,10,35 - 39,28,30
"2250",2007,10,40 - 44,28,37
"2250",2007,10,45 - 49,25,46
"2250",2007,10,50 - 54,47,63
"2250",2007,10,55 - 59,66,67
"2250",2007,10,60 - 64,75,87
"2250",2007,10,65 - 69,87,109
"2250",2007,10,70 - 74,96,120
"2250",2007,10,75 - 79,84,117
"2250",2007,10,80 - 84,79,125
"2250",2007,10,85 - 89,60,79
"2250",2007,10,90 - 94,24,27
"2250",2007,10,95+,7,11
"2250",2007,10,UNK,1,3
"2250",2007,11,Total,1942,2505
"2250",2007,11,0,1858,2412
"2250",2007,11,1,22,27
"2250",2007,11,2,6,7
"2250",2007,11,3,6,2
"2250",2007,11,4,5,5
"2250",2007,11,5 - 9,6,16
"2250",2007,11,10 - 14,9,9
"2250",2007,11,15 - 19,4,8
"2250",2007,11,20 - 24,5,2
"2250",2007,11,25 - 29,3,4
"2250",2007,11,30 - 34,3,1
"2250",2007,11,35 - 39,3,1
"2250",2007,11,40 - 44,1,1
"2250",2007,11,45 - 49,0,1
"2250",2007,11,50 - 54,0,2
"2250",2007,11,55 - 59,3,1
"2250",2007,11,60 - 64,0,1
"2250",2007,11,65 - 69,2,1
"2250",2007,11,70 - 74,2,1
"2250",2007,11,75 - 79,1,1
"2250",2007,11,80 - 84,0,0
"2250",2007,11,85 - 89,1,2
"2250",2007,11,90 - 94,0,0
"2250",2007,11,95+,0,0
"2250",2007,11,UNK,2,0
"2250",2007,12,Total,4519,5110
"2250",2007,12,0,939,1098
"2250",2007,12,1,355,339
"2250",2007,12,2,118,115
"2250",2007,12,3,50,70
"2250",2007,12,4,32,38
"2250",2007,12,5 - 9,96,114
"2250",2007,12,10 - 14,47,70
"2250",2007,12,15 - 19,56,65
"2250",2007,12,20 - 24,58,77
"2250",2007,12,25 - 29,57,106
"2250",2007,12,30 - 34,68,101
"2250",2007,12,35 - 39,78,98
"2250",2007,12,40 - 44,69,115
"2250",2007,12,45 - 49,89,127
"2250",2007,12,50 - 54,122,109
"2250",2007,12,55 - 59,110,173
"2250",2007,12,60 - 64,176,185
"2250",2007,12,65 - 69,207,239
"2250",2007,12,70 - 74,289,343
"2250",2007,12,75 - 79,412,449
"2250",2007,12,80 - 84,417,439
"2250",2007,12,85 - 89,335,367
"2250",2007,12,90 - 94,221,182
"2250",2007,12,95+,107,85
"2250",2007,12,UNK,11,6
"2250",2007,13,Total,1472,5986
"2250",2007,13,0,43,53
"2250",2007,13,1,36,37
"2250",2007,13,2,18,36
"2250",2007,13,3,26,35
"2250",2007,13,4,10,22
"2250",2007,13,5 - 9,74,113
"2250",2007,13,10 - 14,101,165
"2250",2007,13,15 - 19,175,563
"2250",2007,13,20 - 24,121,797
"2250",2007,13,25 - 29,112,739
"2250",2007,13,30 - 34,88,625
"2250",2007,13,35 - 39,90,488
"2250",2007,13,40 - 44,74,442
"2250",2007,13,45 - 49,91,415
"2250",2007,13,50 - 54,45,341
"2250",2007,13,55 - 59,57,266
"2250",2007,13,60 - 64,42,230
"2250",2007,13,65 - 69,49,165
"2250",2007,13,70 - 74,50,135
"2250",2007,13,75 - 79,50,144
"2250",2007,13,80 - 84,44,88
"2250",2007,13,85 - 89,44,50
"2250",2007,13,90 - 94,22,16
"2250",2007,13,95+,4,7
"2250",2007,13,UNK,6,14
"2250",2007,14,Total,451,3680
"2250",2007,14,0,0,1
"2250",2007,14,1,1,0
"2250",2007,14,2,0,2
"2250",2007,14,3,1,1
"2250",2007,14,4,1,1
"2250",2007,14,5 - 9,7,7
"2250",2007,14,10 - 14,15,48
"2250",2007,14,15 - 19,66,570
"2250",2007,14,20 - 24,77,827
"2250",2007,14,25 - 29,52,715
"2250",2007,14,30 - 34,51,457
"2250",2007,14,35 - 39,52,292
"2250",2007,14,40 - 44,32,251
"2250",2007,14,45 - 49,37,157
"2250",2007,14,50 - 54,15,126
"2250",2007,14,55 - 59,13,91
"2250",2007,14,60 - 64,7,43
"2250",2007,14,65 - 69,9,32
"2250",2007,14,70 - 74,3,23
"2250",2007,14,75 - 79,6,17
"2250",2007,14,80 - 84,2,5
"2250",2007,14,85 - 89,4,3
"2250",2007,14,90 - 94,0,1
"2250",2007,14,95+,0,0
"2250",2007,14,UNK,0,10
"2250",2008,1,Total,28105,39251
"2250",2008,1,0,3297,4064
"2250",2008,1,1,769,891
"2250",2008,1,2,285,312
"2250",2008,1,3,152,165
"2250",2008,1,4,89,130
"2250",2008,1,5 - 9,398,476
"2250",2008,1,10 - 14,339,522
"2250",2008,1,15 - 19,635,1590
"2250",2008,1,20 - 24,706,2189
"2250",2008,1,25 - 29,670,2374
"2250",2008,1,30 - 34,733,2027
"2250",2008,1,35 - 39,753,1825
"2250",2008,1,40 - 44,853,1696
"2250",2008,1,45 - 49,1039,1846
"2250",2008,1,50 - 54,1319,1808
"2250",2008,1,55 - 59,1477,1871
"2250",2008,1,60 - 64,1619,2046
"2250",2008,1,65 - 69,1844,2092
"2250",2008,1,70 - 74,2125,2425
"2250",2008,1,75 - 79,2572,2783
"2250",2008,1,80 - 84,2661,2755
"2250",2008,1,85 - 89,2181,2067
"2250",2008,1,90 - 94,1125,992
"2250",2008,1,95+,464,305
"2250",2008,1,UNK,0,0
"2250",2008,2,Total,2299,2985
"2250",2008,2,0,447,589
"2250",2008,2,1,252,319
"2250",2008,2,2,86,77
"2250",2008,2,3,41,42
"2250",2008,2,4,19,25
"2250",2008,2,5 - 9,71,86
"2250",2008,2,10 - 14,38,47
"2250",2008,2,15 - 19,46,44
"2250",2008,2,20 - 24,93,94
"2250",2008,2,25 - 29,83,170
"2250",2008,2,30 - 34,80,141
"2250",2008,2,35 - 39,78,131
"2250",2008,2,40 - 44,64,101
"2250",2008,2,45 - 49,72,136
"2250",2008,2,50 - 54,72,122
"2250",2008,2,55 - 59,78,105
"2250",2008,2,60 - 64,73,133
"2250",2008,2,65 - 69,100,113
"2250",2008,2,70 - 74,135,116
"2250",2008,2,75 - 79,124,152
"2250",2008,2,80 - 84,109,131
"2250",2008,2,85 - 89,86,70
"2250",2008,2,90 - 94,33,27
"2250",2008,2,95+,19,14
"2250",2008,2,UNK,0,0
"2250",2008,3,Total,3722,3189
"2250",2008,3,0,13,9
"2250",2008,3,1,3,10
"2250",2008,3,2,4,9
"2250",2008,3,3,7,4
"2250",2008,3,4,10,4
"2250",2008,3,5 - 9,33,31
"2250",2008,3,10 - 14,31,40
"2250",2008,3,15 - 19,44,60
"2250",2008,3,20 - 24,44,54
"2250",2008,3,25 - 29,80,80
"2250",2008,3,30 - 34,110,80
"2250",2008,3,35 - 39,143,90
"2250",2008,3,40 - 44,180,102
"2250",2008,3,45 - 49,263,133
"2250",2008,3,50 - 54,354,186
"2250",2008,3,55 - 59,373,227
"2250",2008,3,60 - 64,343,266
"2250",2008,3,65 - 69,375,332
"2250",2008,3,70 - 74,364,394
"2250",2008,3,75 - 79,359,439
"2250",2008,3,80 - 84,317,334
"2250",2008,3,85 - 89,182,199
"2250",2008,3,90 - 94,73,91
"2250",2008,3,95+,17,15
"2250",2008,3,UNK,0,0
"2250",2008,4,Total,5106,5251
"2250",2008,4,0,69,67
"2250",2008,4,1,17,10
"2250",2008,4,2,2,11
"2250",2008,4,3,6,4
"2250",2008,4,4,2,2
"2250",2008,4,5 - 9,18,22
"2250",2008,4,10 - 14,19,27
"2250",2008,4,15 - 19,39,62
"2250",2008,4,20 - 24,55,57
"2250",2008,4,25 - 29,61,74
"2250",2008,4,30 - 34,67,93
"2250",2008,4,35 - 39,99,118
"2250",2008,4,40 - 44,112,147
"2250",2008,4,45 - 49,145,173
"2250",2008,4,50 - 54,207,247
"2250",2008,4,55 - 59,265,277
"2250",2008,4,60 - 64,308,389
"2250",2008,4,65 - 69,389,420
"2250",2008,4,70 - 74,540,532
"2250",2008,4,75 - 79,657,697
"2250",2008,4,80 - 84,758,762
"2250",2008,4,85 - 89,700,638
"2250",2008,4,90 - 94,407,302
"2250",2008,4,95+,164,120
"2250",2008,4,UNK,0,0
"2250",2008,5,Total,1515,1617
"2250",2008,5,0,135,150
"2250",2008,5,1,42,42
"2250",2008,5,2,15,23
"2250",2008,5,3,9,11
"2250",2008,5,4,7,15
"2250",2008,5,5 - 9,24,27
"2250",2008,5,10 - 14,15,29
"2250",2008,5,15 - 19,30,32
"2250",2008,5,20 - 24,31,43
"2250",2008,5,25 - 29,29,62
"2250",2008,5,30 - 34,29,48
"2250",2008,5,35 - 39,27,46
"2250",2008,5,40 - 44,15,44
"2250",2008,5,45 - 49,34,35
"2250",2008,5,50 - 54,32,43
"2250",2008,5,55 - 59,29,46
"2250",2008,5,60 - 64,56,49
"2250",2008,5,65 - 69,52,71
"2250",2008,5,70 - 74,94,101
"2250",2008,5,75 - 79,176,150
"2250",2008,5,80 - 84,223,197
"2250",2008,5,85 - 89,217,203
"2250",2008,5,90 - 94,133,107
"2250",2008,5,95+,61,43
"2250",2008,5,UNK,0,0
"2250",2008,6,Total,79,712
"2250",2008,6,0,0,0
"2250",2008,6,1,0,0
"2250",2008,6,2,0,0
"2250",2008,6,3,0,0
"2250",2008,6,4,0,1
"2250",2008,6,5 - 9,0,0
"2250",2008,6,10 - 14,0,0
"2250",2008,6,15 - 19,1,3
"2250",2008,6,20 - 24,1,24
"2250",2008,6,25 - 29,5,38
"2250",2008,6,30 - 34,9,75
"2250",2008,6,35 - 39,11,87
"2250",2008,6,40 - 44,9,86
"2250",2008,6,45 - 49,5,98
"2250",2008,6,50 - 54,7,78
"2250",2008,6,55 - 59,12,72
"2250",2008,6,60 - 64,7,54
"2250",2008,6,65 - 69,4,37
"2250",2008,6,70 - 74,3,23
"2250",2008,6,75 - 79,1,20
"2250",2008,6,80 - 84,1,12
"2250",2008,6,85 - 89,2,3
"2250",2008,6,90 - 94,1,1
"2250",2008,6,95+,0,0
"2250",2008,6,UNK,0,0
"2250",2008,7,Total,565,731
"2250",2008,7,0,36,53
"2250",2008,7,1,17,14
"2250",2008,7,2,5,17
"2250",2008,7,3,6,8
"2250",2008,7,4,6,8
"2250",2008,7,5 - 9,16,27
"2250",2008,7,10 - 14,12,25
"2250",2008,7,15 - 19,28,22
"2250",2008,7,20 - 24,24,38
"2250",2008,7,25 - 29,19,36
"2250",2008,7,30 - 34,19,31
"2250",2008,7,35 - 39,15,26
"2250",2008,7,40 - 44,22,19
"2250",2008,7,45 - 49,18,35
"2250",2008,7,50 - 54,20,25
"2250",2008,7,55 - 59,19,34
"2250",2008,7,60 - 64,31,33
"2250",2008,7,65 - 69,38,44
"2250",2008,7,70 - 74,43,52
"2250",2008,7,75 - 79,54,60
"2250",2008,7,80 - 84,58,59
"2250",2008,7,85 - 89,39,43
"2250",2008,7,90 - 94,15,16
"2250",2008,7,95+,5,6
"2250",2008,7,UNK,0,0
"2250",2008,8,Total,3547,3066
"2250",2008,8,0,206,219
"2250",2008,8,1,89,88
"2250",2008,8,2,24,35
"2250",2008,8,3,6,8
"2250",2008,8,4,4,5
"2250",2008,8,5 - 9,22,37
"2250",2008,8,10 - 14,15,28
"2250",2008,8,15 - 19,18,29
"2250",2008,8,20 - 24,38,20
"2250",2008,8,25 - 29,24,37
"2250",2008,8,30 - 34,45,60
"2250",2008,8,35 - 39,44,83
"2250",2008,8,40 - 44,101,94
"2250",2008,8,45 - 49,122,137
"2250",2008,8,50 - 54,223,189
"2250",2008,8,55 - 59,267,223
"2250",2008,8,60 - 64,315,270
"2250",2008,8,65 - 69,345,252
"2250",2008,8,70 - 74,339,296
"2250",2008,8,75 - 79,405,328
"2250",2008,8,80 - 84,396,312
"2250",2008,8,85 - 89,307,203
"2250",2008,8,90 - 94,133,91
"2250",2008,8,95+,59,22
"2250",2008,8,UNK,0,0
"2250",2008,9,Total,1593,2722
"2250",2008,9,0,33,35
"2250",2008,9,1,16,16
"2250",2008,9,2,10,12
"2250",2008,9,3,5,4
"2250",2008,9,4,5,5
"2250",2008,9,5 - 9,15,11
"2250",2008,9,10 - 14,15,21
"2250",2008,9,15 - 19,26,35
"2250",2008,9,20 - 24,38,65
"2250",2008,9,25 - 29,32,140
"2250",2008,9,30 - 34,60,162
"2250",2008,9,35 - 39,68,195
"2250",2008,9,40 - 44,76,244
"2250",2008,9,45 - 49,106,248
"2250",2008,9,50 - 54,126,230
"2250",2008,9,55 - 59,132,234
"2250",2008,9,60 - 64,145,237
"2250",2008,9,65 - 69,140,195
"2250",2008,9,70 - 74,132,199
"2250",2008,9,75 - 79,164,184
"2250",2008,9,80 - 84,127,148
"2250",2008,9,85 - 89,79,55
"2250",2008,9,90 - 94,27,41
"2250",2008,9,95+,16,6
"2250",2008,9,UNK,0,0
"2250",2008,10,Total,1015,1233
"2250",2008,10,0,17,25
"2250",2008,10,1,8,11
"2250",2008,10,2,4,0
"2250",2008,10,3,2,2
"2250",2008,10,4,1,1
"2250",2008,10,5 - 9,15,14
"2250",2008,10,10 - 14,18,9
"2250",2008,10,15 - 19,33,21
"2250",2008,10,20 - 24,27,21
"2250",2008,10,25 - 29,29,30
"2250",2008,10,30 - 34,27,36
"2250",2008,10,35 - 39,26,33
"2250",2008,10,40 - 44,37,39
"2250",2008,10,45 - 49,47,64
"2250",2008,10,50 - 54,56,56
"2250",2008,10,55 - 59,78,107
"2250",2008,10,60 - 64,86,93
"2250",2008,10,65 - 69,82,113
"2250",2008,10,70 - 74,105,125
"2250",2008,10,75 - 79,99,130
"2250",2008,10,80 - 84,98,139
"2250",2008,10,85 - 89,72,111
"2250",2008,10,90 - 94,37,45
"2250",2008,10,95+,11,8
"2250",2008,10,UNK,0,0
"2250",2008,11,Total,1503,1971
"2250",2008,11,0,1442,1902
"2250",2008,11,1,16,15
"2250",2008,11,2,5,6
"2250",2008,11,3,2,5
"2250",2008,11,4,0,2
"2250",2008,11,5 - 9,6,7
"2250",2008,11,10 - 14,3,6
"2250",2008,11,15 - 19,6,8
"2250",2008,11,20 - 24,4,4
"2250",2008,11,25 - 29,2,3
"2250",2008,11,30 - 34,2,0
"2250",2008,11,35 - 39,1,2
"2250",2008,11,40 - 44,2,1
"2250",2008,11,45 - 49,1,2
"2250",2008,11,50 - 54,2,1
"2250",2008,11,55 - 59,1,0
"2250",2008,11,60 - 64,0,4
"2250",2008,11,65 - 69,2,0
"2250",2008,11,70 - 74,2,0
"2250",2008,11,75 - 79,3,1
"2250",2008,11,80 - 84,1,1
"2250",2008,11,85 - 89,0,0
"2250",2008,11,90 - 94,0,0
"2250",2008,11,95+,0,1
"2250",2008,11,UNK,0,0
"2250",2008,12,Total,4450,5033
"2250",2008,12,0,833,938
"2250",2008,12,1,272,290
"2250",2008,12,2,99,92
"2250",2008,12,3,46,41
"2250",2008,12,4,21,30
"2250",2008,12,5 - 9,79,80
"2250",2008,12,10 - 14,44,52
"2250",2008,12,15 - 19,50,57
"2250",2008,12,20 - 24,67,96
"2250",2008,12,25 - 29,55,103
"2250",2008,12,30 - 34,67,105
"2250",2008,12,35 - 39,45,101
"2250",2008,12,40 - 44,60,99
"2250",2008,12,45 - 49,100,127
"2250",2008,12,50 - 54,117,139
"2250",2008,12,55 - 59,138,151
"2250",2008,12,60 - 64,173,175
"2250",2008,12,65 - 69,229,256
"2250",2008,12,70 - 74,296,365
"2250",2008,12,75 - 79,437,463
"2250",2008,12,80 - 84,485,519
"2250",2008,12,85 - 89,419,458
"2250",2008,12,90 - 94,218,237
"2250",2008,12,95+,100,59
"2250",2008,12,UNK,0,0
"2250",2008,13,Total,1420,5954
"2250",2008,13,0,46,55
"2250",2008,13,1,26,50
"2250",2008,13,2,27,24
"2250",2008,13,3,17,31
"2250",2008,13,4,13,29
"2250",2008,13,5 - 9,78,115
"2250",2008,13,10 - 14,88,173
"2250",2008,13,15 - 19,160,588
"2250",2008,13,20 - 24,140,790
"2250",2008,13,25 - 29,100,758
"2250",2008,13,30 - 34,83,575
"2250",2008,13,35 - 39,78,480
"2250",2008,13,40 - 44,82,424
"2250",2008,13,45 - 49,60,424
"2250",2008,13,50 - 54,62,296
"2250",2008,13,55 - 59,50,271
"2250",2008,13,60 - 64,54,239
"2250",2008,13,65 - 69,52,184
"2250",2008,13,70 - 74,38,163
"2250",2008,13,75 - 79,49,106
"2250",2008,13,80 - 84,43,102
"2250",2008,13,85 - 89,41,53
"2250",2008,13,90 - 94,26,19
"2250",2008,13,95+,7,5
"2250",2008,13,UNK,0,0
"2250",2008,14,Total,555,4473
"2250",2008,14,0,3,4
"2250",2008,14,1,3,20
"2250",2008,14,2,0,1
"2250",2008,14,3,2,1
"2250",2008,14,4,1,1
"2250",2008,14,5 - 9,14,11
"2250",2008,14,10 - 14,28,59
"2250",2008,14,15 - 19,91,621
"2250",2008,14,20 - 24,79,873
"2250",2008,14,25 - 29,70,832
"2250",2008,14,30 - 34,48,606
"2250",2008,14,35 - 39,44,426
"2250",2008,14,40 - 44,44,283
"2250",2008,14,45 - 49,41,227
"2250",2008,14,50 - 54,25,179
"2250",2008,14,55 - 59,18,117
"2250",2008,14,60 - 64,11,87
"2250",2008,14,65 - 69,10,54
"2250",2008,14,70 - 74,4,33
"2250",2008,14,75 - 79,6,19
"2250",2008,14,80 - 84,10,7
"2250",2008,14,85 - 89,1,6
"2250",2008,14,90 - 94,2,5
"2250",2008,14,95+,0,1
"2250",2008,14,UNK,0,0
"2250",2009,1,Total,30353,41354
"2250",2009,1,0,3457,4347
"2250",2009,1,1,930,952
"2250",2009,1,2,341,348
"2250",2009,1,3,173,184
"2250",2009,1,4,117,114
"2250",2009,1,5 - 9,441,496
"2250",2009,1,10 - 14,388,517
"2250",2009,1,15 - 19,698,1685
"2250",2009,1,20 - 24,701,2290
"2250",2009,1,25 - 29,817,2476
"2250",2009,1,30 - 34,759,2171
"2250",2009,1,35 - 39,762,1920
"2250",2009,1,40 - 44,877,1824
"2250",2009,1,45 - 49,1127,1808
"2250",2009,1,50 - 54,1394,1900
"2250",2009,1,55 - 59,1648,2021
"2250",2009,1,60 - 64,1829,2069
"2250",2009,1,65 - 69,1917,2112
"2250",2009,1,70 - 74,2256,2552
"2250",2009,1,75 - 79,2635,2860
"2250",2009,1,80 - 84,2935,2890
"2250",2009,1,85 - 89,2270,2140
"2250",2009,1,90 - 94,1146,1011
"2250",2009,1,95+,482,340
"2250",2009,1,UNK,253,327
"2250",2009,2,Total,2124,2773
"2250",2009,2,0,420,533
"2250",2009,2,1,270,287
"2250",2009,2,2,86,84
"2250",2009,2,3,25,35
"2250",2009,2,4,25,23
"2250",2009,2,5 - 9,95,79
"2250",2009,2,10 - 14,47,42
"2250",2009,2,15 - 19,47,49
"2250",2009,2,20 - 24,61,80
"2250",2009,2,25 - 29,89,150
"2250",2009,2,30 - 34,82,155
"2250",2009,2,35 - 39,67,142
"2250",2009,2,40 - 44,58,133
"2250",2009,2,45 - 49,68,94
"2250",2009,2,50 - 54,71,97
"2250",2009,2,55 - 59,81,115
"2250",2009,2,60 - 64,85,108
"2250",2009,2,65 - 69,75,104
"2250",2009,2,70 - 74,62,124
"2250",2009,2,75 - 79,99,104
"2250",2009,2,80 - 84,82,112
"2250",2009,2,85 - 89,72,66
"2250",2009,2,90 - 94,36,38
"2250",2009,2,95+,13,12
"2250",2009,2,UNK,8,7
"2250",2009,3,Total,4087,3416
"2250",2009,3,0,15,10
"2250",2009,3,1,8,6
"2250",2009,3,2,10,11
"2250",2009,3,3,8,10
"2250",2009,3,4,5,7
"2250",2009,3,5 - 9,32,42
"2250",2009,3,10 - 14,45,48
"2250",2009,3,15 - 19,72,81
"2250",2009,3,20 - 24,59,60
"2250",2009,3,25 - 29,71,68
"2250",2009,3,30 - 34,97,77
"2250",2009,3,35 - 39,144,75
"2250",2009,3,40 - 44,206,82
"2250",2009,3,45 - 49,285,123
"2250",2009,3,50 - 54,347,188
"2250",2009,3,55 - 59,384,276
"2250",2009,3,60 - 64,426,287
"2250",2009,3,65 - 69,406,348
"2250",2009,3,70 - 74,403,417
"2250",2009,3,75 - 79,393,430
"2250",2009,3,80 - 84,353,382
"2250",2009,3,85 - 89,215,267
"2250",2009,3,90 - 94,78,91
"2250",2009,3,95+,13,22
"2250",2009,3,UNK,12,8
"2250",2009,4,Total,4776,4750
"2250",2009,4,0,44,55
"2250",2009,4,1,9,16
"2250",2009,4,2,3,4
"2250",2009,4,3,1,3
"2250",2009,4,4,3,0
"2250",2009,4,5 - 9,11,17
"2250",2009,4,10 - 14,10,13
"2250",2009,4,15 - 19,41,40
"2250",2009,4,20 - 24,41,50
"2250",2009,4,25 - 29,61,57
"2250",2009,4,30 - 34,55,82
"2250",2009,4,35 - 39,73,97
"2250",2009,4,40 - 44,97,99
"2250",2009,4,45 - 49,138,158
"2250",2009,4,50 - 54,203,210
"2250",2009,4,55 - 59,242,264
"2250",2009,4,60 - 64,300,331
"2250",2009,4,65 - 69,334,368
"2250",2009,4,70 - 74,476,516
"2250",2009,4,75 - 79,639,645
"2250",2009,4,80 - 84,791,743
"2250",2009,4,85 - 89,689,558
"2250",2009,4,90 - 94,346,311
"2250",2009,4,95+,146,95
"2250",2009,4,UNK,23,18
"2250",2009,5,Total,2570,2540
"2250",2009,5,0,192,215
"2250",2009,5,1,59,65
"2250",2009,5,2,27,26
"2250",2009,5,3,9,13
"2250",2009,5,4,7,10
"2250",2009,5,5 - 9,30,41
"2250",2009,5,10 - 14,37,34
"2250",2009,5,15 - 19,45,40
"2250",2009,5,20 - 24,38,64
"2250",2009,5,25 - 29,52,65
"2250",2009,5,30 - 34,56,72
"2250",2009,5,35 - 39,52,64
"2250",2009,5,40 - 44,43,76
"2250",2009,5,45 - 49,64,77
"2250",2009,5,50 - 54,63,79
"2250",2009,5,55 - 59,83,88
"2250",2009,5,60 - 64,94,110
"2250",2009,5,65 - 69,122,117
"2250",2009,5,70 - 74,198,185
"2250",2009,5,75 - 79,259,241
"2250",2009,5,80 - 84,375,328
"2250",2009,5,85 - 89,338,278
"2250",2009,5,90 - 94,194,155
"2250",2009,5,95+,104,61
"2250",2009,5,UNK,29,36
"2250",2009,6,Total,103,601
"2250",2009,6,0,0,1
"2250",2009,6,1,1,1
"2250",2009,6,2,0,1
"2250",2009,6,3,2,0
"2250",2009,6,4,1,1
"2250",2009,6,5 - 9,0,3
"2250",2009,6,10 - 14,0,5
"2250",2009,6,15 - 19,2,4
"2250",2009,6,20 - 24,1,18
"2250",2009,6,25 - 29,9,54
"2250",2009,6,30 - 34,3,53
"2250",2009,6,35 - 39,3,51
"2250",2009,6,40 - 44,9,65
"2250",2009,6,45 - 49,12,71
"2250",2009,6,50 - 54,15,71
"2250",2009,6,55 - 59,11,50
"2250",2009,6,60 - 64,1,49
"2250",2009,6,65 - 69,6,34
"2250",2009,6,70 - 74,4,23
"2250",2009,6,75 - 79,8,23
"2250",2009,6,80 - 84,3,14
"2250",2009,6,85 - 89,6,5
"2250",2009,6,90 - 94,3,3
"2250",2009,6,95+,3,0
"2250",2009,6,UNK,0,1
"2250",2009,7,Total,629,792
"2250",2009,7,0,48,76
"2250",2009,7,1,24,34
"2250",2009,7,2,10,18
"2250",2009,7,3,8,13
"2250",2009,7,4,9,13
"2250",2009,7,5 - 9,21,30
"2250",2009,7,10 - 14,23,28
"2250",2009,7,15 - 19,24,38
"2250",2009,7,20 - 24,33,25
"2250",2009,7,25 - 29,24,44
"2250",2009,7,30 - 34,26,30
"2250",2009,7,35 - 39,16,27
"2250",2009,7,40 - 44,21,30
"2250",2009,7,45 - 49,19,24
"2250",2009,7,50 - 54,23,25
"2250",2009,7,55 - 59,21,23
"2250",2009,7,60 - 64,30,35
"2250",2009,7,65 - 69,27,45
"2250",2009,7,70 - 74,33,49
"2250",2009,7,75 - 79,57,59
"2250",2009,7,80 - 84,57,66
"2250",2009,7,85 - 89,51,43
"2250",2009,7,90 - 94,16,11
"2250",2009,7,95+,8,2
"2250",2009,7,UNK,0,4
"2250",2009,8,Total,3901,3101
"2250",2009,8,0,187,181
"2250",2009,8,1,114,99
"2250",2009,8,2,40,34
"2250",2009,8,3,19,15
"2250",2009,8,4,12,7
"2250",2009,8,5 - 9,34,31
"2250",2009,8,10 - 14,17,23
"2250",2009,8,15 - 19,35,22
"2250",2009,8,20 - 24,31,24
"2250",2009,8,25 - 29,38,46
"2250",2009,8,30 - 34,45,53
"2250",2009,8,35 - 39,54,76
"2250",2009,8,40 - 44,94,81
"2250",2009,8,45 - 49,137,138
"2250",2009,8,50 - 54,249,201
"2250",2009,8,55 - 59,312,248
"2250",2009,8,60 - 64,353,274
"2250",2009,8,65 - 69,365,271
"2250",2009,8,70 - 74,452,310
"2250",2009,8,75 - 79,415,337
"2250",2009,8,80 - 84,413,280
"2250",2009,8,85 - 89,291,223
"2250",2009,8,90 - 94,147,95
"2250",2009,8,95+,41,22
"2250",2009,8,UNK,6,10
"2250",2009,9,Total,1959,3097
"2250",2009,9,0,45,63
"2250",2009,9,1,14,12
"2250",2009,9,2,8,7
"2250",2009,9,3,6,4
"2250",2009,9,4,4,2
"2250",2009,9,5 - 9,18,23
"2250",2009,9,10 - 14,17,22
"2250",2009,9,15 - 19,28,49
"2250",2009,9,20 - 24,31,60
"2250",2009,9,25 - 29,59,149
"2250",2009,9,30 - 34,54,187
"2250",2009,9,35 - 39,63,215
"2250",2009,9,40 - 44,103,258
"2250",2009,9,45 - 49,129,286
"2250",2009,9,50 - 54,139,280
"2250",2009,9,55 - 59,182,265
"2250",2009,9,60 - 64,176,254
"2250",2009,9,65 - 69,196,235
"2250",2009,9,70 - 74,173,227
"2250",2009,9,75 - 79,193,195
"2250",2009,9,80 - 84,164,159
"2250",2009,9,85 - 89,103,100
"2250",2009,9,90 - 94,37,34
"2250",2009,9,95+,15,7
"2250",2009,9,UNK,2,4
"2250",2009,10,Total,1040,1239
"2250",2009,10,0,22,34
"2250",2009,10,1,13,8
"2250",2009,10,2,5,6
"2250",2009,10,3,4,4
"2250",2009,10,4,1,1
"2250",2009,10,5 - 9,15,6
"2250",2009,10,10 - 14,17,21
"2250",2009,10,15 - 19,28,16
"2250",2009,10,20 - 24,22,28
"2250",2009,10,25 - 29,24,35
"2250",2009,10,30 - 34,29,24
"2250",2009,10,35 - 39,28,51
"2250",2009,10,40 - 44,32,37
"2250",2009,10,45 - 49,61,43
"2250",2009,10,50 - 54,69,66
"2250",2009,10,55 - 59,78,83
"2250",2009,10,60 - 64,88,97
"2250",2009,10,65 - 69,83,101
"2250",2009,10,70 - 74,106,127
"2250",2009,10,75 - 79,100,144
"2250",2009,10,80 - 84,107,155
"2250",2009,10,85 - 89,65,99
"2250",2009,10,90 - 94,29,40
"2250",2009,10,95+,12,11
"2250",2009,10,UNK,2,2
"2250",2009,11,Total,1760,2145
"2250",2009,11,0,1518,1886
"2250",2009,11,1,25,18
"2250",2009,11,2,4,10
"2250",2009,11,3,11,6
"2250",2009,11,4,3,3
"2250",2009,11,5 - 9,9,12
"2250",2009,11,10 - 14,11,5
"2250",2009,11,15 - 19,5,4
"2250",2009,11,20 - 24,9,11
"2250",2009,11,25 - 29,7,1
"2250",2009,11,30 - 34,3,2
"2250",2009,11,35 - 39,3,3
"2250",2009,11,40 - 44,2,3
"2250",2009,11,45 - 49,2,3
"2250",2009,11,50 - 54,2,2
"2250",2009,11,55 - 59,2,0
"2250",2009,11,60 - 64,3,2
"2250",2009,11,65 - 69,0,2
"2250",2009,11,70 - 74,1,0
"2250",2009,11,75 - 79,1,4
"2250",2009,11,80 - 84,1,0
"2250",2009,11,85 - 89,1,1
"2250",2009,11,90 - 94,0,0
"2250",2009,11,95+,12,24
"2250",2009,11,UNK,125,143
"2250",2009,12,Total,4326,5028
"2250",2009,12,0,870,1161
"2250",2009,12,1,319,338
"2250",2009,12,2,103,96
"2250",2009,12,3,48,43
"2250",2009,12,4,30,23
"2250",2009,12,5 - 9,75,76
"2250",2009,12,10 - 14,47,53
"2250",2009,12,15 - 19,50,67
"2250",2009,12,20 - 24,70,68
"2250",2009,12,25 - 29,72,99
"2250",2009,12,30 - 34,76,82
"2250",2009,12,35 - 39,62,96
"2250",2009,12,40 - 44,62,101
"2250",2009,12,45 - 49,85,112
"2250",2009,12,50 - 54,96,110
"2250",2009,12,55 - 59,141,177
"2250",2009,12,60 - 64,160,181
"2250",2009,12,65 - 69,214,220
"2250",2009,12,70 - 74,257,332
"2250",2009,12,75 - 79,350,440
"2250",2009,12,80 - 84,458,477
"2250",2009,12,85 - 89,342,390
"2250",2009,12,90 - 94,221,193
"2250",2009,12,95+,93,71
"2250",2009,12,UNK,25,22
"2250",2009,13,Total,1410,5992
"2250",2009,13,0,49,60
"2250",2009,13,1,45,51
"2250",2009,13,2,35,42
"2250",2009,13,3,23,25
"2250",2009,13,4,12,21
"2250",2009,13,5 - 9,67,102
"2250",2009,13,10 - 14,68,150
"2250",2009,13,15 - 19,159,526
"2250",2009,13,20 - 24,128,759
"2250",2009,13,25 - 29,124,714
"2250",2009,13,30 - 34,76,589
"2250",2009,13,35 - 39,76,511
"2250",2009,13,40 - 44,49,434
"2250",2009,13,45 - 49,53,377
"2250",2009,13,50 - 54,58,362
"2250",2009,13,55 - 59,59,275
"2250",2009,13,60 - 64,60,232
"2250",2009,13,65 - 69,42,195
"2250",2009,13,70 - 74,42,164
"2250",2009,13,75 - 79,52,158
"2250",2009,13,80 - 84,61,107
"2250",2009,13,85 - 89,40,72
"2250",2009,13,90 - 94,14,22
"2250",2009,13,95+,10,8
"2250",2009,13,UNK,8,36
"2250",2009,14,Total,687,5351
"2250",2009,14,0,1,7
"2250",2009,14,1,4,4
"2250",2009,14,2,0,0
"2250",2009,14,3,1,6
"2250",2009,14,4,1,3
"2250",2009,14,5 - 9,11,11
"2250",2009,14,10 - 14,30,56
"2250",2009,14,15 - 19,101,735
"2250",2009,14,20 - 24,96,1027
"2250",2009,14,25 - 29,95,976
"2250",2009,14,30 - 34,70,744
"2250",2009,14,35 - 39,53,502
"2250",2009,14,40 - 44,43,408
"2250",2009,14,45 - 49,45,288
"2250",2009,14,50 - 54,30,191
"2250",2009,14,55 - 59,27,136
"2250",2009,14,60 - 64,20,78
"2250",2009,14,65 - 69,9,48
"2250",2009,14,70 - 74,6,35
"2250",2009,14,75 - 79,14,32
"2250",2009,14,80 - 84,8,15
"2250",2009,14,85 - 89,11,10
"2250",2009,14,90 - 94,5,1
"2250",2009,14,95+,1,2
"2250",2009,14,UNK,5,36
"2250",2010,1,Total,30919,41829
"2250",2010,1,0,3300,4262
"2250",2010,1,1,803,948
"2250",2010,1,2,295,368
"2250",2010,1,3,163,169
"2250",2010,1,4,122,105
"2250",2010,1,5 - 9,363,459
"2250",2010,1,10 - 14,354,567
"2250",2010,1,15 - 19,648,1621
"2250",2010,1,20 - 24,733,2157
"2250",2010,1,25 - 29,744,2217
"2250",2010,1,30 - 34,804,2147
"2250",2010,1,35 - 39,826,1849
"2250",2010,1,40 - 44,848,1775
"2250",2010,1,45 - 49,1138,1799
"2250",2010,1,50 - 54,1406,1956
"2250",2010,1,55 - 59,1710,2051
"2250",2010,1,60 - 64,1851,2138
"2250",2010,1,65 - 69,2060,2178
"2250",2010,1,70 - 74,2382,2566
"2250",2010,1,75 - 79,2645,2819
"2250",2010,1,80 - 84,3123,3124
"2250",2010,1,85 - 89,2367,2285
"2250",2010,1,90 - 94,1262,1092
"2250",2010,1,95+,536,378
"2250",2010,1,UNK,436,799
"2250",2010,2,Total,2199,2688
"2250",2010,2,0,355,450
"2250",2010,2,1,227,323
"2250",2010,2,2,77,96
"2250",2010,2,3,35,46
"2250",2010,2,4,33,28
"2250",2010,2,5 - 9,69,65
"2250",2010,2,10 - 14,45,48
"2250",2010,2,15 - 19,59,62
"2250",2010,2,20 - 24,77,79
"2250",2010,2,25 - 29,77,120
"2250",2010,2,30 - 34,81,140
"2250",2010,2,35 - 39,84,111
"2250",2010,2,40 - 44,62,103
"2250",2010,2,45 - 49,55,112
"2250",2010,2,50 - 54,71,110
"2250",2010,2,55 - 59,85,122
"2250",2010,2,60 - 64,81,100
"2250",2010,2,65 - 69,98,89
"2250",2010,2,70 - 74,122,114
"2250",2010,2,75 - 79,110,102
"2250",2010,2,80 - 84,105,110
"2250",2010,2,85 - 89,91,69
"2250",2010,2,90 - 94,41,23
"2250",2010,2,95+,9,8
"2250",2010,2,UNK,50,58
"2250",2010,3,Total,4205,3459
"2250",2010,3,0,12,14
"2250",2010,3,1,9,6
"2250",2010,3,2,8,9
"2250",2010,3,3,8,13
"2250",2010,3,4,5,7
"2250",2010,3,5 - 9,25,42
"2250",2010,3,10 - 14,33,52
"2250",2010,3,15 - 19,42,65
"2250",2010,3,20 - 24,60,71
"2250",2010,3,25 - 29,75,79
"2250",2010,3,30 - 34,112,85
"2250",2010,3,35 - 39,149,82
"2250",2010,3,40 - 44,190,92
"2250",2010,3,45 - 49,309,122
"2250",2010,3,50 - 54,363,178
"2250",2010,3,55 - 59,383,229
"2250",2010,3,60 - 64,414,298
"2250",2010,3,65 - 69,418,344
"2250",2010,3,70 - 74,436,429
"2250",2010,3,75 - 79,439,436
"2250",2010,3,80 - 84,381,414
"2250",2010,3,85 - 89,221,272
"2250",2010,3,90 - 94,74,86
"2250",2010,3,95+,19,20
"2250",2010,3,UNK,20,14
"2250",2010,4,Total,5040,5226
"2250",2010,4,0,34,39
"2250",2010,4,1,9,14
"2250",2010,4,2,4,5
"2250",2010,4,3,1,4
"2250",2010,4,4,3,1
"2250",2010,4,5 - 9,10,9
"2250",2010,4,10 - 14,20,23
"2250",2010,4,15 - 19,32,47
"2250",2010,4,20 - 24,57,55
"2250",2010,4,25 - 29,56,67
"2250",2010,4,30 - 34,60,92
"2250",2010,4,35 - 39,88,82
"2250",2010,4,40 - 44,107,147
"2250",2010,4,45 - 49,153,171
"2250",2010,4,50 - 54,202,218
"2250",2010,4,55 - 59,257,285
"2250",2010,4,60 - 64,335,343
"2250",2010,4,65 - 69,363,380
"2250",2010,4,70 - 74,484,565
"2250",2010,4,75 - 79,583,659
"2250",2010,4,80 - 84,836,826
"2250",2010,4,85 - 89,720,660
"2250",2010,4,90 - 94,382,346
"2250",2010,4,95+,178,138
"2250",2010,4,UNK,66,50
"2250",2010,5,Total,2475,2581
"2250",2010,5,0,197,241
"2250",2010,5,1,53,48
"2250",2010,5,2,18,20
"2250",2010,5,3,11,13
"2250",2010,5,4,8,10
"2250",2010,5,5 - 9,22,40
"2250",2010,5,10 - 14,17,33
"2250",2010,5,15 - 19,35,59
"2250",2010,5,20 - 24,41,51
"2250",2010,5,25 - 29,44,55
"2250",2010,5,30 - 34,50,73
"2250",2010,5,35 - 39,49,70
"2250",2010,5,40 - 44,37,58
"2250",2010,5,45 - 49,53,63
"2250",2010,5,50 - 54,51,80
"2250",2010,5,55 - 59,79,87
"2250",2010,5,60 - 64,81,107
"2250",2010,5,65 - 69,133,121
"2250",2010,5,70 - 74,178,190
"2250",2010,5,75 - 79,224,224
"2250",2010,5,80 - 84,369,336
"2250",2010,5,85 - 89,332,276
"2250",2010,5,90 - 94,212,172
"2250",2010,5,95+,119,69
"2250",2010,5,UNK,62,85
"2250",2010,6,Total,99,652
"2250",2010,6,0,1,0
"2250",2010,6,1,0,0
"2250",2010,6,2,0,0
"2250",2010,6,3,0,0
"2250",2010,6,4,0,0
"2250",2010,6,5 - 9,0,0
"2250",2010,6,10 - 14,0,1
"2250",2010,6,15 - 19,0,3
"2250",2010,6,20 - 24,1,12
"2250",2010,6,25 - 29,6,37
"2250",2010,6,30 - 34,9,54
"2250",2010,6,35 - 39,7,85
"2250",2010,6,40 - 44,8,74
"2250",2010,6,45 - 49,9,83
"2250",2010,6,50 - 54,8,79
"2250",2010,6,55 - 59,9,58
"2250",2010,6,60 - 64,8,43
"2250",2010,6,65 - 69,3,31
"2250",2010,6,70 - 74,0,24
"2250",2010,6,75 - 79,3,26
"2250",2010,6,80 - 84,11,13
"2250",2010,6,85 - 89,8,6
"2250",2010,6,90 - 94,2,6
"2250",2010,6,95+,3,0
"2250",2010,6,UNK,3,17
"2250",2010,7,Total,675,790
"2250",2010,7,0,48,79
"2250",2010,7,1,18,22
"2250",2010,7,2,8,12
"2250",2010,7,3,12,8
"2250",2010,7,4,9,5
"2250",2010,7,5 - 9,27,39
"2250",2010,7,10 - 14,16,34
"2250",2010,7,15 - 19,31,36
"2250",2010,7,20 - 24,30,35
"2250",2010,7,25 - 29,25,29
"2250",2010,7,30 - 34,24,41
"2250",2010,7,35 - 39,24,33
"2250",2010,7,40 - 44,11,37
"2250",2010,7,45 - 49,25,36
"2250",2010,7,50 - 54,31,24
"2250",2010,7,55 - 59,19,34
"2250",2010,7,60 - 64,27,25
"2250",2010,7,65 - 69,30,40
"2250",2010,7,70 - 74,44,33
"2250",2010,7,75 - 79,62,49
"2250",2010,7,80 - 84,65,62
"2250",2010,7,85 - 89,59,43
"2250",2010,7,90 - 94,13,16
"2250",2010,7,95+,7,3
"2250",2010,7,UNK,10,15
"2250",2010,8,Total,4041,3192
"2250",2010,8,0,147,152
"2250",2010,8,1,102,94
"2250",2010,8,2,42,49
"2250",2010,8,3,14,13
"2250",2010,8,4,11,7
"2250",2010,8,5 - 9,34,20
"2250",2010,8,10 - 14,10,16
"2250",2010,8,15 - 19,20,15
"2250",2010,8,20 - 24,38,24
"2250",2010,8,25 - 29,45,32
"2250",2010,8,30 - 34,52,56
"2250",2010,8,35 - 39,40,71
"2250",2010,8,40 - 44,81,93
"2250",2010,8,45 - 49,151,135
"2250",2010,8,50 - 54,258,208
"2250",2010,8,55 - 59,330,256
"2250",2010,8,60 - 64,405,293
"2250",2010,8,65 - 69,399,303
"2250",2010,8,70 - 74,434,338
"2250",2010,8,75 - 79,457,315
"2250",2010,8,80 - 84,451,334
"2250",2010,8,85 - 89,261,206
"2250",2010,8,90 - 94,165,94
"2250",2010,8,95+,62,28
"2250",2010,8,UNK,32,40
"2250",2010,9,Total,1928,3315
"2250",2010,9,0,50,67
"2250",2010,9,1,10,21
"2250",2010,9,2,7,12
"2250",2010,9,3,6,7
"2250",2010,9,4,1,7
"2250",2010,9,5 - 9,11,24
"2250",2010,9,10 - 14,10,26
"2250",2010,9,15 - 19,44,34
"2250",2010,9,20 - 24,39,66
"2250",2010,9,25 - 29,46,125
"2250",2010,9,30 - 34,58,198
"2250",2010,9,35 - 39,66,233
"2250",2010,9,40 - 44,87,271
"2250",2010,9,45 - 49,112,284
"2250",2010,9,50 - 54,130,326
"2250",2010,9,55 - 59,180,310
"2250",2010,9,60 - 64,162,246
"2250",2010,9,65 - 69,190,267
"2250",2010,9,70 - 74,185,197
"2250",2010,9,75 - 79,186,226
"2250",2010,9,80 - 84,165,171
"2250",2010,9,85 - 89,101,100
"2250",2010,9,90 - 94,51,40
"2250",2010,9,95+,14,9
"2250",2010,9,UNK,17,48
"2250",2010,10,Total,1071,1329
"2250",2010,10,0,21,44
"2250",2010,10,1,6,8
"2250",2010,10,2,5,6
"2250",2010,10,3,4,0
"2250",2010,10,4,1,1
"2250",2010,10,5 - 9,11,8
"2250",2010,10,10 - 14,20,15
"2250",2010,10,15 - 19,35,29
"2250",2010,10,20 - 24,26,29
"2250",2010,10,25 - 29,35,37
"2250",2010,10,30 - 34,26,25
"2250",2010,10,35 - 39,26,33
"2250",2010,10,40 - 44,30,44
"2250",2010,10,45 - 49,37,39
"2250",2010,10,50 - 54,77,59
"2250",2010,10,55 - 59,93,109
"2250",2010,10,60 - 64,86,117
"2250",2010,10,65 - 69,101,109
"2250",2010,10,70 - 74,99,132
"2250",2010,10,75 - 79,95,162
"2250",2010,10,80 - 84,107,157
"2250",2010,10,85 - 89,75,97
"2250",2010,10,90 - 94,39,48
"2250",2010,10,95+,9,11
"2250",2010,10,UNK,7,10
"2250",2010,11,Total,1629,2163
"2250",2010,11,0,1505,2024
"2250",2010,11,1,21,30
"2250",2010,11,2,8,14
"2250",2010,11,3,1,4
"2250",2010,11,4,3,5
"2250",2010,11,5 - 9,7,13
"2250",2010,11,10 - 14,14,15
"2250",2010,11,15 - 19,8,10
"2250",2010,11,20 - 24,8,8
"2250",2010,11,25 - 29,3,2
"2250",2010,11,30 - 34,5,6
"2250",2010,11,35 - 39,3,0
"2250",2010,11,40 - 44,2,4
"2250",2010,11,45 - 49,7,2
"2250",2010,11,50 - 54,0,2
"2250",2010,11,55 - 59,4,1
"2250",2010,11,60 - 64,3,3
"2250",2010,11,65 - 69,3,3
"2250",2010,11,70 - 74,2,0
"2250",2010,11,75 - 79,2,1
"2250",2010,11,80 - 84,0,0
"2250",2010,11,85 - 89,2,0
"2250",2010,11,90 - 94,1,0
"2250",2010,11,95+,0,0
"2250",2010,11,UNK,17,16
"2250",2010,12,Total,4421,5081
"2250",2010,12,0,826,997
"2250",2010,12,1,290,311
"2250",2010,12,2,83,91
"2250",2010,12,3,43,35
"2250",2010,12,4,24,15
"2250",2010,12,5 - 9,62,76
"2250",2010,12,10 - 14,28,64
"2250",2010,12,15 - 19,48,73
"2250",2010,12,20 - 24,65,80
"2250",2010,12,25 - 29,57,88
"2250",2010,12,30 - 34,59,107
"2250",2010,12,35 - 39,61,81
"2250",2010,12,40 - 44,70,101
"2250",2010,12,45 - 49,77,102
"2250",2010,12,50 - 54,99,124
"2250",2010,12,55 - 59,150,136
"2250",2010,12,60 - 64,162,194
"2250",2010,12,65 - 69,227,236
"2250",2010,12,70 - 74,304,341
"2250",2010,12,75 - 79,372,416
"2250",2010,12,80 - 84,492,555
"2250",2010,12,85 - 89,403,444
"2250",2010,12,90 - 94,243,226
"2250",2010,12,95+,96,86
"2250",2010,12,UNK,80,102
"2250",2010,13,Total,1511,6029
"2250",2010,13,0,72,101
"2250",2010,13,1,39,53
"2250",2010,13,2,28,50
"2250",2010,13,3,23,19
"2250",2010,13,4,17,14
"2250",2010,13,5 - 9,63,102
"2250",2010,13,10 - 14,89,175
"2250",2010,13,15 - 19,141,508
"2250",2010,13,20 - 24,126,731
"2250",2010,13,25 - 29,107,710
"2250",2010,13,30 - 34,108,587
"2250",2010,13,35 - 39,92,485
"2250",2010,13,40 - 44,66,437
"2250",2010,13,45 - 49,72,391
"2250",2010,13,50 - 54,53,350
"2250",2010,13,55 - 59,57,273
"2250",2010,13,60 - 64,44,239
"2250",2010,13,65 - 69,49,170
"2250",2010,13,70 - 74,42,131
"2250",2010,13,75 - 79,57,130
"2250",2010,13,80 - 84,60,90
"2250",2010,13,85 - 89,39,66
"2250",2010,13,90 - 94,15,16
"2250",2010,13,95+,11,4
"2250",2010,13,UNK,41,197
"2250",2010,14,Total,651,4831
"2250",2010,14,0,3,4
"2250",2010,14,1,4,3
"2250",2010,14,2,1,0
"2250",2010,14,3,2,0
"2250",2010,14,4,2,1
"2250",2010,14,5 - 9,6,6
"2250",2010,14,10 - 14,38,55
"2250",2010,14,15 - 19,90,664
"2250",2010,14,20 - 24,77,905
"2250",2010,14,25 - 29,79,822
"2250",2010,14,30 - 34,64,664
"2250",2010,14,35 - 39,61,468
"2250",2010,14,40 - 44,42,298
"2250",2010,14,45 - 49,47,248
"2250",2010,14,50 - 54,33,184
"2250",2010,14,55 - 59,28,128
"2250",2010,14,60 - 64,13,105
"2250",2010,14,65 - 69,12,56
"2250",2010,14,70 - 74,7,34
"2250",2010,14,75 - 79,8,22
"2250",2010,14,80 - 84,8,17
"2250",2010,14,85 - 89,2,8
"2250",2010,14,90 - 94,4,2
"2250",2010,14,95+,1,0
"2250",2010,14,UNK,19,137
"2250",2011,1,Total,31059,41295
"2250",2011,1,0,3211,4202
"2250",2011,1,1,720,784
"2250",2011,1,2,273,265
"2250",2011,1,3,156,153
"2250",2011,1,4,90,111
"2250",2011,1,5 - 9,318,387
"2250",2011,1,10 - 14,405,502
"2250",2011,1,15 - 19,700,1581
"2250",2011,1,20 - 24,627,2111
"2250",2011,1,25 - 29,697,2167
"2250",2011,1,30 - 34,768,2051
"2250",2011,1,35 - 39,825,1855
"2250",2011,1,40 - 44,881,1778
"2250",2011,1,45 - 49,1088,1832
"2250",2011,1,50 - 54,1472,1928
"2250",2011,1,55 - 59,1787,1999
"2250",2011,1,60 - 64,1939,2157
"2250",2011,1,65 - 69,2051,2199
"2250",2011,1,70 - 74,2325,2499
"2250",2011,1,75 - 79,2765,2944
"2250",2011,1,80 - 84,3105,3110
"2250",2011,1,85 - 89,2513,2418
"2250",2011,1,90 - 94,1449,1267
"2250",2011,1,95+,536,342
"2250",2011,1,UNK,358,653
"2250",2011,2,Total,2046,2494
"2250",2011,2,0,357,410
"2250",2011,2,1,242,257
"2250",2011,2,2,82,66
"2250",2011,2,3,43,31
"2250",2011,2,4,18,23
"2250",2011,2,5 - 9,63,64
"2250",2011,2,10 - 14,29,43
"2250",2011,2,15 - 19,32,42
"2250",2011,2,20 - 24,60,79
"2250",2011,2,25 - 29,66,131
"2250",2011,2,30 - 34,66,153
"2250",2011,2,35 - 39,59,106
"2250",2011,2,40 - 44,64,108
"2250",2011,2,45 - 49,68,112
"2250",2011,2,50 - 54,65,85
"2250",2011,2,55 - 59,77,105
"2250",2011,2,60 - 64,83,105
"2250",2011,2,65 - 69,92,90
"2250",2011,2,70 - 74,103,90
"2250",2011,2,75 - 79,106,118
"2250",2011,2,80 - 84,107,104
"2250",2011,2,85 - 89,69,70
"2250",2011,2,90 - 94,37,30
"2250",2011,2,95+,15,8
"2250",2011,2,UNK,43,64
"2250",2011,3,Total,4091,3391
"2250",2011,3,0,9,11
"2250",2011,3,1,5,9
"2250",2011,3,2,5,10
"2250",2011,3,3,10,5
"2250",2011,3,4,8,5
"2250",2011,3,5 - 9,22,41
"2250",2011,3,10 - 14,38,44
"2250",2011,3,15 - 19,59,76
"2250",2011,3,20 - 24,48,68
"2250",2011,3,25 - 29,72,77
"2250",2011,3,30 - 34,112,74
"2250",2011,3,35 - 39,163,76
"2250",2011,3,40 - 44,195,104
"2250",2011,3,45 - 49,257,132
"2250",2011,3,50 - 54,378,185
"2250",2011,3,55 - 59,413,245
"2250",2011,3,60 - 64,432,296
"2250",2011,3,65 - 69,430,335
"2250",2011,3,70 - 74,399,378
"2250",2011,3,75 - 79,396,443
"2250",2011,3,80 - 84,321,377
"2250",2011,3,85 - 89,197,264
"2250",2011,3,90 - 94,85,118
"2250",2011,3,95+,28,10
"2250",2011,3,UNK,9,8
"2250",2011,4,Total,5510,5650
"2250",2011,4,0,33,47
"2250",2011,4,1,7,8
"2250",2011,4,2,1,2
"2250",2011,4,3,3,2
"2250",2011,4,4,0,4
"2250",2011,4,5 - 9,8,7
"2250",2011,4,10 - 14,16,19
"2250",2011,4,15 - 19,21,39
"2250",2011,4,20 - 24,38,54
"2250",2011,4,25 - 29,46,66
"2250",2011,4,30 - 34,77,82
"2250",2011,4,35 - 39,88,119
"2250",2011,4,40 - 44,111,139
"2250",2011,4,45 - 49,158,164
"2250",2011,4,50 - 54,218,236
"2250",2011,4,55 - 59,291,318
"2250",2011,4,60 - 64,324,381
"2250",2011,4,65 - 69,405,477
"2250",2011,4,70 - 74,527,553
"2250",2011,4,75 - 79,725,782
"2250",2011,4,80 - 84,898,861
"2250",2011,4,85 - 89,799,723
"2250",2011,4,90 - 94,485,400
"2250",2011,4,95+,185,117
"2250",2011,4,UNK,46,50
"2250",2011,5,Total,2572,2759
"2250",2011,5,0,142,261
"2250",2011,5,1,49,63
"2250",2011,5,2,18,30
"2250",2011,5,3,11,15
"2250",2011,5,4,9,10
"2250",2011,5,5 - 9,25,31
"2250",2011,5,10 - 14,27,30
"2250",2011,5,15 - 19,46,57
"2250",2011,5,20 - 24,52,68
"2250",2011,5,25 - 29,51,58
"2250",2011,5,30 - 34,36,67
"2250",2011,5,35 - 39,48,70
"2250",2011,5,40 - 44,54,74
"2250",2011,5,45 - 49,55,87
"2250",2011,5,50 - 54,75,98
"2250",2011,5,55 - 59,90,80
"2250",2011,5,60 - 64,106,109
"2250",2011,5,65 - 69,122,113
"2250",2011,5,70 - 74,179,188
"2250",2011,5,75 - 79,227,263
"2250",2011,5,80 - 84,368,343
"2250",2011,5,85 - 89,360,307
"2250",2011,5,90 - 94,255,212
"2250",2011,5,95+,107,51
"2250",2011,5,UNK,60,74
"2250",2011,6,Total,79,511
"2250",2011,6,0,0,0
"2250",2011,6,1,0,0
"2250",2011,6,2,0,0
"2250",2011,6,3,0,0
"2250",2011,6,4,0,1
"2250",2011,6,5 - 9,1,0
"2250",2011,6,10 - 14,0,2
"2250",2011,6,15 - 19,4,5
"2250",2011,6,20 - 24,2,12
"2250",2011,6,25 - 29,2,31
"2250",2011,6,30 - 34,6,40
"2250",2011,6,35 - 39,8,62
"2250",2011,6,40 - 44,7,59
"2250",2011,6,45 - 49,8,69
"2250",2011,6,50 - 54,4,62
"2250",2011,6,55 - 59,7,44
"2250",2011,6,60 - 64,4,34
"2250",2011,6,65 - 69,4,27
"2250",2011,6,70 - 74,1,26
"2250",2011,6,75 - 79,6,18
"2250",2011,6,80 - 84,6,10
"2250",2011,6,85 - 89,5,4
"2250",2011,6,90 - 94,4,1
"2250",2011,6,95+,0,0
"2250",2011,6,UNK,0,4
"2250",2011,7,Total,725,845
"2250",2011,7,0,53,53
"2250",2011,7,1,25,27
"2250",2011,7,2,12,10
"2250",2011,7,3,9,9
"2250",2011,7,4,5,10
"2250",2011,7,5 - 9,27,31
"2250",2011,7,10 - 14,31,31
"2250",2011,7,15 - 19,39,48
"2250",2011,7,20 - 24,29,45
"2250",2011,7,25 - 29,27,36
"2250",2011,7,30 - 34,17,39
"2250",2011,7,35 - 39,29,38
"2250",2011,7,40 - 44,30,38
"2250",2011,7,45 - 49,18,33
"2250",2011,7,50 - 54,31,35
"2250",2011,7,55 - 59,29,28
"2250",2011,7,60 - 64,32,43
"2250",2011,7,65 - 69,24,44
"2250",2011,7,70 - 74,49,51
"2250",2011,7,75 - 79,49,62
"2250",2011,7,80 - 84,72,66
"2250",2011,7,85 - 89,53,41
"2250",2011,7,90 - 94,22,20
"2250",2011,7,95+,8,2
"2250",2011,7,UNK,5,5
"2250",2011,8,Total,3867,3046
"2250",2011,8,0,95,157
"2250",2011,8,1,59,73
"2250",2011,8,2,25,20
"2250",2011,8,3,12,13
"2250",2011,8,4,6,7
"2250",2011,8,5 - 9,21,16
"2250",2011,8,10 - 14,13,18
"2250",2011,8,15 - 19,17,7
"2250",2011,8,20 - 24,23,17
"2250",2011,8,25 - 29,21,31
"2250",2011,8,30 - 34,54,52
"2250",2011,8,35 - 39,63,66
"2250",2011,8,40 - 44,91,100
"2250",2011,8,45 - 49,164,136
"2250",2011,8,50 - 54,252,210
"2250",2011,8,55 - 59,370,256
"2250",2011,8,60 - 64,398,304
"2250",2011,8,65 - 69,405,280
"2250",2011,8,70 - 74,370,302
"2250",2011,8,75 - 79,464,302
"2250",2011,8,80 - 84,416,302
"2250",2011,8,85 - 89,303,202
"2250",2011,8,90 - 94,139,116
"2250",2011,8,95+,55,30
"2250",2011,8,UNK,31,29
"2250",2011,9,Total,1967,3307
"2250",2011,9,0,37,64
"2250",2011,9,1,23,16
"2250",2011,9,2,10,9
"2250",2011,9,3,1,5
"2250",2011,9,4,4,3
"2250",2011,9,5 - 9,14,24
"2250",2011,9,10 - 14,25,23
"2250",2011,9,15 - 19,36,41
"2250",2011,9,20 - 24,34,57
"2250",2011,9,25 - 29,46,130
"2250",2011,9,30 - 34,57,183
"2250",2011,9,35 - 39,70,246
"2250",2011,9,40 - 44,90,289
"2250",2011,9,45 - 49,96,305
"2250",2011,9,50 - 54,153,313
"2250",2011,9,55 - 59,176,288
"2250",2011,9,60 - 64,173,285
"2250",2011,9,65 - 69,176,244
"2250",2011,9,70 - 74,174,233
"2250",2011,9,75 - 79,179,186
"2250",2011,9,80 - 84,186,169
"2250",2011,9,85 - 89,121,108
"2250",2011,9,90 - 94,63,40
"2250",2011,9,95+,13,12
"2250",2011,9,UNK,10,34
"2250",2011,10,Total,1136,1347
"2250",2011,10,0,21,22
"2250",2011,10,1,6,7
"2250",2011,10,2,5,5
"2250",2011,10,3,5,0
"2250",2011,10,4,2,1
"2250",2011,10,5 - 9,6,8
"2250",2011,10,10 - 14,17,15
"2250",2011,10,15 - 19,32,20
"2250",2011,10,20 - 24,20,27
"2250",2011,10,25 - 29,28,26
"2250",2011,10,30 - 34,29,37
"2250",2011,10,35 - 39,41,37
"2250",2011,10,40 - 44,25,40
"2250",2011,10,45 - 49,55,55
"2250",2011,10,50 - 54,75,75
"2250",2011,10,55 - 59,91,91
"2250",2011,10,60 - 64,107,118
"2250",2011,10,65 - 69,93,131
"2250",2011,10,70 - 74,116,134
"2250",2011,10,75 - 79,106,148
"2250",2011,10,80 - 84,105,172
"2250",2011,10,85 - 89,90,121
"2250",2011,10,90 - 94,41,40
"2250",2011,10,95+,11,13
"2250",2011,10,UNK,9,4
"2250",2011,11,Total,1738,2195
"2250",2011,11,0,1597,2058
"2250",2011,11,1,33,28
"2250",2011,11,2,6,6
"2250",2011,11,3,4,4
"2250",2011,11,4,1,4
"2250",2011,11,5 - 9,11,12
"2250",2011,11,10 - 14,14,10
"2250",2011,11,15 - 19,10,7
"2250",2011,11,20 - 24,5,12
"2250",2011,11,25 - 29,9,5
"2250",2011,11,30 - 34,1,3
"2250",2011,11,35 - 39,5,1
"2250",2011,11,40 - 44,4,2
"2250",2011,11,45 - 49,1,2
"2250",2011,11,50 - 54,5,1
"2250",2011,11,55 - 59,4,2
"2250",2011,11,60 - 64,1,2
"2250",2011,11,65 - 69,3,5
"2250",2011,11,70 - 74,1,1
"2250",2011,11,75 - 79,1,1
"2250",2011,11,80 - 84,3,1
"2250",2011,11,85 - 89,0,3
"2250",2011,11,90 - 94,0,1
"2250",2011,11,95+,1,0
"2250",2011,11,UNK,18,24
"2250",2011,12,Total,4300,4885
"2250",2011,12,0,767,972
"2250",2011,12,1,235,249
"2250",2011,12,2,78,72
"2250",2011,12,3,36,41
"2250",2011,12,4,23,22
"2250",2011,12,5 - 9,60,50
"2250",2011,12,10 - 14,51,50
"2250",2011,12,15 - 19,51,72
"2250",2011,12,20 - 24,49,70
"2250",2011,12,25 - 29,54,70
"2250",2011,12,30 - 34,61,82
"2250",2011,12,35 - 39,49,86
"2250",2011,12,40 - 44,62,87
"2250",2011,12,45 - 49,69,113
"2250",2011,12,50 - 54,102,116
"2250",2011,12,55 - 59,129,155
"2250",2011,12,60 - 64,180,161
"2250",2011,12,65 - 69,206,217
"2250",2011,12,70 - 74,318,337
"2250",2011,12,75 - 79,393,437
"2250",2011,12,80 - 84,508,547
"2250",2011,12,85 - 89,408,464
"2250",2011,12,90 - 94,261,243
"2250",2011,12,95+,91,86
"2250",2011,12,UNK,59,86
"2250",2011,13,Total,1634,6682
"2250",2011,13,0,60,95
"2250",2011,13,1,27,33
"2250",2011,13,2,25,31
"2250",2011,13,3,15,26
"2250",2011,13,4,12,18
"2250",2011,13,5 - 9,48,88
"2250",2011,13,10 - 14,110,160
"2250",2011,13,15 - 19,197,645
"2250",2011,13,20 - 24,143,880
"2250",2011,13,25 - 29,129,846
"2250",2011,13,30 - 34,113,706
"2250",2011,13,35 - 39,85,580
"2250",2011,13,40 - 44,65,479
"2250",2011,13,45 - 49,80,410
"2250",2011,13,50 - 54,56,366
"2250",2011,13,55 - 59,65,277
"2250",2011,13,60 - 64,59,231
"2250",2011,13,65 - 69,48,175
"2250",2011,13,70 - 74,44,149
"2250",2011,13,75 - 79,56,130
"2250",2011,13,80 - 84,59,92
"2250",2011,13,85 - 89,59,71
"2250",2011,13,90 - 94,31,29
"2250",2011,13,95+,9,9
"2250",2011,13,UNK,39,156
"2250",2011,14,Total,530,3753
"2250",2011,14,0,4,10
"2250",2011,14,1,1,3
"2250",2011,14,2,3,0
"2250",2011,14,3,3,1
"2250",2011,14,4,0,1
"2250",2011,14,5 - 9,5,8
"2250",2011,14,10 - 14,13,43
"2250",2011,14,15 - 19,85,505
"2250",2011,14,20 - 24,53,700
"2250",2011,14,25 - 29,55,650
"2250",2011,14,30 - 34,64,516
"2250",2011,14,35 - 39,49,364
"2250",2011,14,40 - 44,33,249
"2250",2011,14,45 - 49,43,203
"2250",2011,14,50 - 54,29,133
"2250",2011,14,55 - 59,18,95
"2250",2011,14,60 - 64,13,65
"2250",2011,14,65 - 69,9,30
"2250",2011,14,70 - 74,8,26
"2250",2011,14,75 - 79,11,17
"2250",2011,14,80 - 84,8,12
"2250",2011,14,85 - 89,6,7
"2250",2011,14,90 - 94,1,4
"2250",2011,14,95+,0,2
"2250",2011,14,UNK,16,109
"2250",2012,1,Total,31558,41099
"2250",2012,1,0,3163,3958
"2250",2012,1,1,708,729
"2250",2012,1,2,264,276
"2250",2012,1,3,124,170
"2250",2012,1,4,96,114
"2250",2012,1,5 - 9,337,385
"2250",2012,1,10 - 14,348,496
"2250",2012,1,15 - 19,648,1471
"2250",2012,1,20 - 24,703,1997
"2250",2012,1,25 - 29,721,1967
"2250",2012,1,30 - 34,766,1971
"2250",2012,1,35 - 39,832,1892
"2250",2012,1,40 - 44,892,1790
"2250",2012,1,45 - 49,1092,1724
"2250",2012,1,50 - 54,1449,1947
"2250",2012,1,55 - 59,1802,2010
"2250",2012,1,60 - 64,2036,2297
"2250",2012,1,65 - 69,2180,2404
"2250",2012,1,70 - 74,2404,2675
"2250",2012,1,75 - 79,2742,2899
"2250",2012,1,80 - 84,3187,3191
"2250",2012,1,85 - 89,2686,2438
"2250",2012,1,90 - 94,1461,1308
"2250",2012,1,95+,609,399
"2250",2012,1,UNK,308,591
"2250",2012,2,Total,1861,2250
"2250",2012,2,0,293,379
"2250",2012,2,1,225,228
"2250",2012,2,2,74,88
"2250",2012,2,3,31,43
"2250",2012,2,4,23,24
"2250",2012,2,5 - 9,52,65
"2250",2012,2,10 - 14,29,37
"2250",2012,2,15 - 19,33,51
"2250",2012,2,20 - 24,61,42
"2250",2012,2,25 - 29,68,91
"2250",2012,2,30 - 34,72,112
"2250",2012,2,35 - 39,67,105
"2250",2012,2,40 - 44,51,91
"2250",2012,2,45 - 49,56,78
"2250",2012,2,50 - 54,76,82
"2250",2012,2,55 - 59,78,83
"2250",2012,2,60 - 64,76,103
"2250",2012,2,65 - 69,76,109
"2250",2012,2,70 - 74,78,100
"2250",2012,2,75 - 79,96,83
"2250",2012,2,80 - 84,94,85
"2250",2012,2,85 - 89,62,69
"2250",2012,2,90 - 94,37,27
"2250",2012,2,95+,15,8
"2250",2012,2,UNK,38,67
"2250",2012,3,Total,4378,3534
"2250",2012,3,0,7,10
"2250",2012,3,1,9,6
"2250",2012,3,2,5,12
"2250",2012,3,3,5,10
"2250",2012,3,4,9,7
"2250",2012,3,5 - 9,26,27
"2250",2012,3,10 - 14,35,38
"2250",2012,3,15 - 19,51,59
"2250",2012,3,20 - 24,58,77
"2250",2012,3,25 - 29,82,66
"2250",2012,3,30 - 34,116,74
"2250",2012,3,35 - 39,153,78
"2250",2012,3,40 - 44,205,98
"2250",2012,3,45 - 49,305,142
"2250",2012,3,50 - 54,344,196
"2250",2012,3,55 - 59,434,255
"2250",2012,3,60 - 64,450,336
"2250",2012,3,65 - 69,445,354
"2250",2012,3,70 - 74,421,432
"2250",2012,3,75 - 79,419,446
"2250",2012,3,80 - 84,426,425
"2250",2012,3,85 - 89,239,234
"2250",2012,3,90 - 94,94,119
"2250",2012,3,95+,22,23
"2250",2012,3,UNK,18,10
"2250",2012,4,Total,5833,5879
"2250",2012,4,0,50,55
"2250",2012,4,1,7,9
"2250",2012,4,2,4,2
"2250",2012,4,3,2,2
"2250",2012,4,4,0,1
"2250",2012,4,5 - 9,9,18
"2250",2012,4,10 - 14,20,21
"2250",2012,4,15 - 19,45,43
"2250",2012,4,20 - 24,49,50
"2250",2012,4,25 - 29,65,63
"2250",2012,4,30 - 34,77,99
"2250",2012,4,35 - 39,94,99
"2250",2012,4,40 - 44,115,141
"2250",2012,4,45 - 49,151,176
"2250",2012,4,50 - 54,205,239
"2250",2012,4,55 - 59,289,290
"2250",2012,4,60 - 64,385,381
"2250",2012,4,65 - 69,434,470
"2250",2012,4,70 - 74,566,635
"2250",2012,4,75 - 79,706,778
"2250",2012,4,80 - 84,897,910
"2250",2012,4,85 - 89,880,778
"2250",2012,4,90 - 94,527,443
"2250",2012,4,95+,204,144
"2250",2012,4,UNK,52,32
"2250",2012,5,Total,2533,2691
"2250",2012,5,0,173,218
"2250",2012,5,1,57,49
"2250",2012,5,2,15,22
"2250",2012,5,3,11,9
"2250",2012,5,4,4,4
"2250",2012,5,5 - 9,25,24
"2250",2012,5,10 - 14,25,26
"2250",2012,5,15 - 19,49,56
"2250",2012,5,20 - 24,46,62
"2250",2012,5,25 - 29,39,58
"2250",2012,5,30 - 34,40,70
"2250",2012,5,35 - 39,44,70
"2250",2012,5,40 - 44,40,69
"2250",2012,5,45 - 49,60,79
"2250",2012,5,50 - 54,63,88
"2250",2012,5,55 - 59,81,83
"2250",2012,5,60 - 64,100,140
"2250",2012,5,65 - 69,150,160
"2250",2012,5,70 - 74,171,171
"2250",2012,5,75 - 79,238,247
"2250",2012,5,80 - 84,358,345
"2250",2012,5,85 - 89,334,318
"2250",2012,5,90 - 94,233,167
"2250",2012,5,95+,125,75
"2250",2012,5,UNK,52,81
"2250",2012,6,Total,56,410
"2250",2012,6,0,0,0
"2250",2012,6,1,0,0
"2250",2012,6,2,0,0
"2250",2012,6,3,0,0
"2250",2012,6,4,0,0
"2250",2012,6,5 - 9,0,0
"2250",2012,6,10 - 14,0,1
"2250",2012,6,15 - 19,0,1
"2250",2012,6,20 - 24,1,10
"2250",2012,6,25 - 29,6,22
"2250",2012,6,30 - 34,5,40
"2250",2012,6,35 - 39,7,39
"2250",2012,6,40 - 44,6,49
"2250",2012,6,45 - 49,2,46
"2250",2012,6,50 - 54,5,35
"2250",2012,6,55 - 59,9,40
"2250",2012,6,60 - 64,3,32
"2250",2012,6,65 - 69,0,32
"2250",2012,6,70 - 74,4,20
"2250",2012,6,75 - 79,3,19
"2250",2012,6,80 - 84,2,6
"2250",2012,6,85 - 89,1,9
"2250",2012,6,90 - 94,0,1
"2250",2012,6,95+,0,0
"2250",2012,6,UNK,2,8
"2250",2012,7,Total,619,732
"2250",2012,7,0,46,48
"2250",2012,7,1,21,23
"2250",2012,7,2,6,7
"2250",2012,7,3,7,11
"2250",2012,7,4,4,14
"2250",2012,7,5 - 9,29,26
"2250",2012,7,10 - 14,29,34
"2250",2012,7,15 - 19,32,34
"2250",2012,7,20 - 24,34,47
"2250",2012,7,25 - 29,20,32
"2250",2012,7,30 - 34,29,40
"2250",2012,7,35 - 39,23,36
"2250",2012,7,40 - 44,26,29
"2250",2012,7,45 - 49,18,23
"2250",2012,7,50 - 54,26,29
"2250",2012,7,55 - 59,24,20
"2250",2012,7,60 - 64,23,37
"2250",2012,7,65 - 69,22,31
"2250",2012,7,70 - 74,35,49
"2250",2012,7,75 - 79,52,51
"2250",2012,7,80 - 84,42,44
"2250",2012,7,85 - 89,45,40
"2250",2012,7,90 - 94,19,14
"2250",2012,7,95+,4,1
"2250",2012,7,UNK,3,12
"2250",2012,8,Total,4079,3076
"2250",2012,8,0,117,104
"2250",2012,8,1,59,59
"2250",2012,8,2,24,22
"2250",2012,8,3,12,5
"2250",2012,8,4,5,9
"2250",2012,8,5 - 9,19,9
"2250",2012,8,10 - 14,20,16
"2250",2012,8,15 - 19,20,8
"2250",2012,8,20 - 24,25,22
"2250",2012,8,25 - 29,41,32
"2250",2012,8,30 - 34,46,43
"2250",2012,8,35 - 39,73,78
"2250",2012,8,40 - 44,88,109
"2250",2012,8,45 - 49,143,136
"2250",2012,8,50 - 54,271,212
"2250",2012,8,55 - 59,349,274
"2250",2012,8,60 - 64,416,320
"2250",2012,8,65 - 69,452,318
"2250",2012,8,70 - 74,452,309
"2250",2012,8,75 - 79,430,291
"2250",2012,8,80 - 84,431,321
"2250",2012,8,85 - 89,325,204
"2250",2012,8,90 - 94,171,100
"2250",2012,8,95+,62,39
"2250",2012,8,UNK,28,36
"2250",2012,9,Total,2023,3349
"2250",2012,9,0,36,46
"2250",2012,9,1,22,11
"2250",2012,9,2,9,7
"2250",2012,9,3,8,11
"2250",2012,9,4,3,9
"2250",2012,9,5 - 9,21,27
"2250",2012,9,10 - 14,20,22
"2250",2012,9,15 - 19,27,31
"2250",2012,9,20 - 24,30,60
"2250",2012,9,25 - 29,45,151
"2250",2012,9,30 - 34,49,182
"2250",2012,9,35 - 39,68,245
"2250",2012,9,40 - 44,97,267
"2250",2012,9,45 - 49,105,258
"2250",2012,9,50 - 54,148,329
"2250",2012,9,55 - 59,182,319
"2250",2012,9,60 - 64,203,297
"2250",2012,9,65 - 69,193,272
"2250",2012,9,70 - 74,181,227
"2250",2012,9,75 - 79,178,193
"2250",2012,9,80 - 84,201,188
"2250",2012,9,85 - 89,119,89
"2250",2012,9,90 - 94,49,43
"2250",2012,9,95+,20,11
"2250",2012,9,UNK,9,54
"2250",2012,10,Total,1312,1547
"2250",2012,10,0,22,20
"2250",2012,10,1,3,8
"2250",2012,10,2,2,3
"2250",2012,10,3,0,6
"2250",2012,10,4,3,1
"2250",2012,10,5 - 9,18,7
"2250",2012,10,10 - 14,15,14
"2250",2012,10,15 - 19,26,23
"2250",2012,10,20 - 24,29,28
"2250",2012,10,25 - 29,26,29
"2250",2012,10,30 - 34,29,41
"2250",2012,10,35 - 39,38,40
"2250",2012,10,40 - 44,52,57
"2250",2012,10,45 - 49,62,59
"2250",2012,10,50 - 54,84,85
"2250",2012,10,55 - 59,110,111
"2250",2012,10,60 - 64,124,131
"2250",2012,10,65 - 69,120,133
"2250",2012,10,70 - 74,126,160
"2250",2012,10,75 - 79,137,186
"2250",2012,10,80 - 84,134,187
"2250",2012,10,85 - 89,97,131
"2250",2012,10,90 - 94,38,61
"2250",2012,10,95+,15,14
"2250",2012,10,UNK,2,12
"2250",2012,11,Total,1800,2255
"2250",2012,11,0,1668,2113
"2250",2012,11,1,33,29
"2250",2012,11,2,11,12
"2250",2012,11,3,5,7
"2250",2012,11,4,8,3
"2250",2012,11,5 - 9,6,10
"2250",2012,11,10 - 14,10,15
"2250",2012,11,15 - 19,10,19
"2250",2012,11,20 - 24,6,8
"2250",2012,11,25 - 29,7,8
"2250",2012,11,30 - 34,4,4
"2250",2012,11,35 - 39,1,5
"2250",2012,11,40 - 44,2,2
"2250",2012,11,45 - 49,8,3
"2250",2012,11,50 - 54,4,1
"2250",2012,11,55 - 59,5,2
"2250",2012,11,60 - 64,2,3
"2250",2012,11,65 - 69,1,1
"2250",2012,11,70 - 74,1,3
"2250",2012,11,75 - 79,2,2
"2250",2012,11,80 - 84,3,4
"2250",2012,11,85 - 89,2,1
"2250",2012,11,90 - 94,1,0
"2250",2012,11,95+,0,0
"2250",2012,11,UNK,0,0
"2250",2012,12,Total,4098,4659
"2250",2012,12,0,663,854
"2250",2012,12,1,233,251
"2250",2012,12,2,85,70
"2250",2012,12,3,27,45
"2250",2012,12,4,21,21
"2250",2012,12,5 - 9,64,66
"2250",2012,12,10 - 14,30,54
"2250",2012,12,15 - 19,37,45
"2250",2012,12,20 - 24,51,58
"2250",2012,12,25 - 29,48,92
"2250",2012,12,30 - 34,41,88
"2250",2012,12,35 - 39,42,89
"2250",2012,12,40 - 44,52,86
"2250",2012,12,45 - 49,69,96
"2250",2012,12,50 - 54,114,118
"2250",2012,12,55 - 59,149,137
"2250",2012,12,60 - 64,164,171
"2250",2012,12,65 - 69,192,240
"2250",2012,12,70 - 74,267,325
"2250",2012,12,75 - 79,377,413
"2250",2012,12,80 - 84,480,480
"2250",2012,12,85 - 89,470,459
"2250",2012,12,90 - 94,238,275
"2250",2012,12,95+,118,68
"2250",2012,12,UNK,66,58
"2250",2012,13,Total,1616,6885
"2250",2012,13,0,64,78
"2250",2012,13,1,31,44
"2250",2012,13,2,25,28
"2250",2012,13,3,13,18
"2250",2012,13,4,12,19
"2250",2012,13,5 - 9,54,93
"2250",2012,13,10 - 14,87,154
"2250",2012,13,15 - 19,184,654
"2250",2012,13,20 - 24,148,915
"2250",2012,13,25 - 29,112,763
"2250",2012,13,30 - 34,114,745
"2250",2012,13,35 - 39,96,619
"2250",2012,13,40 - 44,85,508
"2250",2012,13,45 - 49,68,435
"2250",2012,13,50 - 54,69,376
"2250",2012,13,55 - 59,47,289
"2250",2012,13,60 - 64,50,260
"2250",2012,13,65 - 69,51,209
"2250",2012,13,70 - 74,65,175
"2250",2012,13,75 - 79,48,131
"2250",2012,13,80 - 84,63,119
"2250",2012,13,85 - 89,56,62
"2250",2012,13,90 - 94,33,36
"2250",2012,13,95+,13,4
"2250",2012,13,UNK,28,151
"2250",2012,14,Total,446,3375
"2250",2012,14,0,1,0
"2250",2012,14,1,0,0
"2250",2012,14,2,0,0
"2250",2012,14,3,0,0
"2250",2012,14,4,0,0
"2250",2012,14,5 - 9,3,5
"2250",2012,14,10 - 14,15,50
"2250",2012,14,15 - 19,66,429
"2250",2012,14,20 - 24,76,608
"2250",2012,14,25 - 29,53,546
"2250",2012,14,30 - 34,57,422
"2250",2012,14,35 - 39,39,383
"2250",2012,14,40 - 44,34,265
"2250",2012,14,45 - 49,24,180
"2250",2012,14,50 - 54,21,145
"2250",2012,14,55 - 59,16,86
"2250",2012,14,60 - 64,5,63
"2250",2012,14,65 - 69,11,47
"2250",2012,14,70 - 74,0,37
"2250",2012,14,75 - 79,8,18
"2250",2012,14,80 - 84,3,14
"2250",2012,14,85 - 89,3,7
"2250",2012,14,90 - 94,3,2
"2250",2012,14,95+,2,1
"2250",2012,14,UNK,6,67
"2250",2013,1,Total,32660,42206
"2250",2013,1,0,3224,3997
"2250",2013,1,1,733,834
"2250",2013,1,2,250,275
"2250",2013,1,3,128,165
"2250",2013,1,4,101,117
"2250",2013,1,5 - 9,359,378
"2250",2013,1,10 - 14,357,515
"2250",2013,1,15 - 19,719,1499
"2250",2013,1,20 - 24,641,2034
"2250",2013,1,25 - 29,692,1935
"2250",2013,1,30 - 34,758,1962
"2250",2013,1,35 - 39,801,1976
"2250",2013,1,40 - 44,907,1798
"2250",2013,1,45 - 49,1079,1854
"2250",2013,1,50 - 54,1444,1884
"2250",2013,1,55 - 59,1808,2169
"2250",2013,1,60 - 64,2183,2285
"2250",2013,1,65 - 69,2315,2427
"2250",2013,1,70 - 74,2530,2652
"2250",2013,1,75 - 79,2804,2959
"2250",2013,1,80 - 84,3167,3173
"2250",2013,1,85 - 89,2846,2626
"2250",2013,1,90 - 94,1576,1369
"2250",2013,1,95+,620,408
"2250",2013,1,UNK,618,915
"2250",2013,2,Total,1928,2396
"2250",2013,2,0,320,364
"2250",2013,2,1,226,252
"2250",2013,2,2,56,50
"2250",2013,2,3,23,27
"2250",2013,2,4,17,31
"2250",2013,2,5 - 9,63,57
"2250",2013,2,10 - 14,29,40
"2250",2013,2,15 - 19,31,48
"2250",2013,2,20 - 24,54,70
"2250",2013,2,25 - 29,54,87
"2250",2013,2,30 - 34,57,115
"2250",2013,2,35 - 39,47,116
"2250",2013,2,40 - 44,55,88
"2250",2013,2,45 - 49,48,97
"2250",2013,2,50 - 54,67,82
"2250",2013,2,55 - 59,76,110
"2250",2013,2,60 - 64,90,96
"2250",2013,2,65 - 69,82,99
"2250",2013,2,70 - 74,107,97
"2250",2013,2,75 - 79,108,111
"2250",2013,2,80 - 84,109,109
"2250",2013,2,85 - 89,84,102
"2250",2013,2,90 - 94,32,45
"2250",2013,2,95+,17,6
"2250",2013,2,UNK,76,97
"2250",2013,3,Total,4328,3529
"2250",2013,3,0,8,7
"2250",2013,3,1,9,6
"2250",2013,3,2,7,7
"2250",2013,3,3,8,15
"2250",2013,3,4,6,4
"2250",2013,3,5 - 9,30,31
"2250",2013,3,10 - 14,38,46
"2250",2013,3,15 - 19,59,65
"2250",2013,3,20 - 24,56,79
"2250",2013,3,25 - 29,78,63
"2250",2013,3,30 - 34,125,79
"2250",2013,3,35 - 39,154,98
"2250",2013,3,40 - 44,189,104
"2250",2013,3,45 - 49,275,127
"2250",2013,3,50 - 54,349,155
"2250",2013,3,55 - 59,448,249
"2250",2013,3,60 - 64,470,288
"2250",2013,3,65 - 69,472,389
"2250",2013,3,70 - 74,472,430
"2250",2013,3,75 - 79,417,450
"2250",2013,3,80 - 84,320,434
"2250",2013,3,85 - 89,217,272
"2250",2013,3,90 - 94,87,98
"2250",2013,3,95+,19,19
"2250",2013,3,UNK,15,14
"2250",2013,4,Total,5965,5965
"2250",2013,4,0,30,50
"2250",2013,4,1,8,14
"2250",2013,4,2,4,7
"2250",2013,4,3,3,3
"2250",2013,4,4,1,5
"2250",2013,4,5 - 9,15,10
"2250",2013,4,10 - 14,15,29
"2250",2013,4,15 - 19,49,46
"2250",2013,4,20 - 24,44,55
"2250",2013,4,25 - 29,55,72
"2250",2013,4,30 - 34,78,108
"2250",2013,4,35 - 39,88,129
"2250",2013,4,40 - 44,122,140
"2250",2013,4,45 - 49,133,208
"2250",2013,4,50 - 54,219,240
"2250",2013,4,55 - 59,277,313
"2250",2013,4,60 - 64,390,433
"2250",2013,4,65 - 69,425,490
"2250",2013,4,70 - 74,571,613
"2250",2013,4,75 - 79,691,719
"2250",2013,4,80 - 84,965,841
"2250",2013,4,85 - 89,955,809
"2250",2013,4,90 - 94,572,435
"2250",2013,4,95+,215,149
"2250",2013,4,UNK,40,47
"2250",2013,5,Total,2583,2771
"2250",2013,5,0,168,194
"2250",2013,5,1,46,63
"2250",2013,5,2,15,23
"2250",2013,5,3,9,11
"2250",2013,5,4,8,9
"2250",2013,5,5 - 9,17,24
"2250",2013,5,10 - 14,30,28
"2250",2013,5,15 - 19,46,41
"2250",2013,5,20 - 24,37,56
"2250",2013,5,25 - 29,40,57
"2250",2013,5,30 - 34,28,76
"2250",2013,5,35 - 39,38,80
"2250",2013,5,40 - 44,50,66
"2250",2013,5,45 - 49,56,89
"2250",2013,5,50 - 54,64,101
"2250",2013,5,55 - 59,93,102
"2250",2013,5,60 - 64,104,118
"2250",2013,5,65 - 69,119,140
"2250",2013,5,70 - 74,184,202
"2250",2013,5,75 - 79,222,249
"2250",2013,5,80 - 84,386,363
"2250",2013,5,85 - 89,392,319
"2250",2013,5,90 - 94,243,217
"2250",2013,5,95+,129,78
"2250",2013,5,UNK,59,65
"2250",2013,6,Total,49,456
"2250",2013,6,0,0,1
"2250",2013,6,1,0,0
"2250",2013,6,2,0,0
"2250",2013,6,3,0,0
"2250",2013,6,4,0,0
"2250",2013,6,5 - 9,0,0
"2250",2013,6,10 - 14,0,1
"2250",2013,6,15 - 19,1,2
"2250",2013,6,20 - 24,0,13
"2250",2013,6,25 - 29,2,30
"2250",2013,6,30 - 34,4,39
"2250",2013,6,35 - 39,4,49
"2250",2013,6,40 - 44,8,68
"2250",2013,6,45 - 49,5,57
"2250",2013,6,50 - 54,4,43
"2250",2013,6,55 - 59,3,44
"2250",2013,6,60 - 64,4,29
"2250",2013,6,65 - 69,1,27
"2250",2013,6,70 - 74,2,26
"2250",2013,6,75 - 79,3,7
"2250",2013,6,80 - 84,3,6
"2250",2013,6,85 - 89,3,4
"2250",2013,6,90 - 94,0,3
"2250",2013,6,95+,0,0
"2250",2013,6,UNK,2,7
"2250",2013,7,Total,649,728
"2250",2013,7,0,36,54
"2250",2013,7,1,13,26
"2250",2013,7,2,7,6
"2250",2013,7,3,9,5
"2250",2013,7,4,8,6
"2250",2013,7,5 - 9,22,28
"2250",2013,7,10 - 14,31,32
"2250",2013,7,15 - 19,37,33
"2250",2013,7,20 - 24,23,30
"2250",2013,7,25 - 29,28,49
"2250",2013,7,30 - 34,31,31
"2250",2013,7,35 - 39,20,21
"2250",2013,7,40 - 44,25,30
"2250",2013,7,45 - 49,12,35
"2250",2013,7,50 - 54,26,37
"2250",2013,7,55 - 59,24,28
"2250",2013,7,60 - 64,33,29
"2250",2013,7,65 - 69,40,34
"2250",2013,7,70 - 74,32,44
"2250",2013,7,75 - 79,51,49
"2250",2013,7,80 - 84,59,48
"2250",2013,7,85 - 89,45,41
"2250",2013,7,90 - 94,22,10
"2250",2013,7,95+,5,4
"2250",2013,7,UNK,10,18
"2250",2013,8,Total,4180,3221
"2250",2013,8,0,107,116
"2250",2013,8,1,66,66
"2250",2013,8,2,36,16
"2250",2013,8,3,14,11
"2250",2013,8,4,9,2
"2250",2013,8,5 - 9,25,17
"2250",2013,8,10 - 14,14,14
"2250",2013,8,15 - 19,16,16
"2250",2013,8,20 - 24,26,19
"2250",2013,8,25 - 29,35,39
"2250",2013,8,30 - 34,49,44
"2250",2013,8,35 - 39,64,70
"2250",2013,8,40 - 44,83,99
"2250",2013,8,45 - 49,178,160
"2250",2013,8,50 - 54,258,242
"2250",2013,8,55 - 59,375,274
"2250",2013,8,60 - 64,481,340
"2250",2013,8,65 - 69,483,309
"2250",2013,8,70 - 74,428,303
"2250",2013,8,75 - 79,460,346
"2250",2013,8,80 - 84,404,323
"2250",2013,8,85 - 89,317,207
"2250",2013,8,90 - 94,170,121
"2250",2013,8,95+,48,30
"2250",2013,8,UNK,34,37
"2250",2013,9,Total,2077,3327
"2250",2013,9,0,35,49
"2250",2013,9,1,17,18
"2250",2013,9,2,6,14
"2250",2013,9,3,6,2
"2250",2013,9,4,3,5
"2250",2013,9,5 - 9,32,25
"2250",2013,9,10 - 14,11,23
"2250",2013,9,15 - 19,24,30
"2250",2013,9,20 - 24,22,60
"2250",2013,9,25 - 29,51,121
"2250",2013,9,30 - 34,57,177
"2250",2013,9,35 - 39,79,261
"2250",2013,9,40 - 44,84,283
"2250",2013,9,45 - 49,112,273
"2250",2013,9,50 - 54,158,306
"2250",2013,9,55 - 59,185,327
"2250",2013,9,60 - 64,201,275
"2250",2013,9,65 - 69,203,245
"2250",2013,9,70 - 74,193,224
"2250",2013,9,75 - 79,194,219
"2250",2013,9,80 - 84,165,166
"2250",2013,9,85 - 89,144,111
"2250",2013,9,90 - 94,61,42
"2250",2013,9,95+,19,11
"2250",2013,9,UNK,15,60
"2250",2013,10,Total,1428,1768
"2250",2013,10,0,25,25
"2250",2013,10,1,5,6
"2250",2013,10,2,4,7
"2250",2013,10,3,0,1
"2250",2013,10,4,1,2
"2250",2013,10,5 - 9,12,9
"2250",2013,10,10 - 14,20,22
"2250",2013,10,15 - 19,34,35
"2250",2013,10,20 - 24,35,37
"2250",2013,10,25 - 29,33,29
"2250",2013,10,30 - 34,32,39
"2250",2013,10,35 - 39,30,67
"2250",2013,10,40 - 44,46,67
"2250",2013,10,45 - 49,60,80
"2250",2013,10,50 - 54,92,82
"2250",2013,10,55 - 59,108,149
"2250",2013,10,60 - 64,148,140
"2250",2013,10,65 - 69,167,177
"2250",2013,10,70 - 74,134,184
"2250",2013,10,75 - 79,124,170
"2250",2013,10,80 - 84,135,195
"2250",2013,10,85 - 89,112,146
"2250",2013,10,90 - 94,56,70
"2250",2013,10,95+,11,14
"2250",2013,10,UNK,4,15
"2250",2013,11,Total,1959,2430
"2250",2013,11,0,1616,2076
"2250",2013,11,1,61,40
"2250",2013,11,2,7,11
"2250",2013,11,3,9,4
"2250",2013,11,4,4,3
"2250",2013,11,5 - 9,18,10
"2250",2013,11,10 - 14,9,16
"2250",2013,11,15 - 19,10,16
"2250",2013,11,20 - 24,9,7
"2250",2013,11,25 - 29,6,11
"2250",2013,11,30 - 34,4,3
"2250",2013,11,35 - 39,6,2
"2250",2013,11,40 - 44,3,2
"2250",2013,11,45 - 49,3,2
"2250",2013,11,50 - 54,1,2
"2250",2013,11,55 - 59,1,2
"2250",2013,11,60 - 64,1,3
"2250",2013,11,65 - 69,2,1
"2250",2013,11,70 - 74,5,1
"2250",2013,11,75 - 79,1,0
"2250",2013,11,80 - 84,0,0
"2250",2013,11,85 - 89,1,1
"2250",2013,11,90 - 94,0,0
"2250",2013,11,95+,1,0
"2250",2013,11,UNK,181,217
"2250",2013,12,Total,4533,5019
"2250",2013,12,0,768,934
"2250",2013,12,1,239,282
"2250",2013,12,2,79,90
"2250",2013,12,3,37,44
"2250",2013,12,4,25,23
"2250",2013,12,5 - 9,63,58
"2250",2013,12,10 - 14,40,42
"2250",2013,12,15 - 19,51,54
"2250",2013,12,20 - 24,43,51
"2250",2013,12,25 - 29,51,79
"2250",2013,12,30 - 34,45,68
"2250",2013,12,35 - 39,46,84
"2250",2013,12,40 - 44,67,104
"2250",2013,12,45 - 49,81,88
"2250",2013,12,50 - 54,85,110
"2250",2013,12,55 - 59,122,158
"2250",2013,12,60 - 64,164,181
"2250",2013,12,65 - 69,242,255
"2250",2013,12,70 - 74,305,310
"2250",2013,12,75 - 79,435,444
"2250",2013,12,80 - 84,513,515
"2250",2013,12,85 - 89,475,526
"2250",2013,12,90 - 94,285,278
"2250",2013,12,95+,129,85
"2250",2013,12,UNK,143,156
"2250",2013,13,Total,1608,6557
"2250",2013,13,0,78,84
"2250",2013,13,1,34,52
"2250",2013,13,2,25,36
"2250",2013,13,3,5,36
"2250",2013,13,4,13,26
"2250",2013,13,5 - 9,37,93
"2250",2013,13,10 - 14,93,172
"2250",2013,13,15 - 19,199,593
"2250",2013,13,20 - 24,144,863
"2250",2013,13,25 - 29,122,719
"2250",2013,13,30 - 34,92,650
"2250",2013,13,35 - 39,90,585
"2250",2013,13,40 - 44,84,462
"2250",2013,13,45 - 49,64,439
"2250",2013,13,50 - 54,74,339
"2250",2013,13,55 - 59,59,307
"2250",2013,13,60 - 64,60,259
"2250",2013,13,65 - 69,51,198
"2250",2013,13,70 - 74,53,164
"2250",2013,13,75 - 79,54,145
"2250",2013,13,80 - 84,57,121
"2250",2013,13,85 - 89,62,53
"2250",2013,13,90 - 94,23,27
"2250",2013,13,95+,11,7
"2250",2013,13,UNK,24,127
"2250",2013,14,Total,544,3648
"2250",2013,14,0,3,8
"2250",2013,14,1,1,1
"2250",2013,14,2,1,2
"2250",2013,14,3,3,1
"2250",2013,14,4,2,0
"2250",2013,14,5 - 9,14,5
"2250",2013,14,10 - 14,12,35
"2250",2013,14,15 - 19,91,498
"2250",2013,14,20 - 24,67,687
"2250",2013,14,25 - 29,67,570
"2250",2013,14,30 - 34,72,526
"2250",2013,14,35 - 39,55,399
"2250",2013,14,40 - 44,46,277
"2250",2013,14,45 - 49,31,184
"2250",2013,14,50 - 54,23,135
"2250",2013,14,55 - 59,11,91
"2250",2013,14,60 - 64,14,73
"2250",2013,14,65 - 69,4,42
"2250",2013,14,70 - 74,6,22
"2250",2013,14,75 - 79,4,20
"2250",2013,14,80 - 84,6,18
"2250",2013,14,85 - 89,2,6
"2250",2013,14,90 - 94,1,2
"2250",2013,14,95+,1,0
"2250",2013,14,UNK,7,46
"2250",2014,1,Total,33116,42693
"2250",2014,1,0,3135,4035
"2250",2014,1,1,652,740
"2250",2014,1,2,260,251
"2250",2014,1,3,131,152
"2250",2014,1,4,112,84
"2250",2014,1,5 - 9,319,401
"2250",2014,1,10 - 14,386,444
"2250",2014,1,15 - 19,729,1570
"2250",2014,1,20 - 24,649,2125
"2250",2014,1,25 - 29,671,1901
"2250",2014,1,30 - 34,729,2032
"2250",2014,1,35 - 39,825,1828
"2250",2014,1,40 - 44,912,1783
"2250",2014,1,45 - 49,1130,1783
"2250",2014,1,50 - 54,1492,1997
"2250",2014,1,55 - 59,2024,2179
"2250",2014,1,60 - 64,2284,2414
"2250",2014,1,65 - 69,2386,2591
"2250",2014,1,70 - 74,2530,2797
"2250",2014,1,75 - 79,2976,3143
"2250",2014,1,80 - 84,3407,3298
"2250",2014,1,85 - 89,2929,2762
"2250",2014,1,90 - 94,1636,1501
"2250",2014,1,95+,599,520
"2250",2014,1,UNK,213,362
"2250",2014,2,Total,1991,2453
"2250",2014,2,0,300,412
"2250",2014,2,1,205,255
"2250",2014,2,2,59,70
"2250",2014,2,3,21,29
"2250",2014,2,4,23,25
"2250",2014,2,5 - 9,59,66
"2250",2014,2,10 - 14,35,41
"2250",2014,2,15 - 19,45,59
"2250",2014,2,20 - 24,43,75
"2250",2014,2,25 - 29,71,74
"2250",2014,2,30 - 34,62,122
"2250",2014,2,35 - 39,63,99
"2250",2014,2,40 - 44,69,96
"2250",2014,2,45 - 49,61,100
"2250",2014,2,50 - 54,83,85
"2250",2014,2,55 - 59,80,117
"2250",2014,2,60 - 64,81,113
"2250",2014,2,65 - 69,115,100
"2250",2014,2,70 - 74,93,89
"2250",2014,2,75 - 79,101,118
"2250",2014,2,80 - 84,130,105
"2250",2014,2,85 - 89,89,95
"2250",2014,2,90 - 94,47,31
"2250",2014,2,95+,12,14
"2250",2014,2,UNK,44,63
"2250",2014,3,Total,4367,3591
"2250",2014,3,0,7,8
"2250",2014,3,1,7,8
"2250",2014,3,2,12,14
"2250",2014,3,3,5,6
"2250",2014,3,4,9,8
"2250",2014,3,5 - 9,29,36
"2250",2014,3,10 - 14,33,34
"2250",2014,3,15 - 19,50,76
"2250",2014,3,20 - 24,55,66
"2250",2014,3,25 - 29,68,72
"2250",2014,3,30 - 34,113,72
"2250",2014,3,35 - 39,169,80
"2250",2014,3,40 - 44,226,110
"2250",2014,3,45 - 49,292,112
"2250",2014,3,50 - 54,357,194
"2250",2014,3,55 - 59,474,227
"2250",2014,3,60 - 64,493,312
"2250",2014,3,65 - 69,444,404
"2250",2014,3,70 - 74,413,457
"2250",2014,3,75 - 79,403,435
"2250",2014,3,80 - 84,362,426
"2250",2014,3,85 - 89,224,295
"2250",2014,3,90 - 94,99,103
"2250",2014,3,95+,16,28
"2250",2014,3,UNK,7,8
"2250",2014,4,Total,6204,6329
"2250",2014,4,0,46,61
"2250",2014,4,1,12,11
"2250",2014,4,2,4,1
"2250",2014,4,3,6,4
"2250",2014,4,4,3,1
"2250",2014,4,5 - 9,7,12
"2250",2014,4,10 - 14,23,19
"2250",2014,4,15 - 19,39,45
"2250",2014,4,20 - 24,50,63
"2250",2014,4,25 - 29,49,74
"2250",2014,4,30 - 34,66,101
"2250",2014,4,35 - 39,96,122
"2250",2014,4,40 - 44,95,139
"2250",2014,4,45 - 49,149,166
"2250",2014,4,50 - 54,200,260
"2250",2014,4,55 - 59,322,324
"2250",2014,4,60 - 64,378,432
"2250",2014,4,65 - 69,482,511
"2250",2014,4,70 - 74,604,636
"2250",2014,4,75 - 79,781,848
"2250",2014,4,80 - 84,998,932
"2250",2014,4,85 - 89,953,842
"2250",2014,4,90 - 94,586,520
"2250",2014,4,95+,244,184
"2250",2014,4,UNK,11,21
"2250",2014,5,Total,2405,2450
"2250",2014,5,0,154,169
"2250",2014,5,1,33,34
"2250",2014,5,2,20,17
"2250",2014,5,3,10,12
"2250",2014,5,4,8,5
"2250",2014,5,5 - 9,12,25
"2250",2014,5,10 - 14,28,23
"2250",2014,5,15 - 19,54,53
"2250",2014,5,20 - 24,35,74
"2250",2014,5,25 - 29,27,50
"2250",2014,5,30 - 34,36,73
"2250",2014,5,35 - 39,32,53
"2250",2014,5,40 - 44,34,67
"2250",2014,5,45 - 49,38,75
"2250",2014,5,50 - 54,60,74
"2250",2014,5,55 - 59,92,105
"2250",2014,5,60 - 64,93,106
"2250",2014,5,65 - 69,121,123
"2250",2014,5,70 - 74,176,158
"2250",2014,5,75 - 79,225,198
"2250",2014,5,80 - 84,352,321
"2250",2014,5,85 - 89,379,311
"2250",2014,5,90 - 94,255,210
"2250",2014,5,95+,112,84
"2250",2014,5,UNK,19,30
"2250",2014,6,Total,40,402
"2250",2014,6,0,0,0
"2250",2014,6,1,0,0
"2250",2014,6,2,0,1
"2250",2014,6,3,0,0
"2250",2014,6,4,0,0
"2250",2014,6,5 - 9,0,0
"2250",2014,6,10 - 14,2,0
"2250",2014,6,15 - 19,2,3
"2250",2014,6,20 - 24,1,11
"2250",2014,6,25 - 29,1,26
"2250",2014,6,30 - 34,3,44
"2250",2014,6,35 - 39,4,42
"2250",2014,6,40 - 44,4,32
"2250",2014,6,45 - 49,2,50
"2250",2014,6,50 - 54,4,44
"2250",2014,6,55 - 59,3,38
"2250",2014,6,60 - 64,5,31
"2250",2014,6,65 - 69,2,21
"2250",2014,6,70 - 74,0,20
"2250",2014,6,75 - 79,2,11
"2250",2014,6,80 - 84,1,10
"2250",2014,6,85 - 89,1,6
"2250",2014,6,90 - 94,3,3
"2250",2014,6,95+,0,0
"2250",2014,6,UNK,0,9
"2250",2014,7,Total,637,748
"2250",2014,7,0,45,55
"2250",2014,7,1,28,28
"2250",2014,7,2,5,12
"2250",2014,7,3,8,9
"2250",2014,7,4,9,4
"2250",2014,7,5 - 9,29,36
"2250",2014,7,10 - 14,22,31
"2250",2014,7,15 - 19,32,36
"2250",2014,7,20 - 24,28,55
"2250",2014,7,25 - 29,29,37
"2250",2014,7,30 - 34,24,38
"2250",2014,7,35 - 39,23,34
"2250",2014,7,40 - 44,18,33
"2250",2014,7,45 - 49,26,28
"2250",2014,7,50 - 54,22,31
"2250",2014,7,55 - 59,26,34
"2250",2014,7,60 - 64,25,22
"2250",2014,7,65 - 69,23,33
"2250",2014,7,70 - 74,33,41
"2250",2014,7,75 - 79,49,50
"2250",2014,7,80 - 84,57,49
"2250",2014,7,85 - 89,54,26
"2250",2014,7,90 - 94,13,17
"2250",2014,7,95+,5,6
"2250",2014,7,UNK,4,3
"2250",2014,8,Total,4512,3351
"2250",2014,8,0,98,91
"2250",2014,8,1,60,58
"2250",2014,8,2,25,19
"2250",2014,8,3,4,8
"2250",2014,8,4,7,6
"2250",2014,8,5 - 9,15,11
"2250",2014,8,10 - 14,12,7
"2250",2014,8,15 - 19,26,21
"2250",2014,8,20 - 24,21,19
"2250",2014,8,25 - 29,36,23
"2250",2014,8,30 - 34,41,48
"2250",2014,8,35 - 39,80,71
"2250",2014,8,40 - 44,112,106
"2250",2014,8,45 - 49,186,151
"2250",2014,8,50 - 54,318,206
"2250",2014,8,55 - 59,455,289
"2250",2014,8,60 - 64,498,361
"2250",2014,8,65 - 69,513,385
"2250",2014,8,70 - 74,458,356
"2250",2014,8,75 - 79,519,384
"2250",2014,8,80 - 84,456,324
"2250",2014,8,85 - 89,353,237
"2250",2014,8,90 - 94,162,108
"2250",2014,8,95+,48,42
"2250",2014,8,UNK,9,20
"2250",2014,9,Total,2307,3741
"2250",2014,9,0,33,72
"2250",2014,9,1,20,17
"2250",2014,9,2,10,13
"2250",2014,9,3,3,7
"2250",2014,9,4,5,4
"2250",2014,9,5 - 9,17,15
"2250",2014,9,10 - 14,24,21
"2250",2014,9,15 - 19,42,44
"2250",2014,9,20 - 24,38,84
"2250",2014,9,25 - 29,46,120
"2250",2014,9,30 - 34,59,240
"2250",2014,9,35 - 39,70,283
"2250",2014,9,40 - 44,106,307
"2250",2014,9,45 - 49,116,306
"2250",2014,9,50 - 54,152,371
"2250",2014,9,55 - 59,216,329
"2250",2014,9,60 - 64,265,312
"2250",2014,9,65 - 69,237,298
"2250",2014,9,70 - 74,207,260
"2250",2014,9,75 - 79,200,206
"2250",2014,9,80 - 84,214,214
"2250",2014,9,85 - 89,137,131
"2250",2014,9,90 - 94,58,50
"2250",2014,9,95+,16,12
"2250",2014,9,UNK,16,25
"2250",2014,10,Total,1482,1912
"2250",2014,10,0,14,21
"2250",2014,10,1,6,7
"2250",2014,10,2,1,2
"2250",2014,10,3,1,1
"2250",2014,10,4,1,1
"2250",2014,10,5 - 9,14,11
"2250",2014,10,10 - 14,25,23
"2250",2014,10,15 - 19,40,36
"2250",2014,10,20 - 24,35,36
"2250",2014,10,25 - 29,32,37
"2250",2014,10,30 - 34,27,52
"2250",2014,10,35 - 39,47,50
"2250",2014,10,40 - 44,45,68
"2250",2014,10,45 - 49,52,77
"2250",2014,10,50 - 54,81,91
"2250",2014,10,55 - 59,105,131
"2250",2014,10,60 - 64,166,180
"2250",2014,10,65 - 69,152,195
"2250",2014,10,70 - 74,129,188
"2250",2014,10,75 - 79,151,245
"2250",2014,10,80 - 84,160,187
"2250",2014,10,85 - 89,123,162
"2250",2014,10,90 - 94,56,83
"2250",2014,10,95+,15,20
"2250",2014,10,UNK,4,8
"2250",2014,11,Total,1973,2524
"2250",2014,11,0,1788,2330
"2250",2014,11,1,24,35
"2250",2014,11,2,14,9
"2250",2014,11,3,11,16
"2250",2014,11,4,8,6
"2250",2014,11,5 - 9,16,14
"2250",2014,11,10 - 14,17,20
"2250",2014,11,15 - 19,19,18
"2250",2014,11,20 - 24,7,7
"2250",2014,11,25 - 29,6,4
"2250",2014,11,30 - 34,5,4
"2250",2014,11,35 - 39,7,2
"2250",2014,11,40 - 44,4,7
"2250",2014,11,45 - 49,2,5
"2250",2014,11,50 - 54,2,1
"2250",2014,11,55 - 59,3,3
"2250",2014,11,60 - 64,2,2
"2250",2014,11,65 - 69,2,8
"2250",2014,11,70 - 74,2,1
"2250",2014,11,75 - 79,3,0
"2250",2014,11,80 - 84,2,2
"2250",2014,11,85 - 89,2,1
"2250",2014,11,90 - 94,2,1
"2250",2014,11,95+,0,0
"2250",2014,11,UNK,25,28
"2250",2014,12,Total,4211,4772
"2250",2014,12,0,550,676
"2250",2014,12,1,194,218
"2250",2014,12,2,75,54
"2250",2014,12,3,34,30
"2250",2014,12,4,20,15
"2250",2014,12,5 - 9,53,59
"2250",2014,12,10 - 14,38,49
"2250",2014,12,15 - 19,42,48
"2250",2014,12,20 - 24,48,69
"2250",2014,12,25 - 29,46,64
"2250",2014,12,30 - 34,44,69
"2250",2014,12,35 - 39,41,77
"2250",2014,12,40 - 44,48,77
"2250",2014,12,45 - 49,75,96
"2250",2014,12,50 - 54,101,130
"2250",2014,12,55 - 59,144,151
"2250",2014,12,60 - 64,175,194
"2250",2014,12,65 - 69,196,252
"2250",2014,12,70 - 74,315,361
"2250",2014,12,75 - 79,438,471
"2250",2014,12,80 - 84,546,577
"2250",2014,12,85 - 89,523,539
"2250",2014,12,90 - 94,302,317
"2250",2014,12,95+,118,121
"2250",2014,12,UNK,45,58
"2250",2014,13,Total,1560,6407
"2250",2014,13,0,54,73
"2250",2014,13,1,45,44
"2250",2014,13,2,27,36
"2250",2014,13,3,22,25
"2250",2014,13,4,13,6
"2250",2014,13,5 - 9,53,98
"2250",2014,13,10 - 14,85,128
"2250",2014,13,15 - 19,172,594
"2250",2014,13,20 - 24,133,859
"2250",2014,13,25 - 29,103,749
"2250",2014,13,30 - 34,104,669
"2250",2014,13,35 - 39,88,504
"2250",2014,13,40 - 44,65,486
"2250",2014,13,45 - 49,67,417
"2250",2014,13,50 - 54,57,369
"2250",2014,13,55 - 59,61,310
"2250",2014,13,60 - 64,62,264
"2250",2014,13,65 - 69,57,194
"2250",2014,13,70 - 74,59,176
"2250",2014,13,75 - 79,59,128
"2250",2014,13,80 - 84,77,107
"2250",2014,13,85 - 89,43,78
"2250",2014,13,90 - 94,36,35
"2250",2014,13,95+,6,2
"2250",2014,13,UNK,12,56
"2250",2014,14,Total,564,3571
"2250",2014,14,0,2,1
"2250",2014,14,1,1,7
"2250",2014,14,2,2,1
"2250",2014,14,3,1,0
"2250",2014,14,4,3,0
"2250",2014,14,5 - 9,7,7
"2250",2014,14,10 - 14,19,37
"2250",2014,14,15 - 19,103,520
"2250",2014,14,20 - 24,75,692
"2250",2014,14,25 - 29,69,561
"2250",2014,14,30 - 34,65,487
"2250",2014,14,35 - 39,54,397
"2250",2014,14,40 - 44,41,247
"2250",2014,14,45 - 49,26,187
"2250",2014,14,50 - 54,29,133
"2250",2014,14,55 - 59,16,95
"2250",2014,14,60 - 64,11,67
"2250",2014,14,65 - 69,15,45
"2250",2014,14,70 - 74,6,23
"2250",2014,14,75 - 79,3,13
"2250",2014,14,80 - 84,1,10
"2250",2014,14,85 - 89,2,5
"2250",2014,14,90 - 94,0,5
"2250",2014,14,95+,0,0
"2250",2014,14,UNK,13,31
