"","Year","Cause","Age","Female","Male"
"2290",2000,1,Total,7575,8200
"2290",2000,1,0,207,232
"2290",2000,1,1,95,125
"2290",2000,1,2,14,18
"2290",2000,1,3,20,15
"2290",2000,1,4,12,12
"2290",2000,1,5 - 9,28,41
"2290",2000,1,10 - 14,25,39
"2290",2000,1,15 - 19,48,96
"2290",2000,1,20 - 24,61,159
"2290",2000,1,25 - 29,139,200
"2290",2000,1,30 - 34,172,242
"2290",2000,1,35 - 39,200,251
"2290",2000,1,40 - 44,201,288
"2290",2000,1,45 - 49,215,275
"2290",2000,1,50 - 54,233,325
"2290",2000,1,55 - 59,285,404
"2290",2000,1,60 - 64,430,529
"2290",2000,1,65 - 69,574,785
"2290",2000,1,70 - 74,725,939
"2290",2000,1,75 - 79,896,1028
"2290",2000,1,80 - 84,983,883
"2290",2000,1,85 - 89,974,801
"2290",2000,1,90 - 94,621,338
"2290",2000,1,95+,416,174
"2290",2000,1,UNK,1,1
"2290",2000,2,Total,312,441
"2290",2000,2,0,3,1
"2290",2000,2,1,9,12
"2290",2000,2,2,3,2
"2290",2000,2,3,1,3
"2290",2000,2,4,2,0
"2290",2000,2,5 - 9,1,7
"2290",2000,2,10 - 14,2,1
"2290",2000,2,15 - 19,4,1
"2290",2000,2,20 - 24,14,12
"2290",2000,2,25 - 29,39,37
"2290",2000,2,30 - 34,39,72
"2290",2000,2,35 - 39,41,54
"2290",2000,2,40 - 44,22,44
"2290",2000,2,45 - 49,12,46
"2290",2000,2,50 - 54,15,31
"2290",2000,2,55 - 59,9,14
"2290",2000,2,60 - 64,9,22
"2290",2000,2,65 - 69,8,15
"2290",2000,2,70 - 74,9,17
"2290",2000,2,75 - 79,12,16
"2290",2000,2,80 - 84,18,14
"2290",2000,2,85 - 89,22,12
"2290",2000,2,90 - 94,8,6
"2290",2000,2,95+,10,2
"2290",2000,2,UNK,0,0
"2290",2000,3,Total,1215,1608
"2290",2000,3,0,1,1
"2290",2000,3,1,2,2
"2290",2000,3,2,0,1
"2290",2000,3,3,5,2
"2290",2000,3,4,1,2
"2290",2000,3,5 - 9,6,4
"2290",2000,3,10 - 14,4,5
"2290",2000,3,15 - 19,1,8
"2290",2000,3,20 - 24,6,8
"2290",2000,3,25 - 29,21,4
"2290",2000,3,30 - 34,26,21
"2290",2000,3,35 - 39,29,19
"2290",2000,3,40 - 44,64,39
"2290",2000,3,45 - 49,69,58
"2290",2000,3,50 - 54,71,68
"2290",2000,3,55 - 59,85,98
"2290",2000,3,60 - 64,104,142
"2290",2000,3,65 - 69,139,210
"2290",2000,3,70 - 74,148,259
"2290",2000,3,75 - 79,145,239
"2290",2000,3,80 - 84,125,198
"2290",2000,3,85 - 89,107,143
"2290",2000,3,90 - 94,39,51
"2290",2000,3,95+,17,26
"2290",2000,3,UNK,0,0
"2290",2000,4,Total,2687,2259
"2290",2000,4,0,0,0
"2290",2000,4,1,1,0
"2290",2000,4,2,0,0
"2290",2000,4,3,0,0
"2290",2000,4,4,2,0
"2290",2000,4,5 - 9,2,3
"2290",2000,4,10 - 14,2,4
"2290",2000,4,15 - 19,3,7
"2290",2000,4,20 - 24,3,6
"2290",2000,4,25 - 29,11,12
"2290",2000,4,30 - 34,19,9
"2290",2000,4,35 - 39,27,26
"2290",2000,4,40 - 44,33,36
"2290",2000,4,45 - 49,44,37
"2290",2000,4,50 - 54,52,73
"2290",2000,4,55 - 59,68,113
"2290",2000,4,60 - 64,121,143
"2290",2000,4,65 - 69,201,239
"2290",2000,4,70 - 74,261,304
"2290",2000,4,75 - 79,376,381
"2290",2000,4,80 - 84,457,335
"2290",2000,4,85 - 89,467,322
"2290",2000,4,90 - 94,320,142
"2290",2000,4,95+,217,66
"2290",2000,4,UNK,0,1
"2290",2000,5,Total,691,1079
"2290",2000,5,0,5,4
"2290",2000,5,1,7,17
"2290",2000,5,2,0,1
"2290",2000,5,3,0,1
"2290",2000,5,4,1,5
"2290",2000,5,5 - 9,2,3
"2290",2000,5,10 - 14,3,8
"2290",2000,5,15 - 19,13,47
"2290",2000,5,20 - 24,14,69
"2290",2000,5,25 - 29,25,75
"2290",2000,5,30 - 34,23,68
"2290",2000,5,35 - 39,24,70
"2290",2000,5,40 - 44,20,59
"2290",2000,5,45 - 49,23,54
"2290",2000,5,50 - 54,21,41
"2290",2000,5,55 - 59,34,59
"2290",2000,5,60 - 64,36,58
"2290",2000,5,65 - 69,34,60
"2290",2000,5,70 - 74,48,77
"2290",2000,5,75 - 79,63,86
"2290",2000,5,80 - 84,64,65
"2290",2000,5,85 - 89,81,88
"2290",2000,5,90 - 94,76,33
"2290",2000,5,95+,74,31
"2290",2000,5,UNK,0,0
"2290",2000,6,Total,26,13
"2290",2000,6,0,0,0
"2290",2000,6,1,0,0
"2290",2000,6,2,0,0
"2290",2000,6,3,0,0
"2290",2000,6,4,0,0
"2290",2000,6,5 - 9,1,0
"2290",2000,6,10 - 14,0,0
"2290",2000,6,15 - 19,0,0
"2290",2000,6,20 - 24,0,0
"2290",2000,6,25 - 29,0,0
"2290",2000,6,30 - 34,0,2
"2290",2000,6,35 - 39,2,0
"2290",2000,6,40 - 44,0,1
"2290",2000,6,45 - 49,1,0
"2290",2000,6,50 - 54,0,2
"2290",2000,6,55 - 59,2,2
"2290",2000,6,60 - 64,1,0
"2290",2000,6,65 - 69,1,1
"2290",2000,6,70 - 74,2,2
"2290",2000,6,75 - 79,6,1
"2290",2000,6,80 - 84,2,0
"2290",2000,6,85 - 89,5,2
"2290",2000,6,90 - 94,2,0
"2290",2000,6,95+,1,0
"2290",2000,6,UNK,0,0
"2290",2000,7,Total,115,124
"2290",2000,7,0,0,1
"2290",2000,7,1,0,6
"2290",2000,7,2,1,0
"2290",2000,7,3,2,3
"2290",2000,7,4,1,1
"2290",2000,7,5 - 9,2,1
"2290",2000,7,10 - 14,4,4
"2290",2000,7,15 - 19,5,5
"2290",2000,7,20 - 24,3,6
"2290",2000,7,25 - 29,3,8
"2290",2000,7,30 - 34,2,5
"2290",2000,7,35 - 39,4,0
"2290",2000,7,40 - 44,5,7
"2290",2000,7,45 - 49,5,4
"2290",2000,7,50 - 54,0,7
"2290",2000,7,55 - 59,2,5
"2290",2000,7,60 - 64,6,5
"2290",2000,7,65 - 69,7,6
"2290",2000,7,70 - 74,7,7
"2290",2000,7,75 - 79,15,13
"2290",2000,7,80 - 84,12,10
"2290",2000,7,85 - 89,16,14
"2290",2000,7,90 - 94,10,4
"2290",2000,7,95+,3,2
"2290",2000,7,UNK,0,0
"2290",2000,8,Total,1180,733
"2290",2000,8,0,0,0
"2290",2000,8,1,5,4
"2290",2000,8,2,0,0
"2290",2000,8,3,3,0
"2290",2000,8,4,0,0
"2290",2000,8,5 - 9,1,1
"2290",2000,8,10 - 14,2,0
"2290",2000,8,15 - 19,2,0
"2290",2000,8,20 - 24,2,1
"2290",2000,8,25 - 29,6,7
"2290",2000,8,30 - 34,10,5
"2290",2000,8,35 - 39,9,4
"2290",2000,8,40 - 44,19,19
"2290",2000,8,45 - 49,29,17
"2290",2000,8,50 - 54,42,32
"2290",2000,8,55 - 59,47,35
"2290",2000,8,60 - 64,98,58
"2290",2000,8,65 - 69,137,112
"2290",2000,8,70 - 74,173,121
"2290",2000,8,75 - 79,194,117
"2290",2000,8,80 - 84,177,110
"2290",2000,8,85 - 89,139,67
"2290",2000,8,90 - 94,55,17
"2290",2000,8,95+,30,6
"2290",2000,8,UNK,0,0
"2290",2000,9,Total,158,253
"2290",2000,9,0,0,0
"2290",2000,9,1,1,1
"2290",2000,9,2,1,0
"2290",2000,9,3,1,0
"2290",2000,9,4,0,0
"2290",2000,9,5 - 9,1,3
"2290",2000,9,10 - 14,0,1
"2290",2000,9,15 - 19,4,4
"2290",2000,9,20 - 24,0,2
"2290",2000,9,25 - 29,1,1
"2290",2000,9,30 - 34,4,4
"2290",2000,9,35 - 39,5,4
"2290",2000,9,40 - 44,3,10
"2290",2000,9,45 - 49,6,8
"2290",2000,9,50 - 54,6,15
"2290",2000,9,55 - 59,9,18
"2290",2000,9,60 - 64,7,23
"2290",2000,9,65 - 69,9,35
"2290",2000,9,70 - 74,13,26
"2290",2000,9,75 - 79,17,40
"2290",2000,9,80 - 84,27,27
"2290",2000,9,85 - 89,19,15
"2290",2000,9,90 - 94,17,10
"2290",2000,9,95+,7,6
"2290",2000,9,UNK,0,0
"2290",2000,10,Total,113,254
"2290",2000,10,0,0,0
"2290",2000,10,1,0,0
"2290",2000,10,2,0,1
"2290",2000,10,3,0,0
"2290",2000,10,4,0,0
"2290",2000,10,5 - 9,1,1
"2290",2000,10,10 - 14,0,2
"2290",2000,10,15 - 19,0,2
"2290",2000,10,20 - 24,1,6
"2290",2000,10,25 - 29,3,2
"2290",2000,10,30 - 34,6,4
"2290",2000,10,35 - 39,7,3
"2290",2000,10,40 - 44,6,6
"2290",2000,10,45 - 49,3,9
"2290",2000,10,50 - 54,7,11
"2290",2000,10,55 - 59,7,18
"2290",2000,10,60 - 64,8,13
"2290",2000,10,65 - 69,7,24
"2290",2000,10,70 - 74,15,26
"2290",2000,10,75 - 79,9,39
"2290",2000,10,80 - 84,8,34
"2290",2000,10,85 - 89,11,29
"2290",2000,10,90 - 94,10,18
"2290",2000,10,95+,4,6
"2290",2000,10,UNK,0,0
"2290",2000,11,Total,279,308
"2290",2000,11,0,198,222
"2290",2000,11,1,50,61
"2290",2000,11,2,5,4
"2290",2000,11,3,4,0
"2290",2000,11,4,2,2
"2290",2000,11,5 - 9,8,9
"2290",2000,11,10 - 14,2,1
"2290",2000,11,15 - 19,2,2
"2290",2000,11,20 - 24,1,0
"2290",2000,11,25 - 29,1,0
"2290",2000,11,30 - 34,1,0
"2290",2000,11,35 - 39,1,2
"2290",2000,11,40 - 44,0,1
"2290",2000,11,45 - 49,1,0
"2290",2000,11,50 - 54,0,0
"2290",2000,11,55 - 59,0,1
"2290",2000,11,60 - 64,0,0
"2290",2000,11,65 - 69,0,0
"2290",2000,11,70 - 74,2,1
"2290",2000,11,75 - 79,1,0
"2290",2000,11,80 - 84,0,2
"2290",2000,11,85 - 89,0,0
"2290",2000,11,90 - 94,0,0
"2290",2000,11,95+,0,0
"2290",2000,11,UNK,0,0
"2290",2000,12,Total,394,607
"2290",2000,12,0,0,1
"2290",2000,12,1,11,13
"2290",2000,12,2,2,4
"2290",2000,12,3,2,4
"2290",2000,12,4,3,0
"2290",2000,12,5 - 9,2,3
"2290",2000,12,10 - 14,0,2
"2290",2000,12,15 - 19,2,2
"2290",2000,12,20 - 24,3,8
"2290",2000,12,25 - 29,6,7
"2290",2000,12,30 - 34,9,7
"2290",2000,12,35 - 39,15,16
"2290",2000,12,40 - 44,11,17
"2290",2000,12,45 - 49,9,11
"2290",2000,12,50 - 54,9,15
"2290",2000,12,55 - 59,9,23
"2290",2000,12,60 - 64,22,42
"2290",2000,12,65 - 69,23,59
"2290",2000,12,70 - 74,26,82
"2290",2000,12,75 - 79,37,76
"2290",2000,12,80 - 84,49,65
"2290",2000,12,85 - 89,55,86
"2290",2000,12,90 - 94,55,41
"2290",2000,12,95+,33,23
"2290",2000,12,UNK,1,0
"2290",2000,13,Total,114,279
"2290",2000,13,0,0,0
"2290",2000,13,1,3,0
"2290",2000,13,2,0,2
"2290",2000,13,3,0,0
"2290",2000,13,4,0,1
"2290",2000,13,5 - 9,0,0
"2290",2000,13,10 - 14,3,6
"2290",2000,13,15 - 19,2,14
"2290",2000,13,20 - 24,2,29
"2290",2000,13,25 - 29,5,29
"2290",2000,13,30 - 34,7,31
"2290",2000,13,35 - 39,8,31
"2290",2000,13,40 - 44,5,27
"2290",2000,13,45 - 49,5,20
"2290",2000,13,50 - 54,2,15
"2290",2000,13,55 - 59,2,11
"2290",2000,13,60 - 64,5,10
"2290",2000,13,65 - 69,2,9
"2290",2000,13,70 - 74,9,8
"2290",2000,13,75 - 79,6,8
"2290",2000,13,80 - 84,18,10
"2290",2000,13,85 - 89,14,9
"2290",2000,13,90 - 94,10,4
"2290",2000,13,95+,6,5
"2290",2000,13,UNK,0,0
"2290",2000,14,Total,2,22
"2290",2000,14,0,0,0
"2290",2000,14,1,0,0
"2290",2000,14,2,0,0
"2290",2000,14,3,0,0
"2290",2000,14,4,0,0
"2290",2000,14,5 - 9,0,0
"2290",2000,14,10 - 14,0,1
"2290",2000,14,15 - 19,0,1
"2290",2000,14,20 - 24,0,5
"2290",2000,14,25 - 29,2,4
"2290",2000,14,30 - 34,0,1
"2290",2000,14,35 - 39,0,4
"2290",2000,14,40 - 44,0,1
"2290",2000,14,45 - 49,0,0
"2290",2000,14,50 - 54,0,2
"2290",2000,14,55 - 59,0,0
"2290",2000,14,60 - 64,0,1
"2290",2000,14,65 - 69,0,0
"2290",2000,14,70 - 74,0,0
"2290",2000,14,75 - 79,0,1
"2290",2000,14,80 - 84,0,0
"2290",2000,14,85 - 89,0,1
"2290",2000,14,90 - 94,0,0
"2290",2000,14,95+,0,0
"2290",2000,14,UNK,0,0
"2290",2001,1,Total,7701,8312
"2290",2001,1,0,174,213
"2290",2001,1,1,97,103
"2290",2001,1,2,11,18
"2290",2001,1,3,11,16
"2290",2001,1,4,7,4
"2290",2001,1,5 - 9,31,50
"2290",2001,1,10 - 14,26,35
"2290",2001,1,15 - 19,54,78
"2290",2001,1,20 - 24,87,162
"2290",2001,1,25 - 29,122,221
"2290",2001,1,30 - 34,156,261
"2290",2001,1,35 - 39,195,297
"2290",2001,1,40 - 44,208,262
"2290",2001,1,45 - 49,196,299
"2290",2001,1,50 - 54,276,335
"2290",2001,1,55 - 59,299,413
"2290",2001,1,60 - 64,430,549
"2290",2001,1,65 - 69,589,722
"2290",2001,1,70 - 74,758,959
"2290",2001,1,75 - 79,946,997
"2290",2001,1,80 - 84,991,950
"2290",2001,1,85 - 89,975,762
"2290",2001,1,90 - 94,643,395
"2290",2001,1,95+,419,210
"2290",2001,1,UNK,0,1
"2290",2001,2,Total,316,445
"2290",2001,2,0,3,1
"2290",2001,2,1,11,8
"2290",2001,2,2,3,3
"2290",2001,2,3,2,2
"2290",2001,2,4,1,0
"2290",2001,2,5 - 9,3,5
"2290",2001,2,10 - 14,1,1
"2290",2001,2,15 - 19,3,1
"2290",2001,2,20 - 24,17,11
"2290",2001,2,25 - 29,29,34
"2290",2001,2,30 - 34,39,61
"2290",2001,2,35 - 39,43,71
"2290",2001,2,40 - 44,20,51
"2290",2001,2,45 - 49,19,36
"2290",2001,2,50 - 54,14,30
"2290",2001,2,55 - 59,10,24
"2290",2001,2,60 - 64,13,18
"2290",2001,2,65 - 69,11,14
"2290",2001,2,70 - 74,11,24
"2290",2001,2,75 - 79,11,16
"2290",2001,2,80 - 84,16,18
"2290",2001,2,85 - 89,18,11
"2290",2001,2,90 - 94,12,3
"2290",2001,2,95+,6,2
"2290",2001,2,UNK,0,0
"2290",2001,3,Total,1215,1468
"2290",2001,3,0,1,1
"2290",2001,3,1,1,3
"2290",2001,3,2,0,0
"2290",2001,3,3,2,1
"2290",2001,3,4,0,0
"2290",2001,3,5 - 9,6,5
"2290",2001,3,10 - 14,3,5
"2290",2001,3,15 - 19,6,8
"2290",2001,3,20 - 24,8,10
"2290",2001,3,25 - 29,10,13
"2290",2001,3,30 - 34,25,16
"2290",2001,3,35 - 39,46,16
"2290",2001,3,40 - 44,56,30
"2290",2001,3,45 - 49,71,55
"2290",2001,3,50 - 54,96,74
"2290",2001,3,55 - 59,82,102
"2290",2001,3,60 - 64,105,134
"2290",2001,3,65 - 69,138,182
"2290",2001,3,70 - 74,140,215
"2290",2001,3,75 - 79,148,231
"2290",2001,3,80 - 84,121,180
"2290",2001,3,85 - 89,86,128
"2290",2001,3,90 - 94,43,45
"2290",2001,3,95+,21,13
"2290",2001,3,UNK,0,1
"2290",2001,4,Total,2478,2077
"2290",2001,4,0,0,0
"2290",2001,4,1,1,0
"2290",2001,4,2,0,0
"2290",2001,4,3,0,0
"2290",2001,4,4,0,0
"2290",2001,4,5 - 9,2,1
"2290",2001,4,10 - 14,5,3
"2290",2001,4,15 - 19,6,5
"2290",2001,4,20 - 24,7,7
"2290",2001,4,25 - 29,8,9
"2290",2001,4,30 - 34,10,14
"2290",2001,4,35 - 39,23,26
"2290",2001,4,40 - 44,31,35
"2290",2001,4,45 - 49,28,47
"2290",2001,4,50 - 54,65,69
"2290",2001,4,55 - 59,88,104
"2290",2001,4,60 - 64,117,148
"2290",2001,4,65 - 69,159,222
"2290",2001,4,70 - 74,280,269
"2290",2001,4,75 - 79,349,317
"2290",2001,4,80 - 84,407,309
"2290",2001,4,85 - 89,411,251
"2290",2001,4,90 - 94,294,147
"2290",2001,4,95+,187,94
"2290",2001,4,UNK,0,0
"2290",2001,5,Total,1174,1750
"2290",2001,5,0,5,4
"2290",2001,5,1,14,15
"2290",2001,5,2,4,2
"2290",2001,5,3,3,2
"2290",2001,5,4,1,2
"2290",2001,5,5 - 9,8,15
"2290",2001,5,10 - 14,5,12
"2290",2001,5,15 - 19,14,44
"2290",2001,5,20 - 24,13,97
"2290",2001,5,25 - 29,24,99
"2290",2001,5,30 - 34,25,82
"2290",2001,5,35 - 39,23,96
"2290",2001,5,40 - 44,42,71
"2290",2001,5,45 - 49,23,69
"2290",2001,5,50 - 54,30,66
"2290",2001,5,55 - 59,29,62
"2290",2001,5,60 - 64,69,86
"2290",2001,5,65 - 69,79,120
"2290",2001,5,70 - 74,86,168
"2290",2001,5,75 - 79,125,167
"2290",2001,5,80 - 84,162,168
"2290",2001,5,85 - 89,169,183
"2290",2001,5,90 - 94,115,78
"2290",2001,5,95+,106,42
"2290",2001,5,UNK,0,0
"2290",2001,6,Total,20,25
"2290",2001,6,0,0,0
"2290",2001,6,1,0,0
"2290",2001,6,2,0,0
"2290",2001,6,3,0,0
"2290",2001,6,4,0,0
"2290",2001,6,5 - 9,0,0
"2290",2001,6,10 - 14,0,0
"2290",2001,6,15 - 19,0,0
"2290",2001,6,20 - 24,0,0
"2290",2001,6,25 - 29,1,1
"2290",2001,6,30 - 34,1,1
"2290",2001,6,35 - 39,0,1
"2290",2001,6,40 - 44,3,1
"2290",2001,6,45 - 49,0,1
"2290",2001,6,50 - 54,0,0
"2290",2001,6,55 - 59,0,1
"2290",2001,6,60 - 64,1,4
"2290",2001,6,65 - 69,1,2
"2290",2001,6,70 - 74,1,2
"2290",2001,6,75 - 79,0,2
"2290",2001,6,80 - 84,5,4
"2290",2001,6,85 - 89,4,4
"2290",2001,6,90 - 94,2,1
"2290",2001,6,95+,1,0
"2290",2001,6,UNK,0,0
"2290",2001,7,Total,118,100
"2290",2001,7,0,1,0
"2290",2001,7,1,2,4
"2290",2001,7,2,0,1
"2290",2001,7,3,0,1
"2290",2001,7,4,0,0
"2290",2001,7,5 - 9,2,4
"2290",2001,7,10 - 14,2,0
"2290",2001,7,15 - 19,2,2
"2290",2001,7,20 - 24,3,0
"2290",2001,7,25 - 29,1,5
"2290",2001,7,30 - 34,2,3
"2290",2001,7,35 - 39,8,4
"2290",2001,7,40 - 44,1,6
"2290",2001,7,45 - 49,5,5
"2290",2001,7,50 - 54,1,6
"2290",2001,7,55 - 59,1,8
"2290",2001,7,60 - 64,8,6
"2290",2001,7,65 - 69,7,10
"2290",2001,7,70 - 74,11,3
"2290",2001,7,75 - 79,20,9
"2290",2001,7,80 - 84,15,16
"2290",2001,7,85 - 89,17,3
"2290",2001,7,90 - 94,8,4
"2290",2001,7,95+,1,0
"2290",2001,7,UNK,0,0
"2290",2001,8,Total,1043,628
"2290",2001,8,0,0,0
"2290",2001,8,1,1,1
"2290",2001,8,2,2,0
"2290",2001,8,3,2,1
"2290",2001,8,4,1,0
"2290",2001,8,5 - 9,0,2
"2290",2001,8,10 - 14,0,3
"2290",2001,8,15 - 19,2,2
"2290",2001,8,20 - 24,6,0
"2290",2001,8,25 - 29,4,3
"2290",2001,8,30 - 34,10,2
"2290",2001,8,35 - 39,8,6
"2290",2001,8,40 - 44,16,10
"2290",2001,8,45 - 49,16,17
"2290",2001,8,50 - 54,33,23
"2290",2001,8,55 - 59,46,31
"2290",2001,8,60 - 64,79,52
"2290",2001,8,65 - 69,133,62
"2290",2001,8,70 - 74,143,113
"2290",2001,8,75 - 79,166,106
"2290",2001,8,80 - 84,162,91
"2290",2001,8,85 - 89,123,65
"2290",2001,8,90 - 94,62,29
"2290",2001,8,95+,28,9
"2290",2001,8,UNK,0,0
"2290",2001,9,Total,160,228
"2290",2001,9,0,0,0
"2290",2001,9,1,0,1
"2290",2001,9,2,0,0
"2290",2001,9,3,0,0
"2290",2001,9,4,1,0
"2290",2001,9,5 - 9,2,1
"2290",2001,9,10 - 14,3,1
"2290",2001,9,15 - 19,2,0
"2290",2001,9,20 - 24,3,2
"2290",2001,9,25 - 29,6,4
"2290",2001,9,30 - 34,4,8
"2290",2001,9,35 - 39,5,7
"2290",2001,9,40 - 44,6,7
"2290",2001,9,45 - 49,7,12
"2290",2001,9,50 - 54,10,12
"2290",2001,9,55 - 59,13,20
"2290",2001,9,60 - 64,4,24
"2290",2001,9,65 - 69,14,26
"2290",2001,9,70 - 74,15,29
"2290",2001,9,75 - 79,22,29
"2290",2001,9,80 - 84,14,20
"2290",2001,9,85 - 89,16,13
"2290",2001,9,90 - 94,5,10
"2290",2001,9,95+,8,2
"2290",2001,9,UNK,0,0
"2290",2001,10,Total,116,232
"2290",2001,10,0,0,0
"2290",2001,10,1,0,0
"2290",2001,10,2,0,1
"2290",2001,10,3,0,0
"2290",2001,10,4,0,0
"2290",2001,10,5 - 9,0,1
"2290",2001,10,10 - 14,2,1
"2290",2001,10,15 - 19,1,0
"2290",2001,10,20 - 24,4,4
"2290",2001,10,25 - 29,1,2
"2290",2001,10,30 - 34,1,7
"2290",2001,10,35 - 39,2,5
"2290",2001,10,40 - 44,5,4
"2290",2001,10,45 - 49,2,7
"2290",2001,10,50 - 54,3,6
"2290",2001,10,55 - 59,6,9
"2290",2001,10,60 - 64,10,11
"2290",2001,10,65 - 69,9,17
"2290",2001,10,70 - 74,14,28
"2290",2001,10,75 - 79,20,31
"2290",2001,10,80 - 84,13,35
"2290",2001,10,85 - 89,12,33
"2290",2001,10,90 - 94,5,19
"2290",2001,10,95+,6,11
"2290",2001,10,UNK,0,0
"2290",2001,11,Total,236,290
"2290",2001,11,0,163,205
"2290",2001,11,1,62,59
"2290",2001,11,2,1,3
"2290",2001,11,3,1,5
"2290",2001,11,4,1,1
"2290",2001,11,5 - 9,4,9
"2290",2001,11,10 - 14,0,2
"2290",2001,11,15 - 19,0,1
"2290",2001,11,20 - 24,0,0
"2290",2001,11,25 - 29,0,1
"2290",2001,11,30 - 34,0,2
"2290",2001,11,35 - 39,1,1
"2290",2001,11,40 - 44,1,0
"2290",2001,11,45 - 49,1,0
"2290",2001,11,50 - 54,0,0
"2290",2001,11,55 - 59,0,0
"2290",2001,11,60 - 64,0,0
"2290",2001,11,65 - 69,0,0
"2290",2001,11,70 - 74,0,0
"2290",2001,11,75 - 79,0,0
"2290",2001,11,80 - 84,0,1
"2290",2001,11,85 - 89,0,0
"2290",2001,11,90 - 94,1,0
"2290",2001,11,95+,0,0
"2290",2001,11,UNK,0,0
"2290",2001,12,Total,429,582
"2290",2001,12,0,0,0
"2290",2001,12,1,3,4
"2290",2001,12,2,1,4
"2290",2001,12,3,1,2
"2290",2001,12,4,1,0
"2290",2001,12,5 - 9,2,2
"2290",2001,12,10 - 14,1,1
"2290",2001,12,15 - 19,2,4
"2290",2001,12,20 - 24,5,6
"2290",2001,12,25 - 29,7,7
"2290",2001,12,30 - 34,7,7
"2290",2001,12,35 - 39,6,14
"2290",2001,12,40 - 44,8,7
"2290",2001,12,45 - 49,8,17
"2290",2001,12,50 - 54,11,19
"2290",2001,12,55 - 59,13,26
"2290",2001,12,60 - 64,15,44
"2290",2001,12,65 - 69,21,50
"2290",2001,12,70 - 74,31,85
"2290",2001,12,75 - 79,53,67
"2290",2001,12,80 - 84,50,90
"2290",2001,12,85 - 89,81,53
"2290",2001,12,90 - 94,61,47
"2290",2001,12,95+,41,26
"2290",2001,12,UNK,0,0
"2290",2001,13,Total,123,279
"2290",2001,13,0,1,1
"2290",2001,13,1,0,2
"2290",2001,13,2,0,2
"2290",2001,13,3,0,0
"2290",2001,13,4,0,0
"2290",2001,13,5 - 9,1,1
"2290",2001,13,10 - 14,2,5
"2290",2001,13,15 - 19,9,8
"2290",2001,13,20 - 24,6,16
"2290",2001,13,25 - 29,7,31
"2290",2001,13,30 - 34,7,38
"2290",2001,13,35 - 39,8,31
"2290",2001,13,40 - 44,5,25
"2290",2001,13,45 - 49,5,18
"2290",2001,13,50 - 54,3,20
"2290",2001,13,55 - 59,2,16
"2290",2001,13,60 - 64,5,12
"2290",2001,13,65 - 69,5,6
"2290",2001,13,70 - 74,7,12
"2290",2001,13,75 - 79,6,12
"2290",2001,13,80 - 84,11,7
"2290",2001,13,85 - 89,16,7
"2290",2001,13,90 - 94,12,6
"2290",2001,13,95+,5,3
"2290",2001,13,UNK,0,0
"2290",2001,14,Total,6,21
"2290",2001,14,0,0,0
"2290",2001,14,1,0,0
"2290",2001,14,2,0,0
"2290",2001,14,3,0,0
"2290",2001,14,4,0,0
"2290",2001,14,5 - 9,0,0
"2290",2001,14,10 - 14,0,0
"2290",2001,14,15 - 19,0,1
"2290",2001,14,20 - 24,2,4
"2290",2001,14,25 - 29,1,4
"2290",2001,14,30 - 34,2,2
"2290",2001,14,35 - 39,0,1
"2290",2001,14,40 - 44,0,3
"2290",2001,14,45 - 49,0,1
"2290",2001,14,50 - 54,0,2
"2290",2001,14,55 - 59,0,0
"2290",2001,14,60 - 64,0,0
"2290",2001,14,65 - 69,0,1
"2290",2001,14,70 - 74,0,1
"2290",2001,14,75 - 79,0,1
"2290",2001,14,80 - 84,1,0
"2290",2001,14,85 - 89,0,0
"2290",2001,14,90 - 94,0,0
"2290",2001,14,95+,0,0
"2290",2001,14,UNK,0,0
"2290",2002,1,Total,7089,7765
"2290",2002,1,0,149,214
"2290",2002,1,1,77,79
"2290",2002,1,2,10,12
"2290",2002,1,3,7,17
"2290",2002,1,4,5,13
"2290",2002,1,5 - 9,33,39
"2290",2002,1,10 - 14,19,34
"2290",2002,1,15 - 19,53,68
"2290",2002,1,20 - 24,69,131
"2290",2002,1,25 - 29,132,162
"2290",2002,1,30 - 34,139,213
"2290",2002,1,35 - 39,182,245
"2290",2002,1,40 - 44,203,234
"2290",2002,1,45 - 49,216,243
"2290",2002,1,50 - 54,250,301
"2290",2002,1,55 - 59,306,427
"2290",2002,1,60 - 64,398,536
"2290",2002,1,65 - 69,526,680
"2290",2002,1,70 - 74,744,927
"2290",2002,1,75 - 79,838,990
"2290",2002,1,80 - 84,879,911
"2290",2002,1,85 - 89,831,692
"2290",2002,1,90 - 94,603,398
"2290",2002,1,95+,420,199
"2290",2002,1,UNK,0,0
"2290",2002,2,Total,351,422
"2290",2002,2,0,1,3
"2290",2002,2,1,13,10
"2290",2002,2,2,1,3
"2290",2002,2,3,1,3
"2290",2002,2,4,1,1
"2290",2002,2,5 - 9,6,4
"2290",2002,2,10 - 14,1,0
"2290",2002,2,15 - 19,8,1
"2290",2002,2,20 - 24,15,10
"2290",2002,2,25 - 29,40,32
"2290",2002,2,30 - 34,40,39
"2290",2002,2,35 - 39,39,65
"2290",2002,2,40 - 44,23,51
"2290",2002,2,45 - 49,12,37
"2290",2002,2,50 - 54,11,27
"2290",2002,2,55 - 59,14,25
"2290",2002,2,60 - 64,14,20
"2290",2002,2,65 - 69,9,11
"2290",2002,2,70 - 74,18,15
"2290",2002,2,75 - 79,18,20
"2290",2002,2,80 - 84,15,27
"2290",2002,2,85 - 89,28,9
"2290",2002,2,90 - 94,14,7
"2290",2002,2,95+,9,2
"2290",2002,2,UNK,0,0
"2290",2002,3,Total,1053,1424
"2290",2002,3,0,0,0
"2290",2002,3,1,2,2
"2290",2002,3,2,0,0
"2290",2002,3,3,4,1
"2290",2002,3,4,0,1
"2290",2002,3,5 - 9,7,8
"2290",2002,3,10 - 14,6,9
"2290",2002,3,15 - 19,7,8
"2290",2002,3,20 - 24,11,12
"2290",2002,3,25 - 29,11,14
"2290",2002,3,30 - 34,10,12
"2290",2002,3,35 - 39,53,19
"2290",2002,3,40 - 44,46,23
"2290",2002,3,45 - 49,70,44
"2290",2002,3,50 - 54,76,69
"2290",2002,3,55 - 59,84,120
"2290",2002,3,60 - 64,82,120
"2290",2002,3,65 - 69,109,161
"2290",2002,3,70 - 74,136,216
"2290",2002,3,75 - 79,116,224
"2290",2002,3,80 - 84,99,177
"2290",2002,3,85 - 89,74,113
"2290",2002,3,90 - 94,37,53
"2290",2002,3,95+,13,18
"2290",2002,3,UNK,0,0
"2290",2002,4,Total,2191,1796
"2290",2002,4,0,1,0
"2290",2002,4,1,2,0
"2290",2002,4,2,0,0
"2290",2002,4,3,0,1
"2290",2002,4,4,0,0
"2290",2002,4,5 - 9,1,2
"2290",2002,4,10 - 14,1,3
"2290",2002,4,15 - 19,5,4
"2290",2002,4,20 - 24,6,8
"2290",2002,4,25 - 29,12,4
"2290",2002,4,30 - 34,8,10
"2290",2002,4,35 - 39,25,21
"2290",2002,4,40 - 44,31,25
"2290",2002,4,45 - 49,35,37
"2290",2002,4,50 - 54,60,58
"2290",2002,4,55 - 59,70,82
"2290",2002,4,60 - 64,111,130
"2290",2002,4,65 - 69,156,173
"2290",2002,4,70 - 74,237,262
"2290",2002,4,75 - 79,308,287
"2290",2002,4,80 - 84,338,274
"2290",2002,4,85 - 89,348,223
"2290",2002,4,90 - 94,255,126
"2290",2002,4,95+,181,66
"2290",2002,4,UNK,0,0
"2290",2002,5,Total,1278,1632
"2290",2002,5,0,10,17
"2290",2002,5,1,10,14
"2290",2002,5,2,4,0
"2290",2002,5,3,1,6
"2290",2002,5,4,2,3
"2290",2002,5,5 - 9,8,10
"2290",2002,5,10 - 14,3,7
"2290",2002,5,15 - 19,14,27
"2290",2002,5,20 - 24,10,50
"2290",2002,5,25 - 29,24,42
"2290",2002,5,30 - 34,30,62
"2290",2002,5,35 - 39,26,64
"2290",2002,5,40 - 44,43,48
"2290",2002,5,45 - 49,37,57
"2290",2002,5,50 - 54,44,66
"2290",2002,5,55 - 59,48,66
"2290",2002,5,60 - 64,68,95
"2290",2002,5,65 - 69,84,143
"2290",2002,5,70 - 74,111,171
"2290",2002,5,75 - 79,131,194
"2290",2002,5,80 - 84,154,186
"2290",2002,5,85 - 89,161,146
"2290",2002,5,90 - 94,134,101
"2290",2002,5,95+,121,57
"2290",2002,5,UNK,0,0
"2290",2002,6,Total,15,19
"2290",2002,6,0,0,0
"2290",2002,6,1,0,0
"2290",2002,6,2,0,0
"2290",2002,6,3,0,0
"2290",2002,6,4,0,0
"2290",2002,6,5 - 9,1,0
"2290",2002,6,10 - 14,0,0
"2290",2002,6,15 - 19,0,0
"2290",2002,6,20 - 24,0,1
"2290",2002,6,25 - 29,0,0
"2290",2002,6,30 - 34,0,1
"2290",2002,6,35 - 39,0,1
"2290",2002,6,40 - 44,0,0
"2290",2002,6,45 - 49,1,0
"2290",2002,6,50 - 54,0,0
"2290",2002,6,55 - 59,1,3
"2290",2002,6,60 - 64,0,3
"2290",2002,6,65 - 69,0,1
"2290",2002,6,70 - 74,1,2
"2290",2002,6,75 - 79,1,2
"2290",2002,6,80 - 84,5,2
"2290",2002,6,85 - 89,1,3
"2290",2002,6,90 - 94,2,0
"2290",2002,6,95+,2,0
"2290",2002,6,UNK,0,0
"2290",2002,7,Total,105,122
"2290",2002,7,0,0,2
"2290",2002,7,1,3,4
"2290",2002,7,2,0,1
"2290",2002,7,3,0,2
"2290",2002,7,4,2,1
"2290",2002,7,5 - 9,1,4
"2290",2002,7,10 - 14,1,2
"2290",2002,7,15 - 19,0,3
"2290",2002,7,20 - 24,4,6
"2290",2002,7,25 - 29,3,3
"2290",2002,7,30 - 34,4,5
"2290",2002,7,35 - 39,1,3
"2290",2002,7,40 - 44,7,2
"2290",2002,7,45 - 49,2,5
"2290",2002,7,50 - 54,4,4
"2290",2002,7,55 - 59,1,2
"2290",2002,7,60 - 64,5,9
"2290",2002,7,65 - 69,3,4
"2290",2002,7,70 - 74,6,10
"2290",2002,7,75 - 79,16,19
"2290",2002,7,80 - 84,13,19
"2290",2002,7,85 - 89,19,7
"2290",2002,7,90 - 94,9,4
"2290",2002,7,95+,1,1
"2290",2002,7,UNK,0,0
"2290",2002,8,Total,922,583
"2290",2002,8,0,0,0
"2290",2002,8,1,2,1
"2290",2002,8,2,0,1
"2290",2002,8,3,0,1
"2290",2002,8,4,0,2
"2290",2002,8,5 - 9,1,3
"2290",2002,8,10 - 14,0,0
"2290",2002,8,15 - 19,3,1
"2290",2002,8,20 - 24,5,1
"2290",2002,8,25 - 29,5,4
"2290",2002,8,30 - 34,4,6
"2290",2002,8,35 - 39,10,7
"2290",2002,8,40 - 44,12,9
"2290",2002,8,45 - 49,18,11
"2290",2002,8,50 - 54,23,24
"2290",2002,8,55 - 59,47,38
"2290",2002,8,60 - 64,78,50
"2290",2002,8,65 - 69,112,75
"2290",2002,8,70 - 74,148,89
"2290",2002,8,75 - 79,145,86
"2290",2002,8,80 - 84,141,79
"2290",2002,8,85 - 89,87,58
"2290",2002,8,90 - 94,60,26
"2290",2002,8,95+,21,11
"2290",2002,8,UNK,0,0
"2290",2002,9,Total,157,211
"2290",2002,9,0,0,1
"2290",2002,9,1,0,0
"2290",2002,9,2,0,0
"2290",2002,9,3,0,0
"2290",2002,9,4,0,0
"2290",2002,9,5 - 9,0,1
"2290",2002,9,10 - 14,0,3
"2290",2002,9,15 - 19,1,1
"2290",2002,9,20 - 24,3,1
"2290",2002,9,25 - 29,4,1
"2290",2002,9,30 - 34,2,5
"2290",2002,9,35 - 39,3,4
"2290",2002,9,40 - 44,9,10
"2290",2002,9,45 - 49,6,11
"2290",2002,9,50 - 54,6,16
"2290",2002,9,55 - 59,8,20
"2290",2002,9,60 - 64,12,21
"2290",2002,9,65 - 69,8,23
"2290",2002,9,70 - 74,18,20
"2290",2002,9,75 - 79,17,25
"2290",2002,9,80 - 84,31,21
"2290",2002,9,85 - 89,11,19
"2290",2002,9,90 - 94,12,5
"2290",2002,9,95+,6,3
"2290",2002,9,UNK,0,0
"2290",2002,10,Total,122,218
"2290",2002,10,0,0,0
"2290",2002,10,1,0,0
"2290",2002,10,2,0,0
"2290",2002,10,3,0,0
"2290",2002,10,4,0,0
"2290",2002,10,5 - 9,0,0
"2290",2002,10,10 - 14,1,0
"2290",2002,10,15 - 19,1,0
"2290",2002,10,20 - 24,1,4
"2290",2002,10,25 - 29,2,8
"2290",2002,10,30 - 34,5,6
"2290",2002,10,35 - 39,3,9
"2290",2002,10,40 - 44,8,3
"2290",2002,10,45 - 49,10,6
"2290",2002,10,50 - 54,9,4
"2290",2002,10,55 - 59,7,15
"2290",2002,10,60 - 64,6,7
"2290",2002,10,65 - 69,8,24
"2290",2002,10,70 - 74,12,26
"2290",2002,10,75 - 79,13,17
"2290",2002,10,80 - 84,10,29
"2290",2002,10,85 - 89,14,30
"2290",2002,10,90 - 94,6,22
"2290",2002,10,95+,6,8
"2290",2002,10,UNK,0,0
"2290",2002,11,Total,184,246
"2290",2002,11,0,136,188
"2290",2002,11,1,36,39
"2290",2002,11,2,3,4
"2290",2002,11,3,0,2
"2290",2002,11,4,0,2
"2290",2002,11,5 - 9,4,2
"2290",2002,11,10 - 14,1,3
"2290",2002,11,15 - 19,1,0
"2290",2002,11,20 - 24,0,1
"2290",2002,11,25 - 29,0,2
"2290",2002,11,30 - 34,0,0
"2290",2002,11,35 - 39,2,0
"2290",2002,11,40 - 44,1,0
"2290",2002,11,45 - 49,0,2
"2290",2002,11,50 - 54,0,0
"2290",2002,11,55 - 59,0,0
"2290",2002,11,60 - 64,0,0
"2290",2002,11,65 - 69,0,0
"2290",2002,11,70 - 74,0,1
"2290",2002,11,75 - 79,0,0
"2290",2002,11,80 - 84,0,0
"2290",2002,11,85 - 89,0,0
"2290",2002,11,90 - 94,0,0
"2290",2002,11,95+,0,0
"2290",2002,11,UNK,0,0
"2290",2002,12,Total,377,629
"2290",2002,12,0,1,1
"2290",2002,12,1,2,4
"2290",2002,12,2,2,1
"2290",2002,12,3,0,0
"2290",2002,12,4,0,0
"2290",2002,12,5 - 9,1,0
"2290",2002,12,10 - 14,2,4
"2290",2002,12,15 - 19,3,8
"2290",2002,12,20 - 24,2,6
"2290",2002,12,25 - 29,5,7
"2290",2002,12,30 - 34,5,16
"2290",2002,12,35 - 39,3,9
"2290",2002,12,40 - 44,9,14
"2290",2002,12,45 - 49,10,9
"2290",2002,12,50 - 54,10,20
"2290",2002,12,55 - 59,12,29
"2290",2002,12,60 - 64,12,54
"2290",2002,12,65 - 69,22,48
"2290",2002,12,70 - 74,32,91
"2290",2002,12,75 - 79,48,98
"2290",2002,12,80 - 84,59,74
"2290",2002,12,85 - 89,54,65
"2290",2002,12,90 - 94,45,45
"2290",2002,12,95+,38,26
"2290",2002,12,UNK,0,0
"2290",2002,13,Total,93,234
"2290",2002,13,0,0,1
"2290",2002,13,1,3,0
"2290",2002,13,2,0,1
"2290",2002,13,3,1,0
"2290",2002,13,4,0,2
"2290",2002,13,5 - 9,1,4
"2290",2002,13,10 - 14,1,1
"2290",2002,13,15 - 19,2,9
"2290",2002,13,20 - 24,3,21
"2290",2002,13,25 - 29,2,30
"2290",2002,13,30 - 34,1,21
"2290",2002,13,35 - 39,2,20
"2290",2002,13,40 - 44,3,25
"2290",2002,13,45 - 49,5,16
"2290",2002,13,50 - 54,1,7
"2290",2002,13,55 - 59,5,15
"2290",2002,13,60 - 64,4,17
"2290",2002,13,65 - 69,3,9
"2290",2002,13,70 - 74,14,10
"2290",2002,13,75 - 79,8,5
"2290",2002,13,80 - 84,5,9
"2290",2002,13,85 - 89,7,6
"2290",2002,13,90 - 94,15,4
"2290",2002,13,95+,7,1
"2290",2002,13,UNK,0,0
"2290",2002,14,Total,1,11
"2290",2002,14,0,0,0
"2290",2002,14,1,0,0
"2290",2002,14,2,0,0
"2290",2002,14,3,0,0
"2290",2002,14,4,0,0
"2290",2002,14,5 - 9,0,0
"2290",2002,14,10 - 14,0,0
"2290",2002,14,15 - 19,0,2
"2290",2002,14,20 - 24,0,1
"2290",2002,14,25 - 29,0,2
"2290",2002,14,30 - 34,1,3
"2290",2002,14,35 - 39,0,3
"2290",2002,14,40 - 44,0,0
"2290",2002,14,45 - 49,0,0
"2290",2002,14,50 - 54,0,0
"2290",2002,14,55 - 59,0,0
"2290",2002,14,60 - 64,0,0
"2290",2002,14,65 - 69,0,0
"2290",2002,14,70 - 74,0,0
"2290",2002,14,75 - 79,0,0
"2290",2002,14,80 - 84,0,0
"2290",2002,14,85 - 89,0,0
"2290",2002,14,90 - 94,0,0
"2290",2002,14,95+,0,0
"2290",2002,14,UNK,0,0
"2290",2003,1,Total,7083,7525
"2290",2003,1,0,129,171
"2290",2003,1,1,66,87
"2290",2003,1,2,13,15
"2290",2003,1,3,4,8
"2290",2003,1,4,6,12
"2290",2003,1,5 - 9,30,39
"2290",2003,1,10 - 14,20,31
"2290",2003,1,15 - 19,39,56
"2290",2003,1,20 - 24,72,82
"2290",2003,1,25 - 29,118,137
"2290",2003,1,30 - 34,141,190
"2290",2003,1,35 - 39,167,199
"2290",2003,1,40 - 44,229,214
"2290",2003,1,45 - 49,202,287
"2290",2003,1,50 - 54,267,295
"2290",2003,1,55 - 59,274,400
"2290",2003,1,60 - 64,403,520
"2290",2003,1,65 - 69,479,670
"2290",2003,1,70 - 74,679,846
"2290",2003,1,75 - 79,814,1002
"2290",2003,1,80 - 84,924,945
"2290",2003,1,85 - 89,891,699
"2290",2003,1,90 - 94,692,427
"2290",2003,1,95+,424,192
"2290",2003,1,UNK,0,1
"2290",2003,2,Total,303,415
"2290",2003,2,0,1,2
"2290",2003,2,1,13,11
"2290",2003,2,2,2,1
"2290",2003,2,3,0,2
"2290",2003,2,4,1,2
"2290",2003,2,5 - 9,2,7
"2290",2003,2,10 - 14,1,2
"2290",2003,2,15 - 19,3,0
"2290",2003,2,20 - 24,17,6
"2290",2003,2,25 - 29,26,33
"2290",2003,2,30 - 34,34,54
"2290",2003,2,35 - 39,40,56
"2290",2003,2,40 - 44,37,48
"2290",2003,2,45 - 49,14,37
"2290",2003,2,50 - 54,14,31
"2290",2003,2,55 - 59,11,26
"2290",2003,2,60 - 64,9,14
"2290",2003,2,65 - 69,6,12
"2290",2003,2,70 - 74,12,18
"2290",2003,2,75 - 79,11,9
"2290",2003,2,80 - 84,17,16
"2290",2003,2,85 - 89,13,11
"2290",2003,2,90 - 94,11,13
"2290",2003,2,95+,8,4
"2290",2003,2,UNK,0,0
"2290",2003,3,Total,1162,1561
"2290",2003,3,0,0,1
"2290",2003,3,1,5,4
"2290",2003,3,2,1,0
"2290",2003,3,3,2,3
"2290",2003,3,4,0,1
"2290",2003,3,5 - 9,3,13
"2290",2003,3,10 - 14,4,5
"2290",2003,3,15 - 19,3,6
"2290",2003,3,20 - 24,8,7
"2290",2003,3,25 - 29,14,13
"2290",2003,3,30 - 34,28,15
"2290",2003,3,35 - 39,39,15
"2290",2003,3,40 - 44,74,29
"2290",2003,3,45 - 49,59,55
"2290",2003,3,50 - 54,78,68
"2290",2003,3,55 - 59,86,100
"2290",2003,3,60 - 64,103,141
"2290",2003,3,65 - 69,92,201
"2290",2003,3,70 - 74,140,238
"2290",2003,3,75 - 79,140,235
"2290",2003,3,80 - 84,113,215
"2290",2003,3,85 - 89,90,113
"2290",2003,3,90 - 94,54,57
"2290",2003,3,95+,26,25
"2290",2003,3,UNK,0,1
"2290",2003,4,Total,2445,2147
"2290",2003,4,0,0,3
"2290",2003,4,1,2,3
"2290",2003,4,2,2,1
"2290",2003,4,3,0,0
"2290",2003,4,4,0,0
"2290",2003,4,5 - 9,2,2
"2290",2003,4,10 - 14,0,1
"2290",2003,4,15 - 19,4,2
"2290",2003,4,20 - 24,9,7
"2290",2003,4,25 - 29,10,5
"2290",2003,4,30 - 34,13,18
"2290",2003,4,35 - 39,24,17
"2290",2003,4,40 - 44,32,30
"2290",2003,4,45 - 49,48,56
"2290",2003,4,50 - 54,64,68
"2290",2003,4,55 - 59,65,110
"2290",2003,4,60 - 64,128,146
"2290",2003,4,65 - 69,169,205
"2290",2003,4,70 - 74,226,254
"2290",2003,4,75 - 79,322,346
"2290",2003,4,80 - 84,404,347
"2290",2003,4,85 - 89,392,263
"2290",2003,4,90 - 94,328,180
"2290",2003,4,95+,201,83
"2290",2003,4,UNK,0,0
"2290",2003,5,Total,749,872
"2290",2003,5,0,10,10
"2290",2003,5,1,10,4
"2290",2003,5,2,2,4
"2290",2003,5,3,0,2
"2290",2003,5,4,1,3
"2290",2003,5,5 - 9,6,4
"2290",2003,5,10 - 14,5,7
"2290",2003,5,15 - 19,10,22
"2290",2003,5,20 - 24,9,26
"2290",2003,5,25 - 29,18,38
"2290",2003,5,30 - 34,21,38
"2290",2003,5,35 - 39,20,27
"2290",2003,5,40 - 44,28,27
"2290",2003,5,45 - 49,24,47
"2290",2003,5,50 - 54,33,30
"2290",2003,5,55 - 59,22,37
"2290",2003,5,60 - 64,41,66
"2290",2003,5,65 - 69,42,71
"2290",2003,5,70 - 74,62,78
"2290",2003,5,75 - 79,72,93
"2290",2003,5,80 - 84,88,87
"2290",2003,5,85 - 89,72,73
"2290",2003,5,90 - 94,85,54
"2290",2003,5,95+,68,24
"2290",2003,5,UNK,0,0
"2290",2003,6,Total,15,18
"2290",2003,6,0,0,0
"2290",2003,6,1,0,0
"2290",2003,6,2,0,0
"2290",2003,6,3,0,0
"2290",2003,6,4,0,0
"2290",2003,6,5 - 9,0,0
"2290",2003,6,10 - 14,0,0
"2290",2003,6,15 - 19,0,0
"2290",2003,6,20 - 24,0,0
"2290",2003,6,25 - 29,0,0
"2290",2003,6,30 - 34,0,0
"2290",2003,6,35 - 39,1,1
"2290",2003,6,40 - 44,1,1
"2290",2003,6,45 - 49,1,0
"2290",2003,6,50 - 54,0,0
"2290",2003,6,55 - 59,0,1
"2290",2003,6,60 - 64,0,1
"2290",2003,6,65 - 69,0,1
"2290",2003,6,70 - 74,1,2
"2290",2003,6,75 - 79,3,2
"2290",2003,6,80 - 84,2,4
"2290",2003,6,85 - 89,2,2
"2290",2003,6,90 - 94,3,2
"2290",2003,6,95+,1,1
"2290",2003,6,UNK,0,0
"2290",2003,7,Total,126,133
"2290",2003,7,0,1,0
"2290",2003,7,1,4,4
"2290",2003,7,2,1,0
"2290",2003,7,3,1,0
"2290",2003,7,4,1,2
"2290",2003,7,5 - 9,7,3
"2290",2003,7,10 - 14,5,4
"2290",2003,7,15 - 19,1,5
"2290",2003,7,20 - 24,1,1
"2290",2003,7,25 - 29,6,2
"2290",2003,7,30 - 34,1,8
"2290",2003,7,35 - 39,6,2
"2290",2003,7,40 - 44,3,5
"2290",2003,7,45 - 49,1,4
"2290",2003,7,50 - 54,4,2
"2290",2003,7,55 - 59,2,5
"2290",2003,7,60 - 64,6,8
"2290",2003,7,65 - 69,9,9
"2290",2003,7,70 - 74,9,8
"2290",2003,7,75 - 79,11,16
"2290",2003,7,80 - 84,8,21
"2290",2003,7,85 - 89,22,17
"2290",2003,7,90 - 94,7,4
"2290",2003,7,95+,9,3
"2290",2003,7,UNK,0,0
"2290",2003,8,Total,1040,614
"2290",2003,8,0,0,0
"2290",2003,8,1,1,6
"2290",2003,8,2,1,2
"2290",2003,8,3,0,0
"2290",2003,8,4,0,1
"2290",2003,8,5 - 9,1,3
"2290",2003,8,10 - 14,0,0
"2290",2003,8,15 - 19,2,1
"2290",2003,8,20 - 24,1,2
"2290",2003,8,25 - 29,6,3
"2290",2003,8,30 - 34,6,1
"2290",2003,8,35 - 39,5,10
"2290",2003,8,40 - 44,11,5
"2290",2003,8,45 - 49,23,10
"2290",2003,8,50 - 54,32,26
"2290",2003,8,55 - 59,48,34
"2290",2003,8,60 - 64,75,53
"2290",2003,8,65 - 69,112,75
"2290",2003,8,70 - 74,156,83
"2290",2003,8,75 - 79,154,105
"2290",2003,8,80 - 84,157,84
"2290",2003,8,85 - 89,141,73
"2290",2003,8,90 - 94,73,27
"2290",2003,8,95+,35,10
"2290",2003,8,UNK,0,0
"2290",2003,9,Total,168,230
"2290",2003,9,0,0,2
"2290",2003,9,1,0,0
"2290",2003,9,2,0,1
"2290",2003,9,3,0,0
"2290",2003,9,4,0,0
"2290",2003,9,5 - 9,1,0
"2290",2003,9,10 - 14,0,0
"2290",2003,9,15 - 19,1,3
"2290",2003,9,20 - 24,3,2
"2290",2003,9,25 - 29,3,3
"2290",2003,9,30 - 34,4,2
"2290",2003,9,35 - 39,3,9
"2290",2003,9,40 - 44,7,6
"2290",2003,9,45 - 49,5,14
"2290",2003,9,50 - 54,11,22
"2290",2003,9,55 - 59,14,13
"2290",2003,9,60 - 64,9,18
"2290",2003,9,65 - 69,10,22
"2290",2003,9,70 - 74,14,32
"2290",2003,9,75 - 79,15,36
"2290",2003,9,80 - 84,25,22
"2290",2003,9,85 - 89,22,15
"2290",2003,9,90 - 94,16,5
"2290",2003,9,95+,5,3
"2290",2003,9,UNK,0,0
"2290",2003,10,Total,95,232
"2290",2003,10,0,0,1
"2290",2003,10,1,0,1
"2290",2003,10,2,0,1
"2290",2003,10,3,0,0
"2290",2003,10,4,1,0
"2290",2003,10,5 - 9,0,1
"2290",2003,10,10 - 14,0,0
"2290",2003,10,15 - 19,3,2
"2290",2003,10,20 - 24,2,0
"2290",2003,10,25 - 29,5,3
"2290",2003,10,30 - 34,4,5
"2290",2003,10,35 - 39,4,6
"2290",2003,10,40 - 44,5,5
"2290",2003,10,45 - 49,4,9
"2290",2003,10,50 - 54,3,5
"2290",2003,10,55 - 59,6,14
"2290",2003,10,60 - 64,3,15
"2290",2003,10,65 - 69,6,17
"2290",2003,10,70 - 74,8,34
"2290",2003,10,75 - 79,10,28
"2290",2003,10,80 - 84,11,25
"2290",2003,10,85 - 89,9,24
"2290",2003,10,90 - 94,9,24
"2290",2003,10,95+,2,12
"2290",2003,10,UNK,0,0
"2290",2003,11,Total,158,208
"2290",2003,11,0,117,151
"2290",2003,11,1,25,41
"2290",2003,11,2,3,2
"2290",2003,11,3,1,1
"2290",2003,11,4,1,2
"2290",2003,11,5 - 9,4,1
"2290",2003,11,10 - 14,1,1
"2290",2003,11,15 - 19,0,2
"2290",2003,11,20 - 24,0,1
"2290",2003,11,25 - 29,1,1
"2290",2003,11,30 - 34,0,0
"2290",2003,11,35 - 39,0,0
"2290",2003,11,40 - 44,1,0
"2290",2003,11,45 - 49,0,0
"2290",2003,11,50 - 54,0,2
"2290",2003,11,55 - 59,0,1
"2290",2003,11,60 - 64,1,0
"2290",2003,11,65 - 69,0,0
"2290",2003,11,70 - 74,1,0
"2290",2003,11,75 - 79,2,0
"2290",2003,11,80 - 84,0,2
"2290",2003,11,85 - 89,0,0
"2290",2003,11,90 - 94,0,0
"2290",2003,11,95+,0,0
"2290",2003,11,UNK,0,0
"2290",2003,12,Total,436,603
"2290",2003,12,0,0,1
"2290",2003,12,1,3,6
"2290",2003,12,2,1,3
"2290",2003,12,3,0,0
"2290",2003,12,4,0,0
"2290",2003,12,5 - 9,2,3
"2290",2003,12,10 - 14,1,1
"2290",2003,12,15 - 19,3,3
"2290",2003,12,20 - 24,1,4
"2290",2003,12,25 - 29,9,7
"2290",2003,12,30 - 34,5,10
"2290",2003,12,35 - 39,6,4
"2290",2003,12,40 - 44,4,15
"2290",2003,12,45 - 49,8,11
"2290",2003,12,50 - 54,13,14
"2290",2003,12,55 - 59,12,25
"2290",2003,12,60 - 64,13,36
"2290",2003,12,65 - 69,22,41
"2290",2003,12,70 - 74,30,83
"2290",2003,12,75 - 79,38,105
"2290",2003,12,80 - 84,63,92
"2290",2003,12,85 - 89,87,78
"2290",2003,12,90 - 94,68,38
"2290",2003,12,95+,47,23
"2290",2003,12,UNK,0,0
"2290",2003,13,Total,98,232
"2290",2003,13,0,0,0
"2290",2003,13,1,1,2
"2290",2003,13,2,0,0
"2290",2003,13,3,0,0
"2290",2003,13,4,0,0
"2290",2003,13,5 - 9,1,1
"2290",2003,13,10 - 14,1,5
"2290",2003,13,15 - 19,1,8
"2290",2003,13,20 - 24,4,20
"2290",2003,13,25 - 29,4,15
"2290",2003,13,30 - 34,5,17
"2290",2003,13,35 - 39,6,27
"2290",2003,13,40 - 44,2,21
"2290",2003,13,45 - 49,5,26
"2290",2003,13,50 - 54,0,12
"2290",2003,13,55 - 59,1,15
"2290",2003,13,60 - 64,4,16
"2290",2003,13,65 - 69,5,8
"2290",2003,13,70 - 74,4,10
"2290",2003,13,75 - 79,8,9
"2290",2003,13,80 - 84,15,11
"2290",2003,13,85 - 89,15,3
"2290",2003,13,90 - 94,9,5
"2290",2003,13,95+,7,1
"2290",2003,13,UNK,0,0
"2290",2003,14,Total,1,14
"2290",2003,14,0,0,0
"2290",2003,14,1,0,0
"2290",2003,14,2,0,0
"2290",2003,14,3,0,0
"2290",2003,14,4,0,0
"2290",2003,14,5 - 9,0,0
"2290",2003,14,10 - 14,0,1
"2290",2003,14,15 - 19,0,0
"2290",2003,14,20 - 24,0,0
"2290",2003,14,25 - 29,0,4
"2290",2003,14,30 - 34,0,2
"2290",2003,14,35 - 39,0,1
"2290",2003,14,40 - 44,1,4
"2290",2003,14,45 - 49,0,2
"2290",2003,14,50 - 54,0,0
"2290",2003,14,55 - 59,0,0
"2290",2003,14,60 - 64,0,0
"2290",2003,14,65 - 69,0,0
"2290",2003,14,70 - 74,0,0
"2290",2003,14,75 - 79,0,0
"2290",2003,14,80 - 84,0,0
"2290",2003,14,85 - 89,0,0
"2290",2003,14,90 - 94,0,0
"2290",2003,14,95+,0,0
"2290",2003,14,UNK,0,0
"2290",2004,1,Total,7138,7256
"2290",2004,1,0,132,164
"2290",2004,1,1,83,69
"2290",2004,1,2,9,6
"2290",2004,1,3,6,10
"2290",2004,1,4,10,4
"2290",2004,1,5 - 9,35,21
"2290",2004,1,10 - 14,21,30
"2290",2004,1,15 - 19,45,46
"2290",2004,1,20 - 24,74,81
"2290",2004,1,25 - 29,112,104
"2290",2004,1,30 - 34,121,149
"2290",2004,1,35 - 39,169,197
"2290",2004,1,40 - 44,217,228
"2290",2004,1,45 - 49,241,242
"2290",2004,1,50 - 54,242,297
"2290",2004,1,55 - 59,262,381
"2290",2004,1,60 - 64,395,529
"2290",2004,1,65 - 69,526,625
"2290",2004,1,70 - 74,673,906
"2290",2004,1,75 - 79,823,935
"2290",2004,1,80 - 84,950,909
"2290",2004,1,85 - 89,835,684
"2290",2004,1,90 - 94,736,454
"2290",2004,1,95+,420,185
"2290",2004,1,UNK,1,0
"2290",2004,2,Total,350,430
"2290",2004,2,0,5,2
"2290",2004,2,1,18,18
"2290",2004,2,2,2,1
"2290",2004,2,3,2,1
"2290",2004,2,4,0,1
"2290",2004,2,5 - 9,1,6
"2290",2004,2,10 - 14,4,2
"2290",2004,2,15 - 19,5,4
"2290",2004,2,20 - 24,25,5
"2290",2004,2,25 - 29,48,28
"2290",2004,2,30 - 34,43,45
"2290",2004,2,35 - 39,29,64
"2290",2004,2,40 - 44,33,69
"2290",2004,2,45 - 49,27,38
"2290",2004,2,50 - 54,10,32
"2290",2004,2,55 - 59,13,19
"2290",2004,2,60 - 64,10,15
"2290",2004,2,65 - 69,10,13
"2290",2004,2,70 - 74,4,14
"2290",2004,2,75 - 79,11,17
"2290",2004,2,80 - 84,13,15
"2290",2004,2,85 - 89,10,13
"2290",2004,2,90 - 94,18,5
"2290",2004,2,95+,9,3
"2290",2004,2,UNK,0,0
"2290",2004,3,Total,1288,1587
"2290",2004,3,0,1,0
"2290",2004,3,1,4,2
"2290",2004,3,2,0,1
"2290",2004,3,3,2,2
"2290",2004,3,4,1,1
"2290",2004,3,5 - 9,8,1
"2290",2004,3,10 - 14,5,5
"2290",2004,3,15 - 19,7,6
"2290",2004,3,20 - 24,9,8
"2290",2004,3,25 - 29,9,10
"2290",2004,3,30 - 34,20,13
"2290",2004,3,35 - 39,49,18
"2290",2004,3,40 - 44,72,29
"2290",2004,3,45 - 49,88,48
"2290",2004,3,50 - 54,91,76
"2290",2004,3,55 - 59,85,101
"2290",2004,3,60 - 64,118,156
"2290",2004,3,65 - 69,137,185
"2290",2004,3,70 - 74,159,259
"2290",2004,3,75 - 79,129,246
"2290",2004,3,80 - 84,136,200
"2290",2004,3,85 - 89,90,136
"2290",2004,3,90 - 94,56,65
"2290",2004,3,95+,12,19
"2290",2004,3,UNK,0,0
"2290",2004,4,Total,2610,2276
"2290",2004,4,0,0,0
"2290",2004,4,1,2,5
"2290",2004,4,2,1,0
"2290",2004,4,3,1,0
"2290",2004,4,4,3,0
"2290",2004,4,5 - 9,0,1
"2290",2004,4,10 - 14,2,4
"2290",2004,4,15 - 19,7,9
"2290",2004,4,20 - 24,9,6
"2290",2004,4,25 - 29,14,4
"2290",2004,4,30 - 34,13,17
"2290",2004,4,35 - 39,26,23
"2290",2004,4,40 - 44,42,34
"2290",2004,4,45 - 49,56,53
"2290",2004,4,50 - 54,55,73
"2290",2004,4,55 - 59,64,84
"2290",2004,4,60 - 64,116,179
"2290",2004,4,65 - 69,165,213
"2290",2004,4,70 - 74,246,324
"2290",2004,4,75 - 79,356,321
"2290",2004,4,80 - 84,446,382
"2290",2004,4,85 - 89,394,278
"2290",2004,4,90 - 94,381,192
"2290",2004,4,95+,210,74
"2290",2004,4,UNK,1,0
"2290",2004,5,Total,405,390
"2290",2004,5,0,2,5
"2290",2004,5,1,9,2
"2290",2004,5,2,1,1
"2290",2004,5,3,0,0
"2290",2004,5,4,1,1
"2290",2004,5,5 - 9,6,0
"2290",2004,5,10 - 14,2,9
"2290",2004,5,15 - 19,2,9
"2290",2004,5,20 - 24,3,11
"2290",2004,5,25 - 29,6,9
"2290",2004,5,30 - 34,7,11
"2290",2004,5,35 - 39,7,12
"2290",2004,5,40 - 44,9,14
"2290",2004,5,45 - 49,15,10
"2290",2004,5,50 - 54,10,11
"2290",2004,5,55 - 59,12,27
"2290",2004,5,60 - 64,13,19
"2290",2004,5,65 - 69,25,27
"2290",2004,5,70 - 74,22,36
"2290",2004,5,75 - 79,44,40
"2290",2004,5,80 - 84,47,47
"2290",2004,5,85 - 89,50,35
"2290",2004,5,90 - 94,66,32
"2290",2004,5,95+,46,22
"2290",2004,5,UNK,0,0
"2290",2004,6,Total,9,35
"2290",2004,6,0,0,0
"2290",2004,6,1,0,0
"2290",2004,6,2,0,0
"2290",2004,6,3,0,0
"2290",2004,6,4,0,0
"2290",2004,6,5 - 9,0,0
"2290",2004,6,10 - 14,0,0
"2290",2004,6,15 - 19,1,0
"2290",2004,6,20 - 24,0,0
"2290",2004,6,25 - 29,0,1
"2290",2004,6,30 - 34,0,0
"2290",2004,6,35 - 39,0,1
"2290",2004,6,40 - 44,0,0
"2290",2004,6,45 - 49,0,2
"2290",2004,6,50 - 54,0,2
"2290",2004,6,55 - 59,1,3
"2290",2004,6,60 - 64,1,4
"2290",2004,6,65 - 69,0,3
"2290",2004,6,70 - 74,1,3
"2290",2004,6,75 - 79,1,4
"2290",2004,6,80 - 84,2,3
"2290",2004,6,85 - 89,1,3
"2290",2004,6,90 - 94,0,5
"2290",2004,6,95+,1,1
"2290",2004,6,UNK,0,0
"2290",2004,7,Total,132,139
"2290",2004,7,0,4,2
"2290",2004,7,1,3,4
"2290",2004,7,2,1,1
"2290",2004,7,3,0,4
"2290",2004,7,4,2,0
"2290",2004,7,5 - 9,7,7
"2290",2004,7,10 - 14,2,1
"2290",2004,7,15 - 19,2,2
"2290",2004,7,20 - 24,3,6
"2290",2004,7,25 - 29,3,4
"2290",2004,7,30 - 34,3,5
"2290",2004,7,35 - 39,6,8
"2290",2004,7,40 - 44,4,3
"2290",2004,7,45 - 49,3,4
"2290",2004,7,50 - 54,4,7
"2290",2004,7,55 - 59,1,9
"2290",2004,7,60 - 64,1,3
"2290",2004,7,65 - 69,9,10
"2290",2004,7,70 - 74,10,7
"2290",2004,7,75 - 79,15,19
"2290",2004,7,80 - 84,11,15
"2290",2004,7,85 - 89,19,9
"2290",2004,7,90 - 94,15,8
"2290",2004,7,95+,4,1
"2290",2004,7,UNK,0,0
"2290",2004,8,Total,1207,704
"2290",2004,8,0,0,0
"2290",2004,8,1,3,2
"2290",2004,8,2,0,0
"2290",2004,8,3,0,0
"2290",2004,8,4,0,0
"2290",2004,8,5 - 9,0,0
"2290",2004,8,10 - 14,0,0
"2290",2004,8,15 - 19,2,0
"2290",2004,8,20 - 24,1,0
"2290",2004,8,25 - 29,3,2
"2290",2004,8,30 - 34,3,8
"2290",2004,8,35 - 39,11,4
"2290",2004,8,40 - 44,24,10
"2290",2004,8,45 - 49,21,23
"2290",2004,8,50 - 54,39,31
"2290",2004,8,55 - 59,60,55
"2290",2004,8,60 - 64,92,57
"2290",2004,8,65 - 69,133,63
"2290",2004,8,70 - 74,153,114
"2290",2004,8,75 - 79,177,118
"2290",2004,8,80 - 84,191,88
"2290",2004,8,85 - 89,149,78
"2290",2004,8,90 - 94,97,34
"2290",2004,8,95+,48,17
"2290",2004,8,UNK,0,0
"2290",2004,9,Total,149,232
"2290",2004,9,0,0,0
"2290",2004,9,1,0,2
"2290",2004,9,2,1,0
"2290",2004,9,3,0,0
"2290",2004,9,4,0,0
"2290",2004,9,5 - 9,0,1
"2290",2004,9,10 - 14,0,2
"2290",2004,9,15 - 19,2,2
"2290",2004,9,20 - 24,2,4
"2290",2004,9,25 - 29,3,3
"2290",2004,9,30 - 34,4,3
"2290",2004,9,35 - 39,2,9
"2290",2004,9,40 - 44,2,14
"2290",2004,9,45 - 49,6,10
"2290",2004,9,50 - 54,3,13
"2290",2004,9,55 - 59,4,19
"2290",2004,9,60 - 64,9,28
"2290",2004,9,65 - 69,9,23
"2290",2004,9,70 - 74,14,18
"2290",2004,9,75 - 79,25,20
"2290",2004,9,80 - 84,24,24
"2290",2004,9,85 - 89,17,22
"2290",2004,9,90 - 94,9,11
"2290",2004,9,95+,13,4
"2290",2004,9,UNK,0,0
"2290",2004,10,Total,110,199
"2290",2004,10,0,0,1
"2290",2004,10,1,2,0
"2290",2004,10,2,0,0
"2290",2004,10,3,0,1
"2290",2004,10,4,0,0
"2290",2004,10,5 - 9,0,0
"2290",2004,10,10 - 14,2,0
"2290",2004,10,15 - 19,1,2
"2290",2004,10,20 - 24,2,4
"2290",2004,10,25 - 29,2,5
"2290",2004,10,30 - 34,8,3
"2290",2004,10,35 - 39,10,7
"2290",2004,10,40 - 44,7,4
"2290",2004,10,45 - 49,4,5
"2290",2004,10,50 - 54,4,7
"2290",2004,10,55 - 59,6,7
"2290",2004,10,60 - 64,3,13
"2290",2004,10,65 - 69,10,14
"2290",2004,10,70 - 74,9,22
"2290",2004,10,75 - 79,7,34
"2290",2004,10,80 - 84,9,15
"2290",2004,10,85 - 89,11,22
"2290",2004,10,90 - 94,8,26
"2290",2004,10,95+,5,7
"2290",2004,10,UNK,0,0
"2290",2004,11,Total,161,189
"2290",2004,11,0,119,152
"2290",2004,11,1,29,29
"2290",2004,11,2,1,0
"2290",2004,11,3,0,0
"2290",2004,11,4,2,0
"2290",2004,11,5 - 9,1,2
"2290",2004,11,10 - 14,0,1
"2290",2004,11,15 - 19,1,0
"2290",2004,11,20 - 24,0,1
"2290",2004,11,25 - 29,0,0
"2290",2004,11,30 - 34,0,1
"2290",2004,11,35 - 39,1,0
"2290",2004,11,40 - 44,1,0
"2290",2004,11,45 - 49,2,0
"2290",2004,11,50 - 54,1,0
"2290",2004,11,55 - 59,0,2
"2290",2004,11,60 - 64,1,0
"2290",2004,11,65 - 69,1,0
"2290",2004,11,70 - 74,0,0
"2290",2004,11,75 - 79,0,0
"2290",2004,11,80 - 84,0,1
"2290",2004,11,85 - 89,0,0
"2290",2004,11,90 - 94,0,0
"2290",2004,11,95+,1,0
"2290",2004,11,UNK,0,0
"2290",2004,12,Total,364,599
"2290",2004,12,0,1,1
"2290",2004,12,1,6,2
"2290",2004,12,2,0,0
"2290",2004,12,3,0,0
"2290",2004,12,4,1,0
"2290",2004,12,5 - 9,6,1
"2290",2004,12,10 - 14,1,3
"2290",2004,12,15 - 19,3,2
"2290",2004,12,20 - 24,3,2
"2290",2004,12,25 - 29,6,1
"2290",2004,12,30 - 34,4,8
"2290",2004,12,35 - 39,5,13
"2290",2004,12,40 - 44,5,14
"2290",2004,12,45 - 49,4,17
"2290",2004,12,50 - 54,9,20
"2290",2004,12,55 - 59,8,31
"2290",2004,12,60 - 64,22,31
"2290",2004,12,65 - 69,15,58
"2290",2004,12,70 - 74,37,86
"2290",2004,12,75 - 79,36,90
"2290",2004,12,80 - 84,44,90
"2290",2004,12,85 - 89,59,57
"2290",2004,12,90 - 94,46,49
"2290",2004,12,95+,43,23
"2290",2004,12,UNK,0,0
"2290",2004,13,Total,98,261
"2290",2004,13,0,0,0
"2290",2004,13,1,2,2
"2290",2004,13,2,0,1
"2290",2004,13,3,0,1
"2290",2004,13,4,0,1
"2290",2004,13,5 - 9,1,2
"2290",2004,13,10 - 14,2,2
"2290",2004,13,15 - 19,2,6
"2290",2004,13,20 - 24,7,22
"2290",2004,13,25 - 29,4,26
"2290",2004,13,30 - 34,2,26
"2290",2004,13,35 - 39,6,21
"2290",2004,13,40 - 44,6,26
"2290",2004,13,45 - 49,5,19
"2290",2004,13,50 - 54,4,13
"2290",2004,13,55 - 59,1,15
"2290",2004,13,60 - 64,1,11
"2290",2004,13,65 - 69,4,10
"2290",2004,13,70 - 74,4,6
"2290",2004,13,75 - 79,7,10
"2290",2004,13,80 - 84,6,10
"2290",2004,13,85 - 89,16,14
"2290",2004,13,90 - 94,10,9
"2290",2004,13,95+,8,8
"2290",2004,13,UNK,0,0
"2290",2004,14,Total,3,7
"2290",2004,14,0,0,0
"2290",2004,14,1,0,0
"2290",2004,14,2,0,0
"2290",2004,14,3,0,0
"2290",2004,14,4,0,0
"2290",2004,14,5 - 9,0,0
"2290",2004,14,10 - 14,0,0
"2290",2004,14,15 - 19,1,0
"2290",2004,14,20 - 24,1,1
"2290",2004,14,25 - 29,0,1
"2290",2004,14,30 - 34,1,0
"2290",2004,14,35 - 39,0,1
"2290",2004,14,40 - 44,0,1
"2290",2004,14,45 - 49,0,0
"2290",2004,14,50 - 54,0,2
"2290",2004,14,55 - 59,0,0
"2290",2004,14,60 - 64,0,1
"2290",2004,14,65 - 69,0,0
"2290",2004,14,70 - 74,0,0
"2290",2004,14,75 - 79,0,0
"2290",2004,14,80 - 84,0,0
"2290",2004,14,85 - 89,0,0
"2290",2004,14,90 - 94,0,0
"2290",2004,14,95+,0,0
"2290",2004,14,UNK,0,0
"2290",2005,1,Total,7700,9627
"2290",2005,1,0,222,235
"2290",2005,1,1,17,17
"2290",2005,1,2,6,10
"2290",2005,1,3,6,6
"2290",2005,1,4,9,10
"2290",2005,1,5 - 9,31,41
"2290",2005,1,10 - 14,38,37
"2290",2005,1,15 - 19,50,200
"2290",2005,1,20 - 24,103,425
"2290",2005,1,25 - 29,149,416
"2290",2005,1,30 - 34,170,416
"2290",2005,1,35 - 39,223,397
"2290",2005,1,40 - 44,220,392
"2290",2005,1,45 - 49,267,354
"2290",2005,1,50 - 54,249,406
"2290",2005,1,55 - 59,268,410
"2290",2005,1,60 - 64,409,584
"2290",2005,1,65 - 69,491,666
"2290",2005,1,70 - 74,712,989
"2290",2005,1,75 - 79,875,1105
"2290",2005,1,80 - 84,1017,965
"2290",2005,1,85 - 89,913,681
"2290",2005,1,90 - 94,747,430
"2290",2005,1,95+,485,223
"2290",2005,1,UNK,23,212
"2290",2005,2,Total,364,407
"2290",2005,2,0,7,0
"2290",2005,2,1,1,3
"2290",2005,2,2,0,1
"2290",2005,2,3,1,0
"2290",2005,2,4,0,2
"2290",2005,2,5 - 9,4,4
"2290",2005,2,10 - 14,1,1
"2290",2005,2,15 - 19,2,4
"2290",2005,2,20 - 24,20,9
"2290",2005,2,25 - 29,36,18
"2290",2005,2,30 - 34,40,40
"2290",2005,2,35 - 39,41,45
"2290",2005,2,40 - 44,28,63
"2290",2005,2,45 - 49,23,41
"2290",2005,2,50 - 54,14,35
"2290",2005,2,55 - 59,10,28
"2290",2005,2,60 - 64,11,14
"2290",2005,2,65 - 69,12,15
"2290",2005,2,70 - 74,9,18
"2290",2005,2,75 - 79,17,22
"2290",2005,2,80 - 84,23,17
"2290",2005,2,85 - 89,23,8
"2290",2005,2,90 - 94,26,13
"2290",2005,2,95+,14,6
"2290",2005,2,UNK,1,0
"2290",2005,3,Total,1228,1613
"2290",2005,3,0,2,3
"2290",2005,3,1,4,0
"2290",2005,3,2,0,0
"2290",2005,3,3,1,0
"2290",2005,3,4,2,2
"2290",2005,3,5 - 9,1,9
"2290",2005,3,10 - 14,5,2
"2290",2005,3,15 - 19,2,4
"2290",2005,3,20 - 24,9,10
"2290",2005,3,25 - 29,17,10
"2290",2005,3,30 - 34,30,17
"2290",2005,3,35 - 39,38,22
"2290",2005,3,40 - 44,53,43
"2290",2005,3,45 - 49,95,66
"2290",2005,3,50 - 54,88,88
"2290",2005,3,55 - 59,87,101
"2290",2005,3,60 - 64,110,154
"2290",2005,3,65 - 69,127,184
"2290",2005,3,70 - 74,123,239
"2290",2005,3,75 - 79,143,274
"2290",2005,3,80 - 84,123,199
"2290",2005,3,85 - 89,87,113
"2290",2005,3,90 - 94,53,51
"2290",2005,3,95+,28,22
"2290",2005,3,UNK,0,0
"2290",2005,4,Total,2482,2077
"2290",2005,4,0,3,2
"2290",2005,4,1,3,0
"2290",2005,4,2,0,1
"2290",2005,4,3,1,0
"2290",2005,4,4,0,0
"2290",2005,4,5 - 9,5,0
"2290",2005,4,10 - 14,0,1
"2290",2005,4,15 - 19,3,5
"2290",2005,4,20 - 24,5,9
"2290",2005,4,25 - 29,13,7
"2290",2005,4,30 - 34,22,9
"2290",2005,4,35 - 39,25,14
"2290",2005,4,40 - 44,42,29
"2290",2005,4,45 - 49,44,50
"2290",2005,4,50 - 54,54,81
"2290",2005,4,55 - 59,55,103
"2290",2005,4,60 - 64,115,139
"2290",2005,4,65 - 69,150,176
"2290",2005,4,70 - 74,259,309
"2290",2005,4,75 - 79,339,336
"2290",2005,4,80 - 84,414,325
"2290",2005,4,85 - 89,398,236
"2290",2005,4,90 - 94,329,162
"2290",2005,4,95+,201,81
"2290",2005,4,UNK,2,2
"2290",2005,5,Total,794,874
"2290",2005,5,0,28,27
"2290",2005,5,1,2,1
"2290",2005,5,2,0,1
"2290",2005,5,3,1,0
"2290",2005,5,4,1,0
"2290",2005,5,5 - 9,5,3
"2290",2005,5,10 - 14,5,4
"2290",2005,5,15 - 19,0,9
"2290",2005,5,20 - 24,8,21
"2290",2005,5,25 - 29,8,17
"2290",2005,5,30 - 34,10,18
"2290",2005,5,35 - 39,22,22
"2290",2005,5,40 - 44,16,16
"2290",2005,5,45 - 49,16,22
"2290",2005,5,50 - 54,23,18
"2290",2005,5,55 - 59,23,24
"2290",2005,5,60 - 64,31,47
"2290",2005,5,65 - 69,38,56
"2290",2005,5,70 - 74,54,89
"2290",2005,5,75 - 79,72,121
"2290",2005,5,80 - 84,103,116
"2290",2005,5,85 - 89,113,119
"2290",2005,5,90 - 94,117,78
"2290",2005,5,95+,95,43
"2290",2005,5,UNK,3,2
"2290",2005,6,Total,25,24
"2290",2005,6,0,0,0
"2290",2005,6,1,0,0
"2290",2005,6,2,0,0
"2290",2005,6,3,0,0
"2290",2005,6,4,0,0
"2290",2005,6,5 - 9,0,0
"2290",2005,6,10 - 14,0,0
"2290",2005,6,15 - 19,0,0
"2290",2005,6,20 - 24,0,0
"2290",2005,6,25 - 29,0,0
"2290",2005,6,30 - 34,1,0
"2290",2005,6,35 - 39,1,1
"2290",2005,6,40 - 44,0,0
"2290",2005,6,45 - 49,0,0
"2290",2005,6,50 - 54,1,1
"2290",2005,6,55 - 59,0,0
"2290",2005,6,60 - 64,0,1
"2290",2005,6,65 - 69,0,2
"2290",2005,6,70 - 74,0,4
"2290",2005,6,75 - 79,1,3
"2290",2005,6,80 - 84,3,2
"2290",2005,6,85 - 89,6,6
"2290",2005,6,90 - 94,9,3
"2290",2005,6,95+,3,1
"2290",2005,6,UNK,0,0
"2290",2005,7,Total,134,130
"2290",2005,7,0,4,4
"2290",2005,7,1,1,2
"2290",2005,7,2,1,0
"2290",2005,7,3,0,1
"2290",2005,7,4,0,3
"2290",2005,7,5 - 9,1,5
"2290",2005,7,10 - 14,2,4
"2290",2005,7,15 - 19,3,3
"2290",2005,7,20 - 24,4,3
"2290",2005,7,25 - 29,1,4
"2290",2005,7,30 - 34,4,4
"2290",2005,7,35 - 39,8,2
"2290",2005,7,40 - 44,3,5
"2290",2005,7,45 - 49,6,8
"2290",2005,7,50 - 54,5,10
"2290",2005,7,55 - 59,3,4
"2290",2005,7,60 - 64,5,6
"2290",2005,7,65 - 69,6,9
"2290",2005,7,70 - 74,10,12
"2290",2005,7,75 - 79,16,9
"2290",2005,7,80 - 84,19,12
"2290",2005,7,85 - 89,15,15
"2290",2005,7,90 - 94,8,3
"2290",2005,7,95+,8,2
"2290",2005,7,UNK,1,0
"2290",2005,8,Total,1245,776
"2290",2005,8,0,1,2
"2290",2005,8,1,0,2
"2290",2005,8,2,0,0
"2290",2005,8,3,0,0
"2290",2005,8,4,0,0
"2290",2005,8,5 - 9,3,0
"2290",2005,8,10 - 14,3,0
"2290",2005,8,15 - 19,3,2
"2290",2005,8,20 - 24,5,0
"2290",2005,8,25 - 29,4,2
"2290",2005,8,30 - 34,5,7
"2290",2005,8,35 - 39,18,7
"2290",2005,8,40 - 44,25,14
"2290",2005,8,45 - 49,29,14
"2290",2005,8,50 - 54,33,33
"2290",2005,8,55 - 59,50,42
"2290",2005,8,60 - 64,81,68
"2290",2005,8,65 - 69,110,86
"2290",2005,8,70 - 74,180,136
"2290",2005,8,75 - 79,205,127
"2290",2005,8,80 - 84,203,104
"2290",2005,8,85 - 89,139,70
"2290",2005,8,90 - 94,100,45
"2290",2005,8,95+,48,15
"2290",2005,8,UNK,0,0
"2290",2005,9,Total,164,222
"2290",2005,9,0,0,1
"2290",2005,9,1,0,0
"2290",2005,9,2,0,0
"2290",2005,9,3,0,0
"2290",2005,9,4,0,0
"2290",2005,9,5 - 9,0,2
"2290",2005,9,10 - 14,3,3
"2290",2005,9,15 - 19,0,0
"2290",2005,9,20 - 24,4,1
"2290",2005,9,25 - 29,7,3
"2290",2005,9,30 - 34,4,5
"2290",2005,9,35 - 39,7,9
"2290",2005,9,40 - 44,4,6
"2290",2005,9,45 - 49,6,12
"2290",2005,9,50 - 54,6,16
"2290",2005,9,55 - 59,6,14
"2290",2005,9,60 - 64,10,24
"2290",2005,9,65 - 69,12,27
"2290",2005,9,70 - 74,19,28
"2290",2005,9,75 - 79,13,24
"2290",2005,9,80 - 84,19,29
"2290",2005,9,85 - 89,29,10
"2290",2005,9,90 - 94,11,3
"2290",2005,9,95+,4,5
"2290",2005,9,UNK,0,0
"2290",2005,10,Total,88,207
"2290",2005,10,0,0,1
"2290",2005,10,1,0,0
"2290",2005,10,2,0,0
"2290",2005,10,3,0,0
"2290",2005,10,4,0,1
"2290",2005,10,5 - 9,0,0
"2290",2005,10,10 - 14,1,0
"2290",2005,10,15 - 19,4,0
"2290",2005,10,20 - 24,1,1
"2290",2005,10,25 - 29,5,3
"2290",2005,10,30 - 34,3,1
"2290",2005,10,35 - 39,2,3
"2290",2005,10,40 - 44,6,4
"2290",2005,10,45 - 49,5,7
"2290",2005,10,50 - 54,3,9
"2290",2005,10,55 - 59,5,7
"2290",2005,10,60 - 64,7,10
"2290",2005,10,65 - 69,1,15
"2290",2005,10,70 - 74,7,25
"2290",2005,10,75 - 79,4,34
"2290",2005,10,80 - 84,8,32
"2290",2005,10,85 - 89,13,25
"2290",2005,10,90 - 94,7,17
"2290",2005,10,95+,6,12
"2290",2005,10,UNK,0,0
"2290",2005,11,Total,187,201
"2290",2005,11,0,171,185
"2290",2005,11,1,3,5
"2290",2005,11,2,1,4
"2290",2005,11,3,1,0
"2290",2005,11,4,2,0
"2290",2005,11,5 - 9,0,1
"2290",2005,11,10 - 14,1,1
"2290",2005,11,15 - 19,1,0
"2290",2005,11,20 - 24,0,0
"2290",2005,11,25 - 29,0,0
"2290",2005,11,30 - 34,0,1
"2290",2005,11,35 - 39,2,1
"2290",2005,11,40 - 44,1,0
"2290",2005,11,45 - 49,1,0
"2290",2005,11,50 - 54,0,0
"2290",2005,11,55 - 59,0,0
"2290",2005,11,60 - 64,1,1
"2290",2005,11,65 - 69,1,0
"2290",2005,11,70 - 74,0,0
"2290",2005,11,75 - 79,0,1
"2290",2005,11,80 - 84,1,0
"2290",2005,11,85 - 89,0,0
"2290",2005,11,90 - 94,0,0
"2290",2005,11,95+,0,1
"2290",2005,11,UNK,0,0
"2290",2005,12,Total,352,648
"2290",2005,12,0,3,5
"2290",2005,12,1,1,2
"2290",2005,12,2,1,2
"2290",2005,12,3,0,1
"2290",2005,12,4,2,0
"2290",2005,12,5 - 9,0,3
"2290",2005,12,10 - 14,0,1
"2290",2005,12,15 - 19,0,5
"2290",2005,12,20 - 24,2,5
"2290",2005,12,25 - 29,3,6
"2290",2005,12,30 - 34,4,7
"2290",2005,12,35 - 39,9,10
"2290",2005,12,40 - 44,6,8
"2290",2005,12,45 - 49,5,9
"2290",2005,12,50 - 54,4,30
"2290",2005,12,55 - 59,6,31
"2290",2005,12,60 - 64,16,51
"2290",2005,12,65 - 69,20,56
"2290",2005,12,70 - 74,33,81
"2290",2005,12,75 - 79,35,116
"2290",2005,12,80 - 84,57,100
"2290",2005,12,85 - 89,57,57
"2290",2005,12,90 - 94,49,34
"2290",2005,12,95+,39,28
"2290",2005,12,UNK,0,0
"2290",2005,13,Total,175,750
"2290",2005,13,0,1,3
"2290",2005,13,1,0,2
"2290",2005,13,2,1,1
"2290",2005,13,3,1,4
"2290",2005,13,4,1,1
"2290",2005,13,5 - 9,6,8
"2290",2005,13,10 - 14,8,9
"2290",2005,13,15 - 19,8,44
"2290",2005,13,20 - 24,6,96
"2290",2005,13,25 - 29,11,86
"2290",2005,13,30 - 34,12,67
"2290",2005,13,35 - 39,10,67
"2290",2005,13,40 - 44,11,48
"2290",2005,13,45 - 49,8,33
"2290",2005,13,50 - 54,3,29
"2290",2005,13,55 - 59,4,20
"2290",2005,13,60 - 64,6,32
"2290",2005,13,65 - 69,8,15
"2290",2005,13,70 - 74,2,27
"2290",2005,13,75 - 79,11,20
"2290",2005,13,80 - 84,12,11
"2290",2005,13,85 - 89,10,8
"2290",2005,13,90 - 94,13,5
"2290",2005,13,95+,16,0
"2290",2005,13,UNK,6,114
"2290",2005,14,Total,189,1486
"2290",2005,14,0,0,0
"2290",2005,14,1,1,0
"2290",2005,14,2,1,0
"2290",2005,14,3,0,0
"2290",2005,14,4,1,1
"2290",2005,14,5 - 9,5,3
"2290",2005,14,10 - 14,7,10
"2290",2005,14,15 - 19,17,122
"2290",2005,14,20 - 24,23,268
"2290",2005,14,25 - 29,32,251
"2290",2005,14,30 - 34,22,223
"2290",2005,14,35 - 39,17,177
"2290",2005,14,40 - 44,12,137
"2290",2005,14,45 - 49,16,73
"2290",2005,14,50 - 54,9,46
"2290",2005,14,55 - 59,7,27
"2290",2005,14,60 - 64,4,26
"2290",2005,14,65 - 69,1,12
"2290",2005,14,70 - 74,2,10
"2290",2005,14,75 - 79,1,3
"2290",2005,14,80 - 84,1,1
"2290",2005,14,85 - 89,0,1
"2290",2005,14,90 - 94,0,1
"2290",2005,14,95+,1,0
"2290",2005,14,UNK,9,94
"2290",2006,1,Total,6647,7035
"2290",2006,1,0,264,306
"2290",2006,1,1,12,13
"2290",2006,1,2,3,8
"2290",2006,1,3,5,7
"2290",2006,1,4,6,8
"2290",2006,1,5 - 9,19,22
"2290",2006,1,10 - 14,21,28
"2290",2006,1,15 - 19,31,57
"2290",2006,1,20 - 24,77,93
"2290",2006,1,25 - 29,91,98
"2290",2006,1,30 - 34,122,149
"2290",2006,1,35 - 39,153,191
"2290",2006,1,40 - 44,193,226
"2290",2006,1,45 - 49,220,228
"2290",2006,1,50 - 54,243,306
"2290",2006,1,55 - 59,292,392
"2290",2006,1,60 - 64,349,509
"2290",2006,1,65 - 69,430,614
"2290",2006,1,70 - 74,643,799
"2290",2006,1,75 - 79,825,911
"2290",2006,1,80 - 84,873,868
"2290",2006,1,85 - 89,741,615
"2290",2006,1,90 - 94,617,385
"2290",2006,1,95+,417,202
"2290",2006,1,UNK,0,0
"2290",2006,2,Total,258,342
"2290",2006,2,0,11,18
"2290",2006,2,1,3,2
"2290",2006,2,2,0,1
"2290",2006,2,3,1,0
"2290",2006,2,4,0,0
"2290",2006,2,5 - 9,0,2
"2290",2006,2,10 - 14,2,3
"2290",2006,2,15 - 19,3,4
"2290",2006,2,20 - 24,13,6
"2290",2006,2,25 - 29,20,11
"2290",2006,2,30 - 34,32,32
"2290",2006,2,35 - 39,30,51
"2290",2006,2,40 - 44,20,31
"2290",2006,2,45 - 49,13,39
"2290",2006,2,50 - 54,14,32
"2290",2006,2,55 - 59,15,25
"2290",2006,2,60 - 64,8,15
"2290",2006,2,65 - 69,12,20
"2290",2006,2,70 - 74,4,12
"2290",2006,2,75 - 79,15,15
"2290",2006,2,80 - 84,14,6
"2290",2006,2,85 - 89,10,11
"2290",2006,2,90 - 94,12,3
"2290",2006,2,95+,6,3
"2290",2006,2,UNK,0,0
"2290",2006,3,Total,1221,1622
"2290",2006,3,0,2,2
"2290",2006,3,1,1,1
"2290",2006,3,2,2,0
"2290",2006,3,3,0,2
"2290",2006,3,4,1,1
"2290",2006,3,5 - 9,1,2
"2290",2006,3,10 - 14,4,4
"2290",2006,3,15 - 19,3,6
"2290",2006,3,20 - 24,4,7
"2290",2006,3,25 - 29,17,6
"2290",2006,3,30 - 34,24,11
"2290",2006,3,35 - 39,45,22
"2290",2006,3,40 - 44,61,43
"2290",2006,3,45 - 49,76,46
"2290",2006,3,50 - 54,88,85
"2290",2006,3,55 - 59,81,106
"2290",2006,3,60 - 64,111,159
"2290",2006,3,65 - 69,106,208
"2290",2006,3,70 - 74,147,238
"2290",2006,3,75 - 79,155,239
"2290",2006,3,80 - 84,124,206
"2290",2006,3,85 - 89,101,139
"2290",2006,3,90 - 94,47,64
"2290",2006,3,95+,20,25
"2290",2006,3,UNK,0,0
"2290",2006,4,Total,2436,2108
"2290",2006,4,0,2,5
"2290",2006,4,1,1,0
"2290",2006,4,2,0,0
"2290",2006,4,3,0,0
"2290",2006,4,4,0,2
"2290",2006,4,5 - 9,4,0
"2290",2006,4,10 - 14,5,2
"2290",2006,4,15 - 19,1,4
"2290",2006,4,20 - 24,4,5
"2290",2006,4,25 - 29,10,6
"2290",2006,4,30 - 34,13,18
"2290",2006,4,35 - 39,23,23
"2290",2006,4,40 - 44,43,38
"2290",2006,4,45 - 49,57,55
"2290",2006,4,50 - 54,57,68
"2290",2006,4,55 - 59,87,114
"2290",2006,4,60 - 64,104,153
"2290",2006,4,65 - 69,152,182
"2290",2006,4,70 - 74,240,268
"2290",2006,4,75 - 79,345,311
"2290",2006,4,80 - 84,386,328
"2290",2006,4,85 - 89,367,259
"2290",2006,4,90 - 94,311,167
"2290",2006,4,95+,224,100
"2290",2006,4,UNK,0,0
"2290",2006,5,Total,160,153
"2290",2006,5,0,5,2
"2290",2006,5,1,1,1
"2290",2006,5,2,0,1
"2290",2006,5,3,1,0
"2290",2006,5,4,1,0
"2290",2006,5,5 - 9,2,0
"2290",2006,5,10 - 14,0,2
"2290",2006,5,15 - 19,3,2
"2290",2006,5,20 - 24,3,5
"2290",2006,5,25 - 29,2,4
"2290",2006,5,30 - 34,3,4
"2290",2006,5,35 - 39,4,3
"2290",2006,5,40 - 44,5,2
"2290",2006,5,45 - 49,2,8
"2290",2006,5,50 - 54,1,10
"2290",2006,5,55 - 59,4,5
"2290",2006,5,60 - 64,3,9
"2290",2006,5,65 - 69,4,7
"2290",2006,5,70 - 74,12,9
"2290",2006,5,75 - 79,10,12
"2290",2006,5,80 - 84,19,17
"2290",2006,5,85 - 89,20,11
"2290",2006,5,90 - 94,33,19
"2290",2006,5,95+,22,20
"2290",2006,5,UNK,0,0
"2290",2006,6,Total,13,23
"2290",2006,6,0,0,0
"2290",2006,6,1,0,0
"2290",2006,6,2,0,0
"2290",2006,6,3,0,0
"2290",2006,6,4,0,0
"2290",2006,6,5 - 9,0,0
"2290",2006,6,10 - 14,0,0
"2290",2006,6,15 - 19,0,0
"2290",2006,6,20 - 24,0,0
"2290",2006,6,25 - 29,0,0
"2290",2006,6,30 - 34,0,1
"2290",2006,6,35 - 39,0,0
"2290",2006,6,40 - 44,0,2
"2290",2006,6,45 - 49,1,1
"2290",2006,6,50 - 54,0,1
"2290",2006,6,55 - 59,0,2
"2290",2006,6,60 - 64,0,1
"2290",2006,6,65 - 69,1,3
"2290",2006,6,70 - 74,3,2
"2290",2006,6,75 - 79,0,1
"2290",2006,6,80 - 84,2,5
"2290",2006,6,85 - 89,1,2
"2290",2006,6,90 - 94,3,1
"2290",2006,6,95+,2,1
"2290",2006,6,UNK,0,0
"2290",2006,7,Total,137,171
"2290",2006,7,0,4,6
"2290",2006,7,1,1,1
"2290",2006,7,2,0,2
"2290",2006,7,3,1,1
"2290",2006,7,4,0,0
"2290",2006,7,5 - 9,1,8
"2290",2006,7,10 - 14,1,3
"2290",2006,7,15 - 19,2,3
"2290",2006,7,20 - 24,0,7
"2290",2006,7,25 - 29,3,2
"2290",2006,7,30 - 34,3,8
"2290",2006,7,35 - 39,6,7
"2290",2006,7,40 - 44,7,6
"2290",2006,7,45 - 49,10,7
"2290",2006,7,50 - 54,7,7
"2290",2006,7,55 - 59,6,5
"2290",2006,7,60 - 64,2,9
"2290",2006,7,65 - 69,7,14
"2290",2006,7,70 - 74,7,12
"2290",2006,7,75 - 79,19,27
"2290",2006,7,80 - 84,19,21
"2290",2006,7,85 - 89,13,10
"2290",2006,7,90 - 94,12,4
"2290",2006,7,95+,6,1
"2290",2006,7,UNK,0,0
"2290",2006,8,Total,1188,734
"2290",2006,8,0,3,5
"2290",2006,8,1,0,0
"2290",2006,8,2,0,0
"2290",2006,8,3,0,0
"2290",2006,8,4,0,0
"2290",2006,8,5 - 9,0,0
"2290",2006,8,10 - 14,1,0
"2290",2006,8,15 - 19,3,2
"2290",2006,8,20 - 24,10,3
"2290",2006,8,25 - 29,6,2
"2290",2006,8,30 - 34,3,9
"2290",2006,8,35 - 39,5,7
"2290",2006,8,40 - 44,17,14
"2290",2006,8,45 - 49,27,13
"2290",2006,8,50 - 54,39,30
"2290",2006,8,55 - 59,69,46
"2290",2006,8,60 - 64,86,55
"2290",2006,8,65 - 69,100,89
"2290",2006,8,70 - 74,153,97
"2290",2006,8,75 - 79,192,133
"2290",2006,8,80 - 84,195,103
"2290",2006,8,85 - 89,131,67
"2290",2006,8,90 - 94,102,42
"2290",2006,8,95+,46,17
"2290",2006,8,UNK,0,0
"2290",2006,9,Total,167,234
"2290",2006,9,0,1,2
"2290",2006,9,1,1,3
"2290",2006,9,2,0,0
"2290",2006,9,3,0,1
"2290",2006,9,4,3,0
"2290",2006,9,5 - 9,0,0
"2290",2006,9,10 - 14,1,1
"2290",2006,9,15 - 19,1,1
"2290",2006,9,20 - 24,2,4
"2290",2006,9,25 - 29,4,5
"2290",2006,9,30 - 34,5,4
"2290",2006,9,35 - 39,5,5
"2290",2006,9,40 - 44,6,4
"2290",2006,9,45 - 49,4,5
"2290",2006,9,50 - 54,7,11
"2290",2006,9,55 - 59,6,24
"2290",2006,9,60 - 64,10,26
"2290",2006,9,65 - 69,10,17
"2290",2006,9,70 - 74,23,29
"2290",2006,9,75 - 79,21,25
"2290",2006,9,80 - 84,23,28
"2290",2006,9,85 - 89,9,24
"2290",2006,9,90 - 94,20,12
"2290",2006,9,95+,5,3
"2290",2006,9,UNK,0,0
"2290",2006,10,Total,73,214
"2290",2006,10,0,0,0
"2290",2006,10,1,0,0
"2290",2006,10,2,0,0
"2290",2006,10,3,0,0
"2290",2006,10,4,0,0
"2290",2006,10,5 - 9,0,0
"2290",2006,10,10 - 14,1,1
"2290",2006,10,15 - 19,0,2
"2290",2006,10,20 - 24,1,1
"2290",2006,10,25 - 29,0,0
"2290",2006,10,30 - 34,4,1
"2290",2006,10,35 - 39,1,2
"2290",2006,10,40 - 44,6,5
"2290",2006,10,45 - 49,4,1
"2290",2006,10,50 - 54,5,11
"2290",2006,10,55 - 59,3,9
"2290",2006,10,60 - 64,4,15
"2290",2006,10,65 - 69,4,17
"2290",2006,10,70 - 74,7,30
"2290",2006,10,75 - 79,7,36
"2290",2006,10,80 - 84,8,28
"2290",2006,10,85 - 89,8,31
"2290",2006,10,90 - 94,6,15
"2290",2006,10,95+,4,9
"2290",2006,10,UNK,0,0
"2290",2006,11,Total,246,276
"2290",2006,11,0,228,259
"2290",2006,11,1,2,0
"2290",2006,11,2,0,1
"2290",2006,11,3,1,3
"2290",2006,11,4,1,0
"2290",2006,11,5 - 9,1,1
"2290",2006,11,10 - 14,0,0
"2290",2006,11,15 - 19,0,1
"2290",2006,11,20 - 24,1,0
"2290",2006,11,25 - 29,3,1
"2290",2006,11,30 - 34,1,0
"2290",2006,11,35 - 39,0,0
"2290",2006,11,40 - 44,0,2
"2290",2006,11,45 - 49,2,0
"2290",2006,11,50 - 54,0,1
"2290",2006,11,55 - 59,0,2
"2290",2006,11,60 - 64,0,2
"2290",2006,11,65 - 69,2,0
"2290",2006,11,70 - 74,2,0
"2290",2006,11,75 - 79,1,0
"2290",2006,11,80 - 84,0,2
"2290",2006,11,85 - 89,1,1
"2290",2006,11,90 - 94,0,0
"2290",2006,11,95+,0,0
"2290",2006,11,UNK,0,0
"2290",2006,12,Total,284,480
"2290",2006,12,0,5,4
"2290",2006,12,1,0,4
"2290",2006,12,2,0,0
"2290",2006,12,3,1,0
"2290",2006,12,4,0,2
"2290",2006,12,5 - 9,4,2
"2290",2006,12,10 - 14,1,2
"2290",2006,12,15 - 19,3,3
"2290",2006,12,20 - 24,5,1
"2290",2006,12,25 - 29,4,3
"2290",2006,12,30 - 34,4,4
"2290",2006,12,35 - 39,7,6
"2290",2006,12,40 - 44,7,12
"2290",2006,12,45 - 49,6,10
"2290",2006,12,50 - 54,7,12
"2290",2006,12,55 - 59,7,17
"2290",2006,12,60 - 64,10,34
"2290",2006,12,65 - 69,18,34
"2290",2006,12,70 - 74,25,72
"2290",2006,12,75 - 79,27,78
"2290",2006,12,80 - 84,36,88
"2290",2006,12,85 - 89,36,43
"2290",2006,12,90 - 94,36,35
"2290",2006,12,95+,35,14
"2290",2006,12,UNK,0,0
"2290",2006,13,Total,151,435
"2290",2006,13,0,3,0
"2290",2006,13,1,1,1
"2290",2006,13,2,1,3
"2290",2006,13,3,0,0
"2290",2006,13,4,0,1
"2290",2006,13,5 - 9,6,7
"2290",2006,13,10 - 14,3,7
"2290",2006,13,15 - 19,6,22
"2290",2006,13,20 - 24,12,44
"2290",2006,13,25 - 29,8,48
"2290",2006,13,30 - 34,8,46
"2290",2006,13,35 - 39,8,48
"2290",2006,13,40 - 44,8,46
"2290",2006,13,45 - 49,8,29
"2290",2006,13,50 - 54,7,29
"2290",2006,13,55 - 59,5,23
"2290",2006,13,60 - 64,1,20
"2290",2006,13,65 - 69,5,12
"2290",2006,13,70 - 74,8,11
"2290",2006,13,75 - 79,11,15
"2290",2006,13,80 - 84,11,7
"2290",2006,13,85 - 89,7,5
"2290",2006,13,90 - 94,7,6
"2290",2006,13,95+,17,5
"2290",2006,13,UNK,0,0
"2290",2006,14,Total,4,15
"2290",2006,14,0,0,0
"2290",2006,14,1,0,0
"2290",2006,14,2,0,0
"2290",2006,14,3,0,0
"2290",2006,14,4,0,0
"2290",2006,14,5 - 9,0,0
"2290",2006,14,10 - 14,0,0
"2290",2006,14,15 - 19,1,1
"2290",2006,14,20 - 24,1,3
"2290",2006,14,25 - 29,0,1
"2290",2006,14,30 - 34,1,1
"2290",2006,14,35 - 39,1,5
"2290",2006,14,40 - 44,0,1
"2290",2006,14,45 - 49,0,1
"2290",2006,14,50 - 54,0,0
"2290",2006,14,55 - 59,0,1
"2290",2006,14,60 - 64,0,0
"2290",2006,14,65 - 69,0,0
"2290",2006,14,70 - 74,0,0
"2290",2006,14,75 - 79,0,0
"2290",2006,14,80 - 84,0,1
"2290",2006,14,85 - 89,0,0
"2290",2006,14,90 - 94,0,0
"2290",2006,14,95+,0,0
"2290",2006,14,UNK,0,0
"2290",2009,1,Total,7541,9627
"2290",2009,1,0,276,353
"2290",2009,1,1,15,19
"2290",2009,1,2,14,10
"2290",2009,1,3,9,8
"2290",2009,1,4,4,7
"2290",2009,1,5 - 9,23,25
"2290",2009,1,10 - 14,38,52
"2290",2009,1,15 - 19,69,239
"2290",2009,1,20 - 24,82,380
"2290",2009,1,25 - 29,107,464
"2290",2009,1,30 - 34,136,322
"2290",2009,1,35 - 39,194,329
"2290",2009,1,40 - 44,231,384
"2290",2009,1,45 - 49,254,347
"2290",2009,1,50 - 54,313,402
"2290",2009,1,55 - 59,312,475
"2290",2009,1,60 - 64,390,590
"2290",2009,1,65 - 69,485,720
"2290",2009,1,70 - 74,647,863
"2290",2009,1,75 - 79,823,1036
"2290",2009,1,80 - 84,979,1018
"2290",2009,1,85 - 89,939,754
"2290",2009,1,90 - 94,663,405
"2290",2009,1,95+,520,259
"2290",2009,1,UNK,18,166
"2290",2009,2,Total,327,455
"2290",2009,2,0,8,8
"2290",2009,2,1,1,1
"2290",2009,2,2,1,2
"2290",2009,2,3,0,0
"2290",2009,2,4,1,0
"2290",2009,2,5 - 9,0,2
"2290",2009,2,10 - 14,1,1
"2290",2009,2,15 - 19,5,5
"2290",2009,2,20 - 24,7,11
"2290",2009,2,25 - 29,19,22
"2290",2009,2,30 - 34,28,26
"2290",2009,2,35 - 39,39,47
"2290",2009,2,40 - 44,24,50
"2290",2009,2,45 - 49,18,46
"2290",2009,2,50 - 54,18,49
"2290",2009,2,55 - 59,15,34
"2290",2009,2,60 - 64,12,17
"2290",2009,2,65 - 69,20,17
"2290",2009,2,70 - 74,13,20
"2290",2009,2,75 - 79,18,28
"2290",2009,2,80 - 84,22,28
"2290",2009,2,85 - 89,22,13
"2290",2009,2,90 - 94,22,12
"2290",2009,2,95+,12,11
"2290",2009,2,UNK,1,5
"2290",2009,3,Total,1405,1802
"2290",2009,3,0,1,0
"2290",2009,3,1,1,3
"2290",2009,3,2,2,1
"2290",2009,3,3,1,1
"2290",2009,3,4,1,2
"2290",2009,3,5 - 9,2,2
"2290",2009,3,10 - 14,5,4
"2290",2009,3,15 - 19,5,6
"2290",2009,3,20 - 24,15,5
"2290",2009,3,25 - 29,12,14
"2290",2009,3,30 - 34,26,12
"2290",2009,3,35 - 39,50,11
"2290",2009,3,40 - 44,86,39
"2290",2009,3,45 - 49,89,53
"2290",2009,3,50 - 54,125,95
"2290",2009,3,55 - 59,114,112
"2290",2009,3,60 - 64,144,194
"2290",2009,3,65 - 69,135,226
"2290",2009,3,70 - 74,153,254
"2290",2009,3,75 - 79,147,251
"2290",2009,3,80 - 84,134,254
"2290",2009,3,85 - 89,93,163
"2290",2009,3,90 - 94,40,63
"2290",2009,3,95+,24,36
"2290",2009,3,UNK,0,1
"2290",2009,4,Total,2665,2371
"2290",2009,4,0,1,7
"2290",2009,4,1,2,0
"2290",2009,4,2,0,0
"2290",2009,4,3,0,0
"2290",2009,4,4,0,0
"2290",2009,4,5 - 9,2,1
"2290",2009,4,10 - 14,5,2
"2290",2009,4,15 - 19,4,3
"2290",2009,4,20 - 24,7,14
"2290",2009,4,25 - 29,10,10
"2290",2009,4,30 - 34,15,11
"2290",2009,4,35 - 39,33,22
"2290",2009,4,40 - 44,36,36
"2290",2009,4,45 - 49,55,52
"2290",2009,4,50 - 54,74,85
"2290",2009,4,55 - 59,77,123
"2290",2009,4,60 - 64,99,171
"2290",2009,4,65 - 69,163,204
"2290",2009,4,70 - 74,220,296
"2290",2009,4,75 - 79,340,361
"2290",2009,4,80 - 84,460,378
"2290",2009,4,85 - 89,468,298
"2290",2009,4,90 - 94,339,160
"2290",2009,4,95+,252,121
"2290",2009,4,UNK,3,16
"2290",2009,5,Total,98,77
"2290",2009,5,0,2,0
"2290",2009,5,1,1,1
"2290",2009,5,2,1,1
"2290",2009,5,3,0,1
"2290",2009,5,4,0,0
"2290",2009,5,5 - 9,0,0
"2290",2009,5,10 - 14,0,0
"2290",2009,5,15 - 19,1,0
"2290",2009,5,20 - 24,1,1
"2290",2009,5,25 - 29,1,2
"2290",2009,5,30 - 34,1,0
"2290",2009,5,35 - 39,0,3
"2290",2009,5,40 - 44,3,3
"2290",2009,5,45 - 49,2,2
"2290",2009,5,50 - 54,1,2
"2290",2009,5,55 - 59,0,3
"2290",2009,5,60 - 64,2,4
"2290",2009,5,65 - 69,0,3
"2290",2009,5,70 - 74,3,5
"2290",2009,5,75 - 79,1,9
"2290",2009,5,80 - 84,10,10
"2290",2009,5,85 - 89,10,4
"2290",2009,5,90 - 94,16,9
"2290",2009,5,95+,42,13
"2290",2009,5,UNK,0,1
"2290",2009,6,Total,47,47
"2290",2009,6,0,0,0
"2290",2009,6,1,0,0
"2290",2009,6,2,0,0
"2290",2009,6,3,0,0
"2290",2009,6,4,0,0
"2290",2009,6,5 - 9,0,0
"2290",2009,6,10 - 14,0,0
"2290",2009,6,15 - 19,0,0
"2290",2009,6,20 - 24,0,1
"2290",2009,6,25 - 29,1,0
"2290",2009,6,30 - 34,0,0
"2290",2009,6,35 - 39,0,0
"2290",2009,6,40 - 44,0,2
"2290",2009,6,45 - 49,1,2
"2290",2009,6,50 - 54,3,2
"2290",2009,6,55 - 59,0,5
"2290",2009,6,60 - 64,3,1
"2290",2009,6,65 - 69,1,3
"2290",2009,6,70 - 74,2,8
"2290",2009,6,75 - 79,7,7
"2290",2009,6,80 - 84,7,6
"2290",2009,6,85 - 89,7,5
"2290",2009,6,90 - 94,6,1
"2290",2009,6,95+,9,2
"2290",2009,6,UNK,0,2
"2290",2009,7,Total,161,191
"2290",2009,7,0,5,5
"2290",2009,7,1,3,2
"2290",2009,7,2,2,1
"2290",2009,7,3,3,0
"2290",2009,7,4,2,0
"2290",2009,7,5 - 9,2,6
"2290",2009,7,10 - 14,5,5
"2290",2009,7,15 - 19,5,6
"2290",2009,7,20 - 24,3,5
"2290",2009,7,25 - 29,3,3
"2290",2009,7,30 - 34,2,1
"2290",2009,7,35 - 39,4,10
"2290",2009,7,40 - 44,3,7
"2290",2009,7,45 - 49,7,7
"2290",2009,7,50 - 54,6,9
"2290",2009,7,55 - 59,6,7
"2290",2009,7,60 - 64,1,8
"2290",2009,7,65 - 69,8,18
"2290",2009,7,70 - 74,13,16
"2290",2009,7,75 - 79,8,27
"2290",2009,7,80 - 84,31,25
"2290",2009,7,85 - 89,21,14
"2290",2009,7,90 - 94,11,4
"2290",2009,7,95+,7,4
"2290",2009,7,UNK,0,1
"2290",2009,8,Total,1244,786
"2290",2009,8,0,5,2
"2290",2009,8,1,0,1
"2290",2009,8,2,0,0
"2290",2009,8,3,1,0
"2290",2009,8,4,0,0
"2290",2009,8,5 - 9,1,0
"2290",2009,8,10 - 14,1,0
"2290",2009,8,15 - 19,0,2
"2290",2009,8,20 - 24,3,1
"2290",2009,8,25 - 29,1,1
"2290",2009,8,30 - 34,8,1
"2290",2009,8,35 - 39,12,6
"2290",2009,8,40 - 44,17,12
"2290",2009,8,45 - 49,25,20
"2290",2009,8,50 - 54,39,38
"2290",2009,8,55 - 59,54,38
"2290",2009,8,60 - 64,74,58
"2290",2009,8,65 - 69,105,95
"2290",2009,8,70 - 74,158,103
"2290",2009,8,75 - 79,178,135
"2290",2009,8,80 - 84,198,128
"2290",2009,8,85 - 89,180,84
"2290",2009,8,90 - 94,112,39
"2290",2009,8,95+,70,20
"2290",2009,8,UNK,2,2
"2290",2009,9,Total,172,225
"2290",2009,9,0,3,3
"2290",2009,9,1,0,1
"2290",2009,9,2,0,0
"2290",2009,9,3,0,0
"2290",2009,9,4,0,0
"2290",2009,9,5 - 9,0,1
"2290",2009,9,10 - 14,1,2
"2290",2009,9,15 - 19,4,0
"2290",2009,9,20 - 24,1,3
"2290",2009,9,25 - 29,4,3
"2290",2009,9,30 - 34,3,1
"2290",2009,9,35 - 39,2,5
"2290",2009,9,40 - 44,7,10
"2290",2009,9,45 - 49,12,13
"2290",2009,9,50 - 54,6,10
"2290",2009,9,55 - 59,3,20
"2290",2009,9,60 - 64,11,23
"2290",2009,9,65 - 69,13,21
"2290",2009,9,70 - 74,12,17
"2290",2009,9,75 - 79,28,24
"2290",2009,9,80 - 84,20,24
"2290",2009,9,85 - 89,13,23
"2290",2009,9,90 - 94,21,19
"2290",2009,9,95+,7,2
"2290",2009,9,UNK,1,0
"2290",2009,10,Total,93,249
"2290",2009,10,0,0,2
"2290",2009,10,1,0,0
"2290",2009,10,2,0,0
"2290",2009,10,3,0,0
"2290",2009,10,4,0,0
"2290",2009,10,5 - 9,0,1
"2290",2009,10,10 - 14,2,2
"2290",2009,10,15 - 19,0,1
"2290",2009,10,20 - 24,1,1
"2290",2009,10,25 - 29,2,2
"2290",2009,10,30 - 34,2,3
"2290",2009,10,35 - 39,6,3
"2290",2009,10,40 - 44,3,7
"2290",2009,10,45 - 49,5,11
"2290",2009,10,50 - 54,3,6
"2290",2009,10,55 - 59,5,11
"2290",2009,10,60 - 64,4,13
"2290",2009,10,65 - 69,5,24
"2290",2009,10,70 - 74,7,25
"2290",2009,10,75 - 79,10,31
"2290",2009,10,80 - 84,7,32
"2290",2009,10,85 - 89,12,34
"2290",2009,10,90 - 94,8,27
"2290",2009,10,95+,11,11
"2290",2009,10,UNK,0,2
"2290",2009,11,Total,278,343
"2290",2009,11,0,243,310
"2290",2009,11,1,6,0
"2290",2009,11,2,4,2
"2290",2009,11,3,2,0
"2290",2009,11,4,0,1
"2290",2009,11,5 - 9,5,1
"2290",2009,11,10 - 14,1,4
"2290",2009,11,15 - 19,1,5
"2290",2009,11,20 - 24,1,2
"2290",2009,11,25 - 29,1,3
"2290",2009,11,30 - 34,1,2
"2290",2009,11,35 - 39,2,2
"2290",2009,11,40 - 44,2,1
"2290",2009,11,45 - 49,2,3
"2290",2009,11,50 - 54,2,2
"2290",2009,11,55 - 59,0,0
"2290",2009,11,60 - 64,0,0
"2290",2009,11,65 - 69,1,2
"2290",2009,11,70 - 74,2,1
"2290",2009,11,75 - 79,0,0
"2290",2009,11,80 - 84,1,1
"2290",2009,11,85 - 89,1,0
"2290",2009,11,90 - 94,0,0
"2290",2009,11,95+,0,0
"2290",2009,11,UNK,0,1
"2290",2009,12,Total,385,601
"2290",2009,12,0,7,9
"2290",2009,12,1,0,4
"2290",2009,12,2,0,0
"2290",2009,12,3,0,1
"2290",2009,12,4,0,0
"2290",2009,12,5 - 9,2,2
"2290",2009,12,10 - 14,0,4
"2290",2009,12,15 - 19,2,1
"2290",2009,12,20 - 24,3,2
"2290",2009,12,25 - 29,3,3
"2290",2009,12,30 - 34,9,2
"2290",2009,12,35 - 39,9,9
"2290",2009,12,40 - 44,6,6
"2290",2009,12,45 - 49,7,7
"2290",2009,12,50 - 54,8,11
"2290",2009,12,55 - 59,10,25
"2290",2009,12,60 - 64,13,42
"2290",2009,12,65 - 69,14,49
"2290",2009,12,70 - 74,36,68
"2290",2009,12,75 - 79,45,108
"2290",2009,12,80 - 84,53,93
"2290",2009,12,85 - 89,61,72
"2290",2009,12,90 - 94,51,52
"2290",2009,12,95+,44,29
"2290",2009,12,UNK,2,2
"2290",2009,13,Total,244,877
"2290",2009,13,0,1,4
"2290",2009,13,1,1,4
"2290",2009,13,2,2,1
"2290",2009,13,3,1,4
"2290",2009,13,4,0,4
"2290",2009,13,5 - 9,7,7
"2290",2009,13,10 - 14,4,18
"2290",2009,13,15 - 19,23,69
"2290",2009,13,20 - 24,9,95
"2290",2009,13,25 - 29,15,123
"2290",2009,13,30 - 34,11,73
"2290",2009,13,35 - 39,10,76
"2290",2009,13,40 - 44,14,66
"2290",2009,13,45 - 49,9,41
"2290",2009,13,50 - 54,12,30
"2290",2009,13,55 - 59,8,42
"2290",2009,13,60 - 64,11,30
"2290",2009,13,65 - 69,9,27
"2290",2009,13,70 - 74,10,24
"2290",2009,13,75 - 79,14,28
"2290",2009,13,80 - 84,14,17
"2290",2009,13,85 - 89,14,14
"2290",2009,13,90 - 94,15,8
"2290",2009,13,95+,22,5
"2290",2009,13,UNK,8,67
"2290",2009,14,Total,151,1414
"2290",2009,14,0,0,0
"2290",2009,14,1,0,0
"2290",2009,14,2,0,2
"2290",2009,14,3,0,1
"2290",2009,14,4,0,0
"2290",2009,14,5 - 9,1,1
"2290",2009,14,10 - 14,7,7
"2290",2009,14,15 - 19,15,139
"2290",2009,14,20 - 24,21,236
"2290",2009,14,25 - 29,22,273
"2290",2009,14,30 - 34,14,186
"2290",2009,14,35 - 39,17,124
"2290",2009,14,40 - 44,18,135
"2290",2009,14,45 - 49,10,84
"2290",2009,14,50 - 54,5,49
"2290",2009,14,55 - 59,7,48
"2290",2009,14,60 - 64,5,20
"2290",2009,14,65 - 69,2,18
"2290",2009,14,70 - 74,0,7
"2290",2009,14,75 - 79,0,8
"2290",2009,14,80 - 84,1,3
"2290",2009,14,85 - 89,2,4
"2290",2009,14,90 - 94,2,1
"2290",2009,14,95+,0,0
"2290",2009,14,UNK,2,68
"2290",2010,1,Total,7321,8114
"2290",2010,1,0,252,325
"2290",2010,1,1,9,11
"2290",2010,1,2,5,7
"2290",2010,1,3,8,5
"2290",2010,1,4,5,3
"2290",2010,1,5 - 9,23,16
"2290",2010,1,10 - 14,21,31
"2290",2010,1,15 - 19,43,64
"2290",2010,1,20 - 24,66,102
"2290",2010,1,25 - 29,89,137
"2290",2010,1,30 - 34,108,140
"2290",2010,1,35 - 39,161,196
"2290",2010,1,40 - 44,230,236
"2290",2010,1,45 - 49,263,287
"2290",2010,1,50 - 54,287,364
"2290",2010,1,55 - 59,335,447
"2290",2010,1,60 - 64,396,511
"2290",2010,1,65 - 69,486,688
"2290",2010,1,70 - 74,637,893
"2290",2010,1,75 - 79,826,1080
"2290",2010,1,80 - 84,887,1064
"2290",2010,1,85 - 89,921,787
"2290",2010,1,90 - 94,678,465
"2290",2010,1,95+,585,255
"2290",2010,1,UNK,0,0
"2290",2010,2,Total,307,480
"2290",2010,2,0,2,5
"2290",2010,2,1,1,1
"2290",2010,2,2,0,1
"2290",2010,2,3,0,0
"2290",2010,2,4,0,0
"2290",2010,2,5 - 9,0,2
"2290",2010,2,10 - 14,2,3
"2290",2010,2,15 - 19,2,11
"2290",2010,2,20 - 24,6,11
"2290",2010,2,25 - 29,21,21
"2290",2010,2,30 - 34,33,36
"2290",2010,2,35 - 39,45,59
"2290",2010,2,40 - 44,33,65
"2290",2010,2,45 - 49,25,54
"2290",2010,2,50 - 54,18,43
"2290",2010,2,55 - 59,11,29
"2290",2010,2,60 - 64,14,25
"2290",2010,2,65 - 69,9,26
"2290",2010,2,70 - 74,11,25
"2290",2010,2,75 - 79,18,25
"2290",2010,2,80 - 84,16,12
"2290",2010,2,85 - 89,16,10
"2290",2010,2,90 - 94,12,12
"2290",2010,2,95+,12,4
"2290",2010,2,UNK,0,0
"2290",2010,3,Total,1476,1790
"2290",2010,3,0,3,0
"2290",2010,3,1,2,2
"2290",2010,3,2,2,1
"2290",2010,3,3,3,0
"2290",2010,3,4,2,0
"2290",2010,3,5 - 9,5,3
"2290",2010,3,10 - 14,2,7
"2290",2010,3,15 - 19,9,6
"2290",2010,3,20 - 24,7,9
"2290",2010,3,25 - 29,15,12
"2290",2010,3,30 - 34,31,11
"2290",2010,3,35 - 39,42,27
"2290",2010,3,40 - 44,75,41
"2290",2010,3,45 - 49,97,50
"2290",2010,3,50 - 54,117,82
"2290",2010,3,55 - 59,136,120
"2290",2010,3,60 - 64,136,158
"2290",2010,3,65 - 69,146,206
"2290",2010,3,70 - 74,147,257
"2290",2010,3,75 - 79,160,273
"2290",2010,3,80 - 84,133,234
"2290",2010,3,85 - 89,112,182
"2290",2010,3,90 - 94,52,80
"2290",2010,3,95+,42,29
"2290",2010,3,UNK,0,0
"2290",2010,4,Total,2598,2431
"2290",2010,4,0,4,4
"2290",2010,4,1,0,0
"2290",2010,4,2,0,0
"2290",2010,4,3,0,0
"2290",2010,4,4,0,0
"2290",2010,4,5 - 9,2,0
"2290",2010,4,10 - 14,4,0
"2290",2010,4,15 - 19,5,5
"2290",2010,4,20 - 24,5,5
"2290",2010,4,25 - 29,7,8
"2290",2010,4,30 - 34,13,9
"2290",2010,4,35 - 39,29,26
"2290",2010,4,40 - 44,42,40
"2290",2010,4,45 - 49,69,66
"2290",2010,4,50 - 54,58,112
"2290",2010,4,55 - 59,80,112
"2290",2010,4,60 - 64,114,156
"2290",2010,4,65 - 69,167,211
"2290",2010,4,70 - 74,222,309
"2290",2010,4,75 - 79,333,396
"2290",2010,4,80 - 84,381,385
"2290",2010,4,85 - 89,411,296
"2290",2010,4,90 - 94,345,191
"2290",2010,4,95+,307,100
"2290",2010,4,UNK,0,0
"2290",2010,5,Total,88,78
"2290",2010,5,0,0,1
"2290",2010,5,1,0,1
"2290",2010,5,2,0,2
"2290",2010,5,3,0,0
"2290",2010,5,4,0,0
"2290",2010,5,5 - 9,2,0
"2290",2010,5,10 - 14,0,0
"2290",2010,5,15 - 19,2,1
"2290",2010,5,20 - 24,3,0
"2290",2010,5,25 - 29,3,0
"2290",2010,5,30 - 34,1,0
"2290",2010,5,35 - 39,2,3
"2290",2010,5,40 - 44,1,3
"2290",2010,5,45 - 49,2,4
"2290",2010,5,50 - 54,1,1
"2290",2010,5,55 - 59,1,1
"2290",2010,5,60 - 64,1,3
"2290",2010,5,65 - 69,2,6
"2290",2010,5,70 - 74,2,2
"2290",2010,5,75 - 79,1,5
"2290",2010,5,80 - 84,9,11
"2290",2010,5,85 - 89,7,11
"2290",2010,5,90 - 94,17,9
"2290",2010,5,95+,31,14
"2290",2010,5,UNK,0,0
"2290",2010,6,Total,62,47
"2290",2010,6,0,0,0
"2290",2010,6,1,0,0
"2290",2010,6,2,0,0
"2290",2010,6,3,0,0
"2290",2010,6,4,0,0
"2290",2010,6,5 - 9,0,0
"2290",2010,6,10 - 14,0,0
"2290",2010,6,15 - 19,0,0
"2290",2010,6,20 - 24,0,0
"2290",2010,6,25 - 29,0,0
"2290",2010,6,30 - 34,0,0
"2290",2010,6,35 - 39,0,1
"2290",2010,6,40 - 44,1,0
"2290",2010,6,45 - 49,1,3
"2290",2010,6,50 - 54,1,3
"2290",2010,6,55 - 59,2,5
"2290",2010,6,60 - 64,1,3
"2290",2010,6,65 - 69,4,4
"2290",2010,6,70 - 74,3,5
"2290",2010,6,75 - 79,8,4
"2290",2010,6,80 - 84,8,8
"2290",2010,6,85 - 89,11,5
"2290",2010,6,90 - 94,11,4
"2290",2010,6,95+,11,2
"2290",2010,6,UNK,0,0
"2290",2010,7,Total,160,191
"2290",2010,7,0,2,3
"2290",2010,7,1,1,2
"2290",2010,7,2,0,1
"2290",2010,7,3,2,1
"2290",2010,7,4,1,2
"2290",2010,7,5 - 9,4,4
"2290",2010,7,10 - 14,4,4
"2290",2010,7,15 - 19,6,8
"2290",2010,7,20 - 24,2,7
"2290",2010,7,25 - 29,4,7
"2290",2010,7,30 - 34,4,5
"2290",2010,7,35 - 39,2,7
"2290",2010,7,40 - 44,6,7
"2290",2010,7,45 - 49,5,9
"2290",2010,7,50 - 54,9,8
"2290",2010,7,55 - 59,4,9
"2290",2010,7,60 - 64,4,11
"2290",2010,7,65 - 69,1,8
"2290",2010,7,70 - 74,7,11
"2290",2010,7,75 - 79,12,24
"2290",2010,7,80 - 84,24,19
"2290",2010,7,85 - 89,32,18
"2290",2010,7,90 - 94,15,13
"2290",2010,7,95+,9,3
"2290",2010,7,UNK,0,0
"2290",2010,8,Total,1329,949
"2290",2010,8,0,4,9
"2290",2010,8,1,1,0
"2290",2010,8,2,0,0
"2290",2010,8,3,0,1
"2290",2010,8,4,1,0
"2290",2010,8,5 - 9,0,0
"2290",2010,8,10 - 14,3,0
"2290",2010,8,15 - 19,1,1
"2290",2010,8,20 - 24,6,2
"2290",2010,8,25 - 29,3,5
"2290",2010,8,30 - 34,5,4
"2290",2010,8,35 - 39,5,1
"2290",2010,8,40 - 44,23,11
"2290",2010,8,45 - 49,32,17
"2290",2010,8,50 - 54,43,43
"2290",2010,8,55 - 59,52,61
"2290",2010,8,60 - 64,81,63
"2290",2010,8,65 - 69,106,83
"2290",2010,8,70 - 74,171,120
"2290",2010,8,75 - 79,197,138
"2290",2010,8,80 - 84,188,190
"2290",2010,8,85 - 89,211,97
"2290",2010,8,90 - 94,121,67
"2290",2010,8,95+,75,36
"2290",2010,8,UNK,0,0
"2290",2010,9,Total,171,274
"2290",2010,9,0,3,3
"2290",2010,9,1,0,1
"2290",2010,9,2,0,1
"2290",2010,9,3,1,0
"2290",2010,9,4,0,0
"2290",2010,9,5 - 9,0,0
"2290",2010,9,10 - 14,0,3
"2290",2010,9,15 - 19,3,2
"2290",2010,9,20 - 24,6,1
"2290",2010,9,25 - 29,5,6
"2290",2010,9,30 - 34,0,5
"2290",2010,9,35 - 39,4,8
"2290",2010,9,40 - 44,3,9
"2290",2010,9,45 - 49,5,13
"2290",2010,9,50 - 54,8,8
"2290",2010,9,55 - 59,10,18
"2290",2010,9,60 - 64,10,28
"2290",2010,9,65 - 69,9,26
"2290",2010,9,70 - 74,20,36
"2290",2010,9,75 - 79,18,40
"2290",2010,9,80 - 84,27,29
"2290",2010,9,85 - 89,16,18
"2290",2010,9,90 - 94,16,9
"2290",2010,9,95+,7,10
"2290",2010,9,UNK,0,0
"2290",2010,10,Total,110,276
"2290",2010,10,0,0,1
"2290",2010,10,1,0,0
"2290",2010,10,2,0,0
"2290",2010,10,3,0,0
"2290",2010,10,4,0,0
"2290",2010,10,5 - 9,1,2
"2290",2010,10,10 - 14,0,1
"2290",2010,10,15 - 19,0,1
"2290",2010,10,20 - 24,2,0
"2290",2010,10,25 - 29,2,4
"2290",2010,10,30 - 34,3,2
"2290",2010,10,35 - 39,1,7
"2290",2010,10,40 - 44,8,8
"2290",2010,10,45 - 49,8,5
"2290",2010,10,50 - 54,6,9
"2290",2010,10,55 - 59,3,13
"2290",2010,10,60 - 64,9,12
"2290",2010,10,65 - 69,8,24
"2290",2010,10,70 - 74,4,35
"2290",2010,10,75 - 79,15,34
"2290",2010,10,80 - 84,11,40
"2290",2010,10,85 - 89,11,36
"2290",2010,10,90 - 94,9,26
"2290",2010,10,95+,9,16
"2290",2010,10,UNK,0,0
"2290",2010,11,Total,259,319
"2290",2010,11,0,228,290
"2290",2010,11,1,3,3
"2290",2010,11,2,3,0
"2290",2010,11,3,1,1
"2290",2010,11,4,0,0
"2290",2010,11,5 - 9,3,2
"2290",2010,11,10 - 14,1,0
"2290",2010,11,15 - 19,2,1
"2290",2010,11,20 - 24,1,3
"2290",2010,11,25 - 29,0,1
"2290",2010,11,30 - 34,0,2
"2290",2010,11,35 - 39,2,0
"2290",2010,11,40 - 44,1,0
"2290",2010,11,45 - 49,1,2
"2290",2010,11,50 - 54,3,1
"2290",2010,11,55 - 59,1,0
"2290",2010,11,60 - 64,1,2
"2290",2010,11,65 - 69,0,3
"2290",2010,11,70 - 74,2,1
"2290",2010,11,75 - 79,2,4
"2290",2010,11,80 - 84,2,2
"2290",2010,11,85 - 89,1,1
"2290",2010,11,90 - 94,1,0
"2290",2010,11,95+,0,0
"2290",2010,11,UNK,0,0
"2290",2010,12,Total,334,588
"2290",2010,12,0,4,5
"2290",2010,12,1,0,1
"2290",2010,12,2,0,0
"2290",2010,12,3,0,0
"2290",2010,12,4,1,1
"2290",2010,12,5 - 9,0,0
"2290",2010,12,10 - 14,1,3
"2290",2010,12,15 - 19,0,3
"2290",2010,12,20 - 24,2,4
"2290",2010,12,25 - 29,1,0
"2290",2010,12,30 - 34,1,3
"2290",2010,12,35 - 39,7,7
"2290",2010,12,40 - 44,4,6
"2290",2010,12,45 - 49,2,11
"2290",2010,12,50 - 54,6,18
"2290",2010,12,55 - 59,13,36
"2290",2010,12,60 - 64,9,21
"2290",2010,12,65 - 69,19,61
"2290",2010,12,70 - 74,28,60
"2290",2010,12,75 - 79,36,102
"2290",2010,12,80 - 84,50,98
"2290",2010,12,85 - 89,54,82
"2290",2010,12,90 - 94,52,36
"2290",2010,12,95+,44,30
"2290",2010,12,UNK,0,0
"2290",2010,13,Total,161,501
"2290",2010,13,0,1,2
"2290",2010,13,1,1,0
"2290",2010,13,2,0,0
"2290",2010,13,3,0,2
"2290",2010,13,4,0,0
"2290",2010,13,5 - 9,4,2
"2290",2010,13,10 - 14,2,5
"2290",2010,13,15 - 19,5,22
"2290",2010,13,20 - 24,12,53
"2290",2010,13,25 - 29,12,69
"2290",2010,13,30 - 34,6,56
"2290",2010,13,35 - 39,7,44
"2290",2010,13,40 - 44,11,35
"2290",2010,13,45 - 49,6,38
"2290",2010,13,50 - 54,6,24
"2290",2010,13,55 - 59,6,33
"2290",2010,13,60 - 64,10,21
"2290",2010,13,65 - 69,5,20
"2290",2010,13,70 - 74,7,18
"2290",2010,13,75 - 79,12,15
"2290",2010,13,80 - 84,12,19
"2290",2010,13,85 - 89,11,14
"2290",2010,13,90 - 94,9,6
"2290",2010,13,95+,16,3
"2290",2010,13,UNK,0,0
"2290",2010,14,Total,11,32
"2290",2010,14,0,0,0
"2290",2010,14,1,0,0
"2290",2010,14,2,0,0
"2290",2010,14,3,1,0
"2290",2010,14,4,0,0
"2290",2010,14,5 - 9,0,0
"2290",2010,14,10 - 14,0,0
"2290",2010,14,15 - 19,0,2
"2290",2010,14,20 - 24,0,3
"2290",2010,14,25 - 29,1,3
"2290",2010,14,30 - 34,0,0
"2290",2010,14,35 - 39,2,3
"2290",2010,14,40 - 44,2,4
"2290",2010,14,45 - 49,1,7
"2290",2010,14,50 - 54,0,0
"2290",2010,14,55 - 59,1,4
"2290",2010,14,60 - 64,0,0
"2290",2010,14,65 - 69,0,0
"2290",2010,14,70 - 74,1,2
"2290",2010,14,75 - 79,0,2
"2290",2010,14,80 - 84,1,2
"2290",2010,14,85 - 89,0,0
"2290",2010,14,90 - 94,0,0
"2290",2010,14,95+,1,0
"2290",2010,14,UNK,0,0
"2290",2011,1,Total,7656,9265
"2290",2011,1,0,284,321
"2290",2011,1,1,10,11
"2290",2011,1,2,13,10
"2290",2011,1,3,10,5
"2290",2011,1,4,5,11
"2290",2011,1,5 - 9,25,29
"2290",2011,1,10 - 14,40,37
"2290",2011,1,15 - 19,59,177
"2290",2011,1,20 - 24,70,311
"2290",2011,1,25 - 29,95,292
"2290",2011,1,30 - 34,138,272
"2290",2011,1,35 - 39,175,284
"2290",2011,1,40 - 44,245,356
"2290",2011,1,45 - 49,270,350
"2290",2011,1,50 - 54,342,422
"2290",2011,1,55 - 59,354,480
"2290",2011,1,60 - 64,435,593
"2290",2011,1,65 - 69,470,758
"2290",2011,1,70 - 74,636,910
"2290",2011,1,75 - 79,762,1014
"2290",2011,1,80 - 84,1045,1044
"2290",2011,1,85 - 89,990,797
"2290",2011,1,90 - 94,654,421
"2290",2011,1,95+,522,235
"2290",2011,1,UNK,7,125
"2290",2011,2,Total,316,421
"2290",2011,2,0,9,5
"2290",2011,2,1,0,1
"2290",2011,2,2,0,0
"2290",2011,2,3,0,0
"2290",2011,2,4,0,0
"2290",2011,2,5 - 9,1,1
"2290",2011,2,10 - 14,3,1
"2290",2011,2,15 - 19,3,1
"2290",2011,2,20 - 24,8,3
"2290",2011,2,25 - 29,27,17
"2290",2011,2,30 - 34,42,36
"2290",2011,2,35 - 39,38,45
"2290",2011,2,40 - 44,36,70
"2290",2011,2,45 - 49,23,51
"2290",2011,2,50 - 54,25,40
"2290",2011,2,55 - 59,9,31
"2290",2011,2,60 - 64,14,23
"2290",2011,2,65 - 69,16,21
"2290",2011,2,70 - 74,4,22
"2290",2011,2,75 - 79,8,13
"2290",2011,2,80 - 84,15,11
"2290",2011,2,85 - 89,11,13
"2290",2011,2,90 - 94,8,10
"2290",2011,2,95+,16,6
"2290",2011,2,UNK,0,0
"2290",2011,3,Total,1537,1863
"2290",2011,3,0,0,2
"2290",2011,3,1,0,1
"2290",2011,3,2,1,1
"2290",2011,3,3,2,0
"2290",2011,3,4,2,3
"2290",2011,3,5 - 9,8,5
"2290",2011,3,10 - 14,7,3
"2290",2011,3,15 - 19,9,11
"2290",2011,3,20 - 24,9,8
"2290",2011,3,25 - 29,12,15
"2290",2011,3,30 - 34,26,19
"2290",2011,3,35 - 39,49,16
"2290",2011,3,40 - 44,88,32
"2290",2011,3,45 - 49,98,48
"2290",2011,3,50 - 54,132,89
"2290",2011,3,55 - 59,158,135
"2290",2011,3,60 - 64,167,191
"2290",2011,3,65 - 69,148,232
"2290",2011,3,70 - 74,153,259
"2290",2011,3,75 - 79,141,274
"2290",2011,3,80 - 84,158,237
"2290",2011,3,85 - 89,109,181
"2290",2011,3,90 - 94,34,67
"2290",2011,3,95+,26,34
"2290",2011,3,UNK,0,0
"2290",2011,4,Total,2615,2483
"2290",2011,4,0,2,3
"2290",2011,4,1,0,0
"2290",2011,4,2,0,0
"2290",2011,4,3,0,1
"2290",2011,4,4,0,0
"2290",2011,4,5 - 9,3,0
"2290",2011,4,10 - 14,2,2
"2290",2011,4,15 - 19,5,6
"2290",2011,4,20 - 24,4,13
"2290",2011,4,25 - 29,11,8
"2290",2011,4,30 - 34,11,16
"2290",2011,4,35 - 39,30,22
"2290",2011,4,40 - 44,45,48
"2290",2011,4,45 - 49,48,73
"2290",2011,4,50 - 54,78,98
"2290",2011,4,55 - 59,67,111
"2290",2011,4,60 - 64,126,194
"2290",2011,4,65 - 69,124,250
"2290",2011,4,70 - 74,237,299
"2290",2011,4,75 - 79,299,345
"2290",2011,4,80 - 84,448,406
"2290",2011,4,85 - 89,475,314
"2290",2011,4,90 - 94,328,177
"2290",2011,4,95+,272,97
"2290",2011,4,UNK,0,0
"2290",2011,5,Total,68,61
"2290",2011,5,0,3,0
"2290",2011,5,1,0,1
"2290",2011,5,2,1,0
"2290",2011,5,3,0,0
"2290",2011,5,4,0,0
"2290",2011,5,5 - 9,0,0
"2290",2011,5,10 - 14,0,0
"2290",2011,5,15 - 19,0,0
"2290",2011,5,20 - 24,0,1
"2290",2011,5,25 - 29,2,1
"2290",2011,5,30 - 34,0,1
"2290",2011,5,35 - 39,2,2
"2290",2011,5,40 - 44,4,2
"2290",2011,5,45 - 49,2,4
"2290",2011,5,50 - 54,2,0
"2290",2011,5,55 - 59,0,2
"2290",2011,5,60 - 64,1,3
"2290",2011,5,65 - 69,1,6
"2290",2011,5,70 - 74,1,4
"2290",2011,5,75 - 79,5,7
"2290",2011,5,80 - 84,9,4
"2290",2011,5,85 - 89,10,7
"2290",2011,5,90 - 94,12,9
"2290",2011,5,95+,13,7
"2290",2011,5,UNK,0,0
"2290",2011,6,Total,7,16
"2290",2011,6,0,0,0
"2290",2011,6,1,0,0
"2290",2011,6,2,0,0
"2290",2011,6,3,0,0
"2290",2011,6,4,0,0
"2290",2011,6,5 - 9,0,0
"2290",2011,6,10 - 14,0,0
"2290",2011,6,15 - 19,0,0
"2290",2011,6,20 - 24,0,0
"2290",2011,6,25 - 29,0,0
"2290",2011,6,30 - 34,0,4
"2290",2011,6,35 - 39,0,1
"2290",2011,6,40 - 44,0,1
"2290",2011,6,45 - 49,2,1
"2290",2011,6,50 - 54,0,2
"2290",2011,6,55 - 59,1,2
"2290",2011,6,60 - 64,0,2
"2290",2011,6,65 - 69,0,1
"2290",2011,6,70 - 74,3,0
"2290",2011,6,75 - 79,0,1
"2290",2011,6,80 - 84,0,1
"2290",2011,6,85 - 89,0,0
"2290",2011,6,90 - 94,0,0
"2290",2011,6,95+,1,0
"2290",2011,6,UNK,0,0
"2290",2011,7,Total,189,192
"2290",2011,7,0,3,5
"2290",2011,7,1,4,1
"2290",2011,7,2,1,0
"2290",2011,7,3,1,1
"2290",2011,7,4,0,1
"2290",2011,7,5 - 9,1,7
"2290",2011,7,10 - 14,8,3
"2290",2011,7,15 - 19,3,9
"2290",2011,7,20 - 24,2,3
"2290",2011,7,25 - 29,3,6
"2290",2011,7,30 - 34,4,3
"2290",2011,7,35 - 39,4,4
"2290",2011,7,40 - 44,3,5
"2290",2011,7,45 - 49,5,7
"2290",2011,7,50 - 54,4,3
"2290",2011,7,55 - 59,6,8
"2290",2011,7,60 - 64,9,10
"2290",2011,7,65 - 69,5,14
"2290",2011,7,70 - 74,14,19
"2290",2011,7,75 - 79,21,27
"2290",2011,7,80 - 84,35,26
"2290",2011,7,85 - 89,25,22
"2290",2011,7,90 - 94,13,6
"2290",2011,7,95+,15,2
"2290",2011,7,UNK,0,0
"2290",2011,8,Total,1482,985
"2290",2011,8,0,1,5
"2290",2011,8,1,1,1
"2290",2011,8,2,0,0
"2290",2011,8,3,1,0
"2290",2011,8,4,0,2
"2290",2011,8,5 - 9,0,0
"2290",2011,8,10 - 14,1,0
"2290",2011,8,15 - 19,0,2
"2290",2011,8,20 - 24,0,1
"2290",2011,8,25 - 29,2,3
"2290",2011,8,30 - 34,4,4
"2290",2011,8,35 - 39,5,4
"2290",2011,8,40 - 44,22,11
"2290",2011,8,45 - 49,37,25
"2290",2011,8,50 - 54,46,49
"2290",2011,8,55 - 59,71,69
"2290",2011,8,60 - 64,79,50
"2290",2011,8,65 - 69,131,111
"2290",2011,8,70 - 74,158,138
"2290",2011,8,75 - 79,202,156
"2290",2011,8,80 - 84,282,163
"2290",2011,8,85 - 89,229,100
"2290",2011,8,90 - 94,128,61
"2290",2011,8,95+,82,30
"2290",2011,8,UNK,0,0
"2290",2011,9,Total,155,278
"2290",2011,9,0,0,1
"2290",2011,9,1,0,4
"2290",2011,9,2,0,1
"2290",2011,9,3,0,1
"2290",2011,9,4,1,0
"2290",2011,9,5 - 9,0,0
"2290",2011,9,10 - 14,0,0
"2290",2011,9,15 - 19,2,1
"2290",2011,9,20 - 24,0,4
"2290",2011,9,25 - 29,2,7
"2290",2011,9,30 - 34,3,3
"2290",2011,9,35 - 39,3,12
"2290",2011,9,40 - 44,3,4
"2290",2011,9,45 - 49,5,9
"2290",2011,9,50 - 54,7,23
"2290",2011,9,55 - 59,5,26
"2290",2011,9,60 - 64,9,30
"2290",2011,9,65 - 69,11,23
"2290",2011,9,70 - 74,22,35
"2290",2011,9,75 - 79,12,26
"2290",2011,9,80 - 84,12,31
"2290",2011,9,85 - 89,24,22
"2290",2011,9,90 - 94,26,9
"2290",2011,9,95+,8,6
"2290",2011,9,UNK,0,0
"2290",2011,10,Total,98,257
"2290",2011,10,0,0,2
"2290",2011,10,1,0,0
"2290",2011,10,2,0,0
"2290",2011,10,3,0,1
"2290",2011,10,4,0,0
"2290",2011,10,5 - 9,0,1
"2290",2011,10,10 - 14,1,0
"2290",2011,10,15 - 19,3,6
"2290",2011,10,20 - 24,0,2
"2290",2011,10,25 - 29,4,1
"2290",2011,10,30 - 34,3,0
"2290",2011,10,35 - 39,8,7
"2290",2011,10,40 - 44,6,5
"2290",2011,10,45 - 49,7,9
"2290",2011,10,50 - 54,4,9
"2290",2011,10,55 - 59,2,12
"2290",2011,10,60 - 64,4,14
"2290",2011,10,65 - 69,1,21
"2290",2011,10,70 - 74,5,30
"2290",2011,10,75 - 79,9,36
"2290",2011,10,80 - 84,6,36
"2290",2011,10,85 - 89,13,38
"2290",2011,10,90 - 94,16,19
"2290",2011,10,95+,6,8
"2290",2011,10,UNK,0,0
"2290",2011,11,Total,296,314
"2290",2011,11,0,260,287
"2290",2011,11,1,4,1
"2290",2011,11,2,6,2
"2290",2011,11,3,2,0
"2290",2011,11,4,1,0
"2290",2011,11,5 - 9,1,4
"2290",2011,11,10 - 14,2,2
"2290",2011,11,15 - 19,2,1
"2290",2011,11,20 - 24,2,1
"2290",2011,11,25 - 29,0,3
"2290",2011,11,30 - 34,1,1
"2290",2011,11,35 - 39,2,1
"2290",2011,11,40 - 44,1,0
"2290",2011,11,45 - 49,2,1
"2290",2011,11,50 - 54,2,3
"2290",2011,11,55 - 59,2,2
"2290",2011,11,60 - 64,1,0
"2290",2011,11,65 - 69,0,1
"2290",2011,11,70 - 74,1,1
"2290",2011,11,75 - 79,1,2
"2290",2011,11,80 - 84,1,0
"2290",2011,11,85 - 89,1,1
"2290",2011,11,90 - 94,1,0
"2290",2011,11,95+,0,0
"2290",2011,11,UNK,0,0
"2290",2011,12,Total,317,517
"2290",2011,12,0,5,5
"2290",2011,12,1,0,1
"2290",2011,12,2,2,0
"2290",2011,12,3,1,0
"2290",2011,12,4,1,0
"2290",2011,12,5 - 9,0,0
"2290",2011,12,10 - 14,1,2
"2290",2011,12,15 - 19,1,2
"2290",2011,12,20 - 24,1,1
"2290",2011,12,25 - 29,4,1
"2290",2011,12,30 - 34,9,3
"2290",2011,12,35 - 39,2,4
"2290",2011,12,40 - 44,3,10
"2290",2011,12,45 - 49,3,4
"2290",2011,12,50 - 54,8,14
"2290",2011,12,55 - 59,6,20
"2290",2011,12,60 - 64,8,38
"2290",2011,12,65 - 69,13,28
"2290",2011,12,70 - 74,18,60
"2290",2011,12,75 - 79,33,84
"2290",2011,12,80 - 84,52,92
"2290",2011,12,85 - 89,46,74
"2290",2011,12,90 - 94,49,45
"2290",2011,12,95+,51,29
"2290",2011,12,UNK,0,0
"2290",2011,13,Total,211,890
"2290",2011,13,0,1,2
"2290",2011,13,1,0,0
"2290",2011,13,2,1,4
"2290",2011,13,3,1,1
"2290",2011,13,4,0,2
"2290",2011,13,5 - 9,6,8
"2290",2011,13,10 - 14,11,16
"2290",2011,13,15 - 19,14,50
"2290",2011,13,20 - 24,15,135
"2290",2011,13,25 - 29,8,104
"2290",2011,13,30 - 34,7,71
"2290",2011,13,35 - 39,8,58
"2290",2011,13,40 - 44,9,73
"2290",2011,13,45 - 49,12,54
"2290",2011,13,50 - 54,13,45
"2290",2011,13,55 - 59,10,38
"2290",2011,13,60 - 64,9,25
"2290",2011,13,65 - 69,9,29
"2290",2011,13,70 - 74,5,23
"2290",2011,13,75 - 79,11,30
"2290",2011,13,80 - 84,10,15
"2290",2011,13,85 - 89,21,17
"2290",2011,13,90 - 94,16,7
"2290",2011,13,95+,11,9
"2290",2011,13,UNK,3,74
"2290",2011,14,Total,108,844
"2290",2011,14,0,0,0
"2290",2011,14,1,1,0
"2290",2011,14,2,1,2
"2290",2011,14,3,0,0
"2290",2011,14,4,0,0
"2290",2011,14,5 - 9,3,3
"2290",2011,14,10 - 14,1,6
"2290",2011,14,15 - 19,7,81
"2290",2011,14,20 - 24,13,130
"2290",2011,14,25 - 29,10,121
"2290",2011,14,30 - 34,9,106
"2290",2011,14,35 - 39,10,103
"2290",2011,14,40 - 44,12,89
"2290",2011,14,45 - 49,9,60
"2290",2011,14,50 - 54,7,43
"2290",2011,14,55 - 59,7,17
"2290",2011,14,60 - 64,5,9
"2290",2011,14,65 - 69,2,11
"2290",2011,14,70 - 74,6,5
"2290",2011,14,75 - 79,1,3
"2290",2011,14,80 - 84,0,4
"2290",2011,14,85 - 89,0,0
"2290",2011,14,90 - 94,0,0
"2290",2011,14,95+,0,0
"2290",2011,14,UNK,4,51
