"","Year","Cause","Age","Female","Male"
"2280",2008,1,Total,2388,3040
"2280",2008,1,0,709,954
"2280",2008,1,1,28,43
"2280",2008,1,2,19,26
"2280",2008,1,3,14,19
"2280",2008,1,4,8,15
"2280",2008,1,5 - 9,32,44
"2280",2008,1,10 - 14,35,37
"2280",2008,1,15 - 19,46,65
"2280",2008,1,20 - 24,48,98
"2280",2008,1,25 - 29,50,109
"2280",2008,1,30 - 34,59,105
"2280",2008,1,35 - 39,70,110
"2280",2008,1,40 - 44,77,98
"2280",2008,1,45 - 49,87,129
"2280",2008,1,50 - 54,115,137
"2280",2008,1,55 - 59,119,127
"2280",2008,1,60 - 64,142,132
"2280",2008,1,65 - 69,142,147
"2280",2008,1,70 - 74,153,177
"2280",2008,1,75 - 79,154,180
"2280",2008,1,80 - 84,125,137
"2280",2008,1,85 - 89,110,100
"2280",2008,1,90 - 94,36,27
"2280",2008,1,95+,10,24
"2280",2008,1,UNK,0,0
"2280",2008,2,Total,212,287
"2280",2008,2,0,35,37
"2280",2008,2,1,11,7
"2280",2008,2,2,6,5
"2280",2008,2,3,4,5
"2280",2008,2,4,1,2
"2280",2008,2,5 - 9,5,3
"2280",2008,2,10 - 14,3,3
"2280",2008,2,15 - 19,4,6
"2280",2008,2,20 - 24,6,12
"2280",2008,2,25 - 29,14,16
"2280",2008,2,30 - 34,18,36
"2280",2008,2,35 - 39,14,26
"2280",2008,2,40 - 44,17,18
"2280",2008,2,45 - 49,10,18
"2280",2008,2,50 - 54,11,19
"2280",2008,2,55 - 59,12,16
"2280",2008,2,60 - 64,5,11
"2280",2008,2,65 - 69,4,14
"2280",2008,2,70 - 74,11,12
"2280",2008,2,75 - 79,11,10
"2280",2008,2,80 - 84,5,5
"2280",2008,2,85 - 89,5,4
"2280",2008,2,90 - 94,0,0
"2280",2008,2,95+,0,2
"2280",2008,2,UNK,0,0
"2280",2008,3,Total,207,185
"2280",2008,3,0,0,1
"2280",2008,3,1,0,0
"2280",2008,3,2,0,1
"2280",2008,3,3,0,2
"2280",2008,3,4,3,1
"2280",2008,3,5 - 9,3,11
"2280",2008,3,10 - 14,7,11
"2280",2008,3,15 - 19,3,11
"2280",2008,3,20 - 24,4,8
"2280",2008,3,25 - 29,6,10
"2280",2008,3,30 - 34,12,3
"2280",2008,3,35 - 39,11,4
"2280",2008,3,40 - 44,11,8
"2280",2008,3,45 - 49,15,11
"2280",2008,3,50 - 54,24,5
"2280",2008,3,55 - 59,20,10
"2280",2008,3,60 - 64,25,14
"2280",2008,3,65 - 69,14,7
"2280",2008,3,70 - 74,19,15
"2280",2008,3,75 - 79,14,25
"2280",2008,3,80 - 84,9,15
"2280",2008,3,85 - 89,2,8
"2280",2008,3,90 - 94,5,4
"2280",2008,3,95+,0,0
"2280",2008,3,UNK,0,0
"2280",2008,4,Total,514,489
"2280",2008,4,0,5,6
"2280",2008,4,1,0,0
"2280",2008,4,2,0,0
"2280",2008,4,3,0,0
"2280",2008,4,4,0,1
"2280",2008,4,5 - 9,2,2
"2280",2008,4,10 - 14,2,4
"2280",2008,4,15 - 19,4,7
"2280",2008,4,20 - 24,6,10
"2280",2008,4,25 - 29,6,8
"2280",2008,4,30 - 34,5,6
"2280",2008,4,35 - 39,16,13
"2280",2008,4,40 - 44,21,19
"2280",2008,4,45 - 49,27,27
"2280",2008,4,50 - 54,38,41
"2280",2008,4,55 - 59,43,34
"2280",2008,4,60 - 64,44,34
"2280",2008,4,65 - 69,68,45
"2280",2008,4,70 - 74,43,65
"2280",2008,4,75 - 79,61,60
"2280",2008,4,80 - 84,53,52
"2280",2008,4,85 - 89,48,40
"2280",2008,4,90 - 94,20,11
"2280",2008,4,95+,2,4
"2280",2008,4,UNK,0,0
"2280",2008,5,Total,20,31
"2280",2008,5,0,5,2
"2280",2008,5,1,0,0
"2280",2008,5,2,1,0
"2280",2008,5,3,0,1
"2280",2008,5,4,0,0
"2280",2008,5,5 - 9,0,1
"2280",2008,5,10 - 14,2,0
"2280",2008,5,15 - 19,1,2
"2280",2008,5,20 - 24,1,0
"2280",2008,5,25 - 29,0,1
"2280",2008,5,30 - 34,0,2
"2280",2008,5,35 - 39,0,0
"2280",2008,5,40 - 44,1,2
"2280",2008,5,45 - 49,0,1
"2280",2008,5,50 - 54,0,0
"2280",2008,5,55 - 59,0,3
"2280",2008,5,60 - 64,1,3
"2280",2008,5,65 - 69,2,1
"2280",2008,5,70 - 74,1,0
"2280",2008,5,75 - 79,1,3
"2280",2008,5,80 - 84,1,3
"2280",2008,5,85 - 89,3,4
"2280",2008,5,90 - 94,0,0
"2280",2008,5,95+,0,2
"2280",2008,5,UNK,0,0
"2280",2008,6,Total,1,26
"2280",2008,6,0,0,0
"2280",2008,6,1,0,0
"2280",2008,6,2,0,0
"2280",2008,6,3,0,0
"2280",2008,6,4,0,0
"2280",2008,6,5 - 9,0,0
"2280",2008,6,10 - 14,0,0
"2280",2008,6,15 - 19,0,0
"2280",2008,6,20 - 24,0,0
"2280",2008,6,25 - 29,0,3
"2280",2008,6,30 - 34,0,2
"2280",2008,6,35 - 39,0,4
"2280",2008,6,40 - 44,0,2
"2280",2008,6,45 - 49,0,1
"2280",2008,6,50 - 54,0,2
"2280",2008,6,55 - 59,0,3
"2280",2008,6,60 - 64,0,4
"2280",2008,6,65 - 69,0,2
"2280",2008,6,70 - 74,0,2
"2280",2008,6,75 - 79,0,0
"2280",2008,6,80 - 84,1,0
"2280",2008,6,85 - 89,0,1
"2280",2008,6,90 - 94,0,0
"2280",2008,6,95+,0,0
"2280",2008,6,UNK,0,0
"2280",2008,7,Total,52,74
"2280",2008,7,0,11,11
"2280",2008,7,1,1,2
"2280",2008,7,2,4,4
"2280",2008,7,3,4,3
"2280",2008,7,4,0,2
"2280",2008,7,5 - 9,1,7
"2280",2008,7,10 - 14,4,2
"2280",2008,7,15 - 19,2,2
"2280",2008,7,20 - 24,3,3
"2280",2008,7,25 - 29,2,3
"2280",2008,7,30 - 34,1,2
"2280",2008,7,35 - 39,1,2
"2280",2008,7,40 - 44,3,7
"2280",2008,7,45 - 49,0,4
"2280",2008,7,50 - 54,1,4
"2280",2008,7,55 - 59,1,4
"2280",2008,7,60 - 64,2,3
"2280",2008,7,65 - 69,2,3
"2280",2008,7,70 - 74,3,3
"2280",2008,7,75 - 79,1,2
"2280",2008,7,80 - 84,2,0
"2280",2008,7,85 - 89,3,1
"2280",2008,7,90 - 94,0,0
"2280",2008,7,95+,0,0
"2280",2008,7,UNK,0,0
"2280",2008,8,Total,214,182
"2280",2008,8,0,15,16
"2280",2008,8,1,4,9
"2280",2008,8,2,3,3
"2280",2008,8,3,2,0
"2280",2008,8,4,1,3
"2280",2008,8,5 - 9,5,5
"2280",2008,8,10 - 14,1,0
"2280",2008,8,15 - 19,3,2
"2280",2008,8,20 - 24,2,4
"2280",2008,8,25 - 29,1,2
"2280",2008,8,30 - 34,5,7
"2280",2008,8,35 - 39,7,5
"2280",2008,8,40 - 44,8,5
"2280",2008,8,45 - 49,12,18
"2280",2008,8,50 - 54,14,11
"2280",2008,8,55 - 59,20,10
"2280",2008,8,60 - 64,28,13
"2280",2008,8,65 - 69,18,18
"2280",2008,8,70 - 74,23,12
"2280",2008,8,75 - 79,15,18
"2280",2008,8,80 - 84,15,13
"2280",2008,8,85 - 89,10,5
"2280",2008,8,90 - 94,2,3
"2280",2008,8,95+,0,0
"2280",2008,8,UNK,0,0
"2280",2008,9,Total,121,230
"2280",2008,9,0,0,4
"2280",2008,9,1,0,2
"2280",2008,9,2,0,3
"2280",2008,9,3,0,2
"2280",2008,9,4,0,0
"2280",2008,9,5 - 9,3,1
"2280",2008,9,10 - 14,0,1
"2280",2008,9,15 - 19,1,3
"2280",2008,9,20 - 24,1,4
"2280",2008,9,25 - 29,2,12
"2280",2008,9,30 - 34,6,16
"2280",2008,9,35 - 39,6,16
"2280",2008,9,40 - 44,6,13
"2280",2008,9,45 - 49,6,18
"2280",2008,9,50 - 54,7,20
"2280",2008,9,55 - 59,15,14
"2280",2008,9,60 - 64,7,27
"2280",2008,9,65 - 69,11,16
"2280",2008,9,70 - 74,10,20
"2280",2008,9,75 - 79,19,18
"2280",2008,9,80 - 84,9,7
"2280",2008,9,85 - 89,9,8
"2280",2008,9,90 - 94,1,2
"2280",2008,9,95+,2,3
"2280",2008,9,UNK,0,0
"2280",2008,10,Total,45,66
"2280",2008,10,0,1,2
"2280",2008,10,1,0,0
"2280",2008,10,2,0,0
"2280",2008,10,3,0,0
"2280",2008,10,4,1,0
"2280",2008,10,5 - 9,2,0
"2280",2008,10,10 - 14,4,1
"2280",2008,10,15 - 19,1,2
"2280",2008,10,20 - 24,0,1
"2280",2008,10,25 - 29,1,3
"2280",2008,10,30 - 34,0,3
"2280",2008,10,35 - 39,1,2
"2280",2008,10,40 - 44,1,2
"2280",2008,10,45 - 49,6,5
"2280",2008,10,50 - 54,4,5
"2280",2008,10,55 - 59,2,4
"2280",2008,10,60 - 64,6,3
"2280",2008,10,65 - 69,5,5
"2280",2008,10,70 - 74,6,6
"2280",2008,10,75 - 79,1,8
"2280",2008,10,80 - 84,0,4
"2280",2008,10,85 - 89,2,6
"2280",2008,10,90 - 94,1,1
"2280",2008,10,95+,0,3
"2280",2008,10,UNK,0,0
"2280",2008,11,Total,597,836
"2280",2008,11,0,579,813
"2280",2008,11,1,5,4
"2280",2008,11,2,1,6
"2280",2008,11,3,0,0
"2280",2008,11,4,0,1
"2280",2008,11,5 - 9,2,1
"2280",2008,11,10 - 14,2,1
"2280",2008,11,15 - 19,0,2
"2280",2008,11,20 - 24,1,1
"2280",2008,11,25 - 29,0,2
"2280",2008,11,30 - 34,2,0
"2280",2008,11,35 - 39,0,1
"2280",2008,11,40 - 44,0,1
"2280",2008,11,45 - 49,2,2
"2280",2008,11,50 - 54,2,1
"2280",2008,11,55 - 59,0,0
"2280",2008,11,60 - 64,0,0
"2280",2008,11,65 - 69,0,0
"2280",2008,11,70 - 74,0,0
"2280",2008,11,75 - 79,0,0
"2280",2008,11,80 - 84,1,0
"2280",2008,11,85 - 89,0,0
"2280",2008,11,90 - 94,0,0
"2280",2008,11,95+,0,0
"2280",2008,11,UNK,0,0
"2280",2008,12,Total,244,281
"2280",2008,12,0,52,48
"2280",2008,12,1,5,17
"2280",2008,12,2,4,3
"2280",2008,12,3,3,5
"2280",2008,12,4,2,3
"2280",2008,12,5 - 9,4,8
"2280",2008,12,10 - 14,1,3
"2280",2008,12,15 - 19,4,2
"2280",2008,12,20 - 24,1,2
"2280",2008,12,25 - 29,1,3
"2280",2008,12,30 - 34,4,4
"2280",2008,12,35 - 39,4,2
"2280",2008,12,40 - 44,0,5
"2280",2008,12,45 - 49,3,8
"2280",2008,12,50 - 54,7,9
"2280",2008,12,55 - 59,5,10
"2280",2008,12,60 - 64,17,9
"2280",2008,12,65 - 69,14,24
"2280",2008,12,70 - 74,28,29
"2280",2008,12,75 - 79,27,27
"2280",2008,12,80 - 84,24,28
"2280",2008,12,85 - 89,24,20
"2280",2008,12,90 - 94,6,5
"2280",2008,12,95+,4,7
"2280",2008,12,UNK,0,0
"2280",2008,13,Total,79,283
"2280",2008,13,0,3,4
"2280",2008,13,1,2,1
"2280",2008,13,2,0,1
"2280",2008,13,3,1,1
"2280",2008,13,4,0,2
"2280",2008,13,5 - 9,3,4
"2280",2008,13,10 - 14,4,7
"2280",2008,13,15 - 19,13,21
"2280",2008,13,20 - 24,12,42
"2280",2008,13,25 - 29,9,37
"2280",2008,13,30 - 34,1,19
"2280",2008,13,35 - 39,4,33
"2280",2008,13,40 - 44,2,13
"2280",2008,13,45 - 49,3,15
"2280",2008,13,50 - 54,4,17
"2280",2008,13,55 - 59,0,16
"2280",2008,13,60 - 64,1,9
"2280",2008,13,65 - 69,3,10
"2280",2008,13,70 - 74,4,10
"2280",2008,13,75 - 79,4,6
"2280",2008,13,80 - 84,1,10
"2280",2008,13,85 - 89,3,2
"2280",2008,13,90 - 94,1,1
"2280",2008,13,95+,1,2
"2280",2008,13,UNK,0,0
"2280",2008,14,Total,3,27
"2280",2008,14,0,0,0
"2280",2008,14,1,0,0
"2280",2008,14,2,0,0
"2280",2008,14,3,0,0
"2280",2008,14,4,0,0
"2280",2008,14,5 - 9,0,0
"2280",2008,14,10 - 14,0,1
"2280",2008,14,15 - 19,0,1
"2280",2008,14,20 - 24,2,7
"2280",2008,14,25 - 29,1,6
"2280",2008,14,30 - 34,0,4
"2280",2008,14,35 - 39,0,2
"2280",2008,14,40 - 44,0,2
"2280",2008,14,45 - 49,0,1
"2280",2008,14,50 - 54,0,2
"2280",2008,14,55 - 59,0,1
"2280",2008,14,60 - 64,0,0
"2280",2008,14,65 - 69,0,0
"2280",2008,14,70 - 74,0,0
"2280",2008,14,75 - 79,0,0
"2280",2008,14,80 - 84,0,0
"2280",2008,14,85 - 89,0,0
"2280",2008,14,90 - 94,0,0
"2280",2008,14,95+,0,0
"2280",2008,14,UNK,0,0
"2280",2008,15,Total,79,43
"2280",2008,15,0,3,10
"2280",2008,15,1,0,1
"2280",2008,15,2,0,0
"2280",2008,15,3,0,0
"2280",2008,15,4,0,0
"2280",2008,15,5 - 9,2,1
"2280",2008,15,10 - 14,5,3
"2280",2008,15,15 - 19,10,4
"2280",2008,15,20 - 24,9,4
"2280",2008,15,25 - 29,7,3
"2280",2008,15,30 - 34,5,1
"2280",2008,15,35 - 39,6,0
"2280",2008,15,40 - 44,7,1
"2280",2008,15,45 - 49,3,0
"2280",2008,15,50 - 54,3,1
"2280",2008,15,55 - 59,1,2
"2280",2008,15,60 - 64,6,2
"2280",2008,15,65 - 69,1,2
"2280",2008,15,70 - 74,5,3
"2280",2008,15,75 - 79,0,3
"2280",2008,15,80 - 84,4,0
"2280",2008,15,85 - 89,1,1
"2280",2008,15,90 - 94,0,0
"2280",2008,15,95+,1,1
"2280",2008,15,UNK,0,0
"2280",2009,1,Total,2415,2955
"2280",2009,1,0,608,804
"2280",2009,1,1,24,26
"2280",2009,1,2,11,18
"2280",2009,1,3,3,8
"2280",2009,1,4,11,13
"2280",2009,1,5 - 9,31,31
"2280",2009,1,10 - 14,30,45
"2280",2009,1,15 - 19,78,88
"2280",2009,1,20 - 24,53,114
"2280",2009,1,25 - 29,53,109
"2280",2009,1,30 - 34,75,118
"2280",2009,1,35 - 39,63,108
"2280",2009,1,40 - 44,74,112
"2280",2009,1,45 - 49,89,139
"2280",2009,1,50 - 54,117,122
"2280",2009,1,55 - 59,123,155
"2280",2009,1,60 - 64,136,136
"2280",2009,1,65 - 69,155,168
"2280",2009,1,70 - 74,155,160
"2280",2009,1,75 - 79,200,159
"2280",2009,1,80 - 84,151,151
"2280",2009,1,85 - 89,107,109
"2280",2009,1,90 - 94,48,38
"2280",2009,1,95+,20,24
"2280",2009,1,UNK,0,0
"2280",2009,2,Total,191,242
"2280",2009,2,0,34,34
"2280",2009,2,1,6,2
"2280",2009,2,2,1,4
"2280",2009,2,3,3,0
"2280",2009,2,4,1,2
"2280",2009,2,5 - 9,8,4
"2280",2009,2,10 - 14,1,5
"2280",2009,2,15 - 19,5,3
"2280",2009,2,20 - 24,2,6
"2280",2009,2,25 - 29,13,19
"2280",2009,2,30 - 34,18,22
"2280",2009,2,35 - 39,12,20
"2280",2009,2,40 - 44,10,19
"2280",2009,2,45 - 49,10,21
"2280",2009,2,50 - 54,8,17
"2280",2009,2,55 - 59,9,13
"2280",2009,2,60 - 64,6,9
"2280",2009,2,65 - 69,9,10
"2280",2009,2,70 - 74,11,9
"2280",2009,2,75 - 79,12,13
"2280",2009,2,80 - 84,4,2
"2280",2009,2,85 - 89,7,7
"2280",2009,2,90 - 94,1,0
"2280",2009,2,95+,0,1
"2280",2009,2,UNK,0,0
"2280",2009,3,Total,236,213
"2280",2009,3,0,2,3
"2280",2009,3,1,2,1
"2280",2009,3,2,0,3
"2280",2009,3,3,0,0
"2280",2009,3,4,2,4
"2280",2009,3,5 - 9,2,5
"2280",2009,3,10 - 14,6,9
"2280",2009,3,15 - 19,15,14
"2280",2009,3,20 - 24,3,12
"2280",2009,3,25 - 29,9,5
"2280",2009,3,30 - 34,8,9
"2280",2009,3,35 - 39,12,9
"2280",2009,3,40 - 44,15,6
"2280",2009,3,45 - 49,27,7
"2280",2009,3,50 - 54,17,13
"2280",2009,3,55 - 59,26,19
"2280",2009,3,60 - 64,22,16
"2280",2009,3,65 - 69,18,19
"2280",2009,3,70 - 74,13,19
"2280",2009,3,75 - 79,19,14
"2280",2009,3,80 - 84,12,17
"2280",2009,3,85 - 89,6,7
"2280",2009,3,90 - 94,0,2
"2280",2009,3,95+,0,0
"2280",2009,3,UNK,0,0
"2280",2009,4,Total,476,496
"2280",2009,4,0,6,3
"2280",2009,4,1,0,1
"2280",2009,4,2,0,0
"2280",2009,4,3,0,0
"2280",2009,4,4,0,0
"2280",2009,4,5 - 9,5,4
"2280",2009,4,10 - 14,3,3
"2280",2009,4,15 - 19,3,3
"2280",2009,4,20 - 24,8,6
"2280",2009,4,25 - 29,5,9
"2280",2009,4,30 - 34,12,11
"2280",2009,4,35 - 39,6,11
"2280",2009,4,40 - 44,15,17
"2280",2009,4,45 - 49,17,30
"2280",2009,4,50 - 54,36,23
"2280",2009,4,55 - 59,26,45
"2280",2009,4,60 - 64,41,44
"2280",2009,4,65 - 69,50,47
"2280",2009,4,70 - 74,44,59
"2280",2009,4,75 - 79,80,53
"2280",2009,4,80 - 84,49,63
"2280",2009,4,85 - 89,43,42
"2280",2009,4,90 - 94,21,14
"2280",2009,4,95+,6,8
"2280",2009,4,UNK,0,0
"2280",2009,5,Total,14,32
"2280",2009,5,0,1,4
"2280",2009,5,1,1,0
"2280",2009,5,2,0,0
"2280",2009,5,3,0,0
"2280",2009,5,4,0,0
"2280",2009,5,5 - 9,0,2
"2280",2009,5,10 - 14,0,0
"2280",2009,5,15 - 19,1,0
"2280",2009,5,20 - 24,0,2
"2280",2009,5,25 - 29,0,0
"2280",2009,5,30 - 34,1,1
"2280",2009,5,35 - 39,3,0
"2280",2009,5,40 - 44,1,1
"2280",2009,5,45 - 49,0,2
"2280",2009,5,50 - 54,0,2
"2280",2009,5,55 - 59,1,2
"2280",2009,5,60 - 64,1,2
"2280",2009,5,65 - 69,1,3
"2280",2009,5,70 - 74,0,3
"2280",2009,5,75 - 79,1,3
"2280",2009,5,80 - 84,2,0
"2280",2009,5,85 - 89,0,2
"2280",2009,5,90 - 94,0,1
"2280",2009,5,95+,0,2
"2280",2009,5,UNK,0,0
"2280",2009,6,Total,3,25
"2280",2009,6,0,0,0
"2280",2009,6,1,0,0
"2280",2009,6,2,0,0
"2280",2009,6,3,0,0
"2280",2009,6,4,0,0
"2280",2009,6,5 - 9,0,1
"2280",2009,6,10 - 14,0,0
"2280",2009,6,15 - 19,1,0
"2280",2009,6,20 - 24,0,1
"2280",2009,6,25 - 29,1,6
"2280",2009,6,30 - 34,0,1
"2280",2009,6,35 - 39,1,6
"2280",2009,6,40 - 44,0,2
"2280",2009,6,45 - 49,0,2
"2280",2009,6,50 - 54,0,1
"2280",2009,6,55 - 59,0,2
"2280",2009,6,60 - 64,0,2
"2280",2009,6,65 - 69,0,0
"2280",2009,6,70 - 74,0,1
"2280",2009,6,75 - 79,0,0
"2280",2009,6,80 - 84,0,0
"2280",2009,6,85 - 89,0,0
"2280",2009,6,90 - 94,0,0
"2280",2009,6,95+,0,0
"2280",2009,6,UNK,0,0
"2280",2009,7,Total,42,59
"2280",2009,7,0,3,10
"2280",2009,7,1,2,1
"2280",2009,7,2,0,0
"2280",2009,7,3,0,0
"2280",2009,7,4,2,0
"2280",2009,7,5 - 9,1,2
"2280",2009,7,10 - 14,3,4
"2280",2009,7,15 - 19,4,4
"2280",2009,7,20 - 24,4,7
"2280",2009,7,25 - 29,1,2
"2280",2009,7,30 - 34,1,4
"2280",2009,7,35 - 39,3,3
"2280",2009,7,40 - 44,2,1
"2280",2009,7,45 - 49,1,3
"2280",2009,7,50 - 54,1,2
"2280",2009,7,55 - 59,3,0
"2280",2009,7,60 - 64,3,6
"2280",2009,7,65 - 69,2,0
"2280",2009,7,70 - 74,1,1
"2280",2009,7,75 - 79,1,8
"2280",2009,7,80 - 84,3,1
"2280",2009,7,85 - 89,0,0
"2280",2009,7,90 - 94,0,0
"2280",2009,7,95+,1,0
"2280",2009,7,UNK,0,0
"2280",2009,8,Total,258,188
"2280",2009,8,0,8,15
"2280",2009,8,1,1,6
"2280",2009,8,2,0,3
"2280",2009,8,3,0,0
"2280",2009,8,4,1,1
"2280",2009,8,5 - 9,4,2
"2280",2009,8,10 - 14,0,0
"2280",2009,8,15 - 19,2,0
"2280",2009,8,20 - 24,5,1
"2280",2009,8,25 - 29,2,2
"2280",2009,8,30 - 34,4,7
"2280",2009,8,35 - 39,5,8
"2280",2009,8,40 - 44,8,14
"2280",2009,8,45 - 49,13,6
"2280",2009,8,50 - 54,29,9
"2280",2009,8,55 - 59,23,22
"2280",2009,8,60 - 64,24,13
"2280",2009,8,65 - 69,32,20
"2280",2009,8,70 - 74,28,16
"2280",2009,8,75 - 79,27,14
"2280",2009,8,80 - 84,27,17
"2280",2009,8,85 - 89,7,9
"2280",2009,8,90 - 94,7,2
"2280",2009,8,95+,1,1
"2280",2009,8,UNK,0,0
"2280",2009,9,Total,153,214
"2280",2009,9,0,5,4
"2280",2009,9,1,0,0
"2280",2009,9,2,2,2
"2280",2009,9,3,0,0
"2280",2009,9,4,0,0
"2280",2009,9,5 - 9,1,2
"2280",2009,9,10 - 14,0,0
"2280",2009,9,15 - 19,2,3
"2280",2009,9,20 - 24,1,7
"2280",2009,9,25 - 29,1,10
"2280",2009,9,30 - 34,5,14
"2280",2009,9,35 - 39,2,17
"2280",2009,9,40 - 44,5,12
"2280",2009,9,45 - 49,9,27
"2280",2009,9,50 - 54,11,14
"2280",2009,9,55 - 59,14,19
"2280",2009,9,60 - 64,15,12
"2280",2009,9,65 - 69,18,18
"2280",2009,9,70 - 74,18,15
"2280",2009,9,75 - 79,19,17
"2280",2009,9,80 - 84,12,14
"2280",2009,9,85 - 89,8,4
"2280",2009,9,90 - 94,4,2
"2280",2009,9,95+,1,1
"2280",2009,9,UNK,0,0
"2280",2009,10,Total,55,77
"2280",2009,10,0,5,3
"2280",2009,10,1,1,1
"2280",2009,10,2,0,2
"2280",2009,10,3,0,1
"2280",2009,10,4,1,0
"2280",2009,10,5 - 9,2,0
"2280",2009,10,10 - 14,2,3
"2280",2009,10,15 - 19,4,2
"2280",2009,10,20 - 24,1,4
"2280",2009,10,25 - 29,1,3
"2280",2009,10,30 - 34,2,1
"2280",2009,10,35 - 39,1,3
"2280",2009,10,40 - 44,3,1
"2280",2009,10,45 - 49,2,3
"2280",2009,10,50 - 54,3,7
"2280",2009,10,55 - 59,4,3
"2280",2009,10,60 - 64,2,4
"2280",2009,10,65 - 69,4,13
"2280",2009,10,70 - 74,4,2
"2280",2009,10,75 - 79,3,9
"2280",2009,10,80 - 84,6,5
"2280",2009,10,85 - 89,3,4
"2280",2009,10,90 - 94,0,1
"2280",2009,10,95+,1,2
"2280",2009,10,UNK,0,0
"2280",2009,11,Total,531,707
"2280",2009,11,0,505,687
"2280",2009,11,1,10,6
"2280",2009,11,2,5,1
"2280",2009,11,3,0,1
"2280",2009,11,4,0,2
"2280",2009,11,5 - 9,1,2
"2280",2009,11,10 - 14,4,4
"2280",2009,11,15 - 19,3,0
"2280",2009,11,20 - 24,0,0
"2280",2009,11,25 - 29,2,1
"2280",2009,11,30 - 34,1,1
"2280",2009,11,35 - 39,0,0
"2280",2009,11,40 - 44,0,0
"2280",2009,11,45 - 49,0,0
"2280",2009,11,50 - 54,0,0
"2280",2009,11,55 - 59,0,0
"2280",2009,11,60 - 64,0,1
"2280",2009,11,65 - 69,0,0
"2280",2009,11,70 - 74,0,0
"2280",2009,11,75 - 79,0,1
"2280",2009,11,80 - 84,0,0
"2280",2009,11,85 - 89,0,0
"2280",2009,11,90 - 94,0,0
"2280",2009,11,95+,0,0
"2280",2009,11,UNK,0,0
"2280",2009,12,Total,248,255
"2280",2009,12,0,32,36
"2280",2009,12,1,1,6
"2280",2009,12,2,2,1
"2280",2009,12,3,0,2
"2280",2009,12,4,3,1
"2280",2009,12,5 - 9,2,3
"2280",2009,12,10 - 14,3,2
"2280",2009,12,15 - 19,3,7
"2280",2009,12,20 - 24,6,5
"2280",2009,12,25 - 29,2,4
"2280",2009,12,30 - 34,3,8
"2280",2009,12,35 - 39,4,1
"2280",2009,12,40 - 44,7,3
"2280",2009,12,45 - 49,4,7
"2280",2009,12,50 - 54,7,4
"2280",2009,12,55 - 59,11,11
"2280",2009,12,60 - 64,14,13
"2280",2009,12,65 - 69,15,21
"2280",2009,12,70 - 74,26,29
"2280",2009,12,75 - 79,30,19
"2280",2009,12,80 - 84,28,24
"2280",2009,12,85 - 89,25,27
"2280",2009,12,90 - 94,11,14
"2280",2009,12,95+,9,7
"2280",2009,12,UNK,0,0
"2280",2009,13,Total,123,337
"2280",2009,13,0,5,3
"2280",2009,13,1,0,1
"2280",2009,13,2,1,1
"2280",2009,13,3,0,2
"2280",2009,13,4,0,1
"2280",2009,13,5 - 9,2,2
"2280",2009,13,10 - 14,6,11
"2280",2009,13,15 - 19,24,40
"2280",2009,13,20 - 24,16,46
"2280",2009,13,25 - 29,7,38
"2280",2009,13,30 - 34,8,29
"2280",2009,13,35 - 39,8,25
"2280",2009,13,40 - 44,5,27
"2280",2009,13,45 - 49,2,26
"2280",2009,13,50 - 54,2,24
"2280",2009,13,55 - 59,3,13
"2280",2009,13,60 - 64,6,10
"2280",2009,13,65 - 69,2,14
"2280",2009,13,70 - 74,8,5
"2280",2009,13,75 - 79,6,5
"2280",2009,13,80 - 84,6,7
"2280",2009,13,85 - 89,4,4
"2280",2009,13,90 - 94,1,2
"2280",2009,13,95+,1,1
"2280",2009,13,UNK,0,0
"2280",2009,14,Total,9,58
"2280",2009,14,0,0,0
"2280",2009,14,1,0,0
"2280",2009,14,2,0,0
"2280",2009,14,3,0,1
"2280",2009,14,4,1,0
"2280",2009,14,5 - 9,1,0
"2280",2009,14,10 - 14,0,1
"2280",2009,14,15 - 19,1,8
"2280",2009,14,20 - 24,0,13
"2280",2009,14,25 - 29,2,7
"2280",2009,14,30 - 34,3,7
"2280",2009,14,35 - 39,0,2
"2280",2009,14,40 - 44,0,5
"2280",2009,14,45 - 49,1,3
"2280",2009,14,50 - 54,0,2
"2280",2009,14,55 - 59,0,5
"2280",2009,14,60 - 64,0,1
"2280",2009,14,65 - 69,0,1
"2280",2009,14,70 - 74,0,0
"2280",2009,14,75 - 79,0,1
"2280",2009,14,80 - 84,0,0
"2280",2009,14,85 - 89,0,0
"2280",2009,14,90 - 94,0,0
"2280",2009,14,95+,0,1
"2280",2009,14,UNK,0,0
"2280",2009,15,Total,76,52
"2280",2009,15,0,2,2
"2280",2009,15,1,0,1
"2280",2009,15,2,0,1
"2280",2009,15,3,0,1
"2280",2009,15,4,0,2
"2280",2009,15,5 - 9,2,2
"2280",2009,15,10 - 14,2,3
"2280",2009,15,15 - 19,10,4
"2280",2009,15,20 - 24,7,4
"2280",2009,15,25 - 29,7,3
"2280",2009,15,30 - 34,9,3
"2280",2009,15,35 - 39,6,3
"2280",2009,15,40 - 44,3,4
"2280",2009,15,45 - 49,3,2
"2280",2009,15,50 - 54,3,4
"2280",2009,15,55 - 59,3,1
"2280",2009,15,60 - 64,2,3
"2280",2009,15,65 - 69,4,2
"2280",2009,15,70 - 74,2,1
"2280",2009,15,75 - 79,2,2
"2280",2009,15,80 - 84,2,1
"2280",2009,15,85 - 89,4,3
"2280",2009,15,90 - 94,3,0
"2280",2009,15,95+,0,0
"2280",2009,15,UNK,0,0
"2280",2010,1,Total,2614,3241
"2280",2010,1,0,645,886
"2280",2010,1,1,27,39
"2280",2010,1,2,25,24
"2280",2010,1,3,9,19
"2280",2010,1,4,4,3
"2280",2010,1,5 - 9,30,37
"2280",2010,1,10 - 14,45,38
"2280",2010,1,15 - 19,66,96
"2280",2010,1,20 - 24,56,107
"2280",2010,1,25 - 29,52,105
"2280",2010,1,30 - 34,73,104
"2280",2010,1,35 - 39,61,131
"2280",2010,1,40 - 44,77,93
"2280",2010,1,45 - 49,103,112
"2280",2010,1,50 - 54,123,145
"2280",2010,1,55 - 59,125,144
"2280",2010,1,60 - 64,146,183
"2280",2010,1,65 - 69,171,177
"2280",2010,1,70 - 74,190,209
"2280",2010,1,75 - 79,207,210
"2280",2010,1,80 - 84,175,172
"2280",2010,1,85 - 89,120,127
"2280",2010,1,90 - 94,64,59
"2280",2010,1,95+,20,21
"2280",2010,1,UNK,0,0
"2280",2010,2,Total,213,284
"2280",2010,2,0,32,27
"2280",2010,2,1,8,11
"2280",2010,2,2,6,4
"2280",2010,2,3,2,3
"2280",2010,2,4,1,2
"2280",2010,2,5 - 9,5,2
"2280",2010,2,10 - 14,9,7
"2280",2010,2,15 - 19,7,6
"2280",2010,2,20 - 24,4,14
"2280",2010,2,25 - 29,15,11
"2280",2010,2,30 - 34,16,23
"2280",2010,2,35 - 39,13,30
"2280",2010,2,40 - 44,14,19
"2280",2010,2,45 - 49,9,12
"2280",2010,2,50 - 54,8,18
"2280",2010,2,55 - 59,5,9
"2280",2010,2,60 - 64,6,20
"2280",2010,2,65 - 69,6,14
"2280",2010,2,70 - 74,13,16
"2280",2010,2,75 - 79,14,13
"2280",2010,2,80 - 84,9,12
"2280",2010,2,85 - 89,8,6
"2280",2010,2,90 - 94,2,5
"2280",2010,2,95+,1,0
"2280",2010,2,UNK,0,0
"2280",2010,3,Total,231,199
"2280",2010,3,0,4,5
"2280",2010,3,1,0,1
"2280",2010,3,2,1,1
"2280",2010,3,3,1,1
"2280",2010,3,4,1,0
"2280",2010,3,5 - 9,5,6
"2280",2010,3,10 - 14,3,8
"2280",2010,3,15 - 19,15,5
"2280",2010,3,20 - 24,5,6
"2280",2010,3,25 - 29,9,3
"2280",2010,3,30 - 34,7,2
"2280",2010,3,35 - 39,8,4
"2280",2010,3,40 - 44,12,8
"2280",2010,3,45 - 49,19,8
"2280",2010,3,50 - 54,17,13
"2280",2010,3,55 - 59,16,18
"2280",2010,3,60 - 64,21,27
"2280",2010,3,65 - 69,27,24
"2280",2010,3,70 - 74,18,18
"2280",2010,3,75 - 79,22,18
"2280",2010,3,80 - 84,12,9
"2280",2010,3,85 - 89,4,10
"2280",2010,3,90 - 94,3,1
"2280",2010,3,95+,1,3
"2280",2010,3,UNK,0,0
"2280",2010,4,Total,529,574
"2280",2010,4,0,7,9
"2280",2010,4,1,0,2
"2280",2010,4,2,1,1
"2280",2010,4,3,0,0
"2280",2010,4,4,1,0
"2280",2010,4,5 - 9,1,1
"2280",2010,4,10 - 14,3,2
"2280",2010,4,15 - 19,2,5
"2280",2010,4,20 - 24,7,9
"2280",2010,4,25 - 29,3,9
"2280",2010,4,30 - 34,8,10
"2280",2010,4,35 - 39,6,10
"2280",2010,4,40 - 44,10,9
"2280",2010,4,45 - 49,23,21
"2280",2010,4,50 - 54,36,26
"2280",2010,4,55 - 59,31,29
"2280",2010,4,60 - 64,48,48
"2280",2010,4,65 - 69,47,56
"2280",2010,4,70 - 74,52,80
"2280",2010,4,75 - 79,76,85
"2280",2010,4,80 - 84,76,78
"2280",2010,4,85 - 89,52,49
"2280",2010,4,90 - 94,31,23
"2280",2010,4,95+,8,12
"2280",2010,4,UNK,0,0
"2280",2010,5,Total,28,31
"2280",2010,5,0,2,4
"2280",2010,5,1,0,0
"2280",2010,5,2,2,0
"2280",2010,5,3,1,0
"2280",2010,5,4,0,0
"2280",2010,5,5 - 9,0,0
"2280",2010,5,10 - 14,0,1
"2280",2010,5,15 - 19,1,2
"2280",2010,5,20 - 24,0,2
"2280",2010,5,25 - 29,1,2
"2280",2010,5,30 - 34,1,0
"2280",2010,5,35 - 39,1,3
"2280",2010,5,40 - 44,0,2
"2280",2010,5,45 - 49,1,1
"2280",2010,5,50 - 54,2,2
"2280",2010,5,55 - 59,0,2
"2280",2010,5,60 - 64,1,1
"2280",2010,5,65 - 69,1,0
"2280",2010,5,70 - 74,5,2
"2280",2010,5,75 - 79,2,1
"2280",2010,5,80 - 84,4,1
"2280",2010,5,85 - 89,2,3
"2280",2010,5,90 - 94,0,2
"2280",2010,5,95+,1,0
"2280",2010,5,UNK,0,0
"2280",2010,6,Total,4,12
"2280",2010,6,0,0,0
"2280",2010,6,1,0,0
"2280",2010,6,2,0,0
"2280",2010,6,3,0,0
"2280",2010,6,4,0,0
"2280",2010,6,5 - 9,0,0
"2280",2010,6,10 - 14,0,0
"2280",2010,6,15 - 19,0,0
"2280",2010,6,20 - 24,0,1
"2280",2010,6,25 - 29,0,1
"2280",2010,6,30 - 34,0,1
"2280",2010,6,35 - 39,2,0
"2280",2010,6,40 - 44,1,1
"2280",2010,6,45 - 49,0,1
"2280",2010,6,50 - 54,0,2
"2280",2010,6,55 - 59,1,1
"2280",2010,6,60 - 64,0,2
"2280",2010,6,65 - 69,0,2
"2280",2010,6,70 - 74,0,0
"2280",2010,6,75 - 79,0,0
"2280",2010,6,80 - 84,0,0
"2280",2010,6,85 - 89,0,0
"2280",2010,6,90 - 94,0,0
"2280",2010,6,95+,0,0
"2280",2010,6,UNK,0,0
"2280",2010,7,Total,51,60
"2280",2010,7,0,4,9
"2280",2010,7,1,1,3
"2280",2010,7,2,1,2
"2280",2010,7,3,0,1
"2280",2010,7,4,0,1
"2280",2010,7,5 - 9,4,2
"2280",2010,7,10 - 14,3,0
"2280",2010,7,15 - 19,0,2
"2280",2010,7,20 - 24,3,2
"2280",2010,7,25 - 29,1,7
"2280",2010,7,30 - 34,3,3
"2280",2010,7,35 - 39,1,3
"2280",2010,7,40 - 44,0,3
"2280",2010,7,45 - 49,6,4
"2280",2010,7,50 - 54,5,3
"2280",2010,7,55 - 59,7,0
"2280",2010,7,60 - 64,0,2
"2280",2010,7,65 - 69,2,2
"2280",2010,7,70 - 74,4,1
"2280",2010,7,75 - 79,1,4
"2280",2010,7,80 - 84,1,3
"2280",2010,7,85 - 89,1,3
"2280",2010,7,90 - 94,3,0
"2280",2010,7,95+,0,0
"2280",2010,7,UNK,0,0
"2280",2010,8,Total,287,203
"2280",2010,8,0,13,20
"2280",2010,8,1,4,6
"2280",2010,8,2,2,2
"2280",2010,8,3,0,2
"2280",2010,8,4,0,0
"2280",2010,8,5 - 9,1,2
"2280",2010,8,10 - 14,3,3
"2280",2010,8,15 - 19,3,4
"2280",2010,8,20 - 24,3,3
"2280",2010,8,25 - 29,5,4
"2280",2010,8,30 - 34,6,3
"2280",2010,8,35 - 39,10,3
"2280",2010,8,40 - 44,10,5
"2280",2010,8,45 - 49,13,9
"2280",2010,8,50 - 54,19,11
"2280",2010,8,55 - 59,31,24
"2280",2010,8,60 - 64,23,17
"2280",2010,8,65 - 69,37,21
"2280",2010,8,70 - 74,39,23
"2280",2010,8,75 - 79,27,14
"2280",2010,8,80 - 84,22,15
"2280",2010,8,85 - 89,11,7
"2280",2010,8,90 - 94,4,4
"2280",2010,8,95+,1,1
"2280",2010,8,UNK,0,0
"2280",2010,9,Total,148,243
"2280",2010,9,0,2,4
"2280",2010,9,1,1,1
"2280",2010,9,2,0,3
"2280",2010,9,3,0,2
"2280",2010,9,4,0,0
"2280",2010,9,5 - 9,3,6
"2280",2010,9,10 - 14,3,1
"2280",2010,9,15 - 19,2,2
"2280",2010,9,20 - 24,5,3
"2280",2010,9,25 - 29,0,3
"2280",2010,9,30 - 34,4,11
"2280",2010,9,35 - 39,5,21
"2280",2010,9,40 - 44,11,16
"2280",2010,9,45 - 49,15,19
"2280",2010,9,50 - 54,9,32
"2280",2010,9,55 - 59,10,26
"2280",2010,9,60 - 64,14,22
"2280",2010,9,65 - 69,16,15
"2280",2010,9,70 - 74,16,20
"2280",2010,9,75 - 79,14,18
"2280",2010,9,80 - 84,8,5
"2280",2010,9,85 - 89,8,9
"2280",2010,9,90 - 94,2,4
"2280",2010,9,95+,0,0
"2280",2010,9,UNK,0,0
"2280",2010,10,Total,61,83
"2280",2010,10,0,3,3
"2280",2010,10,1,0,1
"2280",2010,10,2,0,2
"2280",2010,10,3,1,0
"2280",2010,10,4,1,0
"2280",2010,10,5 - 9,4,2
"2280",2010,10,10 - 14,2,3
"2280",2010,10,15 - 19,1,0
"2280",2010,10,20 - 24,2,1
"2280",2010,10,25 - 29,1,5
"2280",2010,10,30 - 34,1,5
"2280",2010,10,35 - 39,2,2
"2280",2010,10,40 - 44,3,1
"2280",2010,10,45 - 49,5,4
"2280",2010,10,50 - 54,6,3
"2280",2010,10,55 - 59,3,10
"2280",2010,10,60 - 64,5,7
"2280",2010,10,65 - 69,4,7
"2280",2010,10,70 - 74,4,9
"2280",2010,10,75 - 79,7,8
"2280",2010,10,80 - 84,2,5
"2280",2010,10,85 - 89,2,4
"2280",2010,10,90 - 94,1,1
"2280",2010,10,95+,1,0
"2280",2010,10,UNK,0,0
"2280",2010,11,Total,548,767
"2280",2010,11,0,536,743
"2280",2010,11,1,4,3
"2280",2010,11,2,0,1
"2280",2010,11,3,1,3
"2280",2010,11,4,0,0
"2280",2010,11,5 - 9,0,7
"2280",2010,11,10 - 14,4,2
"2280",2010,11,15 - 19,1,3
"2280",2010,11,20 - 24,0,1
"2280",2010,11,25 - 29,1,1
"2280",2010,11,30 - 34,0,0
"2280",2010,11,35 - 39,1,0
"2280",2010,11,40 - 44,0,0
"2280",2010,11,45 - 49,0,1
"2280",2010,11,50 - 54,0,0
"2280",2010,11,55 - 59,0,0
"2280",2010,11,60 - 64,0,0
"2280",2010,11,65 - 69,0,0
"2280",2010,11,70 - 74,0,0
"2280",2010,11,75 - 79,0,1
"2280",2010,11,80 - 84,0,0
"2280",2010,11,85 - 89,0,1
"2280",2010,11,90 - 94,0,0
"2280",2010,11,95+,0,0
"2280",2010,11,UNK,0,0
"2280",2010,12,Total,293,279
"2280",2010,12,0,35,51
"2280",2010,12,1,9,9
"2280",2010,12,2,12,7
"2280",2010,12,3,3,2
"2280",2010,12,4,0,0
"2280",2010,12,5 - 9,2,4
"2280",2010,12,10 - 14,2,4
"2280",2010,12,15 - 19,4,7
"2280",2010,12,20 - 24,5,3
"2280",2010,12,25 - 29,1,1
"2280",2010,12,30 - 34,3,4
"2280",2010,12,35 - 39,1,2
"2280",2010,12,40 - 44,4,8
"2280",2010,12,45 - 49,4,3
"2280",2010,12,50 - 54,10,6
"2280",2010,12,55 - 59,8,6
"2280",2010,12,60 - 64,19,18
"2280",2010,12,65 - 69,25,24
"2280",2010,12,70 - 74,32,21
"2280",2010,12,75 - 79,37,32
"2280",2010,12,80 - 84,32,25
"2280",2010,12,85 - 89,26,26
"2280",2010,12,90 - 94,12,14
"2280",2010,12,95+,7,2
"2280",2010,12,UNK,0,0
"2280",2010,13,Total,133,395
"2280",2010,13,0,3,3
"2280",2010,13,1,0,2
"2280",2010,13,2,0,0
"2280",2010,13,3,0,4
"2280",2010,13,4,0,0
"2280",2010,13,5 - 9,3,4
"2280",2010,13,10 - 14,11,3
"2280",2010,13,15 - 19,22,49
"2280",2010,13,20 - 24,15,47
"2280",2010,13,25 - 29,9,46
"2280",2010,13,30 - 34,12,33
"2280",2010,13,35 - 39,5,46
"2280",2010,13,40 - 44,7,13
"2280",2010,13,45 - 49,5,24
"2280",2010,13,50 - 54,2,23
"2280",2010,13,55 - 59,5,17
"2280",2010,13,60 - 64,5,14
"2280",2010,13,65 - 69,3,8
"2280",2010,13,70 - 74,6,17
"2280",2010,13,75 - 79,6,12
"2280",2010,13,80 - 84,6,16
"2280",2010,13,85 - 89,5,9
"2280",2010,13,90 - 94,3,3
"2280",2010,13,95+,0,2
"2280",2010,13,UNK,0,0
"2280",2010,14,Total,5,63
"2280",2010,14,0,0,0
"2280",2010,14,1,0,0
"2280",2010,14,2,0,0
"2280",2010,14,3,0,0
"2280",2010,14,4,0,0
"2280",2010,14,5 - 9,0,0
"2280",2010,14,10 - 14,0,1
"2280",2010,14,15 - 19,0,8
"2280",2010,14,20 - 24,1,12
"2280",2010,14,25 - 29,0,11
"2280",2010,14,30 - 34,2,9
"2280",2010,14,35 - 39,0,2
"2280",2010,14,40 - 44,0,7
"2280",2010,14,45 - 49,0,3
"2280",2010,14,50 - 54,1,3
"2280",2010,14,55 - 59,0,1
"2280",2010,14,60 - 64,1,3
"2280",2010,14,65 - 69,0,1
"2280",2010,14,70 - 74,0,0
"2280",2010,14,75 - 79,0,0
"2280",2010,14,80 - 84,0,1
"2280",2010,14,85 - 89,0,0
"2280",2010,14,90 - 94,0,0
"2280",2010,14,95+,0,1
"2280",2010,14,UNK,0,0
"2280",2010,15,Total,83,48
"2280",2010,15,0,4,8
"2280",2010,15,1,0,0
"2280",2010,15,2,0,1
"2280",2010,15,3,0,1
"2280",2010,15,4,0,0
"2280",2010,15,5 - 9,2,1
"2280",2010,15,10 - 14,2,3
"2280",2010,15,15 - 19,8,3
"2280",2010,15,20 - 24,6,3
"2280",2010,15,25 - 29,6,1
"2280",2010,15,30 - 34,10,0
"2280",2010,15,35 - 39,6,5
"2280",2010,15,40 - 44,5,1
"2280",2010,15,45 - 49,3,2
"2280",2010,15,50 - 54,8,3
"2280",2010,15,55 - 59,8,1
"2280",2010,15,60 - 64,3,2
"2280",2010,15,65 - 69,3,3
"2280",2010,15,70 - 74,1,2
"2280",2010,15,75 - 79,1,4
"2280",2010,15,80 - 84,3,2
"2280",2010,15,85 - 89,1,0
"2280",2010,15,90 - 94,3,2
"2280",2010,15,95+,0,0
"2280",2010,15,UNK,0,0
"2280",2011,1,Total,2667,3126
"2280",2011,1,0,642,790
"2280",2011,1,1,29,32
"2280",2011,1,2,15,19
"2280",2011,1,3,12,13
"2280",2011,1,4,10,9
"2280",2011,1,5 - 9,18,36
"2280",2011,1,10 - 14,38,32
"2280",2011,1,15 - 19,73,86
"2280",2011,1,20 - 24,55,127
"2280",2011,1,25 - 29,61,116
"2280",2011,1,30 - 34,68,128
"2280",2011,1,35 - 39,72,106
"2280",2011,1,40 - 44,75,125
"2280",2011,1,45 - 49,89,126
"2280",2011,1,50 - 54,127,139
"2280",2011,1,55 - 59,146,160
"2280",2011,1,60 - 64,176,181
"2280",2011,1,65 - 69,182,166
"2280",2011,1,70 - 74,197,189
"2280",2011,1,75 - 79,193,194
"2280",2011,1,80 - 84,174,149
"2280",2011,1,85 - 89,129,107
"2280",2011,1,90 - 94,59,70
"2280",2011,1,95+,27,26
"2280",2011,1,UNK,0,0
"2280",2011,2,Total,177,244
"2280",2011,2,0,28,23
"2280",2011,2,1,1,8
"2280",2011,2,2,0,3
"2280",2011,2,3,1,1
"2280",2011,2,4,1,1
"2280",2011,2,5 - 9,1,5
"2280",2011,2,10 - 14,1,3
"2280",2011,2,15 - 19,4,7
"2280",2011,2,20 - 24,3,12
"2280",2011,2,25 - 29,15,12
"2280",2011,2,30 - 34,18,26
"2280",2011,2,35 - 39,11,16
"2280",2011,2,40 - 44,7,18
"2280",2011,2,45 - 49,13,15
"2280",2011,2,50 - 54,12,17
"2280",2011,2,55 - 59,17,9
"2280",2011,2,60 - 64,11,9
"2280",2011,2,65 - 69,8,11
"2280",2011,2,70 - 74,7,16
"2280",2011,2,75 - 79,4,12
"2280",2011,2,80 - 84,5,8
"2280",2011,2,85 - 89,5,6
"2280",2011,2,90 - 94,3,5
"2280",2011,2,95+,1,1
"2280",2011,2,UNK,0,0
"2280",2011,3,Total,264,240
"2280",2011,3,0,1,5
"2280",2011,3,1,0,2
"2280",2011,3,2,1,0
"2280",2011,3,3,3,3
"2280",2011,3,4,0,0
"2280",2011,3,5 - 9,2,6
"2280",2011,3,10 - 14,11,5
"2280",2011,3,15 - 19,10,9
"2280",2011,3,20 - 24,11,18
"2280",2011,3,25 - 29,4,8
"2280",2011,3,30 - 34,9,8
"2280",2011,3,35 - 39,8,13
"2280",2011,3,40 - 44,9,7
"2280",2011,3,45 - 49,23,14
"2280",2011,3,50 - 54,26,13
"2280",2011,3,55 - 59,29,21
"2280",2011,3,60 - 64,26,28
"2280",2011,3,65 - 69,24,18
"2280",2011,3,70 - 74,22,20
"2280",2011,3,75 - 79,21,21
"2280",2011,3,80 - 84,12,16
"2280",2011,3,85 - 89,9,3
"2280",2011,3,90 - 94,2,1
"2280",2011,3,95+,1,1
"2280",2011,3,UNK,0,0
"2280",2011,4,Total,547,517
"2280",2011,4,0,7,4
"2280",2011,4,1,1,0
"2280",2011,4,2,0,2
"2280",2011,4,3,1,0
"2280",2011,4,4,0,0
"2280",2011,4,5 - 9,1,3
"2280",2011,4,10 - 14,0,1
"2280",2011,4,15 - 19,4,2
"2280",2011,4,20 - 24,7,3
"2280",2011,4,25 - 29,7,2
"2280",2011,4,30 - 34,8,6
"2280",2011,4,35 - 39,11,7
"2280",2011,4,40 - 44,27,13
"2280",2011,4,45 - 49,19,22
"2280",2011,4,50 - 54,30,22
"2280",2011,4,55 - 59,41,30
"2280",2011,4,60 - 64,43,49
"2280",2011,4,65 - 69,46,54
"2280",2011,4,70 - 74,60,72
"2280",2011,4,75 - 79,68,74
"2280",2011,4,80 - 84,73,55
"2280",2011,4,85 - 89,55,55
"2280",2011,4,90 - 94,26,27
"2280",2011,4,95+,12,14
"2280",2011,4,UNK,0,0
"2280",2011,5,Total,31,35
"2280",2011,5,0,4,4
"2280",2011,5,1,0,0
"2280",2011,5,2,0,0
"2280",2011,5,3,0,0
"2280",2011,5,4,0,0
"2280",2011,5,5 - 9,0,1
"2280",2011,5,10 - 14,1,0
"2280",2011,5,15 - 19,1,0
"2280",2011,5,20 - 24,0,1
"2280",2011,5,25 - 29,2,1
"2280",2011,5,30 - 34,0,0
"2280",2011,5,35 - 39,4,3
"2280",2011,5,40 - 44,0,5
"2280",2011,5,45 - 49,1,1
"2280",2011,5,50 - 54,1,2
"2280",2011,5,55 - 59,3,3
"2280",2011,5,60 - 64,3,0
"2280",2011,5,65 - 69,3,2
"2280",2011,5,70 - 74,1,4
"2280",2011,5,75 - 79,2,2
"2280",2011,5,80 - 84,1,3
"2280",2011,5,85 - 89,1,2
"2280",2011,5,90 - 94,2,0
"2280",2011,5,95+,1,1
"2280",2011,5,UNK,0,0
"2280",2011,6,Total,3,18
"2280",2011,6,0,0,0
"2280",2011,6,1,0,0
"2280",2011,6,2,0,0
"2280",2011,6,3,0,0
"2280",2011,6,4,0,0
"2280",2011,6,5 - 9,0,0
"2280",2011,6,10 - 14,0,0
"2280",2011,6,15 - 19,0,1
"2280",2011,6,20 - 24,0,2
"2280",2011,6,25 - 29,0,0
"2280",2011,6,30 - 34,0,2
"2280",2011,6,35 - 39,0,0
"2280",2011,6,40 - 44,0,3
"2280",2011,6,45 - 49,1,1
"2280",2011,6,50 - 54,1,3
"2280",2011,6,55 - 59,0,1
"2280",2011,6,60 - 64,0,3
"2280",2011,6,65 - 69,0,0
"2280",2011,6,70 - 74,1,1
"2280",2011,6,75 - 79,0,1
"2280",2011,6,80 - 84,0,0
"2280",2011,6,85 - 89,0,0
"2280",2011,6,90 - 94,0,0
"2280",2011,6,95+,0,0
"2280",2011,6,UNK,0,0
"2280",2011,7,Total,50,53
"2280",2011,7,0,6,5
"2280",2011,7,1,2,1
"2280",2011,7,2,3,2
"2280",2011,7,3,2,0
"2280",2011,7,4,2,1
"2280",2011,7,5 - 9,2,4
"2280",2011,7,10 - 14,2,3
"2280",2011,7,15 - 19,1,4
"2280",2011,7,20 - 24,0,3
"2280",2011,7,25 - 29,2,2
"2280",2011,7,30 - 34,2,6
"2280",2011,7,35 - 39,3,1
"2280",2011,7,40 - 44,2,3
"2280",2011,7,45 - 49,0,4
"2280",2011,7,50 - 54,3,3
"2280",2011,7,55 - 59,1,2
"2280",2011,7,60 - 64,3,2
"2280",2011,7,65 - 69,4,1
"2280",2011,7,70 - 74,2,2
"2280",2011,7,75 - 79,4,1
"2280",2011,7,80 - 84,2,2
"2280",2011,7,85 - 89,0,0
"2280",2011,7,90 - 94,2,1
"2280",2011,7,95+,0,0
"2280",2011,7,UNK,0,0
"2280",2011,8,Total,291,200
"2280",2011,8,0,9,15
"2280",2011,8,1,6,2
"2280",2011,8,2,2,1
"2280",2011,8,3,1,1
"2280",2011,8,4,2,1
"2280",2011,8,5 - 9,2,3
"2280",2011,8,10 - 14,3,1
"2280",2011,8,15 - 19,6,0
"2280",2011,8,20 - 24,2,2
"2280",2011,8,25 - 29,3,5
"2280",2011,8,30 - 34,2,8
"2280",2011,8,35 - 39,7,4
"2280",2011,8,40 - 44,2,7
"2280",2011,8,45 - 49,10,7
"2280",2011,8,50 - 54,19,18
"2280",2011,8,55 - 59,22,20
"2280",2011,8,60 - 64,39,20
"2280",2011,8,65 - 69,41,22
"2280",2011,8,70 - 74,40,23
"2280",2011,8,75 - 79,33,18
"2280",2011,8,80 - 84,20,16
"2280",2011,8,85 - 89,16,2
"2280",2011,8,90 - 94,2,4
"2280",2011,8,95+,2,0
"2280",2011,8,UNK,0,0
"2280",2011,9,Total,163,252
"2280",2011,9,0,3,7
"2280",2011,9,1,1,1
"2280",2011,9,2,1,1
"2280",2011,9,3,1,1
"2280",2011,9,4,2,0
"2280",2011,9,5 - 9,2,2
"2280",2011,9,10 - 14,1,0
"2280",2011,9,15 - 19,3,1
"2280",2011,9,20 - 24,0,3
"2280",2011,9,25 - 29,3,7
"2280",2011,9,30 - 34,7,12
"2280",2011,9,35 - 39,4,13
"2280",2011,9,40 - 44,5,22
"2280",2011,9,45 - 49,5,28
"2280",2011,9,50 - 54,16,27
"2280",2011,9,55 - 59,12,28
"2280",2011,9,60 - 64,22,29
"2280",2011,9,65 - 69,16,21
"2280",2011,9,70 - 74,20,8
"2280",2011,9,75 - 79,14,11
"2280",2011,9,80 - 84,13,12
"2280",2011,9,85 - 89,7,8
"2280",2011,9,90 - 94,3,10
"2280",2011,9,95+,2,0
"2280",2011,9,UNK,0,0
"2280",2011,10,Total,62,77
"2280",2011,10,0,2,3
"2280",2011,10,1,1,0
"2280",2011,10,2,0,0
"2280",2011,10,3,0,0
"2280",2011,10,4,0,2
"2280",2011,10,5 - 9,0,2
"2280",2011,10,10 - 14,2,1
"2280",2011,10,15 - 19,4,4
"2280",2011,10,20 - 24,4,1
"2280",2011,10,25 - 29,0,4
"2280",2011,10,30 - 34,1,6
"2280",2011,10,35 - 39,4,1
"2280",2011,10,40 - 44,1,1
"2280",2011,10,45 - 49,4,2
"2280",2011,10,50 - 54,1,2
"2280",2011,10,55 - 59,5,9
"2280",2011,10,60 - 64,0,8
"2280",2011,10,65 - 69,8,5
"2280",2011,10,70 - 74,4,4
"2280",2011,10,75 - 79,7,7
"2280",2011,10,80 - 84,5,6
"2280",2011,10,85 - 89,6,5
"2280",2011,10,90 - 94,1,4
"2280",2011,10,95+,2,0
"2280",2011,10,UNK,0,0
"2280",2011,11,Total,558,690
"2280",2011,11,0,540,670
"2280",2011,11,1,4,3
"2280",2011,11,2,1,2
"2280",2011,11,3,1,2
"2280",2011,11,4,1,3
"2280",2011,11,5 - 9,1,4
"2280",2011,11,10 - 14,4,1
"2280",2011,11,15 - 19,2,1
"2280",2011,11,20 - 24,1,0
"2280",2011,11,25 - 29,2,1
"2280",2011,11,30 - 34,0,0
"2280",2011,11,35 - 39,0,2
"2280",2011,11,40 - 44,0,1
"2280",2011,11,45 - 49,0,0
"2280",2011,11,50 - 54,0,0
"2280",2011,11,55 - 59,0,0
"2280",2011,11,60 - 64,0,0
"2280",2011,11,65 - 69,0,0
"2280",2011,11,70 - 74,1,0
"2280",2011,11,75 - 79,0,0
"2280",2011,11,80 - 84,0,0
"2280",2011,11,85 - 89,0,0
"2280",2011,11,90 - 94,0,0
"2280",2011,11,95+,0,0
"2280",2011,11,UNK,0,0
"2280",2011,12,Total,291,270
"2280",2011,12,0,35,48
"2280",2011,12,1,11,12
"2280",2011,12,2,4,6
"2280",2011,12,3,1,3
"2280",2011,12,4,1,1
"2280",2011,12,5 - 9,2,0
"2280",2011,12,10 - 14,2,6
"2280",2011,12,15 - 19,5,5
"2280",2011,12,20 - 24,4,9
"2280",2011,12,25 - 29,2,8
"2280",2011,12,30 - 34,3,2
"2280",2011,12,35 - 39,6,2
"2280",2011,12,40 - 44,6,4
"2280",2011,12,45 - 49,4,8
"2280",2011,12,50 - 54,7,7
"2280",2011,12,55 - 59,9,9
"2280",2011,12,60 - 64,24,12
"2280",2011,12,65 - 69,23,15
"2280",2011,12,70 - 74,29,20
"2280",2011,12,75 - 79,34,30
"2280",2011,12,80 - 84,36,24
"2280",2011,12,85 - 89,23,19
"2280",2011,12,90 - 94,14,14
"2280",2011,12,95+,6,6
"2280",2011,12,UNK,0,0
"2280",2011,13,Total,130,395
"2280",2011,13,0,3,2
"2280",2011,13,1,2,2
"2280",2011,13,2,2,2
"2280",2011,13,3,1,1
"2280",2011,13,4,1,0
"2280",2011,13,5 - 9,4,5
"2280",2011,13,10 - 14,7,9
"2280",2011,13,15 - 19,22,34
"2280",2011,13,20 - 24,11,51
"2280",2011,13,25 - 29,12,50
"2280",2011,13,30 - 34,5,41
"2280",2011,13,35 - 39,4,32
"2280",2011,13,40 - 44,9,34
"2280",2011,13,45 - 49,7,17
"2280",2011,13,50 - 54,6,20
"2280",2011,13,55 - 59,4,21
"2280",2011,13,60 - 64,4,14
"2280",2011,13,65 - 69,2,15
"2280",2011,13,70 - 74,6,16
"2280",2011,13,75 - 79,3,15
"2280",2011,13,80 - 84,4,4
"2280",2011,13,85 - 89,7,5
"2280",2011,13,90 - 94,4,3
"2280",2011,13,95+,0,2
"2280",2011,13,UNK,0,0
"2280",2011,14,Total,4,89
"2280",2011,14,0,0,0
"2280",2011,14,1,0,0
"2280",2011,14,2,0,0
"2280",2011,14,3,0,1
"2280",2011,14,4,0,0
"2280",2011,14,5 - 9,0,0
"2280",2011,14,10 - 14,0,0
"2280",2011,14,15 - 19,1,16
"2280",2011,14,20 - 24,1,19
"2280",2011,14,25 - 29,0,12
"2280",2011,14,30 - 34,0,10
"2280",2011,14,35 - 39,1,12
"2280",2011,14,40 - 44,0,6
"2280",2011,14,45 - 49,0,2
"2280",2011,14,50 - 54,0,2
"2280",2011,14,55 - 59,0,4
"2280",2011,14,60 - 64,0,2
"2280",2011,14,65 - 69,1,1
"2280",2011,14,70 - 74,0,1
"2280",2011,14,75 - 79,0,0
"2280",2011,14,80 - 84,0,0
"2280",2011,14,85 - 89,0,0
"2280",2011,14,90 - 94,0,0
"2280",2011,14,95+,0,1
"2280",2011,14,UNK,0,0
"2280",2011,15,Total,96,46
"2280",2011,15,0,4,4
"2280",2011,15,1,0,1
"2280",2011,15,2,1,0
"2280",2011,15,3,0,0
"2280",2011,15,4,0,0
"2280",2011,15,5 - 9,1,1
"2280",2011,15,10 - 14,4,2
"2280",2011,15,15 - 19,10,2
"2280",2011,15,20 - 24,11,3
"2280",2011,15,25 - 29,9,4
"2280",2011,15,30 - 34,13,1
"2280",2011,15,35 - 39,9,0
"2280",2011,15,40 - 44,7,1
"2280",2011,15,45 - 49,2,5
"2280",2011,15,50 - 54,5,3
"2280",2011,15,55 - 59,3,3
"2280",2011,15,60 - 64,1,5
"2280",2011,15,65 - 69,6,1
"2280",2011,15,70 - 74,4,2
"2280",2011,15,75 - 79,3,2
"2280",2011,15,80 - 84,3,3
"2280",2011,15,85 - 89,0,2
"2280",2011,15,90 - 94,0,1
"2280",2011,15,95+,0,0
"2280",2011,15,UNK,0,0
"2280",2012,1,Total,2879,3140
"2280",2012,1,0,644,845
"2280",2012,1,1,42,40
"2280",2012,1,2,12,18
"2280",2012,1,3,14,13
"2280",2012,1,4,7,9
"2280",2012,1,5 - 9,27,29
"2280",2012,1,10 - 14,40,30
"2280",2012,1,15 - 19,72,81
"2280",2012,1,20 - 24,57,112
"2280",2012,1,25 - 29,61,132
"2280",2012,1,30 - 34,77,88
"2280",2012,1,35 - 39,71,105
"2280",2012,1,40 - 44,104,93
"2280",2012,1,45 - 49,103,140
"2280",2012,1,50 - 54,133,135
"2280",2012,1,55 - 59,150,165
"2280",2012,1,60 - 64,211,180
"2280",2012,1,65 - 69,176,185
"2280",2012,1,70 - 74,229,197
"2280",2012,1,75 - 79,223,194
"2280",2012,1,80 - 84,179,156
"2280",2012,1,85 - 89,153,109
"2280",2012,1,90 - 94,68,55
"2280",2012,1,95+,26,29
"2280",2012,1,UNK,0,0
"2280",2012,2,Total,218,266
"2280",2012,2,0,28,29
"2280",2012,2,1,9,14
"2280",2012,2,2,1,2
"2280",2012,2,3,4,5
"2280",2012,2,4,1,2
"2280",2012,2,5 - 9,2,6
"2280",2012,2,10 - 14,3,3
"2280",2012,2,15 - 19,4,7
"2280",2012,2,20 - 24,7,14
"2280",2012,2,25 - 29,8,22
"2280",2012,2,30 - 34,21,20
"2280",2012,2,35 - 39,14,20
"2280",2012,2,40 - 44,15,16
"2280",2012,2,45 - 49,14,21
"2280",2012,2,50 - 54,9,10
"2280",2012,2,55 - 59,11,11
"2280",2012,2,60 - 64,8,10
"2280",2012,2,65 - 69,14,11
"2280",2012,2,70 - 74,5,9
"2280",2012,2,75 - 79,11,10
"2280",2012,2,80 - 84,9,13
"2280",2012,2,85 - 89,14,8
"2280",2012,2,90 - 94,5,2
"2280",2012,2,95+,1,1
"2280",2012,2,UNK,0,0
"2280",2012,3,Total,319,212
"2280",2012,3,0,3,3
"2280",2012,3,1,1,1
"2280",2012,3,2,2,1
"2280",2012,3,3,1,0
"2280",2012,3,4,0,1
"2280",2012,3,5 - 9,3,8
"2280",2012,3,10 - 14,9,8
"2280",2012,3,15 - 19,11,13
"2280",2012,3,20 - 24,8,4
"2280",2012,3,25 - 29,12,4
"2280",2012,3,30 - 34,9,7
"2280",2012,3,35 - 39,13,5
"2280",2012,3,40 - 44,15,9
"2280",2012,3,45 - 49,23,6
"2280",2012,3,50 - 54,30,19
"2280",2012,3,55 - 59,24,14
"2280",2012,3,60 - 64,39,14
"2280",2012,3,65 - 69,30,27
"2280",2012,3,70 - 74,30,24
"2280",2012,3,75 - 79,24,22
"2280",2012,3,80 - 84,17,10
"2280",2012,3,85 - 89,8,5
"2280",2012,3,90 - 94,5,4
"2280",2012,3,95+,2,3
"2280",2012,3,UNK,0,0
"2280",2012,4,Total,563,515
"2280",2012,4,0,2,7
"2280",2012,4,1,3,0
"2280",2012,4,2,0,0
"2280",2012,4,3,0,0
"2280",2012,4,4,0,0
"2280",2012,4,5 - 9,2,0
"2280",2012,4,10 - 14,3,3
"2280",2012,4,15 - 19,5,6
"2280",2012,4,20 - 24,4,4
"2280",2012,4,25 - 29,6,4
"2280",2012,4,30 - 34,6,5
"2280",2012,4,35 - 39,12,8
"2280",2012,4,40 - 44,21,12
"2280",2012,4,45 - 49,18,28
"2280",2012,4,50 - 54,28,24
"2280",2012,4,55 - 59,28,38
"2280",2012,4,60 - 64,53,53
"2280",2012,4,65 - 69,45,54
"2280",2012,4,70 - 74,77,65
"2280",2012,4,75 - 79,87,76
"2280",2012,4,80 - 84,74,56
"2280",2012,4,85 - 89,58,41
"2280",2012,4,90 - 94,24,23
"2280",2012,4,95+,7,8
"2280",2012,4,UNK,0,0
"2280",2012,5,Total,22,23
"2280",2012,5,0,2,2
"2280",2012,5,1,0,0
"2280",2012,5,2,0,0
"2280",2012,5,3,0,0
"2280",2012,5,4,0,0
"2280",2012,5,5 - 9,1,0
"2280",2012,5,10 - 14,0,0
"2280",2012,5,15 - 19,1,1
"2280",2012,5,20 - 24,0,1
"2280",2012,5,25 - 29,0,0
"2280",2012,5,30 - 34,1,0
"2280",2012,5,35 - 39,0,0
"2280",2012,5,40 - 44,0,2
"2280",2012,5,45 - 49,0,2
"2280",2012,5,50 - 54,0,1
"2280",2012,5,55 - 59,1,1
"2280",2012,5,60 - 64,3,1
"2280",2012,5,65 - 69,2,0
"2280",2012,5,70 - 74,3,1
"2280",2012,5,75 - 79,3,4
"2280",2012,5,80 - 84,3,2
"2280",2012,5,85 - 89,0,4
"2280",2012,5,90 - 94,1,1
"2280",2012,5,95+,1,0
"2280",2012,5,UNK,0,0
"2280",2012,6,Total,2,25
"2280",2012,6,0,0,0
"2280",2012,6,1,0,0
"2280",2012,6,2,0,0
"2280",2012,6,3,0,0
"2280",2012,6,4,0,0
"2280",2012,6,5 - 9,0,0
"2280",2012,6,10 - 14,0,0
"2280",2012,6,15 - 19,0,0
"2280",2012,6,20 - 24,0,0
"2280",2012,6,25 - 29,0,1
"2280",2012,6,30 - 34,0,3
"2280",2012,6,35 - 39,0,1
"2280",2012,6,40 - 44,0,2
"2280",2012,6,45 - 49,1,4
"2280",2012,6,50 - 54,0,4
"2280",2012,6,55 - 59,0,3
"2280",2012,6,60 - 64,1,1
"2280",2012,6,65 - 69,0,4
"2280",2012,6,70 - 74,0,2
"2280",2012,6,75 - 79,0,0
"2280",2012,6,80 - 84,0,0
"2280",2012,6,85 - 89,0,0
"2280",2012,6,90 - 94,0,0
"2280",2012,6,95+,0,0
"2280",2012,6,UNK,0,0
"2280",2012,7,Total,43,54
"2280",2012,7,0,8,6
"2280",2012,7,1,2,1
"2280",2012,7,2,1,0
"2280",2012,7,3,1,1
"2280",2012,7,4,1,1
"2280",2012,7,5 - 9,3,2
"2280",2012,7,10 - 14,1,1
"2280",2012,7,15 - 19,1,6
"2280",2012,7,20 - 24,0,3
"2280",2012,7,25 - 29,2,4
"2280",2012,7,30 - 34,1,1
"2280",2012,7,35 - 39,0,1
"2280",2012,7,40 - 44,2,1
"2280",2012,7,45 - 49,2,3
"2280",2012,7,50 - 54,3,2
"2280",2012,7,55 - 59,3,3
"2280",2012,7,60 - 64,0,5
"2280",2012,7,65 - 69,4,5
"2280",2012,7,70 - 74,2,2
"2280",2012,7,75 - 79,5,1
"2280",2012,7,80 - 84,0,2
"2280",2012,7,85 - 89,0,2
"2280",2012,7,90 - 94,1,0
"2280",2012,7,95+,0,1
"2280",2012,7,UNK,0,0
"2280",2012,8,Total,395,222
"2280",2012,8,0,10,13
"2280",2012,8,1,3,5
"2280",2012,8,2,3,2
"2280",2012,8,3,2,1
"2280",2012,8,4,1,0
"2280",2012,8,5 - 9,2,1
"2280",2012,8,10 - 14,4,1
"2280",2012,8,15 - 19,4,1
"2280",2012,8,20 - 24,6,2
"2280",2012,8,25 - 29,4,6
"2280",2012,8,30 - 34,12,4
"2280",2012,8,35 - 39,7,4
"2280",2012,8,40 - 44,17,7
"2280",2012,8,45 - 49,18,10
"2280",2012,8,50 - 54,30,18
"2280",2012,8,55 - 59,42,26
"2280",2012,8,60 - 64,53,25
"2280",2012,8,65 - 69,40,20
"2280",2012,8,70 - 74,46,27
"2280",2012,8,75 - 79,40,21
"2280",2012,8,80 - 84,28,18
"2280",2012,8,85 - 89,17,8
"2280",2012,8,90 - 94,5,1
"2280",2012,8,95+,1,1
"2280",2012,8,UNK,0,0
"2280",2012,9,Total,179,240
"2280",2012,9,0,3,4
"2280",2012,9,1,1,1
"2280",2012,9,2,1,0
"2280",2012,9,3,3,0
"2280",2012,9,4,0,2
"2280",2012,9,5 - 9,0,2
"2280",2012,9,10 - 14,1,1
"2280",2012,9,15 - 19,1,1
"2280",2012,9,20 - 24,2,4
"2280",2012,9,25 - 29,6,16
"2280",2012,9,30 - 34,3,14
"2280",2012,9,35 - 39,7,18
"2280",2012,9,40 - 44,12,13
"2280",2012,9,45 - 49,12,25
"2280",2012,9,50 - 54,15,24
"2280",2012,9,55 - 59,17,27
"2280",2012,9,60 - 64,20,25
"2280",2012,9,65 - 69,12,19
"2280",2012,9,70 - 74,19,21
"2280",2012,9,75 - 79,17,10
"2280",2012,9,80 - 84,10,7
"2280",2012,9,85 - 89,10,5
"2280",2012,9,90 - 94,5,1
"2280",2012,9,95+,2,0
"2280",2012,9,UNK,0,0
"2280",2012,10,Total,61,74
"2280",2012,10,0,2,4
"2280",2012,10,1,1,0
"2280",2012,10,2,0,0
"2280",2012,10,3,0,0
"2280",2012,10,4,0,0
"2280",2012,10,5 - 9,2,0
"2280",2012,10,10 - 14,2,0
"2280",2012,10,15 - 19,1,2
"2280",2012,10,20 - 24,2,4
"2280",2012,10,25 - 29,1,2
"2280",2012,10,30 - 34,2,1
"2280",2012,10,35 - 39,1,0
"2280",2012,10,40 - 44,3,2
"2280",2012,10,45 - 49,2,3
"2280",2012,10,50 - 54,2,2
"2280",2012,10,55 - 59,4,5
"2280",2012,10,60 - 64,11,6
"2280",2012,10,65 - 69,1,12
"2280",2012,10,70 - 74,12,7
"2280",2012,10,75 - 79,3,5
"2280",2012,10,80 - 84,3,8
"2280",2012,10,85 - 89,4,5
"2280",2012,10,90 - 94,1,5
"2280",2012,10,95+,1,1
"2280",2012,10,UNK,0,0
"2280",2012,11,Total,574,754
"2280",2012,11,0,540,724
"2280",2012,11,1,8,4
"2280",2012,11,2,3,6
"2280",2012,11,3,0,2
"2280",2012,11,4,2,1
"2280",2012,11,5 - 9,6,2
"2280",2012,11,10 - 14,5,2
"2280",2012,11,15 - 19,3,3
"2280",2012,11,20 - 24,1,4
"2280",2012,11,25 - 29,2,1
"2280",2012,11,30 - 34,0,1
"2280",2012,11,35 - 39,1,2
"2280",2012,11,40 - 44,0,0
"2280",2012,11,45 - 49,0,0
"2280",2012,11,50 - 54,1,2
"2280",2012,11,55 - 59,1,0
"2280",2012,11,60 - 64,0,0
"2280",2012,11,65 - 69,1,0
"2280",2012,11,70 - 74,0,0
"2280",2012,11,75 - 79,0,0
"2280",2012,11,80 - 84,0,0
"2280",2012,11,85 - 89,0,0
"2280",2012,11,90 - 94,0,0
"2280",2012,11,95+,0,0
"2280",2012,11,UNK,0,0
"2280",2012,12,Total,276,263
"2280",2012,12,0,43,45
"2280",2012,12,1,10,10
"2280",2012,12,2,1,4
"2280",2012,12,3,1,2
"2280",2012,12,4,2,2
"2280",2012,12,5 - 9,2,4
"2280",2012,12,10 - 14,3,1
"2280",2012,12,15 - 19,7,4
"2280",2012,12,20 - 24,3,3
"2280",2012,12,25 - 29,1,2
"2280",2012,12,30 - 34,1,2
"2280",2012,12,35 - 39,4,6
"2280",2012,12,40 - 44,4,3
"2280",2012,12,45 - 49,8,4
"2280",2012,12,50 - 54,7,5
"2280",2012,12,55 - 59,14,10
"2280",2012,12,60 - 64,16,15
"2280",2012,12,65 - 69,19,17
"2280",2012,12,70 - 74,27,24
"2280",2012,12,75 - 79,24,25
"2280",2012,12,80 - 84,28,30
"2280",2012,12,85 - 89,30,21
"2280",2012,12,90 - 94,16,16
"2280",2012,12,95+,5,8
"2280",2012,12,UNK,0,0
"2280",2012,13,Total,118,353
"2280",2012,13,0,2,1
"2280",2012,13,1,4,3
"2280",2012,13,2,0,2
"2280",2012,13,3,0,1
"2280",2012,13,4,0,0
"2280",2012,13,5 - 9,1,2
"2280",2012,13,10 - 14,5,8
"2280",2012,13,15 - 19,20,24
"2280",2012,13,20 - 24,14,51
"2280",2012,13,25 - 29,7,55
"2280",2012,13,30 - 34,9,24
"2280",2012,13,35 - 39,2,27
"2280",2012,13,40 - 44,8,21
"2280",2012,13,45 - 49,4,21
"2280",2012,13,50 - 54,5,18
"2280",2012,13,55 - 59,2,22
"2280",2012,13,60 - 64,6,16
"2280",2012,13,65 - 69,3,12
"2280",2012,13,70 - 74,6,10
"2280",2012,13,75 - 79,4,15
"2280",2012,13,80 - 84,4,7
"2280",2012,13,85 - 89,7,6
"2280",2012,13,90 - 94,1,2
"2280",2012,13,95+,4,5
"2280",2012,13,UNK,0,0
"2280",2012,14,Total,7,75
"2280",2012,14,0,0,0
"2280",2012,14,1,0,0
"2280",2012,14,2,0,0
"2280",2012,14,3,0,0
"2280",2012,14,4,0,0
"2280",2012,14,5 - 9,0,1
"2280",2012,14,10 - 14,1,1
"2280",2012,14,15 - 19,2,9
"2280",2012,14,20 - 24,1,14
"2280",2012,14,25 - 29,0,11
"2280",2012,14,30 - 34,0,5
"2280",2012,14,35 - 39,1,11
"2280",2012,14,40 - 44,0,4
"2280",2012,14,45 - 49,0,10
"2280",2012,14,50 - 54,1,1
"2280",2012,14,55 - 59,0,4
"2280",2012,14,60 - 64,0,2
"2280",2012,14,65 - 69,0,1
"2280",2012,14,70 - 74,0,0
"2280",2012,14,75 - 79,0,0
"2280",2012,14,80 - 84,0,0
"2280",2012,14,85 - 89,0,0
"2280",2012,14,90 - 94,0,0
"2280",2012,14,95+,1,1
"2280",2012,14,UNK,0,0
"2280",2012,15,Total,102,64
"2280",2012,15,0,1,7
"2280",2012,15,1,0,1
"2280",2012,15,2,0,1
"2280",2012,15,3,2,1
"2280",2012,15,4,0,0
"2280",2012,15,5 - 9,3,1
"2280",2012,15,10 - 14,3,1
"2280",2012,15,15 - 19,12,4
"2280",2012,15,20 - 24,9,4
"2280",2012,15,25 - 29,12,4
"2280",2012,15,30 - 34,12,1
"2280",2012,15,35 - 39,9,2
"2280",2012,15,40 - 44,7,1
"2280",2012,15,45 - 49,1,3
"2280",2012,15,50 - 54,2,5
"2280",2012,15,55 - 59,3,1
"2280",2012,15,60 - 64,1,7
"2280",2012,15,65 - 69,5,3
"2280",2012,15,70 - 74,2,5
"2280",2012,15,75 - 79,5,5
"2280",2012,15,80 - 84,3,3
"2280",2012,15,85 - 89,5,4
"2280",2012,15,90 - 94,4,0
"2280",2012,15,95+,1,0
"2280",2012,15,UNK,0,0
"2280",2013,1,Total,3035,3430
"2280",2013,1,0,776,998
"2280",2013,1,1,28,47
"2280",2013,1,2,23,24
"2280",2013,1,3,18,8
"2280",2013,1,4,8,11
"2280",2013,1,5 - 9,28,34
"2280",2013,1,10 - 14,46,43
"2280",2013,1,15 - 19,65,81
"2280",2013,1,20 - 24,68,109
"2280",2013,1,25 - 29,74,107
"2280",2013,1,30 - 34,62,104
"2280",2013,1,35 - 39,91,132
"2280",2013,1,40 - 44,97,97
"2280",2013,1,45 - 49,100,152
"2280",2013,1,50 - 54,148,155
"2280",2013,1,55 - 59,178,189
"2280",2013,1,60 - 64,175,178
"2280",2013,1,65 - 69,217,173
"2280",2013,1,70 - 74,223,188
"2280",2013,1,75 - 79,219,203
"2280",2013,1,80 - 84,182,171
"2280",2013,1,85 - 89,124,125
"2280",2013,1,90 - 94,61,64
"2280",2013,1,95+,24,37
"2280",2013,1,UNK,0,0
"2280",2013,2,Total,217,260
"2280",2013,2,0,27,26
"2280",2013,2,1,1,8
"2280",2013,2,2,3,3
"2280",2013,2,3,2,0
"2280",2013,2,4,1,0
"2280",2013,2,5 - 9,1,6
"2280",2013,2,10 - 14,5,6
"2280",2013,2,15 - 19,6,3
"2280",2013,2,20 - 24,11,9
"2280",2013,2,25 - 29,15,12
"2280",2013,2,30 - 34,11,15
"2280",2013,2,35 - 39,27,23
"2280",2013,2,40 - 44,10,23
"2280",2013,2,45 - 49,9,16
"2280",2013,2,50 - 54,13,19
"2280",2013,2,55 - 59,12,16
"2280",2013,2,60 - 64,9,13
"2280",2013,2,65 - 69,11,15
"2280",2013,2,70 - 74,17,10
"2280",2013,2,75 - 79,13,11
"2280",2013,2,80 - 84,8,13
"2280",2013,2,85 - 89,4,5
"2280",2013,2,90 - 94,1,4
"2280",2013,2,95+,0,4
"2280",2013,2,UNK,0,0
"2280",2013,3,Total,259,240
"2280",2013,3,0,3,5
"2280",2013,3,1,2,1
"2280",2013,3,2,3,0
"2280",2013,3,3,1,1
"2280",2013,3,4,3,3
"2280",2013,3,5 - 9,4,7
"2280",2013,3,10 - 14,5,9
"2280",2013,3,15 - 19,8,10
"2280",2013,3,20 - 24,9,5
"2280",2013,3,25 - 29,14,5
"2280",2013,3,30 - 34,9,6
"2280",2013,3,35 - 39,18,7
"2280",2013,3,40 - 44,18,9
"2280",2013,3,45 - 49,16,14
"2280",2013,3,50 - 54,15,24
"2280",2013,3,55 - 59,27,14
"2280",2013,3,60 - 64,24,16
"2280",2013,3,65 - 69,23,18
"2280",2013,3,70 - 74,27,31
"2280",2013,3,75 - 79,14,16
"2280",2013,3,80 - 84,7,20
"2280",2013,3,85 - 89,8,13
"2280",2013,3,90 - 94,1,5
"2280",2013,3,95+,0,1
"2280",2013,3,UNK,0,0
"2280",2013,4,Total,590,553
"2280",2013,4,0,6,8
"2280",2013,4,1,1,0
"2280",2013,4,2,0,0
"2280",2013,4,3,1,0
"2280",2013,4,4,0,0
"2280",2013,4,5 - 9,3,1
"2280",2013,4,10 - 14,2,4
"2280",2013,4,15 - 19,6,6
"2280",2013,4,20 - 24,6,5
"2280",2013,4,25 - 29,1,4
"2280",2013,4,30 - 34,10,9
"2280",2013,4,35 - 39,6,16
"2280",2013,4,40 - 44,26,12
"2280",2013,4,45 - 49,25,19
"2280",2013,4,50 - 54,36,28
"2280",2013,4,55 - 59,39,48
"2280",2013,4,60 - 64,50,53
"2280",2013,4,65 - 69,67,61
"2280",2013,4,70 - 74,61,61
"2280",2013,4,75 - 79,84,80
"2280",2013,4,80 - 84,78,61
"2280",2013,4,85 - 89,49,45
"2280",2013,4,90 - 94,30,22
"2280",2013,4,95+,3,10
"2280",2013,4,UNK,0,0
"2280",2013,5,Total,34,23
"2280",2013,5,0,1,0
"2280",2013,5,1,1,0
"2280",2013,5,2,0,0
"2280",2013,5,3,2,0
"2280",2013,5,4,0,1
"2280",2013,5,5 - 9,1,0
"2280",2013,5,10 - 14,0,0
"2280",2013,5,15 - 19,1,2
"2280",2013,5,20 - 24,2,1
"2280",2013,5,25 - 29,1,1
"2280",2013,5,30 - 34,1,0
"2280",2013,5,35 - 39,2,1
"2280",2013,5,40 - 44,0,0
"2280",2013,5,45 - 49,1,0
"2280",2013,5,50 - 54,1,2
"2280",2013,5,55 - 59,3,2
"2280",2013,5,60 - 64,6,0
"2280",2013,5,65 - 69,3,2
"2280",2013,5,70 - 74,2,2
"2280",2013,5,75 - 79,1,2
"2280",2013,5,80 - 84,1,4
"2280",2013,5,85 - 89,2,1
"2280",2013,5,90 - 94,1,2
"2280",2013,5,95+,1,0
"2280",2013,5,UNK,0,0
"2280",2013,6,Total,4,20
"2280",2013,6,0,0,0
"2280",2013,6,1,0,0
"2280",2013,6,2,0,0
"2280",2013,6,3,0,0
"2280",2013,6,4,0,0
"2280",2013,6,5 - 9,0,0
"2280",2013,6,10 - 14,0,0
"2280",2013,6,15 - 19,0,0
"2280",2013,6,20 - 24,0,1
"2280",2013,6,25 - 29,0,1
"2280",2013,6,30 - 34,0,1
"2280",2013,6,35 - 39,0,1
"2280",2013,6,40 - 44,1,1
"2280",2013,6,45 - 49,1,3
"2280",2013,6,50 - 54,1,5
"2280",2013,6,55 - 59,0,6
"2280",2013,6,60 - 64,0,0
"2280",2013,6,65 - 69,0,0
"2280",2013,6,70 - 74,0,1
"2280",2013,6,75 - 79,0,0
"2280",2013,6,80 - 84,1,0
"2280",2013,6,85 - 89,0,0
"2280",2013,6,90 - 94,0,0
"2280",2013,6,95+,0,0
"2280",2013,6,UNK,0,0
"2280",2013,7,Total,63,66
"2280",2013,7,0,7,4
"2280",2013,7,1,0,1
"2280",2013,7,2,1,3
"2280",2013,7,3,2,1
"2280",2013,7,4,2,0
"2280",2013,7,5 - 9,1,1
"2280",2013,7,10 - 14,3,2
"2280",2013,7,15 - 19,4,5
"2280",2013,7,20 - 24,3,5
"2280",2013,7,25 - 29,6,1
"2280",2013,7,30 - 34,2,3
"2280",2013,7,35 - 39,3,8
"2280",2013,7,40 - 44,2,2
"2280",2013,7,45 - 49,1,4
"2280",2013,7,50 - 54,3,3
"2280",2013,7,55 - 59,4,4
"2280",2013,7,60 - 64,5,3
"2280",2013,7,65 - 69,0,5
"2280",2013,7,70 - 74,3,4
"2280",2013,7,75 - 79,3,1
"2280",2013,7,80 - 84,4,3
"2280",2013,7,85 - 89,3,3
"2280",2013,7,90 - 94,0,0
"2280",2013,7,95+,1,0
"2280",2013,7,UNK,0,0
"2280",2013,8,Total,356,224
"2280",2013,8,0,6,18
"2280",2013,8,1,4,6
"2280",2013,8,2,2,1
"2280",2013,8,3,0,1
"2280",2013,8,4,0,1
"2280",2013,8,5 - 9,1,3
"2280",2013,8,10 - 14,3,0
"2280",2013,8,15 - 19,0,3
"2280",2013,8,20 - 24,2,1
"2280",2013,8,25 - 29,3,4
"2280",2013,8,30 - 34,4,3
"2280",2013,8,35 - 39,10,6
"2280",2013,8,40 - 44,12,1
"2280",2013,8,45 - 49,14,14
"2280",2013,8,50 - 54,33,18
"2280",2013,8,55 - 59,42,29
"2280",2013,8,60 - 64,38,31
"2280",2013,8,65 - 69,60,20
"2280",2013,8,70 - 74,40,15
"2280",2013,8,75 - 79,37,24
"2280",2013,8,80 - 84,24,14
"2280",2013,8,85 - 89,15,6
"2280",2013,8,90 - 94,3,3
"2280",2013,8,95+,3,2
"2280",2013,8,UNK,0,0
"2280",2013,9,Total,215,267
"2280",2013,9,0,4,7
"2280",2013,9,1,0,1
"2280",2013,9,2,2,1
"2280",2013,9,3,1,0
"2280",2013,9,4,0,0
"2280",2013,9,5 - 9,5,0
"2280",2013,9,10 - 14,6,1
"2280",2013,9,15 - 19,4,6
"2280",2013,9,20 - 24,3,4
"2280",2013,9,25 - 29,1,10
"2280",2013,9,30 - 34,3,15
"2280",2013,9,35 - 39,4,17
"2280",2013,9,40 - 44,10,18
"2280",2013,9,45 - 49,16,32
"2280",2013,9,50 - 54,18,22
"2280",2013,9,55 - 59,19,25
"2280",2013,9,60 - 64,16,30
"2280",2013,9,65 - 69,21,14
"2280",2013,9,70 - 74,25,21
"2280",2013,9,75 - 79,28,20
"2280",2013,9,80 - 84,18,11
"2280",2013,9,85 - 89,4,6
"2280",2013,9,90 - 94,3,5
"2280",2013,9,95+,4,1
"2280",2013,9,UNK,0,0
"2280",2013,10,Total,65,85
"2280",2013,10,0,1,1
"2280",2013,10,1,0,0
"2280",2013,10,2,0,1
"2280",2013,10,3,0,1
"2280",2013,10,4,0,0
"2280",2013,10,5 - 9,1,0
"2280",2013,10,10 - 14,4,1
"2280",2013,10,15 - 19,1,2
"2280",2013,10,20 - 24,2,3
"2280",2013,10,25 - 29,3,6
"2280",2013,10,30 - 34,2,1
"2280",2013,10,35 - 39,0,4
"2280",2013,10,40 - 44,2,2
"2280",2013,10,45 - 49,3,7
"2280",2013,10,50 - 54,8,4
"2280",2013,10,55 - 59,6,3
"2280",2013,10,60 - 64,4,4
"2280",2013,10,65 - 69,6,9
"2280",2013,10,70 - 74,7,7
"2280",2013,10,75 - 79,1,9
"2280",2013,10,80 - 84,5,9
"2280",2013,10,85 - 89,6,6
"2280",2013,10,90 - 94,2,3
"2280",2013,10,95+,1,2
"2280",2013,10,UNK,0,0
"2280",2013,11,Total,701,896
"2280",2013,11,0,672,875
"2280",2013,11,1,7,3
"2280",2013,11,2,4,3
"2280",2013,11,3,3,1
"2280",2013,11,4,0,0
"2280",2013,11,5 - 9,3,3
"2280",2013,11,10 - 14,2,2
"2280",2013,11,15 - 19,1,2
"2280",2013,11,20 - 24,3,1
"2280",2013,11,25 - 29,2,0
"2280",2013,11,30 - 34,1,1
"2280",2013,11,35 - 39,1,0
"2280",2013,11,40 - 44,1,1
"2280",2013,11,45 - 49,1,1
"2280",2013,11,50 - 54,0,2
"2280",2013,11,55 - 59,0,0
"2280",2013,11,60 - 64,0,0
"2280",2013,11,65 - 69,0,0
"2280",2013,11,70 - 74,0,0
"2280",2013,11,75 - 79,0,0
"2280",2013,11,80 - 84,0,0
"2280",2013,11,85 - 89,0,1
"2280",2013,11,90 - 94,0,0
"2280",2013,11,95+,0,0
"2280",2013,11,UNK,0,0
"2280",2013,12,Total,319,305
"2280",2013,12,0,46,47
"2280",2013,12,1,11,20
"2280",2013,12,2,8,9
"2280",2013,12,3,5,1
"2280",2013,12,4,2,3
"2280",2013,12,5 - 9,5,5
"2280",2013,12,10 - 14,4,6
"2280",2013,12,15 - 19,3,3
"2280",2013,12,20 - 24,4,2
"2280",2013,12,25 - 29,5,5
"2280",2013,12,30 - 34,3,4
"2280",2013,12,35 - 39,5,4
"2280",2013,12,40 - 44,5,5
"2280",2013,12,45 - 49,6,14
"2280",2013,12,50 - 54,10,8
"2280",2013,12,55 - 59,20,14
"2280",2013,12,60 - 64,13,18
"2280",2013,12,65 - 69,19,14
"2280",2013,12,70 - 74,31,24
"2280",2013,12,75 - 79,35,29
"2280",2013,12,80 - 84,28,24
"2280",2013,12,85 - 89,27,26
"2280",2013,12,90 - 94,17,17
"2280",2013,12,95+,7,3
"2280",2013,12,UNK,0,0
"2280",2013,13,Total,110,322
"2280",2013,13,0,0,5
"2280",2013,13,1,0,4
"2280",2013,13,2,0,3
"2280",2013,13,3,1,2
"2280",2013,13,4,0,3
"2280",2013,13,5 - 9,2,6
"2280",2013,13,10 - 14,10,8
"2280",2013,13,15 - 19,18,21
"2280",2013,13,20 - 24,11,44
"2280",2013,13,25 - 29,7,32
"2280",2013,13,30 - 34,8,27
"2280",2013,13,35 - 39,9,24
"2280",2013,13,40 - 44,6,18
"2280",2013,13,45 - 49,4,21
"2280",2013,13,50 - 54,5,14
"2280",2013,13,55 - 59,2,19
"2280",2013,13,60 - 64,7,6
"2280",2013,13,65 - 69,3,13
"2280",2013,13,70 - 74,6,9
"2280",2013,13,75 - 79,1,10
"2280",2013,13,80 - 84,1,9
"2280",2013,13,85 - 89,4,11
"2280",2013,13,90 - 94,2,3
"2280",2013,13,95+,3,10
"2280",2013,13,UNK,0,0
"2280",2013,14,Total,12,127
"2280",2013,14,0,1,0
"2280",2013,14,1,0,1
"2280",2013,14,2,0,0
"2280",2013,14,3,0,0
"2280",2013,14,4,0,0
"2280",2013,14,5 - 9,1,0
"2280",2013,14,10 - 14,0,1
"2280",2013,14,15 - 19,0,17
"2280",2013,14,20 - 24,1,21
"2280",2013,14,25 - 29,4,22
"2280",2013,14,30 - 34,1,18
"2280",2013,14,35 - 39,1,19
"2280",2013,14,40 - 44,0,4
"2280",2013,14,45 - 49,0,5
"2280",2013,14,50 - 54,0,4
"2280",2013,14,55 - 59,0,7
"2280",2013,14,60 - 64,0,3
"2280",2013,14,65 - 69,1,0
"2280",2013,14,70 - 74,0,1
"2280",2013,14,75 - 79,1,0
"2280",2013,14,80 - 84,1,0
"2280",2013,14,85 - 89,0,0
"2280",2013,14,90 - 94,0,0
"2280",2013,14,95+,0,4
"2280",2013,14,UNK,0,0
"2280",2013,15,Total,90,42
"2280",2013,15,0,2,2
"2280",2013,15,1,1,2
"2280",2013,15,2,0,0
"2280",2013,15,3,0,0
"2280",2013,15,4,0,0
"2280",2013,15,5 - 9,0,2
"2280",2013,15,10 - 14,2,3
"2280",2013,15,15 - 19,13,1
"2280",2013,15,20 - 24,11,7
"2280",2013,15,25 - 29,12,4
"2280",2013,15,30 - 34,7,1
"2280",2013,15,35 - 39,5,2
"2280",2013,15,40 - 44,4,1
"2280",2013,15,45 - 49,3,2
"2280",2013,15,50 - 54,5,2
"2280",2013,15,55 - 59,4,2
"2280",2013,15,60 - 64,3,1
"2280",2013,15,65 - 69,3,2
"2280",2013,15,70 - 74,4,2
"2280",2013,15,75 - 79,1,1
"2280",2013,15,80 - 84,6,3
"2280",2013,15,85 - 89,2,2
"2280",2013,15,90 - 94,1,0
"2280",2013,15,95+,1,0
"2280",2013,15,UNK,0,0
