"","Year","Cause","Age","Female","Male"
"2010",1990,1,Total,199,205
"2010",1990,1,0,5,8
"2010",1990,1,1,2,2
"2010",1990,1,2,3,0
"2010",1990,1,3,0,0
"2010",1990,1,4,0,0
"2010",1990,1,5 - 9,0,0
"2010",1990,1,10 - 14,0,1
"2010",1990,1,15 - 19,2,2
"2010",1990,1,20 - 24,2,2
"2010",1990,1,25 - 29,2,3
"2010",1990,1,30 - 34,3,2
"2010",1990,1,35 - 39,5,6
"2010",1990,1,40 - 44,3,6
"2010",1990,1,45 - 49,3,7
"2010",1990,1,50 - 54,2,8
"2010",1990,1,55 - 59,7,11
"2010",1990,1,60 - 64,13,22
"2010",1990,1,65 - 69,17,15
"2010",1990,1,70 - 74,23,30
"2010",1990,1,75 - 79,34,35
"2010",1990,1,80 - 84,25,20
"2010",1990,1,85 - 89,46,19
"2010",1990,1,90 - 94,0,0
"2010",1990,1,95+,0,0
"2010",1990,1,UNK,2,6
"2010",1990,2,Total,7,6
"2010",1990,2,0,0,0
"2010",1990,2,1,0,0
"2010",1990,2,2,1,0
"2010",1990,2,3,0,0
"2010",1990,2,4,0,0
"2010",1990,2,5 - 9,0,0
"2010",1990,2,10 - 14,0,0
"2010",1990,2,15 - 19,0,0
"2010",1990,2,20 - 24,0,0
"2010",1990,2,25 - 29,0,0
"2010",1990,2,30 - 34,0,0
"2010",1990,2,35 - 39,0,0
"2010",1990,2,40 - 44,0,0
"2010",1990,2,45 - 49,0,0
"2010",1990,2,50 - 54,0,0
"2010",1990,2,55 - 59,0,0
"2010",1990,2,60 - 64,1,0
"2010",1990,2,65 - 69,1,0
"2010",1990,2,70 - 74,0,0
"2010",1990,2,75 - 79,1,3
"2010",1990,2,80 - 84,1,1
"2010",1990,2,85 - 89,2,2
"2010",1990,2,90 - 94,0,0
"2010",1990,2,95+,0,0
"2010",1990,2,UNK,0,0
"2010",1990,3,Total,31,36
"2010",1990,3,0,0,0
"2010",1990,3,1,0,0
"2010",1990,3,2,0,0
"2010",1990,3,3,0,0
"2010",1990,3,4,0,0
"2010",1990,3,5 - 9,0,0
"2010",1990,3,10 - 14,0,1
"2010",1990,3,15 - 19,1,0
"2010",1990,3,20 - 24,0,0
"2010",1990,3,25 - 29,2,0
"2010",1990,3,30 - 34,0,0
"2010",1990,3,35 - 39,1,2
"2010",1990,3,40 - 44,0,0
"2010",1990,3,45 - 49,1,1
"2010",1990,3,50 - 54,1,1
"2010",1990,3,55 - 59,4,1
"2010",1990,3,60 - 64,2,7
"2010",1990,3,65 - 69,1,7
"2010",1990,3,70 - 74,2,5
"2010",1990,3,75 - 79,7,5
"2010",1990,3,80 - 84,4,3
"2010",1990,3,85 - 89,5,2
"2010",1990,3,90 - 94,0,0
"2010",1990,3,95+,0,0
"2010",1990,3,UNK,0,1
"2010",1990,4,Total,86,73
"2010",1990,4,0,0,0
"2010",1990,4,1,0,0
"2010",1990,4,2,0,0
"2010",1990,4,3,0,0
"2010",1990,4,4,0,0
"2010",1990,4,5 - 9,0,0
"2010",1990,4,10 - 14,0,0
"2010",1990,4,15 - 19,0,0
"2010",1990,4,20 - 24,1,0
"2010",1990,4,25 - 29,0,0
"2010",1990,4,30 - 34,1,2
"2010",1990,4,35 - 39,0,2
"2010",1990,4,40 - 44,2,1
"2010",1990,4,45 - 49,1,2
"2010",1990,4,50 - 54,1,4
"2010",1990,4,55 - 59,3,8
"2010",1990,4,60 - 64,6,10
"2010",1990,4,65 - 69,11,1
"2010",1990,4,70 - 74,9,13
"2010",1990,4,75 - 79,20,13
"2010",1990,4,80 - 84,12,7
"2010",1990,4,85 - 89,18,7
"2010",1990,4,90 - 94,0,0
"2010",1990,4,95+,0,0
"2010",1990,4,UNK,1,3
"2010",1990,5,Total,14,7
"2010",1990,5,0,0,0
"2010",1990,5,1,0,0
"2010",1990,5,2,0,0
"2010",1990,5,3,0,0
"2010",1990,5,4,0,0
"2010",1990,5,5 - 9,0,0
"2010",1990,5,10 - 14,0,0
"2010",1990,5,15 - 19,0,0
"2010",1990,5,20 - 24,0,1
"2010",1990,5,25 - 29,0,0
"2010",1990,5,30 - 34,0,0
"2010",1990,5,35 - 39,0,0
"2010",1990,5,40 - 44,0,0
"2010",1990,5,45 - 49,0,0
"2010",1990,5,50 - 54,0,0
"2010",1990,5,55 - 59,0,0
"2010",1990,5,60 - 64,0,1
"2010",1990,5,65 - 69,0,0
"2010",1990,5,70 - 74,2,1
"2010",1990,5,75 - 79,0,1
"2010",1990,5,80 - 84,2,1
"2010",1990,5,85 - 89,10,2
"2010",1990,5,90 - 94,0,0
"2010",1990,5,95+,0,0
"2010",1990,5,UNK,0,0
"2010",1990,6,Total,2,5
"2010",1990,6,0,0,0
"2010",1990,6,1,0,0
"2010",1990,6,2,0,0
"2010",1990,6,3,0,0
"2010",1990,6,4,0,0
"2010",1990,6,5 - 9,0,0
"2010",1990,6,10 - 14,0,0
"2010",1990,6,15 - 19,0,0
"2010",1990,6,20 - 24,0,0
"2010",1990,6,25 - 29,0,0
"2010",1990,6,30 - 34,0,0
"2010",1990,6,35 - 39,0,1
"2010",1990,6,40 - 44,0,2
"2010",1990,6,45 - 49,0,0
"2010",1990,6,50 - 54,0,0
"2010",1990,6,55 - 59,0,0
"2010",1990,6,60 - 64,0,0
"2010",1990,6,65 - 69,0,1
"2010",1990,6,70 - 74,1,0
"2010",1990,6,75 - 79,0,0
"2010",1990,6,80 - 84,1,1
"2010",1990,6,85 - 89,0,0
"2010",1990,6,90 - 94,0,0
"2010",1990,6,95+,0,0
"2010",1990,6,UNK,0,0
"2010",1990,7,Total,2,3
"2010",1990,7,0,0,0
"2010",1990,7,1,0,0
"2010",1990,7,2,1,0
"2010",1990,7,3,0,0
"2010",1990,7,4,0,0
"2010",1990,7,5 - 9,0,0
"2010",1990,7,10 - 14,0,0
"2010",1990,7,15 - 19,0,0
"2010",1990,7,20 - 24,0,0
"2010",1990,7,25 - 29,0,0
"2010",1990,7,30 - 34,0,0
"2010",1990,7,35 - 39,0,0
"2010",1990,7,40 - 44,0,1
"2010",1990,7,45 - 49,0,0
"2010",1990,7,50 - 54,0,0
"2010",1990,7,55 - 59,0,0
"2010",1990,7,60 - 64,0,0
"2010",1990,7,65 - 69,0,0
"2010",1990,7,70 - 74,0,0
"2010",1990,7,75 - 79,0,1
"2010",1990,7,80 - 84,1,1
"2010",1990,7,85 - 89,0,0
"2010",1990,7,90 - 94,0,0
"2010",1990,7,95+,0,0
"2010",1990,7,UNK,0,0
"2010",1990,8,Total,16,13
"2010",1990,8,0,0,0
"2010",1990,8,1,0,0
"2010",1990,8,2,0,0
"2010",1990,8,3,0,0
"2010",1990,8,4,0,0
"2010",1990,8,5 - 9,0,0
"2010",1990,8,10 - 14,0,0
"2010",1990,8,15 - 19,0,0
"2010",1990,8,20 - 24,0,0
"2010",1990,8,25 - 29,0,0
"2010",1990,8,30 - 34,0,0
"2010",1990,8,35 - 39,2,1
"2010",1990,8,40 - 44,0,0
"2010",1990,8,45 - 49,0,2
"2010",1990,8,50 - 54,0,1
"2010",1990,8,55 - 59,0,0
"2010",1990,8,60 - 64,0,0
"2010",1990,8,65 - 69,2,0
"2010",1990,8,70 - 74,5,4
"2010",1990,8,75 - 79,2,3
"2010",1990,8,80 - 84,3,0
"2010",1990,8,85 - 89,2,2
"2010",1990,8,90 - 94,0,0
"2010",1990,8,95+,0,0
"2010",1990,8,UNK,0,0
"2010",1990,9,Total,11,9
"2010",1990,9,0,0,0
"2010",1990,9,1,0,0
"2010",1990,9,2,0,0
"2010",1990,9,3,0,0
"2010",1990,9,4,0,0
"2010",1990,9,5 - 9,0,0
"2010",1990,9,10 - 14,0,0
"2010",1990,9,15 - 19,0,0
"2010",1990,9,20 - 24,0,0
"2010",1990,9,25 - 29,0,0
"2010",1990,9,30 - 34,2,0
"2010",1990,9,35 - 39,2,0
"2010",1990,9,40 - 44,0,1
"2010",1990,9,45 - 49,0,0
"2010",1990,9,50 - 54,0,0
"2010",1990,9,55 - 59,0,1
"2010",1990,9,60 - 64,3,1
"2010",1990,9,65 - 69,1,1
"2010",1990,9,70 - 74,0,2
"2010",1990,9,75 - 79,1,2
"2010",1990,9,80 - 84,0,0
"2010",1990,9,85 - 89,2,1
"2010",1990,9,90 - 94,0,0
"2010",1990,9,95+,0,0
"2010",1990,9,UNK,0,0
"2010",1990,10,Total,1,11
"2010",1990,10,0,0,0
"2010",1990,10,1,0,0
"2010",1990,10,2,0,0
"2010",1990,10,3,0,0
"2010",1990,10,4,0,0
"2010",1990,10,5 - 9,0,0
"2010",1990,10,10 - 14,0,0
"2010",1990,10,15 - 19,0,0
"2010",1990,10,20 - 24,0,0
"2010",1990,10,25 - 29,0,0
"2010",1990,10,30 - 34,0,0
"2010",1990,10,35 - 39,0,0
"2010",1990,10,40 - 44,0,0
"2010",1990,10,45 - 49,0,0
"2010",1990,10,50 - 54,0,0
"2010",1990,10,55 - 59,0,1
"2010",1990,10,60 - 64,0,1
"2010",1990,10,65 - 69,0,2
"2010",1990,10,70 - 74,1,1
"2010",1990,10,75 - 79,0,3
"2010",1990,10,80 - 84,0,1
"2010",1990,10,85 - 89,0,1
"2010",1990,10,90 - 94,0,0
"2010",1990,10,95+,0,0
"2010",1990,10,UNK,0,1
"2010",1990,11,Total,5,7
"2010",1990,11,0,3,6
"2010",1990,11,1,1,1
"2010",1990,11,2,1,0
"2010",1990,11,3,0,0
"2010",1990,11,4,0,0
"2010",1990,11,5 - 9,0,0
"2010",1990,11,10 - 14,0,0
"2010",1990,11,15 - 19,0,0
"2010",1990,11,20 - 24,0,0
"2010",1990,11,25 - 29,0,0
"2010",1990,11,30 - 34,0,0
"2010",1990,11,35 - 39,0,0
"2010",1990,11,40 - 44,0,0
"2010",1990,11,45 - 49,0,0
"2010",1990,11,50 - 54,0,0
"2010",1990,11,55 - 59,0,0
"2010",1990,11,60 - 64,0,0
"2010",1990,11,65 - 69,0,0
"2010",1990,11,70 - 74,0,0
"2010",1990,11,75 - 79,0,0
"2010",1990,11,80 - 84,0,0
"2010",1990,11,85 - 89,0,0
"2010",1990,11,90 - 94,0,0
"2010",1990,11,95+,0,0
"2010",1990,11,UNK,0,0
"2010",1990,12,Total,15,18
"2010",1990,12,0,2,2
"2010",1990,12,1,1,0
"2010",1990,12,2,0,0
"2010",1990,12,3,0,0
"2010",1990,12,4,0,0
"2010",1990,12,5 - 9,0,0
"2010",1990,12,10 - 14,0,0
"2010",1990,12,15 - 19,0,0
"2010",1990,12,20 - 24,0,0
"2010",1990,12,25 - 29,0,0
"2010",1990,12,30 - 34,0,0
"2010",1990,12,35 - 39,0,0
"2010",1990,12,40 - 44,0,0
"2010",1990,12,45 - 49,1,0
"2010",1990,12,50 - 54,0,1
"2010",1990,12,55 - 59,0,0
"2010",1990,12,60 - 64,1,1
"2010",1990,12,65 - 69,1,2
"2010",1990,12,70 - 74,0,2
"2010",1990,12,75 - 79,3,4
"2010",1990,12,80 - 84,0,5
"2010",1990,12,85 - 89,5,1
"2010",1990,12,90 - 94,0,0
"2010",1990,12,95+,0,0
"2010",1990,12,UNK,1,0
"2010",1990,13,Total,3,14
"2010",1990,13,0,0,0
"2010",1990,13,1,0,1
"2010",1990,13,2,0,0
"2010",1990,13,3,0,0
"2010",1990,13,4,0,0
"2010",1990,13,5 - 9,0,0
"2010",1990,13,10 - 14,0,0
"2010",1990,13,15 - 19,1,2
"2010",1990,13,20 - 24,0,1
"2010",1990,13,25 - 29,0,3
"2010",1990,13,30 - 34,0,0
"2010",1990,13,35 - 39,0,0
"2010",1990,13,40 - 44,0,1
"2010",1990,13,45 - 49,0,2
"2010",1990,13,50 - 54,0,1
"2010",1990,13,55 - 59,0,0
"2010",1990,13,60 - 64,0,0
"2010",1990,13,65 - 69,0,1
"2010",1990,13,70 - 74,1,2
"2010",1990,13,75 - 79,0,0
"2010",1990,13,80 - 84,0,0
"2010",1990,13,85 - 89,1,0
"2010",1990,13,90 - 94,0,0
"2010",1990,13,95+,0,0
"2010",1990,13,UNK,0,0
"2010",1990,14,Total,1,0
"2010",1990,14,0,0,0
"2010",1990,14,1,0,0
"2010",1990,14,2,0,0
"2010",1990,14,3,0,0
"2010",1990,14,4,0,0
"2010",1990,14,5 - 9,0,0
"2010",1990,14,10 - 14,0,0
"2010",1990,14,15 - 19,0,0
"2010",1990,14,20 - 24,0,0
"2010",1990,14,25 - 29,0,0
"2010",1990,14,30 - 34,0,0
"2010",1990,14,35 - 39,0,0
"2010",1990,14,40 - 44,1,0
"2010",1990,14,45 - 49,0,0
"2010",1990,14,50 - 54,0,0
"2010",1990,14,55 - 59,0,0
"2010",1990,14,60 - 64,0,0
"2010",1990,14,65 - 69,0,0
"2010",1990,14,70 - 74,0,0
"2010",1990,14,75 - 79,0,0
"2010",1990,14,80 - 84,0,0
"2010",1990,14,85 - 89,0,0
"2010",1990,14,90 - 94,0,0
"2010",1990,14,95+,0,0
"2010",1990,14,UNK,0,0
"2010",1990,15,Total,5,3
"2010",1990,15,0,0,0
"2010",1990,15,1,0,0
"2010",1990,15,2,0,0
"2010",1990,15,3,0,0
"2010",1990,15,4,0,0
"2010",1990,15,5 - 9,0,0
"2010",1990,15,10 - 14,0,0
"2010",1990,15,15 - 19,0,0
"2010",1990,15,20 - 24,1,0
"2010",1990,15,25 - 29,0,0
"2010",1990,15,30 - 34,0,0
"2010",1990,15,35 - 39,0,0
"2010",1990,15,40 - 44,0,0
"2010",1990,15,45 - 49,0,0
"2010",1990,15,50 - 54,0,0
"2010",1990,15,55 - 59,0,0
"2010",1990,15,60 - 64,0,1
"2010",1990,15,65 - 69,0,0
"2010",1990,15,70 - 74,2,0
"2010",1990,15,75 - 79,0,0
"2010",1990,15,80 - 84,1,0
"2010",1990,15,85 - 89,1,1
"2010",1990,15,90 - 94,0,0
"2010",1990,15,95+,0,0
"2010",1990,15,UNK,0,1
"2010",1991,1,Total,205,200
"2010",1991,1,0,3,1
"2010",1991,1,1,2,0
"2010",1991,1,2,0,0
"2010",1991,1,3,1,0
"2010",1991,1,4,0,0
"2010",1991,1,5 - 9,0,0
"2010",1991,1,10 - 14,1,1
"2010",1991,1,15 - 19,4,2
"2010",1991,1,20 - 24,4,1
"2010",1991,1,25 - 29,0,5
"2010",1991,1,30 - 34,2,4
"2010",1991,1,35 - 39,3,4
"2010",1991,1,40 - 44,5,4
"2010",1991,1,45 - 49,6,5
"2010",1991,1,50 - 54,2,13
"2010",1991,1,55 - 59,7,10
"2010",1991,1,60 - 64,13,19
"2010",1991,1,65 - 69,17,24
"2010",1991,1,70 - 74,21,23
"2010",1991,1,75 - 79,32,38
"2010",1991,1,80 - 84,29,18
"2010",1991,1,85 - 89,52,26
"2010",1991,1,90 - 94,0,0
"2010",1991,1,95+,0,0
"2010",1991,1,UNK,1,2
"2010",1991,2,Total,5,5
"2010",1991,2,0,0,0
"2010",1991,2,1,0,0
"2010",1991,2,2,0,0
"2010",1991,2,3,0,0
"2010",1991,2,4,0,0
"2010",1991,2,5 - 9,0,0
"2010",1991,2,10 - 14,0,0
"2010",1991,2,15 - 19,0,0
"2010",1991,2,20 - 24,1,0
"2010",1991,2,25 - 29,0,0
"2010",1991,2,30 - 34,0,0
"2010",1991,2,35 - 39,0,0
"2010",1991,2,40 - 44,1,0
"2010",1991,2,45 - 49,0,0
"2010",1991,2,50 - 54,0,1
"2010",1991,2,55 - 59,0,0
"2010",1991,2,60 - 64,0,0
"2010",1991,2,65 - 69,0,1
"2010",1991,2,70 - 74,0,1
"2010",1991,2,75 - 79,1,1
"2010",1991,2,80 - 84,0,1
"2010",1991,2,85 - 89,2,0
"2010",1991,2,90 - 94,0,0
"2010",1991,2,95+,0,0
"2010",1991,2,UNK,0,0
"2010",1991,3,Total,26,37
"2010",1991,3,0,0,0
"2010",1991,3,1,0,0
"2010",1991,3,2,0,0
"2010",1991,3,3,0,0
"2010",1991,3,4,0,0
"2010",1991,3,5 - 9,0,0
"2010",1991,3,10 - 14,0,0
"2010",1991,3,15 - 19,1,0
"2010",1991,3,20 - 24,0,0
"2010",1991,3,25 - 29,0,0
"2010",1991,3,30 - 34,0,0
"2010",1991,3,35 - 39,0,0
"2010",1991,3,40 - 44,0,0
"2010",1991,3,45 - 49,3,3
"2010",1991,3,50 - 54,0,2
"2010",1991,3,55 - 59,2,1
"2010",1991,3,60 - 64,3,1
"2010",1991,3,65 - 69,1,3
"2010",1991,3,70 - 74,4,5
"2010",1991,3,75 - 79,6,10
"2010",1991,3,80 - 84,4,4
"2010",1991,3,85 - 89,2,7
"2010",1991,3,90 - 94,0,0
"2010",1991,3,95+,0,0
"2010",1991,3,UNK,0,1
"2010",1991,4,Total,78,65
"2010",1991,4,0,0,0
"2010",1991,4,1,0,0
"2010",1991,4,2,0,0
"2010",1991,4,3,0,0
"2010",1991,4,4,0,0
"2010",1991,4,5 - 9,0,0
"2010",1991,4,10 - 14,0,0
"2010",1991,4,15 - 19,1,0
"2010",1991,4,20 - 24,1,0
"2010",1991,4,25 - 29,0,0
"2010",1991,4,30 - 34,0,0
"2010",1991,4,35 - 39,2,1
"2010",1991,4,40 - 44,2,1
"2010",1991,4,45 - 49,3,0
"2010",1991,4,50 - 54,0,4
"2010",1991,4,55 - 59,1,5
"2010",1991,4,60 - 64,5,6
"2010",1991,4,65 - 69,10,10
"2010",1991,4,70 - 74,7,7
"2010",1991,4,75 - 79,16,18
"2010",1991,4,80 - 84,10,5
"2010",1991,4,85 - 89,20,7
"2010",1991,4,90 - 94,0,0
"2010",1991,4,95+,0,0
"2010",1991,4,UNK,0,1
"2010",1991,5,Total,23,12
"2010",1991,5,0,0,0
"2010",1991,5,1,0,0
"2010",1991,5,2,0,0
"2010",1991,5,3,0,0
"2010",1991,5,4,0,0
"2010",1991,5,5 - 9,0,0
"2010",1991,5,10 - 14,0,0
"2010",1991,5,15 - 19,0,0
"2010",1991,5,20 - 24,0,0
"2010",1991,5,25 - 29,0,0
"2010",1991,5,30 - 34,0,0
"2010",1991,5,35 - 39,0,0
"2010",1991,5,40 - 44,0,0
"2010",1991,5,45 - 49,0,0
"2010",1991,5,50 - 54,0,0
"2010",1991,5,55 - 59,1,0
"2010",1991,5,60 - 64,0,1
"2010",1991,5,65 - 69,0,0
"2010",1991,5,70 - 74,2,1
"2010",1991,5,75 - 79,2,3
"2010",1991,5,80 - 84,5,2
"2010",1991,5,85 - 89,13,5
"2010",1991,5,90 - 94,0,0
"2010",1991,5,95+,0,0
"2010",1991,5,UNK,0,0
"2010",1991,6,Total,1,5
"2010",1991,6,0,0,0
"2010",1991,6,1,0,0
"2010",1991,6,2,0,0
"2010",1991,6,3,0,0
"2010",1991,6,4,0,0
"2010",1991,6,5 - 9,0,0
"2010",1991,6,10 - 14,0,0
"2010",1991,6,15 - 19,0,0
"2010",1991,6,20 - 24,0,0
"2010",1991,6,25 - 29,0,0
"2010",1991,6,30 - 34,0,0
"2010",1991,6,35 - 39,0,0
"2010",1991,6,40 - 44,0,0
"2010",1991,6,45 - 49,0,1
"2010",1991,6,50 - 54,0,1
"2010",1991,6,55 - 59,1,0
"2010",1991,6,60 - 64,0,1
"2010",1991,6,65 - 69,0,2
"2010",1991,6,70 - 74,0,0
"2010",1991,6,75 - 79,0,0
"2010",1991,6,80 - 84,0,0
"2010",1991,6,85 - 89,0,0
"2010",1991,6,90 - 94,0,0
"2010",1991,6,95+,0,0
"2010",1991,6,UNK,0,0
"2010",1991,7,Total,1,3
"2010",1991,7,0,0,0
"2010",1991,7,1,0,0
"2010",1991,7,2,0,0
"2010",1991,7,3,0,0
"2010",1991,7,4,0,0
"2010",1991,7,5 - 9,0,0
"2010",1991,7,10 - 14,0,0
"2010",1991,7,15 - 19,0,1
"2010",1991,7,20 - 24,1,0
"2010",1991,7,25 - 29,0,1
"2010",1991,7,30 - 34,0,0
"2010",1991,7,35 - 39,0,0
"2010",1991,7,40 - 44,0,0
"2010",1991,7,45 - 49,0,0
"2010",1991,7,50 - 54,0,0
"2010",1991,7,55 - 59,0,0
"2010",1991,7,60 - 64,0,0
"2010",1991,7,65 - 69,0,0
"2010",1991,7,70 - 74,0,1
"2010",1991,7,75 - 79,0,0
"2010",1991,7,80 - 84,0,0
"2010",1991,7,85 - 89,0,0
"2010",1991,7,90 - 94,0,0
"2010",1991,7,95+,0,0
"2010",1991,7,UNK,0,0
"2010",1991,8,Total,32,26
"2010",1991,8,0,0,0
"2010",1991,8,1,0,0
"2010",1991,8,2,0,0
"2010",1991,8,3,0,0
"2010",1991,8,4,0,0
"2010",1991,8,5 - 9,0,0
"2010",1991,8,10 - 14,1,0
"2010",1991,8,15 - 19,1,1
"2010",1991,8,20 - 24,0,0
"2010",1991,8,25 - 29,0,1
"2010",1991,8,30 - 34,1,2
"2010",1991,8,35 - 39,0,0
"2010",1991,8,40 - 44,0,2
"2010",1991,8,45 - 49,0,0
"2010",1991,8,50 - 54,1,0
"2010",1991,8,55 - 59,1,1
"2010",1991,8,60 - 64,3,5
"2010",1991,8,65 - 69,4,4
"2010",1991,8,70 - 74,5,3
"2010",1991,8,75 - 79,5,3
"2010",1991,8,80 - 84,4,2
"2010",1991,8,85 - 89,6,2
"2010",1991,8,90 - 94,0,0
"2010",1991,8,95+,0,0
"2010",1991,8,UNK,0,0
"2010",1991,9,Total,3,9
"2010",1991,9,0,0,0
"2010",1991,9,1,0,0
"2010",1991,9,2,0,0
"2010",1991,9,3,0,0
"2010",1991,9,4,0,0
"2010",1991,9,5 - 9,0,0
"2010",1991,9,10 - 14,0,0
"2010",1991,9,15 - 19,0,0
"2010",1991,9,20 - 24,0,0
"2010",1991,9,25 - 29,0,0
"2010",1991,9,30 - 34,0,0
"2010",1991,9,35 - 39,0,1
"2010",1991,9,40 - 44,0,0
"2010",1991,9,45 - 49,0,0
"2010",1991,9,50 - 54,0,2
"2010",1991,9,55 - 59,1,1
"2010",1991,9,60 - 64,0,2
"2010",1991,9,65 - 69,0,2
"2010",1991,9,70 - 74,0,1
"2010",1991,9,75 - 79,1,0
"2010",1991,9,80 - 84,1,0
"2010",1991,9,85 - 89,0,0
"2010",1991,9,90 - 94,0,0
"2010",1991,9,95+,0,0
"2010",1991,9,UNK,0,0
"2010",1991,10,Total,2,7
"2010",1991,10,0,0,0
"2010",1991,10,1,0,0
"2010",1991,10,2,0,0
"2010",1991,10,3,0,0
"2010",1991,10,4,0,0
"2010",1991,10,5 - 9,0,0
"2010",1991,10,10 - 14,0,0
"2010",1991,10,15 - 19,0,0
"2010",1991,10,20 - 24,0,0
"2010",1991,10,25 - 29,0,0
"2010",1991,10,30 - 34,0,0
"2010",1991,10,35 - 39,0,0
"2010",1991,10,40 - 44,0,1
"2010",1991,10,45 - 49,0,1
"2010",1991,10,50 - 54,0,0
"2010",1991,10,55 - 59,0,0
"2010",1991,10,60 - 64,1,1
"2010",1991,10,65 - 69,1,0
"2010",1991,10,70 - 74,0,1
"2010",1991,10,75 - 79,0,1
"2010",1991,10,80 - 84,0,2
"2010",1991,10,85 - 89,0,0
"2010",1991,10,90 - 94,0,0
"2010",1991,10,95+,0,0
"2010",1991,10,UNK,0,0
"2010",1991,11,Total,6,0
"2010",1991,11,0,3,0
"2010",1991,11,1,1,0
"2010",1991,11,2,0,0
"2010",1991,11,3,0,0
"2010",1991,11,4,0,0
"2010",1991,11,5 - 9,0,0
"2010",1991,11,10 - 14,0,0
"2010",1991,11,15 - 19,0,0
"2010",1991,11,20 - 24,0,0
"2010",1991,11,25 - 29,0,0
"2010",1991,11,30 - 34,1,0
"2010",1991,11,35 - 39,0,0
"2010",1991,11,40 - 44,0,0
"2010",1991,11,45 - 49,0,0
"2010",1991,11,50 - 54,0,0
"2010",1991,11,55 - 59,0,0
"2010",1991,11,60 - 64,0,0
"2010",1991,11,65 - 69,0,0
"2010",1991,11,70 - 74,0,0
"2010",1991,11,75 - 79,0,0
"2010",1991,11,80 - 84,0,0
"2010",1991,11,85 - 89,0,0
"2010",1991,11,90 - 94,0,0
"2010",1991,11,95+,0,0
"2010",1991,11,UNK,1,0
"2010",1991,12,Total,16,16
"2010",1991,12,0,0,1
"2010",1991,12,1,1,0
"2010",1991,12,2,0,0
"2010",1991,12,3,0,0
"2010",1991,12,4,0,0
"2010",1991,12,5 - 9,0,0
"2010",1991,12,10 - 14,0,0
"2010",1991,12,15 - 19,0,0
"2010",1991,12,20 - 24,0,0
"2010",1991,12,25 - 29,0,0
"2010",1991,12,30 - 34,0,0
"2010",1991,12,35 - 39,0,0
"2010",1991,12,40 - 44,0,0
"2010",1991,12,45 - 49,0,0
"2010",1991,12,50 - 54,0,1
"2010",1991,12,55 - 59,0,2
"2010",1991,12,60 - 64,0,1
"2010",1991,12,65 - 69,0,1
"2010",1991,12,70 - 74,2,3
"2010",1991,12,75 - 79,1,1
"2010",1991,12,80 - 84,4,2
"2010",1991,12,85 - 89,8,4
"2010",1991,12,90 - 94,0,0
"2010",1991,12,95+,0,0
"2010",1991,12,UNK,0,0
"2010",1991,13,Total,7,14
"2010",1991,13,0,0,0
"2010",1991,13,1,0,0
"2010",1991,13,2,0,0
"2010",1991,13,3,1,0
"2010",1991,13,4,0,0
"2010",1991,13,5 - 9,0,0
"2010",1991,13,10 - 14,0,1
"2010",1991,13,15 - 19,0,0
"2010",1991,13,20 - 24,1,1
"2010",1991,13,25 - 29,0,3
"2010",1991,13,30 - 34,0,1
"2010",1991,13,35 - 39,0,2
"2010",1991,13,40 - 44,0,0
"2010",1991,13,45 - 49,0,0
"2010",1991,13,50 - 54,1,2
"2010",1991,13,55 - 59,0,0
"2010",1991,13,60 - 64,1,1
"2010",1991,13,65 - 69,1,1
"2010",1991,13,70 - 74,1,0
"2010",1991,13,75 - 79,0,1
"2010",1991,13,80 - 84,1,0
"2010",1991,13,85 - 89,0,1
"2010",1991,13,90 - 94,0,0
"2010",1991,13,95+,0,0
"2010",1991,13,UNK,0,0
"2010",1991,14,Total,2,1
"2010",1991,14,0,0,0
"2010",1991,14,1,0,0
"2010",1991,14,2,0,0
"2010",1991,14,3,0,0
"2010",1991,14,4,0,0
"2010",1991,14,5 - 9,0,0
"2010",1991,14,10 - 14,0,0
"2010",1991,14,15 - 19,1,0
"2010",1991,14,20 - 24,0,0
"2010",1991,14,25 - 29,0,0
"2010",1991,14,30 - 34,0,1
"2010",1991,14,35 - 39,0,0
"2010",1991,14,40 - 44,1,0
"2010",1991,14,45 - 49,0,0
"2010",1991,14,50 - 54,0,0
"2010",1991,14,55 - 59,0,0
"2010",1991,14,60 - 64,0,0
"2010",1991,14,65 - 69,0,0
"2010",1991,14,70 - 74,0,0
"2010",1991,14,75 - 79,0,0
"2010",1991,14,80 - 84,0,0
"2010",1991,14,85 - 89,0,0
"2010",1991,14,90 - 94,0,0
"2010",1991,14,95+,0,0
"2010",1991,14,UNK,0,0
"2010",1991,15,Total,3,0
"2010",1991,15,0,0,0
"2010",1991,15,1,0,0
"2010",1991,15,2,0,0
"2010",1991,15,3,0,0
"2010",1991,15,4,0,0
"2010",1991,15,5 - 9,0,0
"2010",1991,15,10 - 14,0,0
"2010",1991,15,15 - 19,0,0
"2010",1991,15,20 - 24,0,0
"2010",1991,15,25 - 29,0,0
"2010",1991,15,30 - 34,0,0
"2010",1991,15,35 - 39,1,0
"2010",1991,15,40 - 44,1,0
"2010",1991,15,45 - 49,0,0
"2010",1991,15,50 - 54,0,0
"2010",1991,15,55 - 59,0,0
"2010",1991,15,60 - 64,0,0
"2010",1991,15,65 - 69,0,0
"2010",1991,15,70 - 74,0,0
"2010",1991,15,75 - 79,0,0
"2010",1991,15,80 - 84,0,0
"2010",1991,15,85 - 89,1,0
"2010",1991,15,90 - 94,0,0
"2010",1991,15,95+,0,0
"2010",1991,15,UNK,0,0
"2010",1992,1,Total,209,216
"2010",1992,1,0,2,2
"2010",1992,1,1,0,1
"2010",1992,1,2,0,0
"2010",1992,1,3,1,1
"2010",1992,1,4,1,0
"2010",1992,1,5 - 9,1,2
"2010",1992,1,10 - 14,1,1
"2010",1992,1,15 - 19,1,2
"2010",1992,1,20 - 24,0,5
"2010",1992,1,25 - 29,3,7
"2010",1992,1,30 - 34,4,3
"2010",1992,1,35 - 39,1,4
"2010",1992,1,40 - 44,7,9
"2010",1992,1,45 - 49,7,1
"2010",1992,1,50 - 54,5,8
"2010",1992,1,55 - 59,4,14
"2010",1992,1,60 - 64,8,24
"2010",1992,1,65 - 69,10,22
"2010",1992,1,70 - 74,25,35
"2010",1992,1,75 - 79,26,30
"2010",1992,1,80 - 84,36,22
"2010",1992,1,85 - 89,55,17
"2010",1992,1,90 - 94,0,0
"2010",1992,1,95+,0,0
"2010",1992,1,UNK,11,6
"2010",1992,2,Total,5,5
"2010",1992,2,0,1,0
"2010",1992,2,1,0,1
"2010",1992,2,2,0,0
"2010",1992,2,3,0,1
"2010",1992,2,4,0,0
"2010",1992,2,5 - 9,0,0
"2010",1992,2,10 - 14,0,0
"2010",1992,2,15 - 19,0,0
"2010",1992,2,20 - 24,0,0
"2010",1992,2,25 - 29,0,0
"2010",1992,2,30 - 34,0,0
"2010",1992,2,35 - 39,0,0
"2010",1992,2,40 - 44,0,0
"2010",1992,2,45 - 49,0,0
"2010",1992,2,50 - 54,0,0
"2010",1992,2,55 - 59,0,0
"2010",1992,2,60 - 64,0,2
"2010",1992,2,65 - 69,0,0
"2010",1992,2,70 - 74,0,0
"2010",1992,2,75 - 79,0,1
"2010",1992,2,80 - 84,1,0
"2010",1992,2,85 - 89,1,0
"2010",1992,2,90 - 94,0,0
"2010",1992,2,95+,0,0
"2010",1992,2,UNK,2,0
"2010",1992,3,Total,28,35
"2010",1992,3,0,0,0
"2010",1992,3,1,0,0
"2010",1992,3,2,0,0
"2010",1992,3,3,0,0
"2010",1992,3,4,0,0
"2010",1992,3,5 - 9,0,0
"2010",1992,3,10 - 14,0,0
"2010",1992,3,15 - 19,0,0
"2010",1992,3,20 - 24,0,1
"2010",1992,3,25 - 29,0,0
"2010",1992,3,30 - 34,0,0
"2010",1992,3,35 - 39,1,0
"2010",1992,3,40 - 44,3,0
"2010",1992,3,45 - 49,1,0
"2010",1992,3,50 - 54,4,1
"2010",1992,3,55 - 59,2,2
"2010",1992,3,60 - 64,1,6
"2010",1992,3,65 - 69,2,4
"2010",1992,3,70 - 74,3,10
"2010",1992,3,75 - 79,4,3
"2010",1992,3,80 - 84,3,6
"2010",1992,3,85 - 89,4,2
"2010",1992,3,90 - 94,0,0
"2010",1992,3,95+,0,0
"2010",1992,3,UNK,0,0
"2010",1992,4,Total,94,83
"2010",1992,4,0,0,0
"2010",1992,4,1,0,0
"2010",1992,4,2,0,0
"2010",1992,4,3,0,0
"2010",1992,4,4,0,0
"2010",1992,4,5 - 9,1,0
"2010",1992,4,10 - 14,1,0
"2010",1992,4,15 - 19,0,0
"2010",1992,4,20 - 24,0,1
"2010",1992,4,25 - 29,1,3
"2010",1992,4,30 - 34,1,0
"2010",1992,4,35 - 39,0,1
"2010",1992,4,40 - 44,2,1
"2010",1992,4,45 - 49,4,0
"2010",1992,4,50 - 54,0,5
"2010",1992,4,55 - 59,1,4
"2010",1992,4,60 - 64,3,10
"2010",1992,4,65 - 69,7,11
"2010",1992,4,70 - 74,17,16
"2010",1992,4,75 - 79,12,17
"2010",1992,4,80 - 84,14,7
"2010",1992,4,85 - 89,27,5
"2010",1992,4,90 - 94,0,0
"2010",1992,4,95+,0,0
"2010",1992,4,UNK,3,2
"2010",1992,5,Total,22,10
"2010",1992,5,0,0,0
"2010",1992,5,1,0,0
"2010",1992,5,2,0,0
"2010",1992,5,3,0,0
"2010",1992,5,4,0,0
"2010",1992,5,5 - 9,0,0
"2010",1992,5,10 - 14,0,0
"2010",1992,5,15 - 19,0,0
"2010",1992,5,20 - 24,0,0
"2010",1992,5,25 - 29,0,0
"2010",1992,5,30 - 34,0,0
"2010",1992,5,35 - 39,0,0
"2010",1992,5,40 - 44,0,0
"2010",1992,5,45 - 49,0,0
"2010",1992,5,50 - 54,0,0
"2010",1992,5,55 - 59,0,0
"2010",1992,5,60 - 64,0,0
"2010",1992,5,65 - 69,0,1
"2010",1992,5,70 - 74,1,0
"2010",1992,5,75 - 79,1,2
"2010",1992,5,80 - 84,5,2
"2010",1992,5,85 - 89,13,5
"2010",1992,5,90 - 94,0,0
"2010",1992,5,95+,0,0
"2010",1992,5,UNK,2,0
"2010",1992,6,Total,1,3
"2010",1992,6,0,0,0
"2010",1992,6,1,0,0
"2010",1992,6,2,0,0
"2010",1992,6,3,0,0
"2010",1992,6,4,0,0
"2010",1992,6,5 - 9,0,0
"2010",1992,6,10 - 14,0,0
"2010",1992,6,15 - 19,0,0
"2010",1992,6,20 - 24,0,0
"2010",1992,6,25 - 29,0,0
"2010",1992,6,30 - 34,0,0
"2010",1992,6,35 - 39,0,0
"2010",1992,6,40 - 44,0,0
"2010",1992,6,45 - 49,0,0
"2010",1992,6,50 - 54,0,0
"2010",1992,6,55 - 59,0,1
"2010",1992,6,60 - 64,1,0
"2010",1992,6,65 - 69,0,0
"2010",1992,6,70 - 74,0,0
"2010",1992,6,75 - 79,0,1
"2010",1992,6,80 - 84,0,0
"2010",1992,6,85 - 89,0,0
"2010",1992,6,90 - 94,0,0
"2010",1992,6,95+,0,0
"2010",1992,6,UNK,0,1
"2010",1992,7,Total,2,3
"2010",1992,7,0,0,0
"2010",1992,7,1,0,0
"2010",1992,7,2,0,0
"2010",1992,7,3,0,0
"2010",1992,7,4,0,0
"2010",1992,7,5 - 9,0,0
"2010",1992,7,10 - 14,0,0
"2010",1992,7,15 - 19,0,0
"2010",1992,7,20 - 24,0,0
"2010",1992,7,25 - 29,0,0
"2010",1992,7,30 - 34,0,0
"2010",1992,7,35 - 39,0,0
"2010",1992,7,40 - 44,0,0
"2010",1992,7,45 - 49,1,0
"2010",1992,7,50 - 54,0,0
"2010",1992,7,55 - 59,0,0
"2010",1992,7,60 - 64,0,1
"2010",1992,7,65 - 69,0,1
"2010",1992,7,70 - 74,0,1
"2010",1992,7,75 - 79,0,0
"2010",1992,7,80 - 84,1,0
"2010",1992,7,85 - 89,0,0
"2010",1992,7,90 - 94,0,0
"2010",1992,7,95+,0,0
"2010",1992,7,UNK,0,0
"2010",1992,8,Total,20,18
"2010",1992,8,0,0,0
"2010",1992,8,1,0,0
"2010",1992,8,2,0,0
"2010",1992,8,3,0,0
"2010",1992,8,4,0,0
"2010",1992,8,5 - 9,0,0
"2010",1992,8,10 - 14,0,0
"2010",1992,8,15 - 19,1,0
"2010",1992,8,20 - 24,0,1
"2010",1992,8,25 - 29,0,2
"2010",1992,8,30 - 34,1,1
"2010",1992,8,35 - 39,0,1
"2010",1992,8,40 - 44,0,3
"2010",1992,8,45 - 49,0,0
"2010",1992,8,50 - 54,0,1
"2010",1992,8,55 - 59,0,1
"2010",1992,8,60 - 64,2,2
"2010",1992,8,65 - 69,1,2
"2010",1992,8,70 - 74,2,0
"2010",1992,8,75 - 79,3,1
"2010",1992,8,80 - 84,4,0
"2010",1992,8,85 - 89,3,3
"2010",1992,8,90 - 94,0,0
"2010",1992,8,95+,0,0
"2010",1992,8,UNK,3,0
"2010",1992,9,Total,4,14
"2010",1992,9,0,0,0
"2010",1992,9,1,0,0
"2010",1992,9,2,0,0
"2010",1992,9,3,0,0
"2010",1992,9,4,0,0
"2010",1992,9,5 - 9,0,0
"2010",1992,9,10 - 14,0,0
"2010",1992,9,15 - 19,0,0
"2010",1992,9,20 - 24,0,0
"2010",1992,9,25 - 29,0,1
"2010",1992,9,30 - 34,0,0
"2010",1992,9,35 - 39,0,0
"2010",1992,9,40 - 44,1,4
"2010",1992,9,45 - 49,0,1
"2010",1992,9,50 - 54,0,1
"2010",1992,9,55 - 59,0,3
"2010",1992,9,60 - 64,1,1
"2010",1992,9,65 - 69,0,0
"2010",1992,9,70 - 74,0,2
"2010",1992,9,75 - 79,1,1
"2010",1992,9,80 - 84,1,0
"2010",1992,9,85 - 89,0,0
"2010",1992,9,90 - 94,0,0
"2010",1992,9,95+,0,0
"2010",1992,9,UNK,0,0
"2010",1992,10,Total,3,7
"2010",1992,10,0,0,0
"2010",1992,10,1,0,0
"2010",1992,10,2,0,0
"2010",1992,10,3,0,0
"2010",1992,10,4,0,0
"2010",1992,10,5 - 9,0,0
"2010",1992,10,10 - 14,0,0
"2010",1992,10,15 - 19,0,0
"2010",1992,10,20 - 24,0,0
"2010",1992,10,25 - 29,0,0
"2010",1992,10,30 - 34,1,0
"2010",1992,10,35 - 39,0,0
"2010",1992,10,40 - 44,0,0
"2010",1992,10,45 - 49,1,0
"2010",1992,10,50 - 54,0,0
"2010",1992,10,55 - 59,0,0
"2010",1992,10,60 - 64,0,0
"2010",1992,10,65 - 69,0,0
"2010",1992,10,70 - 74,0,2
"2010",1992,10,75 - 79,0,3
"2010",1992,10,80 - 84,1,2
"2010",1992,10,85 - 89,0,0
"2010",1992,10,90 - 94,0,0
"2010",1992,10,95+,0,0
"2010",1992,10,UNK,0,0
"2010",1992,11,Total,1,2
"2010",1992,11,0,0,1
"2010",1992,11,1,0,0
"2010",1992,11,2,0,0
"2010",1992,11,3,0,0
"2010",1992,11,4,1,0
"2010",1992,11,5 - 9,0,0
"2010",1992,11,10 - 14,0,0
"2010",1992,11,15 - 19,0,0
"2010",1992,11,20 - 24,0,0
"2010",1992,11,25 - 29,0,0
"2010",1992,11,30 - 34,0,0
"2010",1992,11,35 - 39,0,0
"2010",1992,11,40 - 44,0,0
"2010",1992,11,45 - 49,0,0
"2010",1992,11,50 - 54,0,0
"2010",1992,11,55 - 59,0,0
"2010",1992,11,60 - 64,0,0
"2010",1992,11,65 - 69,0,0
"2010",1992,11,70 - 74,0,0
"2010",1992,11,75 - 79,0,0
"2010",1992,11,80 - 84,0,0
"2010",1992,11,85 - 89,0,0
"2010",1992,11,90 - 94,0,0
"2010",1992,11,95+,0,0
"2010",1992,11,UNK,0,1
"2010",1992,12,Total,17,15
"2010",1992,12,0,0,1
"2010",1992,12,1,0,0
"2010",1992,12,2,0,0
"2010",1992,12,3,0,0
"2010",1992,12,4,0,0
"2010",1992,12,5 - 9,0,0
"2010",1992,12,10 - 14,0,0
"2010",1992,12,15 - 19,0,0
"2010",1992,12,20 - 24,0,0
"2010",1992,12,25 - 29,0,0
"2010",1992,12,30 - 34,0,0
"2010",1992,12,35 - 39,0,1
"2010",1992,12,40 - 44,0,1
"2010",1992,12,45 - 49,0,0
"2010",1992,12,50 - 54,1,0
"2010",1992,12,55 - 59,1,1
"2010",1992,12,60 - 64,0,2
"2010",1992,12,65 - 69,0,0
"2010",1992,12,70 - 74,1,1
"2010",1992,12,75 - 79,4,1
"2010",1992,12,80 - 84,3,4
"2010",1992,12,85 - 89,7,2
"2010",1992,12,90 - 94,0,0
"2010",1992,12,95+,0,0
"2010",1992,12,UNK,0,1
"2010",1992,13,Total,6,15
"2010",1992,13,0,1,0
"2010",1992,13,1,0,0
"2010",1992,13,2,0,0
"2010",1992,13,3,1,0
"2010",1992,13,4,0,0
"2010",1992,13,5 - 9,0,2
"2010",1992,13,10 - 14,0,1
"2010",1992,13,15 - 19,0,2
"2010",1992,13,20 - 24,0,2
"2010",1992,13,25 - 29,1,1
"2010",1992,13,30 - 34,0,1
"2010",1992,13,35 - 39,0,1
"2010",1992,13,40 - 44,0,0
"2010",1992,13,45 - 49,0,0
"2010",1992,13,50 - 54,0,0
"2010",1992,13,55 - 59,0,2
"2010",1992,13,60 - 64,0,0
"2010",1992,13,65 - 69,0,2
"2010",1992,13,70 - 74,1,0
"2010",1992,13,75 - 79,1,0
"2010",1992,13,80 - 84,1,0
"2010",1992,13,85 - 89,0,0
"2010",1992,13,90 - 94,0,0
"2010",1992,13,95+,0,0
"2010",1992,13,UNK,0,1
"2010",1992,14,Total,1,1
"2010",1992,14,0,0,0
"2010",1992,14,1,0,0
"2010",1992,14,2,0,0
"2010",1992,14,3,0,0
"2010",1992,14,4,0,0
"2010",1992,14,5 - 9,0,0
"2010",1992,14,10 - 14,0,0
"2010",1992,14,15 - 19,0,0
"2010",1992,14,20 - 24,0,0
"2010",1992,14,25 - 29,1,0
"2010",1992,14,30 - 34,0,1
"2010",1992,14,35 - 39,0,0
"2010",1992,14,40 - 44,0,0
"2010",1992,14,45 - 49,0,0
"2010",1992,14,50 - 54,0,0
"2010",1992,14,55 - 59,0,0
"2010",1992,14,60 - 64,0,0
"2010",1992,14,65 - 69,0,0
"2010",1992,14,70 - 74,0,0
"2010",1992,14,75 - 79,0,0
"2010",1992,14,80 - 84,0,0
"2010",1992,14,85 - 89,0,0
"2010",1992,14,90 - 94,0,0
"2010",1992,14,95+,0,0
"2010",1992,14,UNK,0,0
"2010",1992,15,Total,5,5
"2010",1992,15,0,0,0
"2010",1992,15,1,0,0
"2010",1992,15,2,0,0
"2010",1992,15,3,0,0
"2010",1992,15,4,0,0
"2010",1992,15,5 - 9,0,0
"2010",1992,15,10 - 14,0,0
"2010",1992,15,15 - 19,0,0
"2010",1992,15,20 - 24,0,0
"2010",1992,15,25 - 29,0,0
"2010",1992,15,30 - 34,1,0
"2010",1992,15,35 - 39,0,0
"2010",1992,15,40 - 44,1,0
"2010",1992,15,45 - 49,0,0
"2010",1992,15,50 - 54,0,0
"2010",1992,15,55 - 59,0,0
"2010",1992,15,60 - 64,0,0
"2010",1992,15,65 - 69,0,1
"2010",1992,15,70 - 74,0,3
"2010",1992,15,75 - 79,0,0
"2010",1992,15,80 - 84,2,1
"2010",1992,15,85 - 89,0,0
"2010",1992,15,90 - 94,0,0
"2010",1992,15,95+,0,0
"2010",1992,15,UNK,1,0
"2010",1993,1,Total,201,256
"2010",1993,1,0,11,12
"2010",1993,1,1,1,1
"2010",1993,1,2,0,0
"2010",1993,1,3,1,0
"2010",1993,1,4,1,0
"2010",1993,1,5 - 9,2,1
"2010",1993,1,10 - 14,0,1
"2010",1993,1,15 - 19,1,2
"2010",1993,1,20 - 24,1,4
"2010",1993,1,25 - 29,3,8
"2010",1993,1,30 - 34,1,5
"2010",1993,1,35 - 39,1,8
"2010",1993,1,40 - 44,2,7
"2010",1993,1,45 - 49,4,10
"2010",1993,1,50 - 54,10,13
"2010",1993,1,55 - 59,4,10
"2010",1993,1,60 - 64,13,20
"2010",1993,1,65 - 69,20,24
"2010",1993,1,70 - 74,19,23
"2010",1993,1,75 - 79,28,42
"2010",1993,1,80 - 84,32,39
"2010",1993,1,85 - 89,42,22
"2010",1993,1,90 - 94,0,0
"2010",1993,1,95+,0,0
"2010",1993,1,UNK,4,4
"2010",1993,2,Total,1,3
"2010",1993,2,0,0,0
"2010",1993,2,1,0,0
"2010",1993,2,2,0,0
"2010",1993,2,3,0,0
"2010",1993,2,4,0,0
"2010",1993,2,5 - 9,0,0
"2010",1993,2,10 - 14,0,0
"2010",1993,2,15 - 19,0,1
"2010",1993,2,20 - 24,0,0
"2010",1993,2,25 - 29,0,0
"2010",1993,2,30 - 34,0,0
"2010",1993,2,35 - 39,0,0
"2010",1993,2,40 - 44,0,0
"2010",1993,2,45 - 49,0,0
"2010",1993,2,50 - 54,0,2
"2010",1993,2,55 - 59,0,0
"2010",1993,2,60 - 64,0,0
"2010",1993,2,65 - 69,1,0
"2010",1993,2,70 - 74,0,0
"2010",1993,2,75 - 79,0,0
"2010",1993,2,80 - 84,0,0
"2010",1993,2,85 - 89,0,0
"2010",1993,2,90 - 94,0,0
"2010",1993,2,95+,0,0
"2010",1993,2,UNK,0,0
"2010",1993,3,Total,19,34
"2010",1993,3,0,0,0
"2010",1993,3,1,0,0
"2010",1993,3,2,0,0
"2010",1993,3,3,0,0
"2010",1993,3,4,0,0
"2010",1993,3,5 - 9,0,0
"2010",1993,3,10 - 14,0,0
"2010",1993,3,15 - 19,1,0
"2010",1993,3,20 - 24,0,0
"2010",1993,3,25 - 29,1,0
"2010",1993,3,30 - 34,0,0
"2010",1993,3,35 - 39,0,0
"2010",1993,3,40 - 44,1,0
"2010",1993,3,45 - 49,1,2
"2010",1993,3,50 - 54,2,2
"2010",1993,3,55 - 59,0,3
"2010",1993,3,60 - 64,0,5
"2010",1993,3,65 - 69,5,5
"2010",1993,3,70 - 74,4,6
"2010",1993,3,75 - 79,2,6
"2010",1993,3,80 - 84,1,4
"2010",1993,3,85 - 89,1,1
"2010",1993,3,90 - 94,0,0
"2010",1993,3,95+,0,0
"2010",1993,3,UNK,0,0
"2010",1993,4,Total,90,85
"2010",1993,4,0,0,0
"2010",1993,4,1,0,0
"2010",1993,4,2,0,0
"2010",1993,4,3,1,0
"2010",1993,4,4,0,0
"2010",1993,4,5 - 9,0,0
"2010",1993,4,10 - 14,0,0
"2010",1993,4,15 - 19,0,0
"2010",1993,4,20 - 24,0,0
"2010",1993,4,25 - 29,1,0
"2010",1993,4,30 - 34,0,0
"2010",1993,4,35 - 39,1,2
"2010",1993,4,40 - 44,0,2
"2010",1993,4,45 - 49,0,2
"2010",1993,4,50 - 54,5,4
"2010",1993,4,55 - 59,2,3
"2010",1993,4,60 - 64,8,12
"2010",1993,4,65 - 69,12,7
"2010",1993,4,70 - 74,9,9
"2010",1993,4,75 - 79,15,19
"2010",1993,4,80 - 84,20,13
"2010",1993,4,85 - 89,14,10
"2010",1993,4,90 - 94,0,0
"2010",1993,4,95+,0,0
"2010",1993,4,UNK,2,2
"2010",1993,5,Total,14,15
"2010",1993,5,0,0,0
"2010",1993,5,1,0,0
"2010",1993,5,2,0,0
"2010",1993,5,3,0,0
"2010",1993,5,4,0,0
"2010",1993,5,5 - 9,0,0
"2010",1993,5,10 - 14,0,0
"2010",1993,5,15 - 19,0,0
"2010",1993,5,20 - 24,0,0
"2010",1993,5,25 - 29,0,0
"2010",1993,5,30 - 34,0,0
"2010",1993,5,35 - 39,0,0
"2010",1993,5,40 - 44,0,0
"2010",1993,5,45 - 49,0,0
"2010",1993,5,50 - 54,0,0
"2010",1993,5,55 - 59,0,0
"2010",1993,5,60 - 64,0,0
"2010",1993,5,65 - 69,0,0
"2010",1993,5,70 - 74,0,2
"2010",1993,5,75 - 79,4,3
"2010",1993,5,80 - 84,5,5
"2010",1993,5,85 - 89,5,5
"2010",1993,5,90 - 94,0,0
"2010",1993,5,95+,0,0
"2010",1993,5,UNK,0,0
"2010",1993,6,Total,1,3
"2010",1993,6,0,0,0
"2010",1993,6,1,0,0
"2010",1993,6,2,0,0
"2010",1993,6,3,0,0
"2010",1993,6,4,0,0
"2010",1993,6,5 - 9,0,0
"2010",1993,6,10 - 14,0,0
"2010",1993,6,15 - 19,0,0
"2010",1993,6,20 - 24,0,0
"2010",1993,6,25 - 29,0,1
"2010",1993,6,30 - 34,0,0
"2010",1993,6,35 - 39,0,0
"2010",1993,6,40 - 44,0,0
"2010",1993,6,45 - 49,0,1
"2010",1993,6,50 - 54,1,1
"2010",1993,6,55 - 59,0,0
"2010",1993,6,60 - 64,0,0
"2010",1993,6,65 - 69,0,0
"2010",1993,6,70 - 74,0,0
"2010",1993,6,75 - 79,0,0
"2010",1993,6,80 - 84,0,0
"2010",1993,6,85 - 89,0,0
"2010",1993,6,90 - 94,0,0
"2010",1993,6,95+,0,0
"2010",1993,6,UNK,0,0
"2010",1993,7,Total,2,3
"2010",1993,7,0,0,0
"2010",1993,7,1,0,0
"2010",1993,7,2,0,0
"2010",1993,7,3,0,0
"2010",1993,7,4,1,0
"2010",1993,7,5 - 9,0,1
"2010",1993,7,10 - 14,0,0
"2010",1993,7,15 - 19,0,0
"2010",1993,7,20 - 24,0,0
"2010",1993,7,25 - 29,0,0
"2010",1993,7,30 - 34,0,0
"2010",1993,7,35 - 39,0,1
"2010",1993,7,40 - 44,0,0
"2010",1993,7,45 - 49,0,0
"2010",1993,7,50 - 54,1,0
"2010",1993,7,55 - 59,0,0
"2010",1993,7,60 - 64,0,0
"2010",1993,7,65 - 69,0,0
"2010",1993,7,70 - 74,0,0
"2010",1993,7,75 - 79,0,0
"2010",1993,7,80 - 84,0,1
"2010",1993,7,85 - 89,0,0
"2010",1993,7,90 - 94,0,0
"2010",1993,7,95+,0,0
"2010",1993,7,UNK,0,0
"2010",1993,8,Total,22,34
"2010",1993,8,0,0,0
"2010",1993,8,1,0,1
"2010",1993,8,2,0,0
"2010",1993,8,3,0,0
"2010",1993,8,4,0,0
"2010",1993,8,5 - 9,0,0
"2010",1993,8,10 - 14,0,0
"2010",1993,8,15 - 19,0,0
"2010",1993,8,20 - 24,0,0
"2010",1993,8,25 - 29,0,3
"2010",1993,8,30 - 34,1,1
"2010",1993,8,35 - 39,0,4
"2010",1993,8,40 - 44,1,2
"2010",1993,8,45 - 49,1,0
"2010",1993,8,50 - 54,0,3
"2010",1993,8,55 - 59,0,1
"2010",1993,8,60 - 64,2,1
"2010",1993,8,65 - 69,0,2
"2010",1993,8,70 - 74,3,4
"2010",1993,8,75 - 79,4,5
"2010",1993,8,80 - 84,2,4
"2010",1993,8,85 - 89,7,3
"2010",1993,8,90 - 94,0,0
"2010",1993,8,95+,0,0
"2010",1993,8,UNK,1,0
"2010",1993,9,Total,8,14
"2010",1993,9,0,0,0
"2010",1993,9,1,0,0
"2010",1993,9,2,0,0
"2010",1993,9,3,0,0
"2010",1993,9,4,0,0
"2010",1993,9,5 - 9,0,0
"2010",1993,9,10 - 14,0,0
"2010",1993,9,15 - 19,0,0
"2010",1993,9,20 - 24,0,0
"2010",1993,9,25 - 29,0,1
"2010",1993,9,30 - 34,0,0
"2010",1993,9,35 - 39,0,1
"2010",1993,9,40 - 44,0,1
"2010",1993,9,45 - 49,0,3
"2010",1993,9,50 - 54,1,0
"2010",1993,9,55 - 59,2,2
"2010",1993,9,60 - 64,2,1
"2010",1993,9,65 - 69,1,3
"2010",1993,9,70 - 74,1,0
"2010",1993,9,75 - 79,1,1
"2010",1993,9,80 - 84,0,1
"2010",1993,9,85 - 89,0,0
"2010",1993,9,90 - 94,0,0
"2010",1993,9,95+,0,0
"2010",1993,9,UNK,0,0
"2010",1993,10,Total,5,10
"2010",1993,10,0,0,0
"2010",1993,10,1,0,0
"2010",1993,10,2,0,0
"2010",1993,10,3,0,0
"2010",1993,10,4,0,0
"2010",1993,10,5 - 9,0,0
"2010",1993,10,10 - 14,0,0
"2010",1993,10,15 - 19,0,0
"2010",1993,10,20 - 24,0,1
"2010",1993,10,25 - 29,0,0
"2010",1993,10,30 - 34,0,0
"2010",1993,10,35 - 39,0,0
"2010",1993,10,40 - 44,0,1
"2010",1993,10,45 - 49,1,0
"2010",1993,10,50 - 54,0,0
"2010",1993,10,55 - 59,0,0
"2010",1993,10,60 - 64,0,1
"2010",1993,10,65 - 69,1,3
"2010",1993,10,70 - 74,0,1
"2010",1993,10,75 - 79,0,2
"2010",1993,10,80 - 84,1,1
"2010",1993,10,85 - 89,2,0
"2010",1993,10,90 - 94,0,0
"2010",1993,10,95+,0,0
"2010",1993,10,UNK,0,0
"2010",1993,11,Total,11,13
"2010",1993,11,0,11,12
"2010",1993,11,1,0,0
"2010",1993,11,2,0,0
"2010",1993,11,3,0,0
"2010",1993,11,4,0,0
"2010",1993,11,5 - 9,0,0
"2010",1993,11,10 - 14,0,0
"2010",1993,11,15 - 19,0,0
"2010",1993,11,20 - 24,0,0
"2010",1993,11,25 - 29,0,0
"2010",1993,11,30 - 34,0,0
"2010",1993,11,35 - 39,0,0
"2010",1993,11,40 - 44,0,0
"2010",1993,11,45 - 49,0,0
"2010",1993,11,50 - 54,0,0
"2010",1993,11,55 - 59,0,0
"2010",1993,11,60 - 64,0,0
"2010",1993,11,65 - 69,0,0
"2010",1993,11,70 - 74,0,0
"2010",1993,11,75 - 79,0,0
"2010",1993,11,80 - 84,0,0
"2010",1993,11,85 - 89,0,0
"2010",1993,11,90 - 94,0,0
"2010",1993,11,95+,0,0
"2010",1993,11,UNK,0,1
"2010",1993,12,Total,14,12
"2010",1993,12,0,0,0
"2010",1993,12,1,0,0
"2010",1993,12,2,0,0
"2010",1993,12,3,0,0
"2010",1993,12,4,0,0
"2010",1993,12,5 - 9,0,0
"2010",1993,12,10 - 14,0,0
"2010",1993,12,15 - 19,0,0
"2010",1993,12,20 - 24,0,0
"2010",1993,12,25 - 29,1,0
"2010",1993,12,30 - 34,0,0
"2010",1993,12,35 - 39,0,0
"2010",1993,12,40 - 44,0,0
"2010",1993,12,45 - 49,0,0
"2010",1993,12,50 - 54,0,0
"2010",1993,12,55 - 59,0,0
"2010",1993,12,60 - 64,0,0
"2010",1993,12,65 - 69,0,2
"2010",1993,12,70 - 74,0,0
"2010",1993,12,75 - 79,0,3
"2010",1993,12,80 - 84,3,6
"2010",1993,12,85 - 89,9,1
"2010",1993,12,90 - 94,0,0
"2010",1993,12,95+,0,0
"2010",1993,12,UNK,1,0
"2010",1993,13,Total,6,16
"2010",1993,13,0,0,0
"2010",1993,13,1,1,0
"2010",1993,13,2,0,0
"2010",1993,13,3,0,0
"2010",1993,13,4,0,0
"2010",1993,13,5 - 9,2,0
"2010",1993,13,10 - 14,0,1
"2010",1993,13,15 - 19,0,1
"2010",1993,13,20 - 24,0,2
"2010",1993,13,25 - 29,0,3
"2010",1993,13,30 - 34,0,4
"2010",1993,13,35 - 39,0,0
"2010",1993,13,40 - 44,0,1
"2010",1993,13,45 - 49,0,1
"2010",1993,13,50 - 54,0,1
"2010",1993,13,55 - 59,0,0
"2010",1993,13,60 - 64,1,0
"2010",1993,13,65 - 69,0,0
"2010",1993,13,70 - 74,1,0
"2010",1993,13,75 - 79,0,0
"2010",1993,13,80 - 84,0,2
"2010",1993,13,85 - 89,1,0
"2010",1993,13,90 - 94,0,0
"2010",1993,13,95+,0,0
"2010",1993,13,UNK,0,0
"2010",1993,14,Total,0,4
"2010",1993,14,0,0,0
"2010",1993,14,1,0,0
"2010",1993,14,2,0,0
"2010",1993,14,3,0,0
"2010",1993,14,4,0,0
"2010",1993,14,5 - 9,0,0
"2010",1993,14,10 - 14,0,0
"2010",1993,14,15 - 19,0,0
"2010",1993,14,20 - 24,0,1
"2010",1993,14,25 - 29,0,0
"2010",1993,14,30 - 34,0,0
"2010",1993,14,35 - 39,0,0
"2010",1993,14,40 - 44,0,0
"2010",1993,14,45 - 49,0,1
"2010",1993,14,50 - 54,0,0
"2010",1993,14,55 - 59,0,1
"2010",1993,14,60 - 64,0,0
"2010",1993,14,65 - 69,0,0
"2010",1993,14,70 - 74,0,1
"2010",1993,14,75 - 79,0,0
"2010",1993,14,80 - 84,0,0
"2010",1993,14,85 - 89,0,0
"2010",1993,14,90 - 94,0,0
"2010",1993,14,95+,0,0
"2010",1993,14,UNK,0,0
"2010",1993,15,Total,8,10
"2010",1993,15,0,0,0
"2010",1993,15,1,0,0
"2010",1993,15,2,0,0
"2010",1993,15,3,0,0
"2010",1993,15,4,0,0
"2010",1993,15,5 - 9,0,0
"2010",1993,15,10 - 14,0,0
"2010",1993,15,15 - 19,0,0
"2010",1993,15,20 - 24,1,0
"2010",1993,15,25 - 29,0,0
"2010",1993,15,30 - 34,0,0
"2010",1993,15,35 - 39,0,0
"2010",1993,15,40 - 44,0,0
"2010",1993,15,45 - 49,1,0
"2010",1993,15,50 - 54,0,0
"2010",1993,15,55 - 59,0,0
"2010",1993,15,60 - 64,0,0
"2010",1993,15,65 - 69,0,2
"2010",1993,15,70 - 74,1,0
"2010",1993,15,75 - 79,2,3
"2010",1993,15,80 - 84,0,2
"2010",1993,15,85 - 89,3,2
"2010",1993,15,90 - 94,0,0
"2010",1993,15,95+,0,0
"2010",1993,15,UNK,0,1
"2010",1994,1,Total,224,224
"2010",1994,1,0,8,15
"2010",1994,1,1,2,1
"2010",1994,1,2,0,0
"2010",1994,1,3,0,0
"2010",1994,1,4,0,0
"2010",1994,1,5 - 9,1,0
"2010",1994,1,10 - 14,0,0
"2010",1994,1,15 - 19,1,3
"2010",1994,1,20 - 24,2,1
"2010",1994,1,25 - 29,6,4
"2010",1994,1,30 - 34,0,7
"2010",1994,1,35 - 39,1,2
"2010",1994,1,40 - 44,10,7
"2010",1994,1,45 - 49,9,6
"2010",1994,1,50 - 54,5,10
"2010",1994,1,55 - 59,8,5
"2010",1994,1,60 - 64,14,16
"2010",1994,1,65 - 69,17,15
"2010",1994,1,70 - 74,22,33
"2010",1994,1,75 - 79,32,29
"2010",1994,1,80 - 84,38,40
"2010",1994,1,85 - 89,45,27
"2010",1994,1,90 - 94,0,0
"2010",1994,1,95+,0,0
"2010",1994,1,UNK,3,3
"2010",1994,2,Total,4,7
"2010",1994,2,0,0,0
"2010",1994,2,1,0,0
"2010",1994,2,2,0,0
"2010",1994,2,3,0,0
"2010",1994,2,4,0,0
"2010",1994,2,5 - 9,0,0
"2010",1994,2,10 - 14,0,0
"2010",1994,2,15 - 19,0,0
"2010",1994,2,20 - 24,0,0
"2010",1994,2,25 - 29,0,0
"2010",1994,2,30 - 34,0,0
"2010",1994,2,35 - 39,0,0
"2010",1994,2,40 - 44,0,0
"2010",1994,2,45 - 49,0,0
"2010",1994,2,50 - 54,0,0
"2010",1994,2,55 - 59,0,0
"2010",1994,2,60 - 64,0,0
"2010",1994,2,65 - 69,1,0
"2010",1994,2,70 - 74,0,1
"2010",1994,2,75 - 79,0,2
"2010",1994,2,80 - 84,1,3
"2010",1994,2,85 - 89,2,0
"2010",1994,2,90 - 94,0,0
"2010",1994,2,95+,0,0
"2010",1994,2,UNK,0,1
"2010",1994,3,Total,42,45
"2010",1994,3,0,0,0
"2010",1994,3,1,0,0
"2010",1994,3,2,0,0
"2010",1994,3,3,0,0
"2010",1994,3,4,0,0
"2010",1994,3,5 - 9,0,0
"2010",1994,3,10 - 14,0,0
"2010",1994,3,15 - 19,0,0
"2010",1994,3,20 - 24,0,0
"2010",1994,3,25 - 29,1,0
"2010",1994,3,30 - 34,0,1
"2010",1994,3,35 - 39,1,0
"2010",1994,3,40 - 44,4,2
"2010",1994,3,45 - 49,4,0
"2010",1994,3,50 - 54,2,2
"2010",1994,3,55 - 59,3,1
"2010",1994,3,60 - 64,2,6
"2010",1994,3,65 - 69,2,7
"2010",1994,3,70 - 74,7,8
"2010",1994,3,75 - 79,6,8
"2010",1994,3,80 - 84,4,5
"2010",1994,3,85 - 89,6,5
"2010",1994,3,90 - 94,0,0
"2010",1994,3,95+,0,0
"2010",1994,3,UNK,0,0
"2010",1994,4,Total,92,72
"2010",1994,4,0,0,0
"2010",1994,4,1,0,0
"2010",1994,4,2,0,0
"2010",1994,4,3,0,0
"2010",1994,4,4,0,0
"2010",1994,4,5 - 9,0,0
"2010",1994,4,10 - 14,0,0
"2010",1994,4,15 - 19,0,1
"2010",1994,4,20 - 24,0,0
"2010",1994,4,25 - 29,2,0
"2010",1994,4,30 - 34,0,2
"2010",1994,4,35 - 39,0,0
"2010",1994,4,40 - 44,3,1
"2010",1994,4,45 - 49,3,2
"2010",1994,4,50 - 54,1,2
"2010",1994,4,55 - 59,0,2
"2010",1994,4,60 - 64,7,5
"2010",1994,4,65 - 69,11,2
"2010",1994,4,70 - 74,8,15
"2010",1994,4,75 - 79,13,11
"2010",1994,4,80 - 84,19,16
"2010",1994,4,85 - 89,22,11
"2010",1994,4,90 - 94,0,0
"2010",1994,4,95+,0,0
"2010",1994,4,UNK,3,2
"2010",1994,5,Total,18,10
"2010",1994,5,0,0,0
"2010",1994,5,1,0,0
"2010",1994,5,2,0,0
"2010",1994,5,3,0,0
"2010",1994,5,4,0,0
"2010",1994,5,5 - 9,0,0
"2010",1994,5,10 - 14,0,0
"2010",1994,5,15 - 19,1,0
"2010",1994,5,20 - 24,0,0
"2010",1994,5,25 - 29,0,0
"2010",1994,5,30 - 34,0,0
"2010",1994,5,35 - 39,0,0
"2010",1994,5,40 - 44,2,0
"2010",1994,5,45 - 49,0,0
"2010",1994,5,50 - 54,0,1
"2010",1994,5,55 - 59,0,0
"2010",1994,5,60 - 64,0,0
"2010",1994,5,65 - 69,1,1
"2010",1994,5,70 - 74,1,1
"2010",1994,5,75 - 79,2,2
"2010",1994,5,80 - 84,5,3
"2010",1994,5,85 - 89,6,2
"2010",1994,5,90 - 94,0,0
"2010",1994,5,95+,0,0
"2010",1994,5,UNK,0,0
"2010",1994,6,Total,2,6
"2010",1994,6,0,0,0
"2010",1994,6,1,0,0
"2010",1994,6,2,0,0
"2010",1994,6,3,0,0
"2010",1994,6,4,0,0
"2010",1994,6,5 - 9,0,0
"2010",1994,6,10 - 14,0,0
"2010",1994,6,15 - 19,0,0
"2010",1994,6,20 - 24,0,0
"2010",1994,6,25 - 29,1,0
"2010",1994,6,30 - 34,0,0
"2010",1994,6,35 - 39,0,0
"2010",1994,6,40 - 44,0,1
"2010",1994,6,45 - 49,1,0
"2010",1994,6,50 - 54,0,2
"2010",1994,6,55 - 59,0,1
"2010",1994,6,60 - 64,0,0
"2010",1994,6,65 - 69,0,0
"2010",1994,6,70 - 74,0,0
"2010",1994,6,75 - 79,0,0
"2010",1994,6,80 - 84,0,2
"2010",1994,6,85 - 89,0,0
"2010",1994,6,90 - 94,0,0
"2010",1994,6,95+,0,0
"2010",1994,6,UNK,0,0
"2010",1994,7,Total,5,4
"2010",1994,7,0,0,1
"2010",1994,7,1,1,0
"2010",1994,7,2,0,0
"2010",1994,7,3,0,0
"2010",1994,7,4,0,0
"2010",1994,7,5 - 9,0,0
"2010",1994,7,10 - 14,0,0
"2010",1994,7,15 - 19,0,0
"2010",1994,7,20 - 24,0,0
"2010",1994,7,25 - 29,1,1
"2010",1994,7,30 - 34,0,0
"2010",1994,7,35 - 39,0,0
"2010",1994,7,40 - 44,0,0
"2010",1994,7,45 - 49,0,1
"2010",1994,7,50 - 54,1,0
"2010",1994,7,55 - 59,0,0
"2010",1994,7,60 - 64,0,1
"2010",1994,7,65 - 69,0,0
"2010",1994,7,70 - 74,0,0
"2010",1994,7,75 - 79,0,0
"2010",1994,7,80 - 84,1,0
"2010",1994,7,85 - 89,1,0
"2010",1994,7,90 - 94,0,0
"2010",1994,7,95+,0,0
"2010",1994,7,UNK,0,0
"2010",1994,8,Total,21,19
"2010",1994,8,0,0,0
"2010",1994,8,1,0,0
"2010",1994,8,2,0,0
"2010",1994,8,3,0,0
"2010",1994,8,4,0,0
"2010",1994,8,5 - 9,0,0
"2010",1994,8,10 - 14,0,0
"2010",1994,8,15 - 19,0,0
"2010",1994,8,20 - 24,0,0
"2010",1994,8,25 - 29,0,1
"2010",1994,8,30 - 34,0,1
"2010",1994,8,35 - 39,0,1
"2010",1994,8,40 - 44,0,2
"2010",1994,8,45 - 49,1,2
"2010",1994,8,50 - 54,0,1
"2010",1994,8,55 - 59,0,0
"2010",1994,8,60 - 64,3,0
"2010",1994,8,65 - 69,1,1
"2010",1994,8,70 - 74,3,3
"2010",1994,8,75 - 79,6,3
"2010",1994,8,80 - 84,6,1
"2010",1994,8,85 - 89,1,3
"2010",1994,8,90 - 94,0,0
"2010",1994,8,95+,0,0
"2010",1994,8,UNK,0,0
"2010",1994,9,Total,4,9
"2010",1994,9,0,0,0
"2010",1994,9,1,0,0
"2010",1994,9,2,0,0
"2010",1994,9,3,0,0
"2010",1994,9,4,0,0
"2010",1994,9,5 - 9,0,0
"2010",1994,9,10 - 14,0,0
"2010",1994,9,15 - 19,0,0
"2010",1994,9,20 - 24,0,0
"2010",1994,9,25 - 29,0,0
"2010",1994,9,30 - 34,0,1
"2010",1994,9,35 - 39,0,0
"2010",1994,9,40 - 44,0,0
"2010",1994,9,45 - 49,0,1
"2010",1994,9,50 - 54,0,0
"2010",1994,9,55 - 59,4,0
"2010",1994,9,60 - 64,0,1
"2010",1994,9,65 - 69,0,2
"2010",1994,9,70 - 74,0,0
"2010",1994,9,75 - 79,0,0
"2010",1994,9,80 - 84,0,4
"2010",1994,9,85 - 89,0,0
"2010",1994,9,90 - 94,0,0
"2010",1994,9,95+,0,0
"2010",1994,9,UNK,0,0
"2010",1994,10,Total,5,7
"2010",1994,10,0,0,0
"2010",1994,10,1,0,0
"2010",1994,10,2,0,0
"2010",1994,10,3,0,0
"2010",1994,10,4,0,0
"2010",1994,10,5 - 9,1,0
"2010",1994,10,10 - 14,0,0
"2010",1994,10,15 - 19,0,0
"2010",1994,10,20 - 24,0,0
"2010",1994,10,25 - 29,0,0
"2010",1994,10,30 - 34,0,0
"2010",1994,10,35 - 39,0,0
"2010",1994,10,40 - 44,0,0
"2010",1994,10,45 - 49,0,0
"2010",1994,10,50 - 54,0,0
"2010",1994,10,55 - 59,0,1
"2010",1994,10,60 - 64,2,2
"2010",1994,10,65 - 69,1,1
"2010",1994,10,70 - 74,0,1
"2010",1994,10,75 - 79,1,0
"2010",1994,10,80 - 84,0,0
"2010",1994,10,85 - 89,0,2
"2010",1994,10,90 - 94,0,0
"2010",1994,10,95+,0,0
"2010",1994,10,UNK,0,0
"2010",1994,11,Total,8,14
"2010",1994,11,0,8,14
"2010",1994,11,1,0,0
"2010",1994,11,2,0,0
"2010",1994,11,3,0,0
"2010",1994,11,4,0,0
"2010",1994,11,5 - 9,0,0
"2010",1994,11,10 - 14,0,0
"2010",1994,11,15 - 19,0,0
"2010",1994,11,20 - 24,0,0
"2010",1994,11,25 - 29,0,0
"2010",1994,11,30 - 34,0,0
"2010",1994,11,35 - 39,0,0
"2010",1994,11,40 - 44,0,0
"2010",1994,11,45 - 49,0,0
"2010",1994,11,50 - 54,0,0
"2010",1994,11,55 - 59,0,0
"2010",1994,11,60 - 64,0,0
"2010",1994,11,65 - 69,0,0
"2010",1994,11,70 - 74,0,0
"2010",1994,11,75 - 79,0,0
"2010",1994,11,80 - 84,0,0
"2010",1994,11,85 - 89,0,0
"2010",1994,11,90 - 94,0,0
"2010",1994,11,95+,0,0
"2010",1994,11,UNK,0,0
"2010",1994,12,Total,17,12
"2010",1994,12,0,0,0
"2010",1994,12,1,1,1
"2010",1994,12,2,0,0
"2010",1994,12,3,0,0
"2010",1994,12,4,0,0
"2010",1994,12,5 - 9,0,0
"2010",1994,12,10 - 14,0,0
"2010",1994,12,15 - 19,0,0
"2010",1994,12,20 - 24,1,0
"2010",1994,12,25 - 29,0,0
"2010",1994,12,30 - 34,0,0
"2010",1994,12,35 - 39,0,0
"2010",1994,12,40 - 44,1,0
"2010",1994,12,45 - 49,0,0
"2010",1994,12,50 - 54,1,1
"2010",1994,12,55 - 59,1,0
"2010",1994,12,60 - 64,0,1
"2010",1994,12,65 - 69,0,1
"2010",1994,12,70 - 74,2,2
"2010",1994,12,75 - 79,3,3
"2010",1994,12,80 - 84,1,0
"2010",1994,12,85 - 89,6,3
"2010",1994,12,90 - 94,0,0
"2010",1994,12,95+,0,0
"2010",1994,12,UNK,0,0
"2010",1994,13,Total,2,6
"2010",1994,13,0,0,0
"2010",1994,13,1,0,0
"2010",1994,13,2,0,0
"2010",1994,13,3,0,0
"2010",1994,13,4,0,0
"2010",1994,13,5 - 9,0,0
"2010",1994,13,10 - 14,0,0
"2010",1994,13,15 - 19,0,0
"2010",1994,13,20 - 24,0,1
"2010",1994,13,25 - 29,1,1
"2010",1994,13,30 - 34,0,1
"2010",1994,13,35 - 39,0,0
"2010",1994,13,40 - 44,0,0
"2010",1994,13,45 - 49,0,0
"2010",1994,13,50 - 54,0,0
"2010",1994,13,55 - 59,0,0
"2010",1994,13,60 - 64,0,0
"2010",1994,13,65 - 69,0,0
"2010",1994,13,70 - 74,1,1
"2010",1994,13,75 - 79,0,0
"2010",1994,13,80 - 84,0,2
"2010",1994,13,85 - 89,0,0
"2010",1994,13,90 - 94,0,0
"2010",1994,13,95+,0,0
"2010",1994,13,UNK,0,0
"2010",1994,14,Total,1,4
"2010",1994,14,0,0,0
"2010",1994,14,1,0,0
"2010",1994,14,2,0,0
"2010",1994,14,3,0,0
"2010",1994,14,4,0,0
"2010",1994,14,5 - 9,0,0
"2010",1994,14,10 - 14,0,0
"2010",1994,14,15 - 19,0,1
"2010",1994,14,20 - 24,1,0
"2010",1994,14,25 - 29,0,1
"2010",1994,14,30 - 34,0,1
"2010",1994,14,35 - 39,0,1
"2010",1994,14,40 - 44,0,0
"2010",1994,14,45 - 49,0,0
"2010",1994,14,50 - 54,0,0
"2010",1994,14,55 - 59,0,0
"2010",1994,14,60 - 64,0,0
"2010",1994,14,65 - 69,0,0
"2010",1994,14,70 - 74,0,0
"2010",1994,14,75 - 79,0,0
"2010",1994,14,80 - 84,0,0
"2010",1994,14,85 - 89,0,0
"2010",1994,14,90 - 94,0,0
"2010",1994,14,95+,0,0
"2010",1994,14,UNK,0,0
"2010",1994,15,Total,3,9
"2010",1994,15,0,0,0
"2010",1994,15,1,0,0
"2010",1994,15,2,0,0
"2010",1994,15,3,0,0
"2010",1994,15,4,0,0
"2010",1994,15,5 - 9,0,0
"2010",1994,15,10 - 14,0,0
"2010",1994,15,15 - 19,0,1
"2010",1994,15,20 - 24,0,0
"2010",1994,15,25 - 29,0,0
"2010",1994,15,30 - 34,0,0
"2010",1994,15,35 - 39,0,0
"2010",1994,15,40 - 44,0,1
"2010",1994,15,45 - 49,0,0
"2010",1994,15,50 - 54,0,1
"2010",1994,15,55 - 59,0,0
"2010",1994,15,60 - 64,0,0
"2010",1994,15,65 - 69,0,0
"2010",1994,15,70 - 74,0,1
"2010",1994,15,75 - 79,1,0
"2010",1994,15,80 - 84,1,4
"2010",1994,15,85 - 89,1,1
"2010",1994,15,90 - 94,0,0
"2010",1994,15,95+,0,0
"2010",1994,15,UNK,0,0
"2010",1995,1,Total,222,233
"2010",1995,1,0,12,11
"2010",1995,1,1,1,0
"2010",1995,1,2,0,1
"2010",1995,1,3,0,1
"2010",1995,1,4,0,1
"2010",1995,1,5 - 9,0,0
"2010",1995,1,10 - 14,0,1
"2010",1995,1,15 - 19,1,1
"2010",1995,1,20 - 24,3,2
"2010",1995,1,25 - 29,1,2
"2010",1995,1,30 - 34,2,6
"2010",1995,1,35 - 39,5,5
"2010",1995,1,40 - 44,7,5
"2010",1995,1,45 - 49,2,5
"2010",1995,1,50 - 54,8,14
"2010",1995,1,55 - 59,5,22
"2010",1995,1,60 - 64,11,21
"2010",1995,1,65 - 69,21,25
"2010",1995,1,70 - 74,22,25
"2010",1995,1,75 - 79,38,24
"2010",1995,1,80 - 84,34,28
"2010",1995,1,85 - 89,48,31
"2010",1995,1,90 - 94,0,0
"2010",1995,1,95+,0,0
"2010",1995,1,UNK,1,2
"2010",1995,2,Total,6,1
"2010",1995,2,0,0,0
"2010",1995,2,1,1,0
"2010",1995,2,2,0,0
"2010",1995,2,3,0,0
"2010",1995,2,4,0,0
"2010",1995,2,5 - 9,0,0
"2010",1995,2,10 - 14,0,0
"2010",1995,2,15 - 19,0,0
"2010",1995,2,20 - 24,0,0
"2010",1995,2,25 - 29,0,0
"2010",1995,2,30 - 34,0,0
"2010",1995,2,35 - 39,0,0
"2010",1995,2,40 - 44,0,0
"2010",1995,2,45 - 49,0,0
"2010",1995,2,50 - 54,0,0
"2010",1995,2,55 - 59,0,0
"2010",1995,2,60 - 64,0,0
"2010",1995,2,65 - 69,1,0
"2010",1995,2,70 - 74,0,0
"2010",1995,2,75 - 79,0,0
"2010",1995,2,80 - 84,1,0
"2010",1995,2,85 - 89,3,1
"2010",1995,2,90 - 94,0,0
"2010",1995,2,95+,0,0
"2010",1995,2,UNK,0,0
"2010",1995,3,Total,33,33
"2010",1995,3,0,0,0
"2010",1995,3,1,0,0
"2010",1995,3,2,0,0
"2010",1995,3,3,0,0
"2010",1995,3,4,0,0
"2010",1995,3,5 - 9,0,0
"2010",1995,3,10 - 14,0,0
"2010",1995,3,15 - 19,0,0
"2010",1995,3,20 - 24,0,0
"2010",1995,3,25 - 29,0,1
"2010",1995,3,30 - 34,0,1
"2010",1995,3,35 - 39,1,0
"2010",1995,3,40 - 44,3,1
"2010",1995,3,45 - 49,2,0
"2010",1995,3,50 - 54,3,2
"2010",1995,3,55 - 59,2,2
"2010",1995,3,60 - 64,3,3
"2010",1995,3,65 - 69,4,5
"2010",1995,3,70 - 74,5,6
"2010",1995,3,75 - 79,6,4
"2010",1995,3,80 - 84,2,3
"2010",1995,3,85 - 89,2,5
"2010",1995,3,90 - 94,0,0
"2010",1995,3,95+,0,0
"2010",1995,3,UNK,0,0
"2010",1995,4,Total,76,82
"2010",1995,4,0,0,0
"2010",1995,4,1,0,0
"2010",1995,4,2,0,0
"2010",1995,4,3,0,0
"2010",1995,4,4,0,0
"2010",1995,4,5 - 9,0,0
"2010",1995,4,10 - 14,0,0
"2010",1995,4,15 - 19,0,0
"2010",1995,4,20 - 24,0,2
"2010",1995,4,25 - 29,0,0
"2010",1995,4,30 - 34,0,0
"2010",1995,4,35 - 39,1,3
"2010",1995,4,40 - 44,1,1
"2010",1995,4,45 - 49,0,1
"2010",1995,4,50 - 54,2,6
"2010",1995,4,55 - 59,0,11
"2010",1995,4,60 - 64,5,8
"2010",1995,4,65 - 69,9,9
"2010",1995,4,70 - 74,9,6
"2010",1995,4,75 - 79,16,10
"2010",1995,4,80 - 84,15,16
"2010",1995,4,85 - 89,18,8
"2010",1995,4,90 - 94,0,0
"2010",1995,4,95+,0,0
"2010",1995,4,UNK,0,1
"2010",1995,5,Total,34,27
"2010",1995,5,0,0,0
"2010",1995,5,1,0,0
"2010",1995,5,2,0,0
"2010",1995,5,3,0,0
"2010",1995,5,4,0,0
"2010",1995,5,5 - 9,0,0
"2010",1995,5,10 - 14,0,0
"2010",1995,5,15 - 19,0,0
"2010",1995,5,20 - 24,0,0
"2010",1995,5,25 - 29,0,0
"2010",1995,5,30 - 34,1,0
"2010",1995,5,35 - 39,0,1
"2010",1995,5,40 - 44,1,0
"2010",1995,5,45 - 49,0,1
"2010",1995,5,50 - 54,1,1
"2010",1995,5,55 - 59,0,3
"2010",1995,5,60 - 64,0,2
"2010",1995,5,65 - 69,3,2
"2010",1995,5,70 - 74,1,3
"2010",1995,5,75 - 79,6,5
"2010",1995,5,80 - 84,6,2
"2010",1995,5,85 - 89,15,7
"2010",1995,5,90 - 94,0,0
"2010",1995,5,95+,0,0
"2010",1995,5,UNK,0,0
"2010",1995,6,Total,1,8
"2010",1995,6,0,0,0
"2010",1995,6,1,0,0
"2010",1995,6,2,0,0
"2010",1995,6,3,0,0
"2010",1995,6,4,0,0
"2010",1995,6,5 - 9,0,0
"2010",1995,6,10 - 14,0,0
"2010",1995,6,15 - 19,0,0
"2010",1995,6,20 - 24,0,0
"2010",1995,6,25 - 29,0,0
"2010",1995,6,30 - 34,0,0
"2010",1995,6,35 - 39,0,0
"2010",1995,6,40 - 44,0,0
"2010",1995,6,45 - 49,0,1
"2010",1995,6,50 - 54,0,1
"2010",1995,6,55 - 59,0,1
"2010",1995,6,60 - 64,0,3
"2010",1995,6,65 - 69,0,0
"2010",1995,6,70 - 74,0,1
"2010",1995,6,75 - 79,1,0
"2010",1995,6,80 - 84,0,1
"2010",1995,6,85 - 89,0,0
"2010",1995,6,90 - 94,0,0
"2010",1995,6,95+,0,0
"2010",1995,6,UNK,0,0
"2010",1995,7,Total,2,5
"2010",1995,7,0,0,0
"2010",1995,7,1,0,0
"2010",1995,7,2,0,0
"2010",1995,7,3,0,0
"2010",1995,7,4,0,1
"2010",1995,7,5 - 9,0,0
"2010",1995,7,10 - 14,0,0
"2010",1995,7,15 - 19,0,0
"2010",1995,7,20 - 24,0,0
"2010",1995,7,25 - 29,0,0
"2010",1995,7,30 - 34,0,0
"2010",1995,7,35 - 39,0,0
"2010",1995,7,40 - 44,0,0
"2010",1995,7,45 - 49,0,0
"2010",1995,7,50 - 54,0,0
"2010",1995,7,55 - 59,0,0
"2010",1995,7,60 - 64,0,0
"2010",1995,7,65 - 69,0,1
"2010",1995,7,70 - 74,1,0
"2010",1995,7,75 - 79,1,0
"2010",1995,7,80 - 84,0,0
"2010",1995,7,85 - 89,0,3
"2010",1995,7,90 - 94,0,0
"2010",1995,7,95+,0,0
"2010",1995,7,UNK,0,0
"2010",1995,8,Total,21,28
"2010",1995,8,0,0,0
"2010",1995,8,1,0,0
"2010",1995,8,2,0,0
"2010",1995,8,3,0,1
"2010",1995,8,4,0,0
"2010",1995,8,5 - 9,0,0
"2010",1995,8,10 - 14,0,0
"2010",1995,8,15 - 19,1,0
"2010",1995,8,20 - 24,1,0
"2010",1995,8,25 - 29,0,1
"2010",1995,8,30 - 34,0,2
"2010",1995,8,35 - 39,2,0
"2010",1995,8,40 - 44,0,1
"2010",1995,8,45 - 49,0,2
"2010",1995,8,50 - 54,0,2
"2010",1995,8,55 - 59,0,2
"2010",1995,8,60 - 64,0,1
"2010",1995,8,65 - 69,1,4
"2010",1995,8,70 - 74,1,3
"2010",1995,8,75 - 79,2,1
"2010",1995,8,80 - 84,7,4
"2010",1995,8,85 - 89,6,3
"2010",1995,8,90 - 94,0,0
"2010",1995,8,95+,0,0
"2010",1995,8,UNK,0,1
"2010",1995,9,Total,12,8
"2010",1995,9,0,0,1
"2010",1995,9,1,0,0
"2010",1995,9,2,0,0
"2010",1995,9,3,0,0
"2010",1995,9,4,0,0
"2010",1995,9,5 - 9,0,0
"2010",1995,9,10 - 14,0,0
"2010",1995,9,15 - 19,0,0
"2010",1995,9,20 - 24,0,0
"2010",1995,9,25 - 29,0,0
"2010",1995,9,30 - 34,0,0
"2010",1995,9,35 - 39,0,0
"2010",1995,9,40 - 44,1,0
"2010",1995,9,45 - 49,0,0
"2010",1995,9,50 - 54,2,2
"2010",1995,9,55 - 59,2,2
"2010",1995,9,60 - 64,3,0
"2010",1995,9,65 - 69,1,1
"2010",1995,9,70 - 74,0,2
"2010",1995,9,75 - 79,2,0
"2010",1995,9,80 - 84,0,0
"2010",1995,9,85 - 89,0,0
"2010",1995,9,90 - 94,0,0
"2010",1995,9,95+,0,0
"2010",1995,9,UNK,1,0
"2010",1995,10,Total,7,6
"2010",1995,10,0,0,0
"2010",1995,10,1,0,0
"2010",1995,10,2,0,0
"2010",1995,10,3,0,0
"2010",1995,10,4,0,0
"2010",1995,10,5 - 9,0,0
"2010",1995,10,10 - 14,0,0
"2010",1995,10,15 - 19,0,0
"2010",1995,10,20 - 24,0,0
"2010",1995,10,25 - 29,0,0
"2010",1995,10,30 - 34,0,0
"2010",1995,10,35 - 39,0,0
"2010",1995,10,40 - 44,1,0
"2010",1995,10,45 - 49,0,0
"2010",1995,10,50 - 54,0,0
"2010",1995,10,55 - 59,0,0
"2010",1995,10,60 - 64,0,1
"2010",1995,10,65 - 69,2,1
"2010",1995,10,70 - 74,3,1
"2010",1995,10,75 - 79,1,1
"2010",1995,10,80 - 84,0,1
"2010",1995,10,85 - 89,0,1
"2010",1995,10,90 - 94,0,0
"2010",1995,10,95+,0,0
"2010",1995,10,UNK,0,0
"2010",1995,11,Total,12,10
"2010",1995,11,0,12,9
"2010",1995,11,1,0,0
"2010",1995,11,2,0,1
"2010",1995,11,3,0,0
"2010",1995,11,4,0,0
"2010",1995,11,5 - 9,0,0
"2010",1995,11,10 - 14,0,0
"2010",1995,11,15 - 19,0,0
"2010",1995,11,20 - 24,0,0
"2010",1995,11,25 - 29,0,0
"2010",1995,11,30 - 34,0,0
"2010",1995,11,35 - 39,0,0
"2010",1995,11,40 - 44,0,0
"2010",1995,11,45 - 49,0,0
"2010",1995,11,50 - 54,0,0
"2010",1995,11,55 - 59,0,0
"2010",1995,11,60 - 64,0,0
"2010",1995,11,65 - 69,0,0
"2010",1995,11,70 - 74,0,0
"2010",1995,11,75 - 79,0,0
"2010",1995,11,80 - 84,0,0
"2010",1995,11,85 - 89,0,0
"2010",1995,11,90 - 94,0,0
"2010",1995,11,95+,0,0
"2010",1995,11,UNK,0,0
"2010",1995,12,Total,5,8
"2010",1995,12,0,0,1
"2010",1995,12,1,0,0
"2010",1995,12,2,0,0
"2010",1995,12,3,0,0
"2010",1995,12,4,0,0
"2010",1995,12,5 - 9,0,0
"2010",1995,12,10 - 14,0,0
"2010",1995,12,15 - 19,0,0
"2010",1995,12,20 - 24,0,0
"2010",1995,12,25 - 29,0,0
"2010",1995,12,30 - 34,0,0
"2010",1995,12,35 - 39,0,0
"2010",1995,12,40 - 44,0,1
"2010",1995,12,45 - 49,0,0
"2010",1995,12,50 - 54,0,0
"2010",1995,12,55 - 59,0,0
"2010",1995,12,60 - 64,0,2
"2010",1995,12,65 - 69,0,0
"2010",1995,12,70 - 74,0,1
"2010",1995,12,75 - 79,0,1
"2010",1995,12,80 - 84,2,0
"2010",1995,12,85 - 89,3,2
"2010",1995,12,90 - 94,0,0
"2010",1995,12,95+,0,0
"2010",1995,12,UNK,0,0
"2010",1995,13,Total,1,7
"2010",1995,13,0,0,0
"2010",1995,13,1,0,0
"2010",1995,13,2,0,0
"2010",1995,13,3,0,0
"2010",1995,13,4,0,0
"2010",1995,13,5 - 9,0,0
"2010",1995,13,10 - 14,0,1
"2010",1995,13,15 - 19,0,1
"2010",1995,13,20 - 24,1,0
"2010",1995,13,25 - 29,0,0
"2010",1995,13,30 - 34,0,1
"2010",1995,13,35 - 39,0,1
"2010",1995,13,40 - 44,0,0
"2010",1995,13,45 - 49,0,0
"2010",1995,13,50 - 54,0,0
"2010",1995,13,55 - 59,0,1
"2010",1995,13,60 - 64,0,0
"2010",1995,13,65 - 69,0,1
"2010",1995,13,70 - 74,0,1
"2010",1995,13,75 - 79,0,0
"2010",1995,13,80 - 84,0,0
"2010",1995,13,85 - 89,0,0
"2010",1995,13,90 - 94,0,0
"2010",1995,13,95+,0,0
"2010",1995,13,UNK,0,0
"2010",1995,14,Total,2,5
"2010",1995,14,0,0,0
"2010",1995,14,1,0,0
"2010",1995,14,2,0,0
"2010",1995,14,3,0,0
"2010",1995,14,4,0,0
"2010",1995,14,5 - 9,0,0
"2010",1995,14,10 - 14,0,0
"2010",1995,14,15 - 19,0,0
"2010",1995,14,20 - 24,0,0
"2010",1995,14,25 - 29,1,0
"2010",1995,14,30 - 34,0,2
"2010",1995,14,35 - 39,0,0
"2010",1995,14,40 - 44,0,1
"2010",1995,14,45 - 49,0,0
"2010",1995,14,50 - 54,0,0
"2010",1995,14,55 - 59,1,0
"2010",1995,14,60 - 64,0,1
"2010",1995,14,65 - 69,0,1
"2010",1995,14,70 - 74,0,0
"2010",1995,14,75 - 79,0,0
"2010",1995,14,80 - 84,0,0
"2010",1995,14,85 - 89,0,0
"2010",1995,14,90 - 94,0,0
"2010",1995,14,95+,0,0
"2010",1995,14,UNK,0,0
"2010",1995,15,Total,10,5
"2010",1995,15,0,0,0
"2010",1995,15,1,0,0
"2010",1995,15,2,0,0
"2010",1995,15,3,0,0
"2010",1995,15,4,0,0
"2010",1995,15,5 - 9,0,0
"2010",1995,15,10 - 14,0,0
"2010",1995,15,15 - 19,0,0
"2010",1995,15,20 - 24,1,0
"2010",1995,15,25 - 29,0,0
"2010",1995,15,30 - 34,1,0
"2010",1995,15,35 - 39,1,0
"2010",1995,15,40 - 44,0,0
"2010",1995,15,45 - 49,0,0
"2010",1995,15,50 - 54,0,0
"2010",1995,15,55 - 59,0,0
"2010",1995,15,60 - 64,0,0
"2010",1995,15,65 - 69,0,0
"2010",1995,15,70 - 74,2,1
"2010",1995,15,75 - 79,3,2
"2010",1995,15,80 - 84,1,1
"2010",1995,15,85 - 89,1,1
"2010",1995,15,90 - 94,0,0
"2010",1995,15,95+,0,0
"2010",1995,15,UNK,0,0
