"","Year","Cause","Age","Female","Male"
"2440",1990,1,Total,3769,4427
"2440",1990,1,0,135,169
"2440",1990,1,1,11,19
"2440",1990,1,2,11,13
"2440",1990,1,3,10,14
"2440",1990,1,4,4,3
"2440",1990,1,5 - 9,25,34
"2440",1990,1,10 - 14,25,34
"2440",1990,1,15 - 19,34,69
"2440",1990,1,20 - 24,47,90
"2440",1990,1,25 - 29,48,115
"2440",1990,1,30 - 34,73,142
"2440",1990,1,35 - 39,85,138
"2440",1990,1,40 - 44,92,139
"2440",1990,1,45 - 49,150,192
"2440",1990,1,50 - 54,186,252
"2440",1990,1,55 - 59,198,277
"2440",1990,1,60 - 64,281,359
"2440",1990,1,65 - 69,371,487
"2440",1990,1,70 - 74,471,541
"2440",1990,1,75 - 79,484,546
"2440",1990,1,80 - 84,429,413
"2440",1990,1,85 - 89,599,380
"2440",1990,1,90 - 94,0,0
"2440",1990,1,95+,0,0
"2440",1990,1,UNK,0,1
"2440",1990,2,Total,74,99
"2440",1990,2,0,2,3
"2440",1990,2,1,1,0
"2440",1990,2,2,1,0
"2440",1990,2,3,2,1
"2440",1990,2,4,0,1
"2440",1990,2,5 - 9,2,1
"2440",1990,2,10 - 14,0,1
"2440",1990,2,15 - 19,1,2
"2440",1990,2,20 - 24,1,1
"2440",1990,2,25 - 29,2,6
"2440",1990,2,30 - 34,3,6
"2440",1990,2,35 - 39,3,4
"2440",1990,2,40 - 44,2,3
"2440",1990,2,45 - 49,4,5
"2440",1990,2,50 - 54,3,4
"2440",1990,2,55 - 59,2,7
"2440",1990,2,60 - 64,3,3
"2440",1990,2,65 - 69,4,4
"2440",1990,2,70 - 74,10,12
"2440",1990,2,75 - 79,3,10
"2440",1990,2,80 - 84,11,14
"2440",1990,2,85 - 89,14,11
"2440",1990,2,90 - 94,0,0
"2440",1990,2,95+,0,0
"2440",1990,2,UNK,0,0
"2440",1990,3,Total,488,557
"2440",1990,3,0,2,0
"2440",1990,3,1,1,0
"2440",1990,3,2,0,1
"2440",1990,3,3,0,2
"2440",1990,3,4,0,0
"2440",1990,3,5 - 9,4,6
"2440",1990,3,10 - 14,5,4
"2440",1990,3,15 - 19,6,3
"2440",1990,3,20 - 24,6,1
"2440",1990,3,25 - 29,8,6
"2440",1990,3,30 - 34,15,11
"2440",1990,3,35 - 39,17,15
"2440",1990,3,40 - 44,27,13
"2440",1990,3,45 - 49,32,21
"2440",1990,3,50 - 54,45,23
"2440",1990,3,55 - 59,34,42
"2440",1990,3,60 - 64,45,62
"2440",1990,3,65 - 69,47,77
"2440",1990,3,70 - 74,58,84
"2440",1990,3,75 - 79,51,88
"2440",1990,3,80 - 84,47,64
"2440",1990,3,85 - 89,38,34
"2440",1990,3,90 - 94,0,0
"2440",1990,3,95+,0,0
"2440",1990,3,UNK,0,0
"2440",1990,4,Total,1514,1554
"2440",1990,4,0,0,0
"2440",1990,4,1,0,0
"2440",1990,4,2,1,0
"2440",1990,4,3,1,1
"2440",1990,4,4,0,0
"2440",1990,4,5 - 9,1,1
"2440",1990,4,10 - 14,2,1
"2440",1990,4,15 - 19,1,3
"2440",1990,4,20 - 24,3,4
"2440",1990,4,25 - 29,5,7
"2440",1990,4,30 - 34,8,16
"2440",1990,4,35 - 39,7,24
"2440",1990,4,40 - 44,18,27
"2440",1990,4,45 - 49,50,62
"2440",1990,4,50 - 54,66,106
"2440",1990,4,55 - 59,80,99
"2440",1990,4,60 - 64,128,166
"2440",1990,4,65 - 69,169,213
"2440",1990,4,70 - 74,219,236
"2440",1990,4,75 - 79,260,247
"2440",1990,4,80 - 84,198,175
"2440",1990,4,85 - 89,297,166
"2440",1990,4,90 - 94,0,0
"2440",1990,4,95+,0,0
"2440",1990,4,UNK,0,0
"2440",1990,5,Total,102,102
"2440",1990,5,0,3,7
"2440",1990,5,1,0,0
"2440",1990,5,2,1,0
"2440",1990,5,3,0,0
"2440",1990,5,4,0,0
"2440",1990,5,5 - 9,0,0
"2440",1990,5,10 - 14,0,0
"2440",1990,5,15 - 19,0,3
"2440",1990,5,20 - 24,0,2
"2440",1990,5,25 - 29,0,6
"2440",1990,5,30 - 34,1,5
"2440",1990,5,35 - 39,1,9
"2440",1990,5,40 - 44,3,3
"2440",1990,5,45 - 49,0,2
"2440",1990,5,50 - 54,2,0
"2440",1990,5,55 - 59,4,4
"2440",1990,5,60 - 64,1,1
"2440",1990,5,65 - 69,2,4
"2440",1990,5,70 - 74,4,3
"2440",1990,5,75 - 79,8,9
"2440",1990,5,80 - 84,23,12
"2440",1990,5,85 - 89,49,32
"2440",1990,5,90 - 94,0,0
"2440",1990,5,95+,0,0
"2440",1990,5,UNK,0,0
"2440",1990,6,Total,13,24
"2440",1990,6,0,0,0
"2440",1990,6,1,0,0
"2440",1990,6,2,0,0
"2440",1990,6,3,0,0
"2440",1990,6,4,0,0
"2440",1990,6,5 - 9,0,1
"2440",1990,6,10 - 14,2,0
"2440",1990,6,15 - 19,0,1
"2440",1990,6,20 - 24,1,0
"2440",1990,6,25 - 29,0,0
"2440",1990,6,30 - 34,0,3
"2440",1990,6,35 - 39,0,0
"2440",1990,6,40 - 44,1,2
"2440",1990,6,45 - 49,0,2
"2440",1990,6,50 - 54,2,0
"2440",1990,6,55 - 59,0,2
"2440",1990,6,60 - 64,0,0
"2440",1990,6,65 - 69,2,2
"2440",1990,6,70 - 74,2,2
"2440",1990,6,75 - 79,1,1
"2440",1990,6,80 - 84,2,5
"2440",1990,6,85 - 89,0,3
"2440",1990,6,90 - 94,0,0
"2440",1990,6,95+,0,0
"2440",1990,6,UNK,0,0
"2440",1990,7,Total,68,97
"2440",1990,7,0,6,6
"2440",1990,7,1,0,1
"2440",1990,7,2,2,1
"2440",1990,7,3,1,2
"2440",1990,7,4,1,0
"2440",1990,7,5 - 9,1,7
"2440",1990,7,10 - 14,1,6
"2440",1990,7,15 - 19,2,7
"2440",1990,7,20 - 24,6,4
"2440",1990,7,25 - 29,1,2
"2440",1990,7,30 - 34,4,3
"2440",1990,7,35 - 39,4,3
"2440",1990,7,40 - 44,5,3
"2440",1990,7,45 - 49,2,12
"2440",1990,7,50 - 54,1,3
"2440",1990,7,55 - 59,0,3
"2440",1990,7,60 - 64,1,5
"2440",1990,7,65 - 69,5,5
"2440",1990,7,70 - 74,8,8
"2440",1990,7,75 - 79,9,9
"2440",1990,7,80 - 84,4,4
"2440",1990,7,85 - 89,4,3
"2440",1990,7,90 - 94,0,0
"2440",1990,7,95+,0,0
"2440",1990,7,UNK,0,0
"2440",1990,8,Total,618,596
"2440",1990,8,0,2,7
"2440",1990,8,1,0,1
"2440",1990,8,2,0,1
"2440",1990,8,3,0,1
"2440",1990,8,4,0,0
"2440",1990,8,5 - 9,2,0
"2440",1990,8,10 - 14,1,0
"2440",1990,8,15 - 19,0,0
"2440",1990,8,20 - 24,1,8
"2440",1990,8,25 - 29,9,20
"2440",1990,8,30 - 34,11,21
"2440",1990,8,35 - 39,15,13
"2440",1990,8,40 - 44,17,16
"2440",1990,8,45 - 49,29,32
"2440",1990,8,50 - 54,35,48
"2440",1990,8,55 - 59,53,55
"2440",1990,8,60 - 64,69,58
"2440",1990,8,65 - 69,88,86
"2440",1990,8,70 - 74,96,86
"2440",1990,8,75 - 79,80,71
"2440",1990,8,80 - 84,57,45
"2440",1990,8,85 - 89,53,27
"2440",1990,8,90 - 94,0,0
"2440",1990,8,95+,0,0
"2440",1990,8,UNK,0,0
"2440",1990,9,Total,122,231
"2440",1990,9,0,1,2
"2440",1990,9,1,0,2
"2440",1990,9,2,1,0
"2440",1990,9,3,0,1
"2440",1990,9,4,1,0
"2440",1990,9,5 - 9,1,1
"2440",1990,9,10 - 14,2,0
"2440",1990,9,15 - 19,3,1
"2440",1990,9,20 - 24,1,2
"2440",1990,9,25 - 29,1,5
"2440",1990,9,30 - 34,2,10
"2440",1990,9,35 - 39,4,10
"2440",1990,9,40 - 44,3,20
"2440",1990,9,45 - 49,12,15
"2440",1990,9,50 - 54,7,26
"2440",1990,9,55 - 59,3,15
"2440",1990,9,60 - 64,6,18
"2440",1990,9,65 - 69,18,32
"2440",1990,9,70 - 74,10,23
"2440",1990,9,75 - 79,14,19
"2440",1990,9,80 - 84,14,18
"2440",1990,9,85 - 89,18,11
"2440",1990,9,90 - 94,0,0
"2440",1990,9,95+,0,0
"2440",1990,9,UNK,0,0
"2440",1990,10,Total,68,151
"2440",1990,10,0,0,0
"2440",1990,10,1,0,0
"2440",1990,10,2,0,0
"2440",1990,10,3,0,0
"2440",1990,10,4,0,0
"2440",1990,10,5 - 9,1,0
"2440",1990,10,10 - 14,1,0
"2440",1990,10,15 - 19,1,2
"2440",1990,10,20 - 24,1,1
"2440",1990,10,25 - 29,2,4
"2440",1990,10,30 - 34,2,4
"2440",1990,10,35 - 39,3,0
"2440",1990,10,40 - 44,2,2
"2440",1990,10,45 - 49,4,4
"2440",1990,10,50 - 54,8,6
"2440",1990,10,55 - 59,7,16
"2440",1990,10,60 - 64,6,13
"2440",1990,10,65 - 69,7,12
"2440",1990,10,70 - 74,6,16
"2440",1990,10,75 - 79,4,21
"2440",1990,10,80 - 84,4,20
"2440",1990,10,85 - 89,9,30
"2440",1990,10,90 - 94,0,0
"2440",1990,10,95+,0,0
"2440",1990,10,UNK,0,0
"2440",1990,11,Total,112,145
"2440",1990,11,0,97,122
"2440",1990,11,1,2,6
"2440",1990,11,2,1,0
"2440",1990,11,3,1,2
"2440",1990,11,4,1,0
"2440",1990,11,5 - 9,1,1
"2440",1990,11,10 - 14,0,1
"2440",1990,11,15 - 19,1,2
"2440",1990,11,20 - 24,0,2
"2440",1990,11,25 - 29,1,2
"2440",1990,11,30 - 34,1,0
"2440",1990,11,35 - 39,1,1
"2440",1990,11,40 - 44,1,1
"2440",1990,11,45 - 49,1,2
"2440",1990,11,50 - 54,0,2
"2440",1990,11,55 - 59,1,1
"2440",1990,11,60 - 64,1,0
"2440",1990,11,65 - 69,1,0
"2440",1990,11,70 - 74,0,0
"2440",1990,11,75 - 79,0,0
"2440",1990,11,80 - 84,0,0
"2440",1990,11,85 - 89,0,0
"2440",1990,11,90 - 94,0,0
"2440",1990,11,95+,0,0
"2440",1990,11,UNK,0,0
"2440",1990,12,Total,284,332
"2440",1990,12,0,13,18
"2440",1990,12,1,2,4
"2440",1990,12,2,1,5
"2440",1990,12,3,3,1
"2440",1990,12,4,0,0
"2440",1990,12,5 - 9,3,2
"2440",1990,12,10 - 14,3,5
"2440",1990,12,15 - 19,1,1
"2440",1990,12,20 - 24,6,3
"2440",1990,12,25 - 29,1,6
"2440",1990,12,30 - 34,6,13
"2440",1990,12,35 - 39,7,7
"2440",1990,12,40 - 44,6,10
"2440",1990,12,45 - 49,8,10
"2440",1990,12,50 - 54,8,13
"2440",1990,12,55 - 59,7,14
"2440",1990,12,60 - 64,12,10
"2440",1990,12,65 - 69,15,29
"2440",1990,12,70 - 74,35,45
"2440",1990,12,75 - 79,36,48
"2440",1990,12,80 - 84,41,41
"2440",1990,12,85 - 89,70,47
"2440",1990,12,90 - 94,0,0
"2440",1990,12,95+,0,0
"2440",1990,12,UNK,0,0
"2440",1990,13,Total,169,407
"2440",1990,13,0,8,4
"2440",1990,13,1,4,3
"2440",1990,13,2,1,4
"2440",1990,13,3,1,2
"2440",1990,13,4,0,1
"2440",1990,13,5 - 9,8,9
"2440",1990,13,10 - 14,7,14
"2440",1990,13,15 - 19,11,33
"2440",1990,13,20 - 24,17,52
"2440",1990,13,25 - 29,10,46
"2440",1990,13,30 - 34,11,38
"2440",1990,13,35 - 39,13,43
"2440",1990,13,40 - 44,3,31
"2440",1990,13,45 - 49,3,18
"2440",1990,13,50 - 54,3,18
"2440",1990,13,55 - 59,2,16
"2440",1990,13,60 - 64,6,17
"2440",1990,13,65 - 69,7,17
"2440",1990,13,70 - 74,12,19
"2440",1990,13,75 - 79,8,9
"2440",1990,13,80 - 84,13,8
"2440",1990,13,85 - 89,21,4
"2440",1990,13,90 - 94,0,0
"2440",1990,13,95+,0,0
"2440",1990,13,UNK,0,1
"2440",1990,14,Total,20,57
"2440",1990,14,0,1,0
"2440",1990,14,1,0,0
"2440",1990,14,2,1,0
"2440",1990,14,3,0,0
"2440",1990,14,4,0,0
"2440",1990,14,5 - 9,0,3
"2440",1990,14,10 - 14,0,0
"2440",1990,14,15 - 19,0,7
"2440",1990,14,20 - 24,2,7
"2440",1990,14,25 - 29,2,5
"2440",1990,14,30 - 34,4,10
"2440",1990,14,35 - 39,3,7
"2440",1990,14,40 - 44,0,6
"2440",1990,14,45 - 49,1,3
"2440",1990,14,50 - 54,1,1
"2440",1990,14,55 - 59,1,0
"2440",1990,14,60 - 64,1,4
"2440",1990,14,65 - 69,0,1
"2440",1990,14,70 - 74,1,2
"2440",1990,14,75 - 79,1,1
"2440",1990,14,80 - 84,0,0
"2440",1990,14,85 - 89,1,0
"2440",1990,14,90 - 94,0,0
"2440",1990,14,95+,0,0
"2440",1990,14,UNK,0,0
"2440",1990,15,Total,117,75
"2440",1990,15,0,0,0
"2440",1990,15,1,1,2
"2440",1990,15,2,1,1
"2440",1990,15,3,1,1
"2440",1990,15,4,1,1
"2440",1990,15,5 - 9,1,2
"2440",1990,15,10 - 14,1,2
"2440",1990,15,15 - 19,7,4
"2440",1990,15,20 - 24,2,3
"2440",1990,15,25 - 29,6,0
"2440",1990,15,30 - 34,5,2
"2440",1990,15,35 - 39,7,2
"2440",1990,15,40 - 44,4,2
"2440",1990,15,45 - 49,4,4
"2440",1990,15,50 - 54,5,2
"2440",1990,15,55 - 59,4,3
"2440",1990,15,60 - 64,2,2
"2440",1990,15,65 - 69,6,5
"2440",1990,15,70 - 74,10,5
"2440",1990,15,75 - 79,9,13
"2440",1990,15,80 - 84,15,7
"2440",1990,15,85 - 89,25,12
"2440",1990,15,90 - 94,0,0
"2440",1990,15,95+,0,0
"2440",1990,15,UNK,0,0
"2440",1991,1,Total,3706,4486
"2440",1991,1,0,104,143
"2440",1991,1,1,13,13
"2440",1991,1,2,5,9
"2440",1991,1,3,9,7
"2440",1991,1,4,6,6
"2440",1991,1,5 - 9,28,29
"2440",1991,1,10 - 14,26,22
"2440",1991,1,15 - 19,28,56
"2440",1991,1,20 - 24,43,114
"2440",1991,1,25 - 29,55,122
"2440",1991,1,30 - 34,64,139
"2440",1991,1,35 - 39,83,128
"2440",1991,1,40 - 44,92,142
"2440",1991,1,45 - 49,139,172
"2440",1991,1,50 - 54,172,245
"2440",1991,1,55 - 59,240,297
"2440",1991,1,60 - 64,279,422
"2440",1991,1,65 - 69,376,511
"2440",1991,1,70 - 74,428,569
"2440",1991,1,75 - 79,448,545
"2440",1991,1,80 - 84,449,431
"2440",1991,1,85 - 89,614,360
"2440",1991,1,90 - 94,0,0
"2440",1991,1,95+,0,0
"2440",1991,1,UNK,5,4
"2440",1991,2,Total,63,96
"2440",1991,2,0,4,3
"2440",1991,2,1,2,2
"2440",1991,2,2,0,0
"2440",1991,2,3,0,0
"2440",1991,2,4,0,1
"2440",1991,2,5 - 9,0,0
"2440",1991,2,10 - 14,0,1
"2440",1991,2,15 - 19,0,1
"2440",1991,2,20 - 24,0,1
"2440",1991,2,25 - 29,2,5
"2440",1991,2,30 - 34,3,5
"2440",1991,2,35 - 39,1,7
"2440",1991,2,40 - 44,4,6
"2440",1991,2,45 - 49,4,3
"2440",1991,2,50 - 54,2,3
"2440",1991,2,55 - 59,3,7
"2440",1991,2,60 - 64,5,6
"2440",1991,2,65 - 69,8,9
"2440",1991,2,70 - 74,6,10
"2440",1991,2,75 - 79,2,12
"2440",1991,2,80 - 84,5,6
"2440",1991,2,85 - 89,12,7
"2440",1991,2,90 - 94,0,0
"2440",1991,2,95+,0,0
"2440",1991,2,UNK,0,1
"2440",1991,3,Total,513,544
"2440",1991,3,0,3,0
"2440",1991,3,1,0,1
"2440",1991,3,2,0,2
"2440",1991,3,3,1,1
"2440",1991,3,4,0,1
"2440",1991,3,5 - 9,3,6
"2440",1991,3,10 - 14,2,1
"2440",1991,3,15 - 19,0,5
"2440",1991,3,20 - 24,6,7
"2440",1991,3,25 - 29,3,3
"2440",1991,3,30 - 34,14,9
"2440",1991,3,35 - 39,18,15
"2440",1991,3,40 - 44,26,19
"2440",1991,3,45 - 49,33,17
"2440",1991,3,50 - 54,37,28
"2440",1991,3,55 - 59,58,35
"2440",1991,3,60 - 64,51,71
"2440",1991,3,65 - 69,64,75
"2440",1991,3,70 - 74,66,85
"2440",1991,3,75 - 79,47,82
"2440",1991,3,80 - 84,42,60
"2440",1991,3,85 - 89,39,20
"2440",1991,3,90 - 94,0,0
"2440",1991,3,95+,0,0
"2440",1991,3,UNK,0,1
"2440",1991,4,Total,1572,1645
"2440",1991,4,0,2,1
"2440",1991,4,1,1,0
"2440",1991,4,2,0,1
"2440",1991,4,3,0,0
"2440",1991,4,4,0,0
"2440",1991,4,5 - 9,1,1
"2440",1991,4,10 - 14,1,4
"2440",1991,4,15 - 19,4,2
"2440",1991,4,20 - 24,2,4
"2440",1991,4,25 - 29,7,11
"2440",1991,4,30 - 34,14,16
"2440",1991,4,35 - 39,20,27
"2440",1991,4,40 - 44,26,36
"2440",1991,4,45 - 49,48,61
"2440",1991,4,50 - 54,56,101
"2440",1991,4,55 - 59,98,127
"2440",1991,4,60 - 64,115,166
"2440",1991,4,65 - 69,169,211
"2440",1991,4,70 - 74,196,264
"2440",1991,4,75 - 79,245,244
"2440",1991,4,80 - 84,241,204
"2440",1991,4,85 - 89,324,164
"2440",1991,4,90 - 94,0,0
"2440",1991,4,95+,0,0
"2440",1991,4,UNK,2,0
"2440",1991,5,Total,96,86
"2440",1991,5,0,4,1
"2440",1991,5,1,0,1
"2440",1991,5,2,0,0
"2440",1991,5,3,0,0
"2440",1991,5,4,0,0
"2440",1991,5,5 - 9,0,0
"2440",1991,5,10 - 14,0,0
"2440",1991,5,15 - 19,2,0
"2440",1991,5,20 - 24,2,3
"2440",1991,5,25 - 29,1,2
"2440",1991,5,30 - 34,1,3
"2440",1991,5,35 - 39,2,1
"2440",1991,5,40 - 44,1,1
"2440",1991,5,45 - 49,0,5
"2440",1991,5,50 - 54,0,0
"2440",1991,5,55 - 59,2,3
"2440",1991,5,60 - 64,1,5
"2440",1991,5,65 - 69,3,7
"2440",1991,5,70 - 74,2,4
"2440",1991,5,75 - 79,11,13
"2440",1991,5,80 - 84,16,20
"2440",1991,5,85 - 89,48,17
"2440",1991,5,90 - 94,0,0
"2440",1991,5,95+,0,0
"2440",1991,5,UNK,0,0
"2440",1991,6,Total,16,39
"2440",1991,6,0,0,0
"2440",1991,6,1,0,0
"2440",1991,6,2,0,0
"2440",1991,6,3,0,0
"2440",1991,6,4,0,0
"2440",1991,6,5 - 9,1,1
"2440",1991,6,10 - 14,0,2
"2440",1991,6,15 - 19,1,0
"2440",1991,6,20 - 24,0,0
"2440",1991,6,25 - 29,0,0
"2440",1991,6,30 - 34,1,1
"2440",1991,6,35 - 39,1,1
"2440",1991,6,40 - 44,0,2
"2440",1991,6,45 - 49,0,3
"2440",1991,6,50 - 54,0,3
"2440",1991,6,55 - 59,2,2
"2440",1991,6,60 - 64,0,3
"2440",1991,6,65 - 69,0,8
"2440",1991,6,70 - 74,1,3
"2440",1991,6,75 - 79,2,3
"2440",1991,6,80 - 84,3,3
"2440",1991,6,85 - 89,4,4
"2440",1991,6,90 - 94,0,0
"2440",1991,6,95+,0,0
"2440",1991,6,UNK,0,0
"2440",1991,7,Total,62,98
"2440",1991,7,0,1,2
"2440",1991,7,1,1,0
"2440",1991,7,2,0,1
"2440",1991,7,3,0,1
"2440",1991,7,4,1,0
"2440",1991,7,5 - 9,5,2
"2440",1991,7,10 - 14,3,3
"2440",1991,7,15 - 19,3,1
"2440",1991,7,20 - 24,2,4
"2440",1991,7,25 - 29,4,7
"2440",1991,7,30 - 34,1,4
"2440",1991,7,35 - 39,3,6
"2440",1991,7,40 - 44,2,7
"2440",1991,7,45 - 49,5,2
"2440",1991,7,50 - 54,4,6
"2440",1991,7,55 - 59,4,3
"2440",1991,7,60 - 64,3,9
"2440",1991,7,65 - 69,3,7
"2440",1991,7,70 - 74,7,13
"2440",1991,7,75 - 79,2,13
"2440",1991,7,80 - 84,5,4
"2440",1991,7,85 - 89,3,3
"2440",1991,7,90 - 94,0,0
"2440",1991,7,95+,0,0
"2440",1991,7,UNK,0,0
"2440",1991,8,Total,605,662
"2440",1991,8,0,1,1
"2440",1991,8,1,1,0
"2440",1991,8,2,0,0
"2440",1991,8,3,0,0
"2440",1991,8,4,0,0
"2440",1991,8,5 - 9,2,2
"2440",1991,8,10 - 14,0,0
"2440",1991,8,15 - 19,3,1
"2440",1991,8,20 - 24,9,9
"2440",1991,8,25 - 29,9,12
"2440",1991,8,30 - 34,5,32
"2440",1991,8,35 - 39,12,20
"2440",1991,8,40 - 44,13,24
"2440",1991,8,45 - 49,25,36
"2440",1991,8,50 - 54,43,59
"2440",1991,8,55 - 59,50,67
"2440",1991,8,60 - 64,76,82
"2440",1991,8,65 - 69,93,87
"2440",1991,8,70 - 74,86,84
"2440",1991,8,75 - 79,62,66
"2440",1991,8,80 - 84,53,51
"2440",1991,8,85 - 89,61,28
"2440",1991,8,90 - 94,0,0
"2440",1991,8,95+,0,0
"2440",1991,8,UNK,1,1
"2440",1991,9,Total,118,200
"2440",1991,9,0,0,6
"2440",1991,9,1,0,0
"2440",1991,9,2,3,0
"2440",1991,9,3,1,1
"2440",1991,9,4,0,1
"2440",1991,9,5 - 9,2,0
"2440",1991,9,10 - 14,0,0
"2440",1991,9,15 - 19,1,1
"2440",1991,9,20 - 24,2,0
"2440",1991,9,25 - 29,1,3
"2440",1991,9,30 - 34,3,6
"2440",1991,9,35 - 39,0,6
"2440",1991,9,40 - 44,4,7
"2440",1991,9,45 - 49,8,16
"2440",1991,9,50 - 54,5,19
"2440",1991,9,55 - 59,7,19
"2440",1991,9,60 - 64,5,23
"2440",1991,9,65 - 69,8,27
"2440",1991,9,70 - 74,15,24
"2440",1991,9,75 - 79,13,19
"2440",1991,9,80 - 84,19,10
"2440",1991,9,85 - 89,20,12
"2440",1991,9,90 - 94,0,0
"2440",1991,9,95+,0,0
"2440",1991,9,UNK,1,0
"2440",1991,10,Total,58,123
"2440",1991,10,0,0,0
"2440",1991,10,1,0,0
"2440",1991,10,2,0,0
"2440",1991,10,3,0,0
"2440",1991,10,4,0,0
"2440",1991,10,5 - 9,1,1
"2440",1991,10,10 - 14,1,0
"2440",1991,10,15 - 19,1,0
"2440",1991,10,20 - 24,1,0
"2440",1991,10,25 - 29,2,3
"2440",1991,10,30 - 34,2,1
"2440",1991,10,35 - 39,5,4
"2440",1991,10,40 - 44,3,4
"2440",1991,10,45 - 49,3,2
"2440",1991,10,50 - 54,3,1
"2440",1991,10,55 - 59,2,7
"2440",1991,10,60 - 64,6,11
"2440",1991,10,65 - 69,3,16
"2440",1991,10,70 - 74,5,20
"2440",1991,10,75 - 79,3,20
"2440",1991,10,80 - 84,4,14
"2440",1991,10,85 - 89,13,19
"2440",1991,10,90 - 94,0,0
"2440",1991,10,95+,0,0
"2440",1991,10,UNK,0,0
"2440",1991,11,Total,79,126
"2440",1991,11,0,67,105
"2440",1991,11,1,2,2
"2440",1991,11,2,1,1
"2440",1991,11,3,0,3
"2440",1991,11,4,1,1
"2440",1991,11,5 - 9,2,4
"2440",1991,11,10 - 14,0,0
"2440",1991,11,15 - 19,0,1
"2440",1991,11,20 - 24,0,1
"2440",1991,11,25 - 29,0,1
"2440",1991,11,30 - 34,0,0
"2440",1991,11,35 - 39,2,0
"2440",1991,11,40 - 44,1,1
"2440",1991,11,45 - 49,0,0
"2440",1991,11,50 - 54,1,0
"2440",1991,11,55 - 59,0,0
"2440",1991,11,60 - 64,0,0
"2440",1991,11,65 - 69,1,2
"2440",1991,11,70 - 74,1,1
"2440",1991,11,75 - 79,0,2
"2440",1991,11,80 - 84,0,0
"2440",1991,11,85 - 89,0,1
"2440",1991,11,90 - 94,0,0
"2440",1991,11,95+,0,0
"2440",1991,11,UNK,0,0
"2440",1991,12,Total,233,318
"2440",1991,12,0,19,13
"2440",1991,12,1,4,1
"2440",1991,12,2,0,2
"2440",1991,12,3,5,0
"2440",1991,12,4,1,1
"2440",1991,12,5 - 9,3,1
"2440",1991,12,10 - 14,1,1
"2440",1991,12,15 - 19,0,0
"2440",1991,12,20 - 24,2,3
"2440",1991,12,25 - 29,5,8
"2440",1991,12,30 - 34,8,7
"2440",1991,12,35 - 39,6,6
"2440",1991,12,40 - 44,2,5
"2440",1991,12,45 - 49,3,8
"2440",1991,12,50 - 54,8,6
"2440",1991,12,55 - 59,9,11
"2440",1991,12,60 - 64,9,19
"2440",1991,12,65 - 69,13,37
"2440",1991,12,70 - 74,23,40
"2440",1991,12,75 - 79,28,45
"2440",1991,12,80 - 84,34,46
"2440",1991,12,85 - 89,50,58
"2440",1991,12,90 - 94,0,0
"2440",1991,12,95+,0,0
"2440",1991,12,UNK,0,0
"2440",1991,13,Total,143,398
"2440",1991,13,0,1,9
"2440",1991,13,1,1,5
"2440",1991,13,2,1,0
"2440",1991,13,3,2,1
"2440",1991,13,4,2,1
"2440",1991,13,5 - 9,7,9
"2440",1991,13,10 - 14,16,8
"2440",1991,13,15 - 19,8,38
"2440",1991,13,20 - 24,13,62
"2440",1991,13,25 - 29,10,47
"2440",1991,13,30 - 34,8,42
"2440",1991,13,35 - 39,8,31
"2440",1991,13,40 - 44,4,25
"2440",1991,13,45 - 49,7,11
"2440",1991,13,50 - 54,7,14
"2440",1991,13,55 - 59,1,14
"2440",1991,13,60 - 64,2,23
"2440",1991,13,65 - 69,2,15
"2440",1991,13,70 - 74,9,15
"2440",1991,13,75 - 79,9,11
"2440",1991,13,80 - 84,10,4
"2440",1991,13,85 - 89,15,12
"2440",1991,13,90 - 94,0,0
"2440",1991,13,95+,0,0
"2440",1991,13,UNK,0,1
"2440",1991,14,Total,20,75
"2440",1991,14,0,1,2
"2440",1991,14,1,1,1
"2440",1991,14,2,0,1
"2440",1991,14,3,0,0
"2440",1991,14,4,0,0
"2440",1991,14,5 - 9,1,0
"2440",1991,14,10 - 14,1,0
"2440",1991,14,15 - 19,1,3
"2440",1991,14,20 - 24,0,19
"2440",1991,14,25 - 29,1,17
"2440",1991,14,30 - 34,2,11
"2440",1991,14,35 - 39,2,4
"2440",1991,14,40 - 44,3,4
"2440",1991,14,45 - 49,0,4
"2440",1991,14,50 - 54,1,3
"2440",1991,14,55 - 59,0,1
"2440",1991,14,60 - 64,1,1
"2440",1991,14,65 - 69,2,1
"2440",1991,14,70 - 74,2,1
"2440",1991,14,75 - 79,1,0
"2440",1991,14,80 - 84,0,1
"2440",1991,14,85 - 89,0,1
"2440",1991,14,90 - 94,0,0
"2440",1991,14,95+,0,0
"2440",1991,14,UNK,0,0
"2440",1991,15,Total,128,76
"2440",1991,15,0,1,0
"2440",1991,15,1,0,0
"2440",1991,15,2,0,1
"2440",1991,15,3,0,0
"2440",1991,15,4,1,0
"2440",1991,15,5 - 9,0,2
"2440",1991,15,10 - 14,1,2
"2440",1991,15,15 - 19,4,3
"2440",1991,15,20 - 24,4,1
"2440",1991,15,25 - 29,10,3
"2440",1991,15,30 - 34,2,2
"2440",1991,15,35 - 39,3,0
"2440",1991,15,40 - 44,3,1
"2440",1991,15,45 - 49,3,4
"2440",1991,15,50 - 54,5,2
"2440",1991,15,55 - 59,4,1
"2440",1991,15,60 - 64,5,3
"2440",1991,15,65 - 69,7,9
"2440",1991,15,70 - 74,9,5
"2440",1991,15,75 - 79,23,15
"2440",1991,15,80 - 84,17,8
"2440",1991,15,85 - 89,25,14
"2440",1991,15,90 - 94,0,0
"2440",1991,15,95+,0,0
"2440",1991,15,UNK,1,0
"2440",1992,1,Total,3856,4677
"2440",1992,1,0,99,143
"2440",1992,1,1,12,14
"2440",1992,1,2,8,18
"2440",1992,1,3,9,6
"2440",1992,1,4,10,10
"2440",1992,1,5 - 9,21,38
"2440",1992,1,10 - 14,25,38
"2440",1992,1,15 - 19,31,62
"2440",1992,1,20 - 24,49,99
"2440",1992,1,25 - 29,46,113
"2440",1992,1,30 - 34,62,144
"2440",1992,1,35 - 39,72,154
"2440",1992,1,40 - 44,98,171
"2440",1992,1,45 - 49,132,221
"2440",1992,1,50 - 54,177,258
"2440",1992,1,55 - 59,235,310
"2440",1992,1,60 - 64,289,323
"2440",1992,1,65 - 69,408,498
"2440",1992,1,70 - 74,470,608
"2440",1992,1,75 - 79,516,587
"2440",1992,1,80 - 84,471,462
"2440",1992,1,85 - 89,616,397
"2440",1992,1,90 - 94,0,0
"2440",1992,1,95+,0,0
"2440",1992,1,UNK,0,3
"2440",1992,2,Total,91,93
"2440",1992,2,0,6,0
"2440",1992,2,1,2,1
"2440",1992,2,2,1,0
"2440",1992,2,3,0,1
"2440",1992,2,4,1,1
"2440",1992,2,5 - 9,2,1
"2440",1992,2,10 - 14,1,2
"2440",1992,2,15 - 19,0,2
"2440",1992,2,20 - 24,0,2
"2440",1992,2,25 - 29,2,5
"2440",1992,2,30 - 34,3,3
"2440",1992,2,35 - 39,1,4
"2440",1992,2,40 - 44,1,7
"2440",1992,2,45 - 49,5,3
"2440",1992,2,50 - 54,3,5
"2440",1992,2,55 - 59,8,6
"2440",1992,2,60 - 64,4,4
"2440",1992,2,65 - 69,10,7
"2440",1992,2,70 - 74,7,15
"2440",1992,2,75 - 79,9,7
"2440",1992,2,80 - 84,12,8
"2440",1992,2,85 - 89,13,9
"2440",1992,2,90 - 94,0,0
"2440",1992,2,95+,0,0
"2440",1992,2,UNK,0,0
"2440",1992,3,Total,531,594
"2440",1992,3,0,0,0
"2440",1992,3,1,0,1
"2440",1992,3,2,1,0
"2440",1992,3,3,0,0
"2440",1992,3,4,0,1
"2440",1992,3,5 - 9,3,5
"2440",1992,3,10 - 14,4,3
"2440",1992,3,15 - 19,5,4
"2440",1992,3,20 - 24,5,6
"2440",1992,3,25 - 29,10,4
"2440",1992,3,30 - 34,14,6
"2440",1992,3,35 - 39,20,15
"2440",1992,3,40 - 44,30,17
"2440",1992,3,45 - 49,33,27
"2440",1992,3,50 - 54,36,28
"2440",1992,3,55 - 59,48,45
"2440",1992,3,60 - 64,50,52
"2440",1992,3,65 - 69,57,73
"2440",1992,3,70 - 74,64,104
"2440",1992,3,75 - 79,70,100
"2440",1992,3,80 - 84,37,65
"2440",1992,3,85 - 89,44,38
"2440",1992,3,90 - 94,0,0
"2440",1992,3,95+,0,0
"2440",1992,3,UNK,0,0
"2440",1992,4,Total,1610,1659
"2440",1992,4,0,2,1
"2440",1992,4,1,0,0
"2440",1992,4,2,0,0
"2440",1992,4,3,0,0
"2440",1992,4,4,0,0
"2440",1992,4,5 - 9,0,1
"2440",1992,4,10 - 14,3,1
"2440",1992,4,15 - 19,1,4
"2440",1992,4,20 - 24,5,2
"2440",1992,4,25 - 29,4,7
"2440",1992,4,30 - 34,7,14
"2440",1992,4,35 - 39,10,18
"2440",1992,4,40 - 44,22,49
"2440",1992,4,45 - 49,36,76
"2440",1992,4,50 - 54,60,96
"2440",1992,4,55 - 59,91,117
"2440",1992,4,60 - 64,126,131
"2440",1992,4,65 - 69,185,215
"2440",1992,4,70 - 74,229,256
"2440",1992,4,75 - 79,252,259
"2440",1992,4,80 - 84,254,222
"2440",1992,4,85 - 89,323,190
"2440",1992,4,90 - 94,0,0
"2440",1992,4,95+,0,0
"2440",1992,4,UNK,0,0
"2440",1992,5,Total,106,90
"2440",1992,5,0,3,5
"2440",1992,5,1,1,0
"2440",1992,5,2,0,0
"2440",1992,5,3,0,0
"2440",1992,5,4,1,0
"2440",1992,5,5 - 9,1,4
"2440",1992,5,10 - 14,1,0
"2440",1992,5,15 - 19,2,2
"2440",1992,5,20 - 24,1,0
"2440",1992,5,25 - 29,1,2
"2440",1992,5,30 - 34,1,4
"2440",1992,5,35 - 39,1,3
"2440",1992,5,40 - 44,1,5
"2440",1992,5,45 - 49,3,5
"2440",1992,5,50 - 54,0,1
"2440",1992,5,55 - 59,1,3
"2440",1992,5,60 - 64,0,1
"2440",1992,5,65 - 69,3,4
"2440",1992,5,70 - 74,7,5
"2440",1992,5,75 - 79,7,8
"2440",1992,5,80 - 84,16,18
"2440",1992,5,85 - 89,55,18
"2440",1992,5,90 - 94,0,0
"2440",1992,5,95+,0,0
"2440",1992,5,UNK,0,2
"2440",1992,6,Total,20,32
"2440",1992,6,0,0,0
"2440",1992,6,1,0,0
"2440",1992,6,2,0,0
"2440",1992,6,3,0,0
"2440",1992,6,4,0,0
"2440",1992,6,5 - 9,0,0
"2440",1992,6,10 - 14,0,1
"2440",1992,6,15 - 19,0,1
"2440",1992,6,20 - 24,1,0
"2440",1992,6,25 - 29,0,2
"2440",1992,6,30 - 34,1,3
"2440",1992,6,35 - 39,0,3
"2440",1992,6,40 - 44,0,0
"2440",1992,6,45 - 49,0,0
"2440",1992,6,50 - 54,1,2
"2440",1992,6,55 - 59,1,2
"2440",1992,6,60 - 64,1,5
"2440",1992,6,65 - 69,2,3
"2440",1992,6,70 - 74,1,4
"2440",1992,6,75 - 79,4,2
"2440",1992,6,80 - 84,3,3
"2440",1992,6,85 - 89,5,1
"2440",1992,6,90 - 94,0,0
"2440",1992,6,95+,0,0
"2440",1992,6,UNK,0,0
"2440",1992,7,Total,60,106
"2440",1992,7,0,1,7
"2440",1992,7,1,0,1
"2440",1992,7,2,0,2
"2440",1992,7,3,2,0
"2440",1992,7,4,2,2
"2440",1992,7,5 - 9,3,4
"2440",1992,7,10 - 14,3,5
"2440",1992,7,15 - 19,2,1
"2440",1992,7,20 - 24,3,2
"2440",1992,7,25 - 29,1,8
"2440",1992,7,30 - 34,2,7
"2440",1992,7,35 - 39,3,8
"2440",1992,7,40 - 44,1,3
"2440",1992,7,45 - 49,3,6
"2440",1992,7,50 - 54,7,3
"2440",1992,7,55 - 59,0,6
"2440",1992,7,60 - 64,3,3
"2440",1992,7,65 - 69,4,3
"2440",1992,7,70 - 74,4,9
"2440",1992,7,75 - 79,7,17
"2440",1992,7,80 - 84,6,4
"2440",1992,7,85 - 89,3,5
"2440",1992,7,90 - 94,0,0
"2440",1992,7,95+,0,0
"2440",1992,7,UNK,0,0
"2440",1992,8,Total,701,679
"2440",1992,8,0,2,0
"2440",1992,8,1,1,1
"2440",1992,8,2,0,3
"2440",1992,8,3,1,0
"2440",1992,8,4,0,1
"2440",1992,8,5 - 9,2,1
"2440",1992,8,10 - 14,1,1
"2440",1992,8,15 - 19,3,1
"2440",1992,8,20 - 24,9,10
"2440",1992,8,25 - 29,11,22
"2440",1992,8,30 - 34,14,39
"2440",1992,8,35 - 39,11,35
"2440",1992,8,40 - 44,17,31
"2440",1992,8,45 - 49,28,36
"2440",1992,8,50 - 54,52,51
"2440",1992,8,55 - 59,59,66
"2440",1992,8,60 - 64,73,58
"2440",1992,8,65 - 69,103,90
"2440",1992,8,70 - 74,96,96
"2440",1992,8,75 - 79,84,72
"2440",1992,8,80 - 84,70,36
"2440",1992,8,85 - 89,64,29
"2440",1992,8,90 - 94,0,0
"2440",1992,8,95+,0,0
"2440",1992,8,UNK,0,0
"2440",1992,9,Total,121,227
"2440",1992,9,0,3,2
"2440",1992,9,1,2,1
"2440",1992,9,2,1,0
"2440",1992,9,3,0,0
"2440",1992,9,4,0,0
"2440",1992,9,5 - 9,2,1
"2440",1992,9,10 - 14,0,2
"2440",1992,9,15 - 19,0,2
"2440",1992,9,20 - 24,0,2
"2440",1992,9,25 - 29,0,2
"2440",1992,9,30 - 34,0,4
"2440",1992,9,35 - 39,2,10
"2440",1992,9,40 - 44,3,10
"2440",1992,9,45 - 49,6,23
"2440",1992,9,50 - 54,4,14
"2440",1992,9,55 - 59,11,24
"2440",1992,9,60 - 64,10,13
"2440",1992,9,65 - 69,7,33
"2440",1992,9,70 - 74,17,22
"2440",1992,9,75 - 79,23,26
"2440",1992,9,80 - 84,12,22
"2440",1992,9,85 - 89,18,14
"2440",1992,9,90 - 94,0,0
"2440",1992,9,95+,0,0
"2440",1992,9,UNK,0,0
"2440",1992,10,Total,67,157
"2440",1992,10,0,0,0
"2440",1992,10,1,0,0
"2440",1992,10,2,0,0
"2440",1992,10,3,0,0
"2440",1992,10,4,0,0
"2440",1992,10,5 - 9,0,0
"2440",1992,10,10 - 14,1,1
"2440",1992,10,15 - 19,1,0
"2440",1992,10,20 - 24,1,1
"2440",1992,10,25 - 29,1,2
"2440",1992,10,30 - 34,1,2
"2440",1992,10,35 - 39,4,1
"2440",1992,10,40 - 44,3,3
"2440",1992,10,45 - 49,3,4
"2440",1992,10,50 - 54,3,11
"2440",1992,10,55 - 59,5,6
"2440",1992,10,60 - 64,8,15
"2440",1992,10,65 - 69,6,18
"2440",1992,10,70 - 74,0,24
"2440",1992,10,75 - 79,15,19
"2440",1992,10,80 - 84,11,23
"2440",1992,10,85 - 89,4,27
"2440",1992,10,90 - 94,0,0
"2440",1992,10,95+,0,0
"2440",1992,10,UNK,0,0
"2440",1992,11,Total,83,121
"2440",1992,11,0,64,105
"2440",1992,11,1,1,5
"2440",1992,11,2,0,4
"2440",1992,11,3,2,0
"2440",1992,11,4,3,0
"2440",1992,11,5 - 9,2,2
"2440",1992,11,10 - 14,3,0
"2440",1992,11,15 - 19,1,2
"2440",1992,11,20 - 24,2,1
"2440",1992,11,25 - 29,1,0
"2440",1992,11,30 - 34,1,0
"2440",1992,11,35 - 39,0,0
"2440",1992,11,40 - 44,0,0
"2440",1992,11,45 - 49,1,0
"2440",1992,11,50 - 54,1,0
"2440",1992,11,55 - 59,0,1
"2440",1992,11,60 - 64,0,0
"2440",1992,11,65 - 69,0,0
"2440",1992,11,70 - 74,0,0
"2440",1992,11,75 - 79,1,1
"2440",1992,11,80 - 84,0,0
"2440",1992,11,85 - 89,0,0
"2440",1992,11,90 - 94,0,0
"2440",1992,11,95+,0,0
"2440",1992,11,UNK,0,0
"2440",1992,12,Total,228,332
"2440",1992,12,0,12,16
"2440",1992,12,1,3,1
"2440",1992,12,2,2,1
"2440",1992,12,3,0,1
"2440",1992,12,4,1,1
"2440",1992,12,5 - 9,1,3
"2440",1992,12,10 - 14,3,2
"2440",1992,12,15 - 19,2,4
"2440",1992,12,20 - 24,1,6
"2440",1992,12,25 - 29,1,3
"2440",1992,12,30 - 34,3,8
"2440",1992,12,35 - 39,5,10
"2440",1992,12,40 - 44,6,9
"2440",1992,12,45 - 49,6,7
"2440",1992,12,50 - 54,5,8
"2440",1992,12,55 - 59,4,13
"2440",1992,12,60 - 64,7,18
"2440",1992,12,65 - 69,18,33
"2440",1992,12,70 - 74,30,51
"2440",1992,12,75 - 79,30,44
"2440",1992,12,80 - 84,36,40
"2440",1992,12,85 - 89,52,53
"2440",1992,12,90 - 94,0,0
"2440",1992,12,95+,0,0
"2440",1992,12,UNK,0,0
"2440",1992,13,Total,112,417
"2440",1992,13,0,3,7
"2440",1992,13,1,2,1
"2440",1992,13,2,3,6
"2440",1992,13,3,4,3
"2440",1992,13,4,2,3
"2440",1992,13,5 - 9,5,14
"2440",1992,13,10 - 14,4,15
"2440",1992,13,15 - 19,8,34
"2440",1992,13,20 - 24,10,49
"2440",1992,13,25 - 29,7,42
"2440",1992,13,30 - 34,5,37
"2440",1992,13,35 - 39,5,37
"2440",1992,13,40 - 44,10,24
"2440",1992,13,45 - 49,4,26
"2440",1992,13,50 - 54,2,29
"2440",1992,13,55 - 59,4,18
"2440",1992,13,60 - 64,4,13
"2440",1992,13,65 - 69,9,9
"2440",1992,13,70 - 74,5,13
"2440",1992,13,75 - 79,4,21
"2440",1992,13,80 - 84,3,10
"2440",1992,13,85 - 89,9,6
"2440",1992,13,90 - 94,0,0
"2440",1992,13,95+,0,0
"2440",1992,13,UNK,0,0
"2440",1992,14,Total,27,97
"2440",1992,14,0,1,0
"2440",1992,14,1,0,1
"2440",1992,14,2,0,1
"2440",1992,14,3,0,1
"2440",1992,14,4,0,1
"2440",1992,14,5 - 9,0,0
"2440",1992,14,10 - 14,0,1
"2440",1992,14,15 - 19,1,4
"2440",1992,14,20 - 24,3,17
"2440",1992,14,25 - 29,4,10
"2440",1992,14,30 - 34,3,16
"2440",1992,14,35 - 39,3,10
"2440",1992,14,40 - 44,1,11
"2440",1992,14,45 - 49,3,5
"2440",1992,14,50 - 54,1,4
"2440",1992,14,55 - 59,0,1
"2440",1992,14,60 - 64,0,7
"2440",1992,14,65 - 69,1,3
"2440",1992,14,70 - 74,0,1
"2440",1992,14,75 - 79,3,2
"2440",1992,14,80 - 84,2,1
"2440",1992,14,85 - 89,1,0
"2440",1992,14,90 - 94,0,0
"2440",1992,14,95+,0,0
"2440",1992,14,UNK,0,0
"2440",1992,15,Total,99,73
"2440",1992,15,0,2,0
"2440",1992,15,1,0,1
"2440",1992,15,2,0,1
"2440",1992,15,3,0,0
"2440",1992,15,4,0,0
"2440",1992,15,5 - 9,0,2
"2440",1992,15,10 - 14,1,4
"2440",1992,15,15 - 19,5,1
"2440",1992,15,20 - 24,8,1
"2440",1992,15,25 - 29,3,4
"2440",1992,15,30 - 34,7,1
"2440",1992,15,35 - 39,7,0
"2440",1992,15,40 - 44,3,2
"2440",1992,15,45 - 49,1,3
"2440",1992,15,50 - 54,2,6
"2440",1992,15,55 - 59,3,2
"2440",1992,15,60 - 64,3,3
"2440",1992,15,65 - 69,3,7
"2440",1992,15,70 - 74,10,8
"2440",1992,15,75 - 79,7,9
"2440",1992,15,80 - 84,9,10
"2440",1992,15,85 - 89,25,7
"2440",1992,15,90 - 94,0,0
"2440",1992,15,95+,0,0
"2440",1992,15,UNK,0,1
"2440",1993,1,Total,4047,4760
"2440",1993,1,0,112,146
"2440",1993,1,1,14,12
"2440",1993,1,2,9,14
"2440",1993,1,3,14,16
"2440",1993,1,4,6,8
"2440",1993,1,5 - 9,22,26
"2440",1993,1,10 - 14,22,30
"2440",1993,1,15 - 19,32,66
"2440",1993,1,20 - 24,48,106
"2440",1993,1,25 - 29,46,141
"2440",1993,1,30 - 34,81,172
"2440",1993,1,35 - 39,98,164
"2440",1993,1,40 - 44,101,162
"2440",1993,1,45 - 49,150,250
"2440",1993,1,50 - 54,187,251
"2440",1993,1,55 - 59,254,345
"2440",1993,1,60 - 64,331,380
"2440",1993,1,65 - 69,399,464
"2440",1993,1,70 - 74,457,575
"2440",1993,1,75 - 79,501,541
"2440",1993,1,80 - 84,516,478
"2440",1993,1,85 - 89,646,413
"2440",1993,1,90 - 94,0,0
"2440",1993,1,95+,0,0
"2440",1993,1,UNK,1,0
"2440",1993,2,Total,75,105
"2440",1993,2,0,2,5
"2440",1993,2,1,0,2
"2440",1993,2,2,1,1
"2440",1993,2,3,2,1
"2440",1993,2,4,0,0
"2440",1993,2,5 - 9,3,2
"2440",1993,2,10 - 14,0,2
"2440",1993,2,15 - 19,1,3
"2440",1993,2,20 - 24,1,2
"2440",1993,2,25 - 29,4,3
"2440",1993,2,30 - 34,4,5
"2440",1993,2,35 - 39,3,4
"2440",1993,2,40 - 44,1,7
"2440",1993,2,45 - 49,2,4
"2440",1993,2,50 - 54,5,7
"2440",1993,2,55 - 59,5,8
"2440",1993,2,60 - 64,2,7
"2440",1993,2,65 - 69,5,3
"2440",1993,2,70 - 74,5,13
"2440",1993,2,75 - 79,7,6
"2440",1993,2,80 - 84,9,9
"2440",1993,2,85 - 89,13,11
"2440",1993,2,90 - 94,0,0
"2440",1993,2,95+,0,0
"2440",1993,2,UNK,0,0
"2440",1993,3,Total,572,535
"2440",1993,3,0,3,0
"2440",1993,3,1,1,0
"2440",1993,3,2,1,1
"2440",1993,3,3,1,0
"2440",1993,3,4,3,2
"2440",1993,3,5 - 9,3,0
"2440",1993,3,10 - 14,0,7
"2440",1993,3,15 - 19,4,4
"2440",1993,3,20 - 24,7,1
"2440",1993,3,25 - 29,9,6
"2440",1993,3,30 - 34,10,6
"2440",1993,3,35 - 39,20,7
"2440",1993,3,40 - 44,24,12
"2440",1993,3,45 - 49,38,27
"2440",1993,3,50 - 54,42,28
"2440",1993,3,55 - 59,58,45
"2440",1993,3,60 - 64,51,56
"2440",1993,3,65 - 69,62,75
"2440",1993,3,70 - 74,70,84
"2440",1993,3,75 - 79,68,80
"2440",1993,3,80 - 84,45,54
"2440",1993,3,85 - 89,51,40
"2440",1993,3,90 - 94,0,0
"2440",1993,3,95+,0,0
"2440",1993,3,UNK,1,0
"2440",1993,4,Total,1660,1721
"2440",1993,4,0,2,0
"2440",1993,4,1,1,1
"2440",1993,4,2,0,0
"2440",1993,4,3,2,1
"2440",1993,4,4,0,0
"2440",1993,4,5 - 9,2,0
"2440",1993,4,10 - 14,2,3
"2440",1993,4,15 - 19,1,2
"2440",1993,4,20 - 24,5,2
"2440",1993,4,25 - 29,5,6
"2440",1993,4,30 - 34,11,20
"2440",1993,4,35 - 39,19,13
"2440",1993,4,40 - 44,22,32
"2440",1993,4,45 - 49,44,70
"2440",1993,4,50 - 54,55,89
"2440",1993,4,55 - 59,93,142
"2440",1993,4,60 - 64,134,178
"2440",1993,4,65 - 69,186,216
"2440",1993,4,70 - 74,227,281
"2440",1993,4,75 - 79,251,259
"2440",1993,4,80 - 84,266,222
"2440",1993,4,85 - 89,332,184
"2440",1993,4,90 - 94,0,0
"2440",1993,4,95+,0,0
"2440",1993,4,UNK,0,0
"2440",1993,5,Total,92,82
"2440",1993,5,0,1,3
"2440",1993,5,1,1,0
"2440",1993,5,2,0,0
"2440",1993,5,3,0,1
"2440",1993,5,4,0,1
"2440",1993,5,5 - 9,0,0
"2440",1993,5,10 - 14,1,0
"2440",1993,5,15 - 19,0,0
"2440",1993,5,20 - 24,1,1
"2440",1993,5,25 - 29,0,4
"2440",1993,5,30 - 34,4,2
"2440",1993,5,35 - 39,0,3
"2440",1993,5,40 - 44,1,5
"2440",1993,5,45 - 49,0,3
"2440",1993,5,50 - 54,3,3
"2440",1993,5,55 - 59,2,4
"2440",1993,5,60 - 64,1,0
"2440",1993,5,65 - 69,0,2
"2440",1993,5,70 - 74,6,4
"2440",1993,5,75 - 79,9,4
"2440",1993,5,80 - 84,14,23
"2440",1993,5,85 - 89,48,19
"2440",1993,5,90 - 94,0,0
"2440",1993,5,95+,0,0
"2440",1993,5,UNK,0,0
"2440",1993,6,Total,30,29
"2440",1993,6,0,0,0
"2440",1993,6,1,0,0
"2440",1993,6,2,0,0
"2440",1993,6,3,0,1
"2440",1993,6,4,0,0
"2440",1993,6,5 - 9,0,0
"2440",1993,6,10 - 14,1,0
"2440",1993,6,15 - 19,0,0
"2440",1993,6,20 - 24,0,0
"2440",1993,6,25 - 29,1,1
"2440",1993,6,30 - 34,0,1
"2440",1993,6,35 - 39,0,2
"2440",1993,6,40 - 44,4,3
"2440",1993,6,45 - 49,1,3
"2440",1993,6,50 - 54,1,1
"2440",1993,6,55 - 59,1,0
"2440",1993,6,60 - 64,1,2
"2440",1993,6,65 - 69,2,7
"2440",1993,6,70 - 74,3,1
"2440",1993,6,75 - 79,2,3
"2440",1993,6,80 - 84,3,0
"2440",1993,6,85 - 89,10,4
"2440",1993,6,90 - 94,0,0
"2440",1993,6,95+,0,0
"2440",1993,6,UNK,0,0
"2440",1993,7,Total,78,131
"2440",1993,7,0,1,1
"2440",1993,7,1,2,0
"2440",1993,7,2,1,1
"2440",1993,7,3,4,2
"2440",1993,7,4,1,2
"2440",1993,7,5 - 9,3,2
"2440",1993,7,10 - 14,3,4
"2440",1993,7,15 - 19,2,10
"2440",1993,7,20 - 24,4,3
"2440",1993,7,25 - 29,3,8
"2440",1993,7,30 - 34,5,8
"2440",1993,7,35 - 39,3,8
"2440",1993,7,40 - 44,2,5
"2440",1993,7,45 - 49,1,11
"2440",1993,7,50 - 54,3,7
"2440",1993,7,55 - 59,2,7
"2440",1993,7,60 - 64,5,6
"2440",1993,7,65 - 69,3,9
"2440",1993,7,70 - 74,14,7
"2440",1993,7,75 - 79,5,12
"2440",1993,7,80 - 84,5,11
"2440",1993,7,85 - 89,6,7
"2440",1993,7,90 - 94,0,0
"2440",1993,7,95+,0,0
"2440",1993,7,UNK,0,0
"2440",1993,8,Total,697,702
"2440",1993,8,0,8,4
"2440",1993,8,1,0,1
"2440",1993,8,2,1,2
"2440",1993,8,3,3,0
"2440",1993,8,4,0,1
"2440",1993,8,5 - 9,1,1
"2440",1993,8,10 - 14,0,0
"2440",1993,8,15 - 19,2,0
"2440",1993,8,20 - 24,8,10
"2440",1993,8,25 - 29,6,34
"2440",1993,8,30 - 34,16,30
"2440",1993,8,35 - 39,12,42
"2440",1993,8,40 - 44,18,40
"2440",1993,8,45 - 49,31,47
"2440",1993,8,50 - 54,46,56
"2440",1993,8,55 - 59,65,64
"2440",1993,8,60 - 64,85,72
"2440",1993,8,65 - 69,96,66
"2440",1993,8,70 - 74,76,81
"2440",1993,8,75 - 79,87,66
"2440",1993,8,80 - 84,72,48
"2440",1993,8,85 - 89,64,37
"2440",1993,8,90 - 94,0,0
"2440",1993,8,95+,0,0
"2440",1993,8,UNK,0,0
"2440",1993,9,Total,132,214
"2440",1993,9,0,2,1
"2440",1993,9,1,0,0
"2440",1993,9,2,0,2
"2440",1993,9,3,0,0
"2440",1993,9,4,0,0
"2440",1993,9,5 - 9,0,3
"2440",1993,9,10 - 14,1,0
"2440",1993,9,15 - 19,1,1
"2440",1993,9,20 - 24,2,1
"2440",1993,9,25 - 29,0,2
"2440",1993,9,30 - 34,3,9
"2440",1993,9,35 - 39,1,8
"2440",1993,9,40 - 44,5,8
"2440",1993,9,45 - 49,8,13
"2440",1993,9,50 - 54,4,18
"2440",1993,9,55 - 59,4,23
"2440",1993,9,60 - 64,11,18
"2440",1993,9,65 - 69,12,19
"2440",1993,9,70 - 74,17,32
"2440",1993,9,75 - 79,14,24
"2440",1993,9,80 - 84,22,20
"2440",1993,9,85 - 89,25,12
"2440",1993,9,90 - 94,0,0
"2440",1993,9,95+,0,0
"2440",1993,9,UNK,0,0
"2440",1993,10,Total,93,139
"2440",1993,10,0,1,1
"2440",1993,10,1,0,0
"2440",1993,10,2,1,0
"2440",1993,10,3,0,0
"2440",1993,10,4,0,0
"2440",1993,10,5 - 9,0,0
"2440",1993,10,10 - 14,0,0
"2440",1993,10,15 - 19,1,3
"2440",1993,10,20 - 24,3,3
"2440",1993,10,25 - 29,1,1
"2440",1993,10,30 - 34,3,4
"2440",1993,10,35 - 39,6,2
"2440",1993,10,40 - 44,6,3
"2440",1993,10,45 - 49,3,12
"2440",1993,10,50 - 54,6,2
"2440",1993,10,55 - 59,4,6
"2440",1993,10,60 - 64,12,8
"2440",1993,10,65 - 69,14,12
"2440",1993,10,70 - 74,5,13
"2440",1993,10,75 - 79,6,23
"2440",1993,10,80 - 84,9,21
"2440",1993,10,85 - 89,12,25
"2440",1993,10,90 - 94,0,0
"2440",1993,10,95+,0,0
"2440",1993,10,UNK,0,0
"2440",1993,11,Total,97,137
"2440",1993,11,0,77,112
"2440",1993,11,1,5,1
"2440",1993,11,2,0,1
"2440",1993,11,3,0,3
"2440",1993,11,4,0,2
"2440",1993,11,5 - 9,1,4
"2440",1993,11,10 - 14,0,1
"2440",1993,11,15 - 19,2,1
"2440",1993,11,20 - 24,1,0
"2440",1993,11,25 - 29,2,1
"2440",1993,11,30 - 34,1,0
"2440",1993,11,35 - 39,3,2
"2440",1993,11,40 - 44,1,2
"2440",1993,11,45 - 49,0,1
"2440",1993,11,50 - 54,0,2
"2440",1993,11,55 - 59,0,0
"2440",1993,11,60 - 64,2,1
"2440",1993,11,65 - 69,0,0
"2440",1993,11,70 - 74,0,1
"2440",1993,11,75 - 79,1,1
"2440",1993,11,80 - 84,1,1
"2440",1993,11,85 - 89,0,0
"2440",1993,11,90 - 94,0,0
"2440",1993,11,95+,0,0
"2440",1993,11,UNK,0,0
"2440",1993,12,Total,244,353
"2440",1993,12,0,10,13
"2440",1993,12,1,3,2
"2440",1993,12,2,1,4
"2440",1993,12,3,1,2
"2440",1993,12,4,0,0
"2440",1993,12,5 - 9,3,4
"2440",1993,12,10 - 14,2,2
"2440",1993,12,15 - 19,3,4
"2440",1993,12,20 - 24,0,6
"2440",1993,12,25 - 29,0,5
"2440",1993,12,30 - 34,3,11
"2440",1993,12,35 - 39,8,10
"2440",1993,12,40 - 44,5,10
"2440",1993,12,45 - 49,7,19
"2440",1993,12,50 - 54,11,7
"2440",1993,12,55 - 59,7,19
"2440",1993,12,60 - 64,15,16
"2440",1993,12,65 - 69,12,35
"2440",1993,12,70 - 74,20,37
"2440",1993,12,75 - 79,35,43
"2440",1993,12,80 - 84,45,49
"2440",1993,12,85 - 89,53,55
"2440",1993,12,90 - 94,0,0
"2440",1993,12,95+,0,0
"2440",1993,12,UNK,0,0
"2440",1993,13,Total,127,454
"2440",1993,13,0,5,5
"2440",1993,13,1,1,4
"2440",1993,13,2,2,1
"2440",1993,13,3,1,4
"2440",1993,13,4,1,0
"2440",1993,13,5 - 9,2,7
"2440",1993,13,10 - 14,7,11
"2440",1993,13,15 - 19,8,32
"2440",1993,13,20 - 24,11,57
"2440",1993,13,25 - 29,8,51
"2440",1993,13,30 - 34,9,59
"2440",1993,13,35 - 39,10,47
"2440",1993,13,40 - 44,5,32
"2440",1993,13,45 - 49,12,34
"2440",1993,13,50 - 54,6,30
"2440",1993,13,55 - 59,4,20
"2440",1993,13,60 - 64,5,13
"2440",1993,13,65 - 69,4,12
"2440",1993,13,70 - 74,5,12
"2440",1993,13,75 - 79,6,9
"2440",1993,13,80 - 84,6,7
"2440",1993,13,85 - 89,9,7
"2440",1993,13,90 - 94,0,0
"2440",1993,13,95+,0,0
"2440",1993,13,UNK,0,0
"2440",1993,14,Total,30,92
"2440",1993,14,0,0,0
"2440",1993,14,1,0,0
"2440",1993,14,2,1,1
"2440",1993,14,3,0,1
"2440",1993,14,4,1,0
"2440",1993,14,5 - 9,3,2
"2440",1993,14,10 - 14,2,0
"2440",1993,14,15 - 19,2,4
"2440",1993,14,20 - 24,1,17
"2440",1993,14,25 - 29,3,19
"2440",1993,14,30 - 34,4,16
"2440",1993,14,35 - 39,3,14
"2440",1993,14,40 - 44,1,2
"2440",1993,14,45 - 49,1,6
"2440",1993,14,50 - 54,2,0
"2440",1993,14,55 - 59,0,3
"2440",1993,14,60 - 64,2,1
"2440",1993,14,65 - 69,3,3
"2440",1993,14,70 - 74,0,0
"2440",1993,14,75 - 79,1,1
"2440",1993,14,80 - 84,0,0
"2440",1993,14,85 - 89,0,2
"2440",1993,14,90 - 94,0,0
"2440",1993,14,95+,0,0
"2440",1993,14,UNK,0,0
"2440",1993,15,Total,120,66
"2440",1993,15,0,0,1
"2440",1993,15,1,0,1
"2440",1993,15,2,0,0
"2440",1993,15,3,0,0
"2440",1993,15,4,0,0
"2440",1993,15,5 - 9,1,1
"2440",1993,15,10 - 14,3,0
"2440",1993,15,15 - 19,5,2
"2440",1993,15,20 - 24,4,3
"2440",1993,15,25 - 29,4,0
"2440",1993,15,30 - 34,8,1
"2440",1993,15,35 - 39,10,2
"2440",1993,15,40 - 44,6,1
"2440",1993,15,45 - 49,2,0
"2440",1993,15,50 - 54,3,1
"2440",1993,15,55 - 59,9,4
"2440",1993,15,60 - 64,5,2
"2440",1993,15,65 - 69,0,5
"2440",1993,15,70 - 74,9,9
"2440",1993,15,75 - 79,9,10
"2440",1993,15,80 - 84,19,13
"2440",1993,15,85 - 89,23,10
"2440",1993,15,90 - 94,0,0
"2440",1993,15,95+,0,0
"2440",1993,15,UNK,0,0
"2440",1994,1,Total,4146,5118
"2440",1994,1,0,115,157
"2440",1994,1,1,11,13
"2440",1994,1,2,10,8
"2440",1994,1,3,1,6
"2440",1994,1,4,8,3
"2440",1994,1,5 - 9,21,25
"2440",1994,1,10 - 14,25,24
"2440",1994,1,15 - 19,49,57
"2440",1994,1,20 - 24,47,87
"2440",1994,1,25 - 29,70,131
"2440",1994,1,30 - 34,96,174
"2440",1994,1,35 - 39,103,157
"2440",1994,1,40 - 44,129,205
"2440",1994,1,45 - 49,152,229
"2440",1994,1,50 - 54,195,309
"2440",1994,1,55 - 59,246,356
"2440",1994,1,60 - 64,334,430
"2440",1994,1,65 - 69,357,503
"2440",1994,1,70 - 74,465,634
"2440",1994,1,75 - 79,487,604
"2440",1994,1,80 - 84,551,537
"2440",1994,1,85 - 89,674,466
"2440",1994,1,90 - 94,0,0
"2440",1994,1,95+,0,0
"2440",1994,1,UNK,0,3
"2440",1994,2,Total,56,90
"2440",1994,2,0,2,7
"2440",1994,2,1,2,1
"2440",1994,2,2,0,2
"2440",1994,2,3,0,0
"2440",1994,2,4,0,1
"2440",1994,2,5 - 9,1,0
"2440",1994,2,10 - 14,1,1
"2440",1994,2,15 - 19,2,4
"2440",1994,2,20 - 24,0,2
"2440",1994,2,25 - 29,2,5
"2440",1994,2,30 - 34,3,4
"2440",1994,2,35 - 39,2,9
"2440",1994,2,40 - 44,2,6
"2440",1994,2,45 - 49,0,2
"2440",1994,2,50 - 54,6,5
"2440",1994,2,55 - 59,5,1
"2440",1994,2,60 - 64,4,6
"2440",1994,2,65 - 69,3,5
"2440",1994,2,70 - 74,3,6
"2440",1994,2,75 - 79,6,9
"2440",1994,2,80 - 84,5,7
"2440",1994,2,85 - 89,7,7
"2440",1994,2,90 - 94,0,0
"2440",1994,2,95+,0,0
"2440",1994,2,UNK,0,0
"2440",1994,3,Total,577,641
"2440",1994,3,0,2,2
"2440",1994,3,1,2,0
"2440",1994,3,2,1,0
"2440",1994,3,3,0,3
"2440",1994,3,4,3,0
"2440",1994,3,5 - 9,1,7
"2440",1994,3,10 - 14,4,0
"2440",1994,3,15 - 19,3,3
"2440",1994,3,20 - 24,7,6
"2440",1994,3,25 - 29,8,6
"2440",1994,3,30 - 34,16,5
"2440",1994,3,35 - 39,20,16
"2440",1994,3,40 - 44,31,20
"2440",1994,3,45 - 49,45,23
"2440",1994,3,50 - 54,44,32
"2440",1994,3,55 - 59,51,50
"2440",1994,3,60 - 64,50,54
"2440",1994,3,65 - 69,47,74
"2440",1994,3,70 - 74,80,103
"2440",1994,3,75 - 79,64,106
"2440",1994,3,80 - 84,49,83
"2440",1994,3,85 - 89,49,48
"2440",1994,3,90 - 94,0,0
"2440",1994,3,95+,0,0
"2440",1994,3,UNK,0,0
"2440",1994,4,Total,1722,1879
"2440",1994,4,0,0,0
"2440",1994,4,1,0,1
"2440",1994,4,2,1,1
"2440",1994,4,3,0,0
"2440",1994,4,4,0,0
"2440",1994,4,5 - 9,4,0
"2440",1994,4,10 - 14,2,3
"2440",1994,4,15 - 19,4,1
"2440",1994,4,20 - 24,7,0
"2440",1994,4,25 - 29,6,9
"2440",1994,4,30 - 34,11,17
"2440",1994,4,35 - 39,22,21
"2440",1994,4,40 - 44,40,45
"2440",1994,4,45 - 49,49,79
"2440",1994,4,50 - 54,65,108
"2440",1994,4,55 - 59,101,135
"2440",1994,4,60 - 64,150,200
"2440",1994,4,65 - 69,161,241
"2440",1994,4,70 - 74,225,295
"2440",1994,4,75 - 79,237,250
"2440",1994,4,80 - 84,293,261
"2440",1994,4,85 - 89,344,212
"2440",1994,4,90 - 94,0,0
"2440",1994,4,95+,0,0
"2440",1994,4,UNK,0,0
"2440",1994,5,Total,106,92
"2440",1994,5,0,4,2
"2440",1994,5,1,0,0
"2440",1994,5,2,0,0
"2440",1994,5,3,0,0
"2440",1994,5,4,0,0
"2440",1994,5,5 - 9,0,0
"2440",1994,5,10 - 14,2,0
"2440",1994,5,15 - 19,2,1
"2440",1994,5,20 - 24,0,1
"2440",1994,5,25 - 29,1,1
"2440",1994,5,30 - 34,1,6
"2440",1994,5,35 - 39,2,4
"2440",1994,5,40 - 44,0,9
"2440",1994,5,45 - 49,0,2
"2440",1994,5,50 - 54,0,4
"2440",1994,5,55 - 59,0,1
"2440",1994,5,60 - 64,2,4
"2440",1994,5,65 - 69,0,1
"2440",1994,5,70 - 74,7,9
"2440",1994,5,75 - 79,7,12
"2440",1994,5,80 - 84,19,3
"2440",1994,5,85 - 89,59,31
"2440",1994,5,90 - 94,0,0
"2440",1994,5,95+,0,0
"2440",1994,5,UNK,0,1
"2440",1994,6,Total,32,25
"2440",1994,6,0,0,0
"2440",1994,6,1,0,0
"2440",1994,6,2,0,0
"2440",1994,6,3,0,0
"2440",1994,6,4,0,0
"2440",1994,6,5 - 9,1,1
"2440",1994,6,10 - 14,0,0
"2440",1994,6,15 - 19,2,0
"2440",1994,6,20 - 24,1,1
"2440",1994,6,25 - 29,0,0
"2440",1994,6,30 - 34,2,0
"2440",1994,6,35 - 39,1,1
"2440",1994,6,40 - 44,0,4
"2440",1994,6,45 - 49,0,0
"2440",1994,6,50 - 54,0,2
"2440",1994,6,55 - 59,1,1
"2440",1994,6,60 - 64,1,1
"2440",1994,6,65 - 69,1,2
"2440",1994,6,70 - 74,3,3
"2440",1994,6,75 - 79,5,3
"2440",1994,6,80 - 84,7,4
"2440",1994,6,85 - 89,7,2
"2440",1994,6,90 - 94,0,0
"2440",1994,6,95+,0,0
"2440",1994,6,UNK,0,0
"2440",1994,7,Total,74,111
"2440",1994,7,0,0,2
"2440",1994,7,1,0,0
"2440",1994,7,2,2,2
"2440",1994,7,3,0,1
"2440",1994,7,4,0,0
"2440",1994,7,5 - 9,4,3
"2440",1994,7,10 - 14,2,1
"2440",1994,7,15 - 19,4,5
"2440",1994,7,20 - 24,2,3
"2440",1994,7,25 - 29,5,5
"2440",1994,7,30 - 34,5,8
"2440",1994,7,35 - 39,4,4
"2440",1994,7,40 - 44,4,5
"2440",1994,7,45 - 49,5,7
"2440",1994,7,50 - 54,0,8
"2440",1994,7,55 - 59,1,4
"2440",1994,7,60 - 64,1,7
"2440",1994,7,65 - 69,3,8
"2440",1994,7,70 - 74,2,14
"2440",1994,7,75 - 79,7,7
"2440",1994,7,80 - 84,12,9
"2440",1994,7,85 - 89,11,8
"2440",1994,7,90 - 94,0,0
"2440",1994,7,95+,0,0
"2440",1994,7,UNK,0,0
"2440",1994,8,Total,713,816
"2440",1994,8,0,1,5
"2440",1994,8,1,2,1
"2440",1994,8,2,2,0
"2440",1994,8,3,0,0
"2440",1994,8,4,0,0
"2440",1994,8,5 - 9,1,2
"2440",1994,8,10 - 14,2,1
"2440",1994,8,15 - 19,4,2
"2440",1994,8,20 - 24,8,11
"2440",1994,8,25 - 29,7,25
"2440",1994,8,30 - 34,20,44
"2440",1994,8,35 - 39,20,42
"2440",1994,8,40 - 44,15,45
"2440",1994,8,45 - 49,23,30
"2440",1994,8,50 - 54,53,72
"2440",1994,8,55 - 59,55,87
"2440",1994,8,60 - 64,80,82
"2440",1994,8,65 - 69,97,89
"2440",1994,8,70 - 74,89,90
"2440",1994,8,75 - 79,94,85
"2440",1994,8,80 - 84,75,55
"2440",1994,8,85 - 89,65,48
"2440",1994,8,90 - 94,0,0
"2440",1994,8,95+,0,0
"2440",1994,8,UNK,0,0
"2440",1994,9,Total,123,236
"2440",1994,9,0,2,2
"2440",1994,9,1,0,0
"2440",1994,9,2,1,1
"2440",1994,9,3,1,0
"2440",1994,9,4,0,1
"2440",1994,9,5 - 9,1,0
"2440",1994,9,10 - 14,0,1
"2440",1994,9,15 - 19,1,2
"2440",1994,9,20 - 24,0,0
"2440",1994,9,25 - 29,0,5
"2440",1994,9,30 - 34,2,5
"2440",1994,9,35 - 39,7,9
"2440",1994,9,40 - 44,5,14
"2440",1994,9,45 - 49,2,20
"2440",1994,9,50 - 54,7,23
"2440",1994,9,55 - 59,7,29
"2440",1994,9,60 - 64,9,17
"2440",1994,9,65 - 69,9,23
"2440",1994,9,70 - 74,19,28
"2440",1994,9,75 - 79,17,24
"2440",1994,9,80 - 84,18,21
"2440",1994,9,85 - 89,15,11
"2440",1994,9,90 - 94,0,0
"2440",1994,9,95+,0,0
"2440",1994,9,UNK,0,0
"2440",1994,10,Total,79,142
"2440",1994,10,0,0,0
"2440",1994,10,1,0,0
"2440",1994,10,2,0,0
"2440",1994,10,3,0,0
"2440",1994,10,4,1,0
"2440",1994,10,5 - 9,0,0
"2440",1994,10,10 - 14,0,0
"2440",1994,10,15 - 19,2,2
"2440",1994,10,20 - 24,0,3
"2440",1994,10,25 - 29,6,1
"2440",1994,10,30 - 34,7,6
"2440",1994,10,35 - 39,1,4
"2440",1994,10,40 - 44,4,6
"2440",1994,10,45 - 49,1,6
"2440",1994,10,50 - 54,5,4
"2440",1994,10,55 - 59,9,9
"2440",1994,10,60 - 64,9,8
"2440",1994,10,65 - 69,6,10
"2440",1994,10,70 - 74,6,13
"2440",1994,10,75 - 79,8,29
"2440",1994,10,80 - 84,5,23
"2440",1994,10,85 - 89,9,18
"2440",1994,10,90 - 94,0,0
"2440",1994,10,95+,0,0
"2440",1994,10,UNK,0,0
"2440",1994,11,Total,107,143
"2440",1994,11,0,88,126
"2440",1994,11,1,2,2
"2440",1994,11,2,2,0
"2440",1994,11,3,0,0
"2440",1994,11,4,2,1
"2440",1994,11,5 - 9,1,3
"2440",1994,11,10 - 14,1,1
"2440",1994,11,15 - 19,2,1
"2440",1994,11,20 - 24,2,0
"2440",1994,11,25 - 29,0,0
"2440",1994,11,30 - 34,2,1
"2440",1994,11,35 - 39,1,1
"2440",1994,11,40 - 44,2,2
"2440",1994,11,45 - 49,1,0
"2440",1994,11,50 - 54,0,2
"2440",1994,11,55 - 59,0,1
"2440",1994,11,60 - 64,0,1
"2440",1994,11,65 - 69,0,0
"2440",1994,11,70 - 74,0,0
"2440",1994,11,75 - 79,0,1
"2440",1994,11,80 - 84,0,0
"2440",1994,11,85 - 89,1,0
"2440",1994,11,90 - 94,0,0
"2440",1994,11,95+,0,0
"2440",1994,11,UNK,0,0
"2440",1994,12,Total,257,359
"2440",1994,12,0,11,10
"2440",1994,12,1,0,3
"2440",1994,12,2,1,1
"2440",1994,12,3,0,1
"2440",1994,12,4,1,0
"2440",1994,12,5 - 9,1,1
"2440",1994,12,10 - 14,5,3
"2440",1994,12,15 - 19,1,0
"2440",1994,12,20 - 24,0,0
"2440",1994,12,25 - 29,2,9
"2440",1994,12,30 - 34,8,8
"2440",1994,12,35 - 39,4,10
"2440",1994,12,40 - 44,9,11
"2440",1994,12,45 - 49,8,19
"2440",1994,12,50 - 54,8,11
"2440",1994,12,55 - 59,12,10
"2440",1994,12,60 - 64,15,25
"2440",1994,12,65 - 69,22,32
"2440",1994,12,70 - 74,19,46
"2440",1994,12,75 - 79,28,53
"2440",1994,12,80 - 84,38,50
"2440",1994,12,85 - 89,64,56
"2440",1994,12,90 - 94,0,0
"2440",1994,12,95+,0,0
"2440",1994,12,UNK,0,0
"2440",1994,13,Total,121,397
"2440",1994,13,0,4,1
"2440",1994,13,1,3,4
"2440",1994,13,2,0,1
"2440",1994,13,3,0,1
"2440",1994,13,4,0,0
"2440",1994,13,5 - 9,6,7
"2440",1994,13,10 - 14,4,12
"2440",1994,13,15 - 19,11,28
"2440",1994,13,20 - 24,9,43
"2440",1994,13,25 - 29,18,45
"2440",1994,13,30 - 34,6,49
"2440",1994,13,35 - 39,7,27
"2440",1994,13,40 - 44,6,27
"2440",1994,13,45 - 49,4,30
"2440",1994,13,50 - 54,3,27
"2440",1994,13,55 - 59,2,16
"2440",1994,13,60 - 64,5,20
"2440",1994,13,65 - 69,4,9
"2440",1994,13,70 - 74,5,15
"2440",1994,13,75 - 79,1,11
"2440",1994,13,80 - 84,8,11
"2440",1994,13,85 - 89,15,11
"2440",1994,13,90 - 94,0,0
"2440",1994,13,95+,0,0
"2440",1994,13,UNK,0,2
"2440",1994,14,Total,38,108
"2440",1994,14,0,1,0
"2440",1994,14,1,0,0
"2440",1994,14,2,0,0
"2440",1994,14,3,0,0
"2440",1994,14,4,1,0
"2440",1994,14,5 - 9,0,1
"2440",1994,14,10 - 14,0,1
"2440",1994,14,15 - 19,5,6
"2440",1994,14,20 - 24,6,14
"2440",1994,14,25 - 29,4,19
"2440",1994,14,30 - 34,5,20
"2440",1994,14,35 - 39,4,9
"2440",1994,14,40 - 44,2,6
"2440",1994,14,45 - 49,5,11
"2440",1994,14,50 - 54,0,6
"2440",1994,14,55 - 59,0,6
"2440",1994,14,60 - 64,1,3
"2440",1994,14,65 - 69,2,2
"2440",1994,14,70 - 74,0,2
"2440",1994,14,75 - 79,1,1
"2440",1994,14,80 - 84,0,0
"2440",1994,14,85 - 89,1,1
"2440",1994,14,90 - 94,0,0
"2440",1994,14,95+,0,0
"2440",1994,14,UNK,0,0
"2440",1994,15,Total,141,79
"2440",1994,15,0,0,0
"2440",1994,15,1,0,1
"2440",1994,15,2,0,0
"2440",1994,15,3,0,0
"2440",1994,15,4,0,0
"2440",1994,15,5 - 9,0,0
"2440",1994,15,10 - 14,2,0
"2440",1994,15,15 - 19,6,2
"2440",1994,15,20 - 24,5,3
"2440",1994,15,25 - 29,11,1
"2440",1994,15,30 - 34,8,1
"2440",1994,15,35 - 39,8,0
"2440",1994,15,40 - 44,9,5
"2440",1994,15,45 - 49,9,0
"2440",1994,15,50 - 54,4,5
"2440",1994,15,55 - 59,2,6
"2440",1994,15,60 - 64,7,2
"2440",1994,15,65 - 69,2,7
"2440",1994,15,70 - 74,7,10
"2440",1994,15,75 - 79,12,13
"2440",1994,15,80 - 84,22,10
"2440",1994,15,85 - 89,27,13
"2440",1994,15,90 - 94,0,0
"2440",1994,15,95+,0,0
"2440",1994,15,UNK,0,0
"2440",1995,1,Total,4142,4900
"2440",1995,1,0,153,177
"2440",1995,1,1,14,12
"2440",1995,1,2,10,7
"2440",1995,1,3,8,3
"2440",1995,1,4,10,8
"2440",1995,1,5 - 9,27,28
"2440",1995,1,10 - 14,24,35
"2440",1995,1,15 - 19,39,65
"2440",1995,1,20 - 24,53,93
"2440",1995,1,25 - 29,66,130
"2440",1995,1,30 - 34,74,186
"2440",1995,1,35 - 39,105,169
"2440",1995,1,40 - 44,127,170
"2440",1995,1,45 - 49,160,250
"2440",1995,1,50 - 54,239,255
"2440",1995,1,55 - 59,246,307
"2440",1995,1,60 - 64,310,396
"2440",1995,1,65 - 69,386,478
"2440",1995,1,70 - 74,466,578
"2440",1995,1,75 - 79,461,577
"2440",1995,1,80 - 84,479,527
"2440",1995,1,85 - 89,678,447
"2440",1995,1,90 - 94,0,0
"2440",1995,1,95+,0,0
"2440",1995,1,UNK,7,2
"2440",1995,2,Total,67,110
"2440",1995,2,0,2,3
"2440",1995,2,1,0,0
"2440",1995,2,2,0,1
"2440",1995,2,3,0,0
"2440",1995,2,4,1,1
"2440",1995,2,5 - 9,2,2
"2440",1995,2,10 - 14,1,2
"2440",1995,2,15 - 19,1,4
"2440",1995,2,20 - 24,3,1
"2440",1995,2,25 - 29,3,5
"2440",1995,2,30 - 34,2,8
"2440",1995,2,35 - 39,1,5
"2440",1995,2,40 - 44,3,11
"2440",1995,2,45 - 49,3,5
"2440",1995,2,50 - 54,0,8
"2440",1995,2,55 - 59,2,5
"2440",1995,2,60 - 64,0,8
"2440",1995,2,65 - 69,4,3
"2440",1995,2,70 - 74,5,8
"2440",1995,2,75 - 79,8,13
"2440",1995,2,80 - 84,8,7
"2440",1995,2,85 - 89,17,10
"2440",1995,2,90 - 94,0,0
"2440",1995,2,95+,0,0
"2440",1995,2,UNK,1,0
"2440",1995,3,Total,599,667
"2440",1995,3,0,1,1
"2440",1995,3,1,1,1
"2440",1995,3,2,1,1
"2440",1995,3,3,1,0
"2440",1995,3,4,2,1
"2440",1995,3,5 - 9,4,4
"2440",1995,3,10 - 14,3,4
"2440",1995,3,15 - 19,4,3
"2440",1995,3,20 - 24,7,4
"2440",1995,3,25 - 29,6,9
"2440",1995,3,30 - 34,11,12
"2440",1995,3,35 - 39,28,17
"2440",1995,3,40 - 44,33,13
"2440",1995,3,45 - 49,40,35
"2440",1995,3,50 - 54,48,24
"2440",1995,3,55 - 59,57,33
"2440",1995,3,60 - 64,61,52
"2440",1995,3,65 - 69,53,91
"2440",1995,3,70 - 74,74,103
"2440",1995,3,75 - 79,56,107
"2440",1995,3,80 - 84,56,101
"2440",1995,3,85 - 89,52,50
"2440",1995,3,90 - 94,0,0
"2440",1995,3,95+,0,0
"2440",1995,3,UNK,0,1
"2440",1995,4,Total,1684,1710
"2440",1995,4,0,3,2
"2440",1995,4,1,2,1
"2440",1995,4,2,2,0
"2440",1995,4,3,1,0
"2440",1995,4,4,1,1
"2440",1995,4,5 - 9,6,3
"2440",1995,4,10 - 14,1,1
"2440",1995,4,15 - 19,4,4
"2440",1995,4,20 - 24,2,4
"2440",1995,4,25 - 29,9,5
"2440",1995,4,30 - 34,11,11
"2440",1995,4,35 - 39,21,32
"2440",1995,4,40 - 44,21,28
"2440",1995,4,45 - 49,45,57
"2440",1995,4,50 - 54,89,85
"2440",1995,4,55 - 59,99,130
"2440",1995,4,60 - 64,138,175
"2440",1995,4,65 - 69,193,211
"2440",1995,4,70 - 74,226,273
"2440",1995,4,75 - 79,235,254
"2440",1995,4,80 - 84,229,216
"2440",1995,4,85 - 89,343,217
"2440",1995,4,90 - 94,0,0
"2440",1995,4,95+,0,0
"2440",1995,4,UNK,3,0
"2440",1995,5,Total,101,110
"2440",1995,5,0,4,3
"2440",1995,5,1,0,0
"2440",1995,5,2,1,0
"2440",1995,5,3,1,0
"2440",1995,5,4,0,0
"2440",1995,5,5 - 9,1,0
"2440",1995,5,10 - 14,0,0
"2440",1995,5,15 - 19,0,1
"2440",1995,5,20 - 24,2,4
"2440",1995,5,25 - 29,2,2
"2440",1995,5,30 - 34,1,6
"2440",1995,5,35 - 39,0,3
"2440",1995,5,40 - 44,3,2
"2440",1995,5,45 - 49,3,7
"2440",1995,5,50 - 54,1,4
"2440",1995,5,55 - 59,1,4
"2440",1995,5,60 - 64,2,4
"2440",1995,5,65 - 69,0,8
"2440",1995,5,70 - 74,5,11
"2440",1995,5,75 - 79,7,8
"2440",1995,5,80 - 84,17,13
"2440",1995,5,85 - 89,49,29
"2440",1995,5,90 - 94,0,0
"2440",1995,5,95+,0,0
"2440",1995,5,UNK,1,1
"2440",1995,6,Total,6,10
"2440",1995,6,0,0,0
"2440",1995,6,1,0,0
"2440",1995,6,2,0,0
"2440",1995,6,3,0,0
"2440",1995,6,4,0,0
"2440",1995,6,5 - 9,0,0
"2440",1995,6,10 - 14,0,0
"2440",1995,6,15 - 19,1,0
"2440",1995,6,20 - 24,0,0
"2440",1995,6,25 - 29,1,0
"2440",1995,6,30 - 34,0,1
"2440",1995,6,35 - 39,0,1
"2440",1995,6,40 - 44,0,0
"2440",1995,6,45 - 49,1,2
"2440",1995,6,50 - 54,1,2
"2440",1995,6,55 - 59,0,1
"2440",1995,6,60 - 64,0,0
"2440",1995,6,65 - 69,0,1
"2440",1995,6,70 - 74,0,0
"2440",1995,6,75 - 79,0,1
"2440",1995,6,80 - 84,2,1
"2440",1995,6,85 - 89,0,0
"2440",1995,6,90 - 94,0,0
"2440",1995,6,95+,0,0
"2440",1995,6,UNK,0,0
"2440",1995,7,Total,68,116
"2440",1995,7,0,0,3
"2440",1995,7,1,1,2
"2440",1995,7,2,0,1
"2440",1995,7,3,2,0
"2440",1995,7,4,1,2
"2440",1995,7,5 - 9,2,1
"2440",1995,7,10 - 14,3,3
"2440",1995,7,15 - 19,6,7
"2440",1995,7,20 - 24,1,7
"2440",1995,7,25 - 29,1,7
"2440",1995,7,30 - 34,1,7
"2440",1995,7,35 - 39,2,4
"2440",1995,7,40 - 44,2,5
"2440",1995,7,45 - 49,1,5
"2440",1995,7,50 - 54,2,6
"2440",1995,7,55 - 59,1,3
"2440",1995,7,60 - 64,3,6
"2440",1995,7,65 - 69,5,12
"2440",1995,7,70 - 74,11,11
"2440",1995,7,75 - 79,8,8
"2440",1995,7,80 - 84,8,10
"2440",1995,7,85 - 89,7,6
"2440",1995,7,90 - 94,0,0
"2440",1995,7,95+,0,0
"2440",1995,7,UNK,0,0
"2440",1995,8,Total,738,758
"2440",1995,8,0,3,1
"2440",1995,8,1,0,2
"2440",1995,8,2,2,0
"2440",1995,8,3,1,0
"2440",1995,8,4,2,1
"2440",1995,8,5 - 9,0,2
"2440",1995,8,10 - 14,1,0
"2440",1995,8,15 - 19,4,1
"2440",1995,8,20 - 24,8,10
"2440",1995,8,25 - 29,16,18
"2440",1995,8,30 - 34,17,43
"2440",1995,8,35 - 39,20,38
"2440",1995,8,40 - 44,31,50
"2440",1995,8,45 - 49,29,50
"2440",1995,8,50 - 54,56,66
"2440",1995,8,55 - 59,54,72
"2440",1995,8,60 - 64,70,75
"2440",1995,8,65 - 69,86,81
"2440",1995,8,70 - 74,108,74
"2440",1995,8,75 - 79,82,73
"2440",1995,8,80 - 84,75,69
"2440",1995,8,85 - 89,73,32
"2440",1995,8,90 - 94,0,0
"2440",1995,8,95+,0,0
"2440",1995,8,UNK,0,0
"2440",1995,9,Total,115,201
"2440",1995,9,0,0,3
"2440",1995,9,1,0,1
"2440",1995,9,2,0,0
"2440",1995,9,3,1,1
"2440",1995,9,4,0,0
"2440",1995,9,5 - 9,0,1
"2440",1995,9,10 - 14,0,0
"2440",1995,9,15 - 19,1,0
"2440",1995,9,20 - 24,1,2
"2440",1995,9,25 - 29,0,7
"2440",1995,9,30 - 34,1,10
"2440",1995,9,35 - 39,6,7
"2440",1995,9,40 - 44,5,8
"2440",1995,9,45 - 49,8,22
"2440",1995,9,50 - 54,13,15
"2440",1995,9,55 - 59,8,16
"2440",1995,9,60 - 64,13,17
"2440",1995,9,65 - 69,14,13
"2440",1995,9,70 - 74,8,18
"2440",1995,9,75 - 79,13,28
"2440",1995,9,80 - 84,11,22
"2440",1995,9,85 - 89,12,10
"2440",1995,9,90 - 94,0,0
"2440",1995,9,95+,0,0
"2440",1995,9,UNK,0,0
"2440",1995,10,Total,85,152
"2440",1995,10,0,1,0
"2440",1995,10,1,0,1
"2440",1995,10,2,0,1
"2440",1995,10,3,0,0
"2440",1995,10,4,0,0
"2440",1995,10,5 - 9,1,2
"2440",1995,10,10 - 14,0,0
"2440",1995,10,15 - 19,3,1
"2440",1995,10,20 - 24,2,1
"2440",1995,10,25 - 29,3,7
"2440",1995,10,30 - 34,4,6
"2440",1995,10,35 - 39,5,7
"2440",1995,10,40 - 44,6,1
"2440",1995,10,45 - 49,7,7
"2440",1995,10,50 - 54,9,9
"2440",1995,10,55 - 59,6,9
"2440",1995,10,60 - 64,6,15
"2440",1995,10,65 - 69,5,10
"2440",1995,10,70 - 74,3,23
"2440",1995,10,75 - 79,6,20
"2440",1995,10,80 - 84,10,20
"2440",1995,10,85 - 89,8,12
"2440",1995,10,90 - 94,0,0
"2440",1995,10,95+,0,0
"2440",1995,10,UNK,0,0
"2440",1995,11,Total,145,161
"2440",1995,11,0,132,148
"2440",1995,11,1,0,1
"2440",1995,11,2,0,0
"2440",1995,11,3,0,0
"2440",1995,11,4,1,1
"2440",1995,11,5 - 9,1,1
"2440",1995,11,10 - 14,2,0
"2440",1995,11,15 - 19,1,2
"2440",1995,11,20 - 24,1,0
"2440",1995,11,25 - 29,1,1
"2440",1995,11,30 - 34,0,1
"2440",1995,11,35 - 39,0,0
"2440",1995,11,40 - 44,1,1
"2440",1995,11,45 - 49,3,1
"2440",1995,11,50 - 54,1,1
"2440",1995,11,55 - 59,0,1
"2440",1995,11,60 - 64,0,0
"2440",1995,11,65 - 69,0,0
"2440",1995,11,70 - 74,0,1
"2440",1995,11,75 - 79,0,0
"2440",1995,11,80 - 84,1,1
"2440",1995,11,85 - 89,0,0
"2440",1995,11,90 - 94,0,0
"2440",1995,11,95+,0,0
"2440",1995,11,UNK,0,0
"2440",1995,12,Total,255,346
"2440",1995,12,0,6,10
"2440",1995,12,1,3,2
"2440",1995,12,2,3,2
"2440",1995,12,3,1,0
"2440",1995,12,4,1,1
"2440",1995,12,5 - 9,3,5
"2440",1995,12,10 - 14,2,3
"2440",1995,12,15 - 19,0,4
"2440",1995,12,20 - 24,6,3
"2440",1995,12,25 - 29,4,3
"2440",1995,12,30 - 34,5,17
"2440",1995,12,35 - 39,10,5
"2440",1995,12,40 - 44,8,10
"2440",1995,12,45 - 49,9,18
"2440",1995,12,50 - 54,4,10
"2440",1995,12,55 - 59,8,15
"2440",1995,12,60 - 64,9,18
"2440",1995,12,65 - 69,19,33
"2440",1995,12,70 - 74,20,36
"2440",1995,12,75 - 79,32,43
"2440",1995,12,80 - 84,35,51
"2440",1995,12,85 - 89,67,57
"2440",1995,12,90 - 94,0,0
"2440",1995,12,95+,0,0
"2440",1995,12,UNK,0,0
"2440",1995,13,Total,121,387
"2440",1995,13,0,0,2
"2440",1995,13,1,3,0
"2440",1995,13,2,0,1
"2440",1995,13,3,0,1
"2440",1995,13,4,0,0
"2440",1995,13,5 - 9,4,5
"2440",1995,13,10 - 14,6,20
"2440",1995,13,15 - 19,7,26
"2440",1995,13,20 - 24,12,33
"2440",1995,13,25 - 29,8,45
"2440",1995,13,30 - 34,7,47
"2440",1995,13,35 - 39,6,32
"2440",1995,13,40 - 44,9,32
"2440",1995,13,45 - 49,3,34
"2440",1995,13,50 - 54,7,19
"2440",1995,13,55 - 59,5,11
"2440",1995,13,60 - 64,4,18
"2440",1995,13,65 - 69,5,11
"2440",1995,13,70 - 74,4,13
"2440",1995,13,75 - 79,7,18
"2440",1995,13,80 - 84,8,6
"2440",1995,13,85 - 89,16,13
"2440",1995,13,90 - 94,0,0
"2440",1995,13,95+,0,0
"2440",1995,13,UNK,0,0
"2440",1995,14,Total,27,109
"2440",1995,14,0,0,1
"2440",1995,14,1,1,1
"2440",1995,14,2,0,0
"2440",1995,14,3,0,1
"2440",1995,14,4,1,0
"2440",1995,14,5 - 9,3,1
"2440",1995,14,10 - 14,1,2
"2440",1995,14,15 - 19,1,12
"2440",1995,14,20 - 24,2,21
"2440",1995,14,25 - 29,5,17
"2440",1995,14,30 - 34,4,17
"2440",1995,14,35 - 39,0,14
"2440",1995,14,40 - 44,2,8
"2440",1995,14,45 - 49,3,4
"2440",1995,14,50 - 54,1,1
"2440",1995,14,55 - 59,1,3
"2440",1995,14,60 - 64,1,3
"2440",1995,14,65 - 69,0,1
"2440",1995,14,70 - 74,0,0
"2440",1995,14,75 - 79,0,0
"2440",1995,14,80 - 84,0,2
"2440",1995,14,85 - 89,1,0
"2440",1995,14,90 - 94,0,0
"2440",1995,14,95+,0,0
"2440",1995,14,UNK,0,0
"2440",1995,15,Total,131,63
"2440",1995,15,0,1,0
"2440",1995,15,1,3,0
"2440",1995,15,2,1,0
"2440",1995,15,3,0,0
"2440",1995,15,4,0,0
"2440",1995,15,5 - 9,0,1
"2440",1995,15,10 - 14,4,0
"2440",1995,15,15 - 19,6,0
"2440",1995,15,20 - 24,6,3
"2440",1995,15,25 - 29,7,4
"2440",1995,15,30 - 34,10,0
"2440",1995,15,35 - 39,6,4
"2440",1995,15,40 - 44,3,1
"2440",1995,15,45 - 49,5,3
"2440",1995,15,50 - 54,7,5
"2440",1995,15,55 - 59,4,4
"2440",1995,15,60 - 64,3,5
"2440",1995,15,65 - 69,2,3
"2440",1995,15,70 - 74,2,7
"2440",1995,15,75 - 79,7,4
"2440",1995,15,80 - 84,19,8
"2440",1995,15,85 - 89,33,11
"2440",1995,15,90 - 94,0,0
"2440",1995,15,95+,0,0
"2440",1995,15,UNK,2,0
"2440",1996,1,Total,4104,5272
"2440",1996,1,0,119,173
"2440",1996,1,1,15,13
"2440",1996,1,2,3,6
"2440",1996,1,3,4,10
"2440",1996,1,4,6,8
"2440",1996,1,5 - 9,12,16
"2440",1996,1,10 - 14,18,34
"2440",1996,1,15 - 19,34,69
"2440",1996,1,20 - 24,51,114
"2440",1996,1,25 - 29,61,115
"2440",1996,1,30 - 34,99,163
"2440",1996,1,35 - 39,89,213
"2440",1996,1,40 - 44,132,230
"2440",1996,1,45 - 49,157,241
"2440",1996,1,50 - 54,204,311
"2440",1996,1,55 - 59,274,382
"2440",1996,1,60 - 64,303,422
"2440",1996,1,65 - 69,378,519
"2440",1996,1,70 - 74,466,633
"2440",1996,1,75 - 79,474,550
"2440",1996,1,80 - 84,506,548
"2440",1996,1,85 - 89,699,501
"2440",1996,1,90 - 94,0,0
"2440",1996,1,95+,0,0
"2440",1996,1,UNK,0,1
"2440",1996,2,Total,84,116
"2440",1996,2,0,0,1
"2440",1996,2,1,0,0
"2440",1996,2,2,0,0
"2440",1996,2,3,0,0
"2440",1996,2,4,2,0
"2440",1996,2,5 - 9,1,1
"2440",1996,2,10 - 14,1,0
"2440",1996,2,15 - 19,2,3
"2440",1996,2,20 - 24,5,0
"2440",1996,2,25 - 29,1,2
"2440",1996,2,30 - 34,2,7
"2440",1996,2,35 - 39,1,7
"2440",1996,2,40 - 44,3,8
"2440",1996,2,45 - 49,4,5
"2440",1996,2,50 - 54,6,7
"2440",1996,2,55 - 59,8,8
"2440",1996,2,60 - 64,5,13
"2440",1996,2,65 - 69,5,12
"2440",1996,2,70 - 74,9,16
"2440",1996,2,75 - 79,7,7
"2440",1996,2,80 - 84,6,11
"2440",1996,2,85 - 89,16,8
"2440",1996,2,90 - 94,0,0
"2440",1996,2,95+,0,0
"2440",1996,2,UNK,0,0
"2440",1996,3,Total,586,674
"2440",1996,3,0,1,0
"2440",1996,3,1,3,0
"2440",1996,3,2,1,1
"2440",1996,3,3,1,1
"2440",1996,3,4,1,0
"2440",1996,3,5 - 9,1,2
"2440",1996,3,10 - 14,4,6
"2440",1996,3,15 - 19,3,4
"2440",1996,3,20 - 24,3,5
"2440",1996,3,25 - 29,8,5
"2440",1996,3,30 - 34,13,7
"2440",1996,3,35 - 39,20,20
"2440",1996,3,40 - 44,35,19
"2440",1996,3,45 - 49,46,22
"2440",1996,3,50 - 54,42,28
"2440",1996,3,55 - 59,46,50
"2440",1996,3,60 - 64,55,60
"2440",1996,3,65 - 69,57,86
"2440",1996,3,70 - 74,79,104
"2440",1996,3,75 - 79,77,97
"2440",1996,3,80 - 84,53,104
"2440",1996,3,85 - 89,37,52
"2440",1996,3,90 - 94,0,0
"2440",1996,3,95+,0,0
"2440",1996,3,UNK,0,1
"2440",1996,4,Total,1745,1841
"2440",1996,4,0,0,0
"2440",1996,4,1,0,1
"2440",1996,4,2,0,0
"2440",1996,4,3,0,0
"2440",1996,4,4,1,0
"2440",1996,4,5 - 9,0,1
"2440",1996,4,10 - 14,1,2
"2440",1996,4,15 - 19,1,4
"2440",1996,4,20 - 24,6,4
"2440",1996,4,25 - 29,7,9
"2440",1996,4,30 - 34,14,26
"2440",1996,4,35 - 39,15,26
"2440",1996,4,40 - 44,32,53
"2440",1996,4,45 - 49,45,81
"2440",1996,4,50 - 54,81,115
"2440",1996,4,55 - 59,109,154
"2440",1996,4,60 - 64,140,178
"2440",1996,4,65 - 69,162,218
"2440",1996,4,70 - 74,218,285
"2440",1996,4,75 - 79,242,236
"2440",1996,4,80 - 84,280,219
"2440",1996,4,85 - 89,391,229
"2440",1996,4,90 - 94,0,0
"2440",1996,4,95+,0,0
"2440",1996,4,UNK,0,0
"2440",1996,5,Total,89,75
"2440",1996,5,0,3,1
"2440",1996,5,1,0,0
"2440",1996,5,2,0,0
"2440",1996,5,3,0,0
"2440",1996,5,4,0,0
"2440",1996,5,5 - 9,0,0
"2440",1996,5,10 - 14,0,0
"2440",1996,5,15 - 19,1,0
"2440",1996,5,20 - 24,1,0
"2440",1996,5,25 - 29,0,2
"2440",1996,5,30 - 34,4,2
"2440",1996,5,35 - 39,0,5
"2440",1996,5,40 - 44,1,2
"2440",1996,5,45 - 49,1,3
"2440",1996,5,50 - 54,1,2
"2440",1996,5,55 - 59,1,3
"2440",1996,5,60 - 64,0,5
"2440",1996,5,65 - 69,0,2
"2440",1996,5,70 - 74,3,5
"2440",1996,5,75 - 79,8,9
"2440",1996,5,80 - 84,16,12
"2440",1996,5,85 - 89,49,22
"2440",1996,5,90 - 94,0,0
"2440",1996,5,95+,0,0
"2440",1996,5,UNK,0,0
"2440",1996,6,Total,11,25
"2440",1996,6,0,0,0
"2440",1996,6,1,0,0
"2440",1996,6,2,0,0
"2440",1996,6,3,0,0
"2440",1996,6,4,0,0
"2440",1996,6,5 - 9,0,0
"2440",1996,6,10 - 14,0,0
"2440",1996,6,15 - 19,0,1
"2440",1996,6,20 - 24,0,1
"2440",1996,6,25 - 29,0,0
"2440",1996,6,30 - 34,0,2
"2440",1996,6,35 - 39,2,1
"2440",1996,6,40 - 44,0,1
"2440",1996,6,45 - 49,0,5
"2440",1996,6,50 - 54,1,1
"2440",1996,6,55 - 59,1,1
"2440",1996,6,60 - 64,2,1
"2440",1996,6,65 - 69,0,1
"2440",1996,6,70 - 74,0,3
"2440",1996,6,75 - 79,0,2
"2440",1996,6,80 - 84,1,1
"2440",1996,6,85 - 89,4,4
"2440",1996,6,90 - 94,0,0
"2440",1996,6,95+,0,0
"2440",1996,6,UNK,0,0
"2440",1996,7,Total,64,117
"2440",1996,7,0,2,2
"2440",1996,7,1,1,3
"2440",1996,7,2,0,1
"2440",1996,7,3,0,0
"2440",1996,7,4,0,3
"2440",1996,7,5 - 9,1,5
"2440",1996,7,10 - 14,2,5
"2440",1996,7,15 - 19,1,4
"2440",1996,7,20 - 24,3,8
"2440",1996,7,25 - 29,2,4
"2440",1996,7,30 - 34,3,9
"2440",1996,7,35 - 39,2,8
"2440",1996,7,40 - 44,3,5
"2440",1996,7,45 - 49,1,5
"2440",1996,7,50 - 54,2,8
"2440",1996,7,55 - 59,1,5
"2440",1996,7,60 - 64,3,3
"2440",1996,7,65 - 69,5,9
"2440",1996,7,70 - 74,9,7
"2440",1996,7,75 - 79,4,12
"2440",1996,7,80 - 84,11,5
"2440",1996,7,85 - 89,8,6
"2440",1996,7,90 - 94,0,0
"2440",1996,7,95+,0,0
"2440",1996,7,UNK,0,0
"2440",1996,8,Total,752,918
"2440",1996,8,0,6,5
"2440",1996,8,1,4,1
"2440",1996,8,2,2,0
"2440",1996,8,3,1,1
"2440",1996,8,4,1,1
"2440",1996,8,5 - 9,1,1
"2440",1996,8,10 - 14,0,4
"2440",1996,8,15 - 19,5,2
"2440",1996,8,20 - 24,9,13
"2440",1996,8,25 - 29,21,31
"2440",1996,8,30 - 34,28,43
"2440",1996,8,35 - 39,17,57
"2440",1996,8,40 - 44,31,64
"2440",1996,8,45 - 49,36,57
"2440",1996,8,50 - 54,47,81
"2440",1996,8,55 - 59,69,86
"2440",1996,8,60 - 64,66,96
"2440",1996,8,65 - 69,103,95
"2440",1996,8,70 - 74,91,91
"2440",1996,8,75 - 79,74,80
"2440",1996,8,80 - 84,77,59
"2440",1996,8,85 - 89,63,50
"2440",1996,8,90 - 94,0,0
"2440",1996,8,95+,0,0
"2440",1996,8,UNK,0,0
"2440",1996,9,Total,124,204
"2440",1996,9,0,1,2
"2440",1996,9,1,0,0
"2440",1996,9,2,0,1
"2440",1996,9,3,0,0
"2440",1996,9,4,0,0
"2440",1996,9,5 - 9,1,1
"2440",1996,9,10 - 14,2,1
"2440",1996,9,15 - 19,1,0
"2440",1996,9,20 - 24,0,6
"2440",1996,9,25 - 29,2,1
"2440",1996,9,30 - 34,4,10
"2440",1996,9,35 - 39,5,15
"2440",1996,9,40 - 44,7,10
"2440",1996,9,45 - 49,11,12
"2440",1996,9,50 - 54,8,13
"2440",1996,9,55 - 59,16,21
"2440",1996,9,60 - 64,7,12
"2440",1996,9,65 - 69,10,26
"2440",1996,9,70 - 74,18,19
"2440",1996,9,75 - 79,12,16
"2440",1996,9,80 - 84,10,23
"2440",1996,9,85 - 89,9,15
"2440",1996,9,90 - 94,0,0
"2440",1996,9,95+,0,0
"2440",1996,9,UNK,0,0
"2440",1996,10,Total,58,137
"2440",1996,10,0,0,0
"2440",1996,10,1,0,0
"2440",1996,10,2,0,0
"2440",1996,10,3,0,0
"2440",1996,10,4,1,1
"2440",1996,10,5 - 9,0,0
"2440",1996,10,10 - 14,0,0
"2440",1996,10,15 - 19,2,2
"2440",1996,10,20 - 24,0,6
"2440",1996,10,25 - 29,1,4
"2440",1996,10,30 - 34,5,0
"2440",1996,10,35 - 39,5,3
"2440",1996,10,40 - 44,1,3
"2440",1996,10,45 - 49,2,8
"2440",1996,10,50 - 54,3,9
"2440",1996,10,55 - 59,5,7
"2440",1996,10,60 - 64,5,7
"2440",1996,10,65 - 69,7,11
"2440",1996,10,70 - 74,6,20
"2440",1996,10,75 - 79,2,15
"2440",1996,10,80 - 84,6,23
"2440",1996,10,85 - 89,7,18
"2440",1996,10,90 - 94,0,0
"2440",1996,10,95+,0,0
"2440",1996,10,UNK,0,0
"2440",1996,11,Total,98,157
"2440",1996,11,0,88,140
"2440",1996,11,1,3,3
"2440",1996,11,2,0,0
"2440",1996,11,3,0,0
"2440",1996,11,4,0,0
"2440",1996,11,5 - 9,1,0
"2440",1996,11,10 - 14,1,1
"2440",1996,11,15 - 19,1,3
"2440",1996,11,20 - 24,1,2
"2440",1996,11,25 - 29,0,1
"2440",1996,11,30 - 34,0,0
"2440",1996,11,35 - 39,0,2
"2440",1996,11,40 - 44,0,0
"2440",1996,11,45 - 49,0,2
"2440",1996,11,50 - 54,1,1
"2440",1996,11,55 - 59,1,0
"2440",1996,11,60 - 64,0,1
"2440",1996,11,65 - 69,1,0
"2440",1996,11,70 - 74,0,0
"2440",1996,11,75 - 79,0,0
"2440",1996,11,80 - 84,0,1
"2440",1996,11,85 - 89,0,0
"2440",1996,11,90 - 94,0,0
"2440",1996,11,95+,0,0
"2440",1996,11,UNK,0,0
"2440",1996,12,Total,222,404
"2440",1996,12,0,12,18
"2440",1996,12,1,2,0
"2440",1996,12,2,0,2
"2440",1996,12,3,0,5
"2440",1996,12,4,0,1
"2440",1996,12,5 - 9,0,0
"2440",1996,12,10 - 14,0,2
"2440",1996,12,15 - 19,3,2
"2440",1996,12,20 - 24,3,2
"2440",1996,12,25 - 29,3,6
"2440",1996,12,30 - 34,4,7
"2440",1996,12,35 - 39,4,15
"2440",1996,12,40 - 44,7,12
"2440",1996,12,45 - 49,6,9
"2440",1996,12,50 - 54,2,12
"2440",1996,12,55 - 59,6,18
"2440",1996,12,60 - 64,7,20
"2440",1996,12,65 - 69,16,30
"2440",1996,12,70 - 74,17,62
"2440",1996,12,75 - 79,36,53
"2440",1996,12,80 - 84,22,65
"2440",1996,12,85 - 89,72,63
"2440",1996,12,90 - 94,0,0
"2440",1996,12,95+,0,0
"2440",1996,12,UNK,0,0
"2440",1996,13,Total,123,424
"2440",1996,13,0,4,2
"2440",1996,13,1,1,4
"2440",1996,13,2,0,1
"2440",1996,13,3,2,2
"2440",1996,13,4,0,2
"2440",1996,13,5 - 9,5,5
"2440",1996,13,10 - 14,4,11
"2440",1996,13,15 - 19,14,37
"2440",1996,13,20 - 24,9,44
"2440",1996,13,25 - 29,5,34
"2440",1996,13,30 - 34,11,37
"2440",1996,13,35 - 39,9,41
"2440",1996,13,40 - 44,2,35
"2440",1996,13,45 - 49,3,25
"2440",1996,13,50 - 54,6,29
"2440",1996,13,55 - 59,3,19
"2440",1996,13,60 - 64,4,22
"2440",1996,13,65 - 69,5,18
"2440",1996,13,70 - 74,10,16
"2440",1996,13,75 - 79,3,12
"2440",1996,13,80 - 84,11,16
"2440",1996,13,85 - 89,12,12
"2440",1996,13,90 - 94,0,0
"2440",1996,13,95+,0,0
"2440",1996,13,UNK,0,0
"2440",1996,14,Total,28,95
"2440",1996,14,0,1,0
"2440",1996,14,1,1,0
"2440",1996,14,2,0,0
"2440",1996,14,3,0,1
"2440",1996,14,4,0,0
"2440",1996,14,5 - 9,0,0
"2440",1996,14,10 - 14,1,0
"2440",1996,14,15 - 19,0,4
"2440",1996,14,20 - 24,5,21
"2440",1996,14,25 - 29,7,13
"2440",1996,14,30 - 34,3,11
"2440",1996,14,35 - 39,3,11
"2440",1996,14,40 - 44,2,12
"2440",1996,14,45 - 49,1,7
"2440",1996,14,50 - 54,0,2
"2440",1996,14,55 - 59,1,4
"2440",1996,14,60 - 64,0,0
"2440",1996,14,65 - 69,2,5
"2440",1996,14,70 - 74,0,1
"2440",1996,14,75 - 79,1,2
"2440",1996,14,80 - 84,0,1
"2440",1996,14,85 - 89,0,0
"2440",1996,14,90 - 94,0,0
"2440",1996,14,95+,0,0
"2440",1996,14,UNK,0,0
"2440",1996,15,Total,120,85
"2440",1996,15,0,1,2
"2440",1996,15,1,0,1
"2440",1996,15,2,0,0
"2440",1996,15,3,0,0
"2440",1996,15,4,0,0
"2440",1996,15,5 - 9,1,0
"2440",1996,15,10 - 14,2,2
"2440",1996,15,15 - 19,0,3
"2440",1996,15,20 - 24,6,2
"2440",1996,15,25 - 29,4,3
"2440",1996,15,30 - 34,8,2
"2440",1996,15,35 - 39,6,2
"2440",1996,15,40 - 44,8,6
"2440",1996,15,45 - 49,1,0
"2440",1996,15,50 - 54,4,3
"2440",1996,15,55 - 59,7,6
"2440",1996,15,60 - 64,9,4
"2440",1996,15,65 - 69,5,6
"2440",1996,15,70 - 74,6,4
"2440",1996,15,75 - 79,8,9
"2440",1996,15,80 - 84,13,8
"2440",1996,15,85 - 89,31,22
"2440",1996,15,90 - 94,0,0
"2440",1996,15,95+,0,0
"2440",1996,15,UNK,0,0
"2440",1997,1,Total,4123,5034
"2440",1997,1,0,146,170
"2440",1997,1,1,8,11
"2440",1997,1,2,5,10
"2440",1997,1,3,5,5
"2440",1997,1,4,7,6
"2440",1997,1,5 - 9,14,24
"2440",1997,1,10 - 14,23,25
"2440",1997,1,15 - 19,40,53
"2440",1997,1,20 - 24,52,105
"2440",1997,1,25 - 29,62,103
"2440",1997,1,30 - 34,98,163
"2440",1997,1,35 - 39,119,184
"2440",1997,1,40 - 44,131,219
"2440",1997,1,45 - 49,163,236
"2440",1997,1,50 - 54,184,296
"2440",1997,1,55 - 59,253,347
"2440",1997,1,60 - 64,357,398
"2440",1997,1,65 - 69,408,475
"2440",1997,1,70 - 74,418,577
"2440",1997,1,75 - 79,477,606
"2440",1997,1,80 - 84,461,510
"2440",1997,1,85 - 89,691,510
"2440",1997,1,90 - 94,0,0
"2440",1997,1,95+,0,0
"2440",1997,1,UNK,1,1
"2440",1997,2,Total,55,96
"2440",1997,2,0,1,1
"2440",1997,2,1,0,1
"2440",1997,2,2,0,0
"2440",1997,2,3,0,0
"2440",1997,2,4,0,1
"2440",1997,2,5 - 9,1,2
"2440",1997,2,10 - 14,1,1
"2440",1997,2,15 - 19,1,7
"2440",1997,2,20 - 24,1,2
"2440",1997,2,25 - 29,0,1
"2440",1997,2,30 - 34,2,6
"2440",1997,2,35 - 39,5,13
"2440",1997,2,40 - 44,4,4
"2440",1997,2,45 - 49,4,7
"2440",1997,2,50 - 54,2,4
"2440",1997,2,55 - 59,4,5
"2440",1997,2,60 - 64,0,12
"2440",1997,2,65 - 69,5,5
"2440",1997,2,70 - 74,4,6
"2440",1997,2,75 - 79,5,3
"2440",1997,2,80 - 84,7,5
"2440",1997,2,85 - 89,8,10
"2440",1997,2,90 - 94,0,0
"2440",1997,2,95+,0,0
"2440",1997,2,UNK,0,0
"2440",1997,3,Total,614,683
"2440",1997,3,0,0,1
"2440",1997,3,1,0,2
"2440",1997,3,2,0,1
"2440",1997,3,3,1,0
"2440",1997,3,4,3,1
"2440",1997,3,5 - 9,4,4
"2440",1997,3,10 - 14,5,2
"2440",1997,3,15 - 19,3,3
"2440",1997,3,20 - 24,4,6
"2440",1997,3,25 - 29,4,7
"2440",1997,3,30 - 34,24,10
"2440",1997,3,35 - 39,24,4
"2440",1997,3,40 - 44,36,18
"2440",1997,3,45 - 49,46,24
"2440",1997,3,50 - 54,49,35
"2440",1997,3,55 - 59,55,56
"2440",1997,3,60 - 64,62,57
"2440",1997,3,65 - 69,72,78
"2440",1997,3,70 - 74,57,121
"2440",1997,3,75 - 79,71,107
"2440",1997,3,80 - 84,48,92
"2440",1997,3,85 - 89,46,54
"2440",1997,3,90 - 94,0,0
"2440",1997,3,95+,0,0
"2440",1997,3,UNK,0,0
"2440",1997,4,Total,1766,1892
"2440",1997,4,0,2,1
"2440",1997,4,1,1,0
"2440",1997,4,2,1,0
"2440",1997,4,3,0,0
"2440",1997,4,4,1,1
"2440",1997,4,5 - 9,0,1
"2440",1997,4,10 - 14,0,2
"2440",1997,4,15 - 19,3,4
"2440",1997,4,20 - 24,6,4
"2440",1997,4,25 - 29,6,8
"2440",1997,4,30 - 34,12,17
"2440",1997,4,35 - 39,28,21
"2440",1997,4,40 - 44,34,61
"2440",1997,4,45 - 49,58,76
"2440",1997,4,50 - 54,61,120
"2440",1997,4,55 - 59,96,134
"2440",1997,4,60 - 64,155,181
"2440",1997,4,65 - 69,195,226
"2440",1997,4,70 - 74,225,265
"2440",1997,4,75 - 79,257,290
"2440",1997,4,80 - 84,255,238
"2440",1997,4,85 - 89,370,242
"2440",1997,4,90 - 94,0,0
"2440",1997,4,95+,0,0
"2440",1997,4,UNK,0,0
"2440",1997,5,Total,96,91
"2440",1997,5,0,2,3
"2440",1997,5,1,0,1
"2440",1997,5,2,0,0
"2440",1997,5,3,0,1
"2440",1997,5,4,0,0
"2440",1997,5,5 - 9,0,0
"2440",1997,5,10 - 14,2,0
"2440",1997,5,15 - 19,1,0
"2440",1997,5,20 - 24,2,1
"2440",1997,5,25 - 29,3,1
"2440",1997,5,30 - 34,2,2
"2440",1997,5,35 - 39,4,9
"2440",1997,5,40 - 44,2,7
"2440",1997,5,45 - 49,1,0
"2440",1997,5,50 - 54,1,1
"2440",1997,5,55 - 59,1,3
"2440",1997,5,60 - 64,3,1
"2440",1997,5,65 - 69,0,0
"2440",1997,5,70 - 74,1,2
"2440",1997,5,75 - 79,4,9
"2440",1997,5,80 - 84,10,15
"2440",1997,5,85 - 89,57,35
"2440",1997,5,90 - 94,0,0
"2440",1997,5,95+,0,0
"2440",1997,5,UNK,0,0
"2440",1997,6,Total,13,20
"2440",1997,6,0,0,0
"2440",1997,6,1,0,0
"2440",1997,6,2,0,0
"2440",1997,6,3,0,0
"2440",1997,6,4,0,0
"2440",1997,6,5 - 9,0,0
"2440",1997,6,10 - 14,0,0
"2440",1997,6,15 - 19,0,0
"2440",1997,6,20 - 24,0,1
"2440",1997,6,25 - 29,0,1
"2440",1997,6,30 - 34,1,3
"2440",1997,6,35 - 39,0,1
"2440",1997,6,40 - 44,0,1
"2440",1997,6,45 - 49,0,1
"2440",1997,6,50 - 54,0,0
"2440",1997,6,55 - 59,0,0
"2440",1997,6,60 - 64,0,0
"2440",1997,6,65 - 69,1,2
"2440",1997,6,70 - 74,0,3
"2440",1997,6,75 - 79,4,3
"2440",1997,6,80 - 84,3,2
"2440",1997,6,85 - 89,4,2
"2440",1997,6,90 - 94,0,0
"2440",1997,6,95+,0,0
"2440",1997,6,UNK,0,0
"2440",1997,7,Total,54,101
"2440",1997,7,0,3,1
"2440",1997,7,1,1,2
"2440",1997,7,2,1,0
"2440",1997,7,3,0,0
"2440",1997,7,4,0,1
"2440",1997,7,5 - 9,0,5
"2440",1997,7,10 - 14,1,3
"2440",1997,7,15 - 19,4,4
"2440",1997,7,20 - 24,3,5
"2440",1997,7,25 - 29,1,0
"2440",1997,7,30 - 34,1,1
"2440",1997,7,35 - 39,3,7
"2440",1997,7,40 - 44,1,5
"2440",1997,7,45 - 49,1,3
"2440",1997,7,50 - 54,2,4
"2440",1997,7,55 - 59,3,4
"2440",1997,7,60 - 64,3,3
"2440",1997,7,65 - 69,2,9
"2440",1997,7,70 - 74,5,10
"2440",1997,7,75 - 79,6,15
"2440",1997,7,80 - 84,4,9
"2440",1997,7,85 - 89,9,10
"2440",1997,7,90 - 94,0,0
"2440",1997,7,95+,0,0
"2440",1997,7,UNK,0,0
"2440",1997,8,Total,797,861
"2440",1997,8,0,9,3
"2440",1997,8,1,1,1
"2440",1997,8,2,0,2
"2440",1997,8,3,1,1
"2440",1997,8,4,1,0
"2440",1997,8,5 - 9,2,1
"2440",1997,8,10 - 14,3,1
"2440",1997,8,15 - 19,4,1
"2440",1997,8,20 - 24,16,18
"2440",1997,8,25 - 29,29,37
"2440",1997,8,30 - 34,25,49
"2440",1997,8,35 - 39,29,56
"2440",1997,8,40 - 44,27,55
"2440",1997,8,45 - 49,26,72
"2440",1997,8,50 - 54,46,61
"2440",1997,8,55 - 59,64,81
"2440",1997,8,60 - 64,90,91
"2440",1997,8,65 - 69,100,83
"2440",1997,8,70 - 74,82,78
"2440",1997,8,75 - 79,80,72
"2440",1997,8,80 - 84,68,51
"2440",1997,8,85 - 89,93,47
"2440",1997,8,90 - 94,0,0
"2440",1997,8,95+,0,0
"2440",1997,8,UNK,1,0
"2440",1997,9,Total,96,209
"2440",1997,9,0,1,4
"2440",1997,9,1,0,0
"2440",1997,9,2,0,1
"2440",1997,9,3,0,0
"2440",1997,9,4,0,0
"2440",1997,9,5 - 9,0,0
"2440",1997,9,10 - 14,0,1
"2440",1997,9,15 - 19,1,1
"2440",1997,9,20 - 24,0,1
"2440",1997,9,25 - 29,2,3
"2440",1997,9,30 - 34,2,6
"2440",1997,9,35 - 39,5,8
"2440",1997,9,40 - 44,5,11
"2440",1997,9,45 - 49,6,12
"2440",1997,9,50 - 54,4,23
"2440",1997,9,55 - 59,5,20
"2440",1997,9,60 - 64,9,9
"2440",1997,9,65 - 69,13,25
"2440",1997,9,70 - 74,11,27
"2440",1997,9,75 - 79,6,21
"2440",1997,9,80 - 84,11,22
"2440",1997,9,85 - 89,15,14
"2440",1997,9,90 - 94,0,0
"2440",1997,9,95+,0,0
"2440",1997,9,UNK,0,0
"2440",1997,10,Total,63,108
"2440",1997,10,0,0,0
"2440",1997,10,1,0,0
"2440",1997,10,2,0,0
"2440",1997,10,3,0,0
"2440",1997,10,4,0,0
"2440",1997,10,5 - 9,0,1
"2440",1997,10,10 - 14,2,0
"2440",1997,10,15 - 19,1,0
"2440",1997,10,20 - 24,0,2
"2440",1997,10,25 - 29,1,2
"2440",1997,10,30 - 34,3,2
"2440",1997,10,35 - 39,3,3
"2440",1997,10,40 - 44,3,3
"2440",1997,10,45 - 49,4,4
"2440",1997,10,50 - 54,3,6
"2440",1997,10,55 - 59,8,6
"2440",1997,10,60 - 64,6,7
"2440",1997,10,65 - 69,4,10
"2440",1997,10,70 - 74,4,11
"2440",1997,10,75 - 79,6,19
"2440",1997,10,80 - 84,5,13
"2440",1997,10,85 - 89,10,19
"2440",1997,10,90 - 94,0,0
"2440",1997,10,95+,0,0
"2440",1997,10,UNK,0,0
"2440",1997,11,Total,130,157
"2440",1997,11,0,119,144
"2440",1997,11,1,2,1
"2440",1997,11,2,0,3
"2440",1997,11,3,1,0
"2440",1997,11,4,1,1
"2440",1997,11,5 - 9,0,0
"2440",1997,11,10 - 14,0,0
"2440",1997,11,15 - 19,1,0
"2440",1997,11,20 - 24,1,1
"2440",1997,11,25 - 29,0,1
"2440",1997,11,30 - 34,0,0
"2440",1997,11,35 - 39,0,0
"2440",1997,11,40 - 44,0,1
"2440",1997,11,45 - 49,2,0
"2440",1997,11,50 - 54,1,0
"2440",1997,11,55 - 59,0,0
"2440",1997,11,60 - 64,0,0
"2440",1997,11,65 - 69,0,0
"2440",1997,11,70 - 74,1,1
"2440",1997,11,75 - 79,0,2
"2440",1997,11,80 - 84,1,1
"2440",1997,11,85 - 89,0,1
"2440",1997,11,90 - 94,0,0
"2440",1997,11,95+,0,0
"2440",1997,11,UNK,0,0
"2440",1997,12,Total,195,297
"2440",1997,12,0,6,9
"2440",1997,12,1,1,1
"2440",1997,12,2,2,1
"2440",1997,12,3,0,0
"2440",1997,12,4,1,0
"2440",1997,12,5 - 9,0,1
"2440",1997,12,10 - 14,1,0
"2440",1997,12,15 - 19,3,2
"2440",1997,12,20 - 24,3,2
"2440",1997,12,25 - 29,5,2
"2440",1997,12,30 - 34,6,6
"2440",1997,12,35 - 39,6,13
"2440",1997,12,40 - 44,2,14
"2440",1997,12,45 - 49,2,9
"2440",1997,12,50 - 54,5,16
"2440",1997,12,55 - 59,7,13
"2440",1997,12,60 - 64,16,15
"2440",1997,12,65 - 69,8,23
"2440",1997,12,70 - 74,15,34
"2440",1997,12,75 - 79,24,41
"2440",1997,12,80 - 84,32,44
"2440",1997,12,85 - 89,50,51
"2440",1997,12,90 - 94,0,0
"2440",1997,12,95+,0,0
"2440",1997,12,UNK,0,0
"2440",1997,13,Total,101,362
"2440",1997,13,0,3,3
"2440",1997,13,1,1,1
"2440",1997,13,2,1,2
"2440",1997,13,3,1,3
"2440",1997,13,4,0,1
"2440",1997,13,5 - 9,5,5
"2440",1997,13,10 - 14,6,12
"2440",1997,13,15 - 19,13,19
"2440",1997,13,20 - 24,8,47
"2440",1997,13,25 - 29,4,32
"2440",1997,13,30 - 34,7,48
"2440",1997,13,35 - 39,5,39
"2440",1997,13,40 - 44,6,29
"2440",1997,13,45 - 49,4,16
"2440",1997,13,50 - 54,5,19
"2440",1997,13,55 - 59,4,18
"2440",1997,13,60 - 64,7,16
"2440",1997,13,65 - 69,3,11
"2440",1997,13,70 - 74,6,12
"2440",1997,13,75 - 79,5,9
"2440",1997,13,80 - 84,4,11
"2440",1997,13,85 - 89,3,9
"2440",1997,13,90 - 94,0,0
"2440",1997,13,95+,0,0
"2440",1997,13,UNK,0,0
"2440",1997,14,Total,26,81
"2440",1997,14,0,0,0
"2440",1997,14,1,0,1
"2440",1997,14,2,0,0
"2440",1997,14,3,1,0
"2440",1997,14,4,0,0
"2440",1997,14,5 - 9,1,4
"2440",1997,14,10 - 14,2,2
"2440",1997,14,15 - 19,1,8
"2440",1997,14,20 - 24,3,11
"2440",1997,14,25 - 29,2,8
"2440",1997,14,30 - 34,3,12
"2440",1997,14,35 - 39,4,9
"2440",1997,14,40 - 44,3,5
"2440",1997,14,45 - 49,4,9
"2440",1997,14,50 - 54,1,7
"2440",1997,14,55 - 59,0,2
"2440",1997,14,60 - 64,0,2
"2440",1997,14,65 - 69,0,0
"2440",1997,14,70 - 74,0,0
"2440",1997,14,75 - 79,0,1
"2440",1997,14,80 - 84,0,0
"2440",1997,14,85 - 89,1,0
"2440",1997,14,90 - 94,0,0
"2440",1997,14,95+,0,0
"2440",1997,14,UNK,0,0
"2440",1997,15,Total,117,76
"2440",1997,15,0,0,0
"2440",1997,15,1,1,0
"2440",1997,15,2,0,0
"2440",1997,15,3,0,0
"2440",1997,15,4,0,0
"2440",1997,15,5 - 9,1,0
"2440",1997,15,10 - 14,0,1
"2440",1997,15,15 - 19,4,4
"2440",1997,15,20 - 24,5,4
"2440",1997,15,25 - 29,5,0
"2440",1997,15,30 - 34,10,1
"2440",1997,15,35 - 39,3,1
"2440",1997,15,40 - 44,8,5
"2440",1997,15,45 - 49,5,3
"2440",1997,15,50 - 54,4,0
"2440",1997,15,55 - 59,6,5
"2440",1997,15,60 - 64,6,4
"2440",1997,15,65 - 69,5,3
"2440",1997,15,70 - 74,7,7
"2440",1997,15,75 - 79,9,14
"2440",1997,15,80 - 84,13,7
"2440",1997,15,85 - 89,25,16
"2440",1997,15,90 - 94,0,0
"2440",1997,15,95+,0,0
"2440",1997,15,UNK,0,1
"2440",1998,1,Total,4287,5349
"2440",1998,1,0,129,204
"2440",1998,1,1,7,14
"2440",1998,1,2,3,8
"2440",1998,1,3,8,10
"2440",1998,1,4,4,9
"2440",1998,1,5 - 9,25,28
"2440",1998,1,10 - 14,19,31
"2440",1998,1,15 - 19,43,79
"2440",1998,1,20 - 24,69,99
"2440",1998,1,25 - 29,67,114
"2440",1998,1,30 - 34,75,163
"2440",1998,1,35 - 39,126,198
"2440",1998,1,40 - 44,143,226
"2440",1998,1,45 - 49,166,252
"2440",1998,1,50 - 54,230,322
"2440",1998,1,55 - 59,261,389
"2440",1998,1,60 - 64,322,462
"2440",1998,1,65 - 69,416,499
"2440",1998,1,70 - 74,437,622
"2440",1998,1,75 - 79,511,600
"2440",1998,1,80 - 84,498,504
"2440",1998,1,85 - 89,728,513
"2440",1998,1,90 - 94,0,0
"2440",1998,1,95+,0,0
"2440",1998,1,UNK,0,3
"2440",1998,2,Total,75,96
"2440",1998,2,0,0,4
"2440",1998,2,1,0,0
"2440",1998,2,2,0,0
"2440",1998,2,3,1,1
"2440",1998,2,4,1,0
"2440",1998,2,5 - 9,2,3
"2440",1998,2,10 - 14,1,1
"2440",1998,2,15 - 19,2,4
"2440",1998,2,20 - 24,3,1
"2440",1998,2,25 - 29,4,5
"2440",1998,2,30 - 34,2,3
"2440",1998,2,35 - 39,1,10
"2440",1998,2,40 - 44,4,4
"2440",1998,2,45 - 49,2,4
"2440",1998,2,50 - 54,5,5
"2440",1998,2,55 - 59,2,6
"2440",1998,2,60 - 64,6,6
"2440",1998,2,65 - 69,1,7
"2440",1998,2,70 - 74,6,6
"2440",1998,2,75 - 79,5,6
"2440",1998,2,80 - 84,12,10
"2440",1998,2,85 - 89,15,10
"2440",1998,2,90 - 94,0,0
"2440",1998,2,95+,0,0
"2440",1998,2,UNK,0,0
"2440",1998,3,Total,609,659
"2440",1998,3,0,1,1
"2440",1998,3,1,0,5
"2440",1998,3,2,0,0
"2440",1998,3,3,1,3
"2440",1998,3,4,0,4
"2440",1998,3,5 - 9,4,1
"2440",1998,3,10 - 14,3,2
"2440",1998,3,15 - 19,5,2
"2440",1998,3,20 - 24,8,4
"2440",1998,3,25 - 29,9,4
"2440",1998,3,30 - 34,13,7
"2440",1998,3,35 - 39,31,6
"2440",1998,3,40 - 44,46,22
"2440",1998,3,45 - 49,38,27
"2440",1998,3,50 - 54,54,30
"2440",1998,3,55 - 59,35,42
"2440",1998,3,60 - 64,56,65
"2440",1998,3,65 - 69,77,88
"2440",1998,3,70 - 74,63,110
"2440",1998,3,75 - 79,61,100
"2440",1998,3,80 - 84,56,81
"2440",1998,3,85 - 89,48,54
"2440",1998,3,90 - 94,0,0
"2440",1998,3,95+,0,0
"2440",1998,3,UNK,0,1
"2440",1998,4,Total,1801,2005
"2440",1998,4,0,0,1
"2440",1998,4,1,0,0
"2440",1998,4,2,0,1
"2440",1998,4,3,1,1
"2440",1998,4,4,1,1
"2440",1998,4,5 - 9,2,3
"2440",1998,4,10 - 14,4,4
"2440",1998,4,15 - 19,4,7
"2440",1998,4,20 - 24,9,1
"2440",1998,4,25 - 29,3,5
"2440",1998,4,30 - 34,5,18
"2440",1998,4,35 - 39,17,27
"2440",1998,4,40 - 44,32,52
"2440",1998,4,45 - 49,41,69
"2440",1998,4,50 - 54,79,127
"2440",1998,4,55 - 59,115,175
"2440",1998,4,60 - 64,147,222
"2440",1998,4,65 - 69,191,224
"2440",1998,4,70 - 74,215,279
"2440",1998,4,75 - 79,270,290
"2440",1998,4,80 - 84,262,250
"2440",1998,4,85 - 89,403,247
"2440",1998,4,90 - 94,0,0
"2440",1998,4,95+,0,0
"2440",1998,4,UNK,0,1
"2440",1998,5,Total,92,96
"2440",1998,5,0,2,6
"2440",1998,5,1,0,0
"2440",1998,5,2,0,0
"2440",1998,5,3,1,0
"2440",1998,5,4,0,0
"2440",1998,5,5 - 9,0,0
"2440",1998,5,10 - 14,1,0
"2440",1998,5,15 - 19,1,0
"2440",1998,5,20 - 24,1,2
"2440",1998,5,25 - 29,0,0
"2440",1998,5,30 - 34,2,2
"2440",1998,5,35 - 39,2,6
"2440",1998,5,40 - 44,0,4
"2440",1998,5,45 - 49,1,4
"2440",1998,5,50 - 54,0,3
"2440",1998,5,55 - 59,0,4
"2440",1998,5,60 - 64,2,1
"2440",1998,5,65 - 69,3,0
"2440",1998,5,70 - 74,2,5
"2440",1998,5,75 - 79,10,8
"2440",1998,5,80 - 84,16,11
"2440",1998,5,85 - 89,48,40
"2440",1998,5,90 - 94,0,0
"2440",1998,5,95+,0,0
"2440",1998,5,UNK,0,0
"2440",1998,6,Total,12,21
"2440",1998,6,0,0,0
"2440",1998,6,1,0,0
"2440",1998,6,2,0,0
"2440",1998,6,3,0,0
"2440",1998,6,4,0,0
"2440",1998,6,5 - 9,0,0
"2440",1998,6,10 - 14,0,0
"2440",1998,6,15 - 19,1,0
"2440",1998,6,20 - 24,1,2
"2440",1998,6,25 - 29,1,0
"2440",1998,6,30 - 34,1,0
"2440",1998,6,35 - 39,0,2
"2440",1998,6,40 - 44,0,2
"2440",1998,6,45 - 49,2,2
"2440",1998,6,50 - 54,0,0
"2440",1998,6,55 - 59,0,1
"2440",1998,6,60 - 64,1,4
"2440",1998,6,65 - 69,0,1
"2440",1998,6,70 - 74,0,0
"2440",1998,6,75 - 79,2,1
"2440",1998,6,80 - 84,1,2
"2440",1998,6,85 - 89,2,4
"2440",1998,6,90 - 94,0,0
"2440",1998,6,95+,0,0
"2440",1998,6,UNK,0,0
"2440",1998,7,Total,57,93
"2440",1998,7,0,0,3
"2440",1998,7,1,2,0
"2440",1998,7,2,1,0
"2440",1998,7,3,0,0
"2440",1998,7,4,0,0
"2440",1998,7,5 - 9,2,2
"2440",1998,7,10 - 14,1,2
"2440",1998,7,15 - 19,4,6
"2440",1998,7,20 - 24,3,4
"2440",1998,7,25 - 29,2,4
"2440",1998,7,30 - 34,2,5
"2440",1998,7,35 - 39,2,1
"2440",1998,7,40 - 44,2,9
"2440",1998,7,45 - 49,2,4
"2440",1998,7,50 - 54,1,4
"2440",1998,7,55 - 59,1,6
"2440",1998,7,60 - 64,3,7
"2440",1998,7,65 - 69,3,5
"2440",1998,7,70 - 74,4,3
"2440",1998,7,75 - 79,7,9
"2440",1998,7,80 - 84,6,9
"2440",1998,7,85 - 89,9,10
"2440",1998,7,90 - 94,0,0
"2440",1998,7,95+,0,0
"2440",1998,7,UNK,0,0
"2440",1998,8,Total,853,936
"2440",1998,8,0,11,5
"2440",1998,8,1,2,2
"2440",1998,8,2,0,1
"2440",1998,8,3,0,1
"2440",1998,8,4,1,0
"2440",1998,8,5 - 9,2,1
"2440",1998,8,10 - 14,0,4
"2440",1998,8,15 - 19,4,4
"2440",1998,8,20 - 24,19,13
"2440",1998,8,25 - 29,19,31
"2440",1998,8,30 - 34,26,60
"2440",1998,8,35 - 39,33,63
"2440",1998,8,40 - 44,30,67
"2440",1998,8,45 - 49,39,64
"2440",1998,8,50 - 54,59,79
"2440",1998,8,55 - 59,75,83
"2440",1998,8,60 - 64,78,85
"2440",1998,8,65 - 69,108,94
"2440",1998,8,70 - 74,104,105
"2440",1998,8,75 - 79,96,79
"2440",1998,8,80 - 84,83,43
"2440",1998,8,85 - 89,64,51
"2440",1998,8,90 - 94,0,0
"2440",1998,8,95+,0,0
"2440",1998,8,UNK,0,1
"2440",1998,9,Total,129,203
"2440",1998,9,0,0,0
"2440",1998,9,1,0,0
"2440",1998,9,2,0,2
"2440",1998,9,3,2,0
"2440",1998,9,4,0,0
"2440",1998,9,5 - 9,1,0
"2440",1998,9,10 - 14,1,3
"2440",1998,9,15 - 19,0,1
"2440",1998,9,20 - 24,1,4
"2440",1998,9,25 - 29,2,4
"2440",1998,9,30 - 34,3,4
"2440",1998,9,35 - 39,7,7
"2440",1998,9,40 - 44,3,11
"2440",1998,9,45 - 49,12,18
"2440",1998,9,50 - 54,13,16
"2440",1998,9,55 - 59,9,27
"2440",1998,9,60 - 64,13,16
"2440",1998,9,65 - 69,11,20
"2440",1998,9,70 - 74,8,29
"2440",1998,9,75 - 79,13,17
"2440",1998,9,80 - 84,14,16
"2440",1998,9,85 - 89,16,8
"2440",1998,9,90 - 94,0,0
"2440",1998,9,95+,0,0
"2440",1998,9,UNK,0,0
"2440",1998,10,Total,60,132
"2440",1998,10,0,0,0
"2440",1998,10,1,0,0
"2440",1998,10,2,1,0
"2440",1998,10,3,0,0
"2440",1998,10,4,0,1
"2440",1998,10,5 - 9,0,0
"2440",1998,10,10 - 14,0,0
"2440",1998,10,15 - 19,3,2
"2440",1998,10,20 - 24,2,0
"2440",1998,10,25 - 29,1,2
"2440",1998,10,30 - 34,3,3
"2440",1998,10,35 - 39,6,2
"2440",1998,10,40 - 44,5,4
"2440",1998,10,45 - 49,3,5
"2440",1998,10,50 - 54,5,10
"2440",1998,10,55 - 59,6,8
"2440",1998,10,60 - 64,2,11
"2440",1998,10,65 - 69,6,6
"2440",1998,10,70 - 74,1,24
"2440",1998,10,75 - 79,2,22
"2440",1998,10,80 - 84,7,15
"2440",1998,10,85 - 89,7,17
"2440",1998,10,90 - 94,0,0
"2440",1998,10,95+,0,0
"2440",1998,10,UNK,0,0
"2440",1998,11,Total,126,189
"2440",1998,11,0,111,166
"2440",1998,11,1,0,4
"2440",1998,11,2,1,2
"2440",1998,11,3,1,1
"2440",1998,11,4,1,0
"2440",1998,11,5 - 9,1,4
"2440",1998,11,10 - 14,1,1
"2440",1998,11,15 - 19,1,4
"2440",1998,11,20 - 24,2,0
"2440",1998,11,25 - 29,1,1
"2440",1998,11,30 - 34,0,0
"2440",1998,11,35 - 39,3,2
"2440",1998,11,40 - 44,0,2
"2440",1998,11,45 - 49,1,0
"2440",1998,11,50 - 54,1,0
"2440",1998,11,55 - 59,0,0
"2440",1998,11,60 - 64,0,0
"2440",1998,11,65 - 69,0,1
"2440",1998,11,70 - 74,1,0
"2440",1998,11,75 - 79,0,0
"2440",1998,11,80 - 84,0,1
"2440",1998,11,85 - 89,0,0
"2440",1998,11,90 - 94,0,0
"2440",1998,11,95+,0,0
"2440",1998,11,UNK,0,0
"2440",1998,12,Total,231,365
"2440",1998,12,0,3,11
"2440",1998,12,1,2,1
"2440",1998,12,2,0,1
"2440",1998,12,3,0,0
"2440",1998,12,4,0,0
"2440",1998,12,5 - 9,2,2
"2440",1998,12,10 - 14,2,1
"2440",1998,12,15 - 19,0,11
"2440",1998,12,20 - 24,6,8
"2440",1998,12,25 - 29,2,9
"2440",1998,12,30 - 34,4,7
"2440",1998,12,35 - 39,6,10
"2440",1998,12,40 - 44,9,12
"2440",1998,12,45 - 49,9,18
"2440",1998,12,50 - 54,3,18
"2440",1998,12,55 - 59,11,16
"2440",1998,12,60 - 64,7,20
"2440",1998,12,65 - 69,7,23
"2440",1998,12,70 - 74,26,45
"2440",1998,12,75 - 79,31,48
"2440",1998,12,80 - 84,27,50
"2440",1998,12,85 - 89,74,54
"2440",1998,12,90 - 94,0,0
"2440",1998,12,95+,0,0
"2440",1998,12,UNK,0,0
"2440",1998,13,Total,110,404
"2440",1998,13,0,0,6
"2440",1998,13,1,1,1
"2440",1998,13,2,0,0
"2440",1998,13,3,0,2
"2440",1998,13,4,0,2
"2440",1998,13,5 - 9,6,9
"2440",1998,13,10 - 14,3,12
"2440",1998,13,15 - 19,14,31
"2440",1998,13,20 - 24,6,42
"2440",1998,13,25 - 29,10,39
"2440",1998,13,30 - 34,8,38
"2440",1998,13,35 - 39,10,50
"2440",1998,13,40 - 44,7,34
"2440",1998,13,45 - 49,6,29
"2440",1998,13,50 - 54,6,23
"2440",1998,13,55 - 59,2,15
"2440",1998,13,60 - 64,2,17
"2440",1998,13,65 - 69,3,18
"2440",1998,13,70 - 74,4,10
"2440",1998,13,75 - 79,3,11
"2440",1998,13,80 - 84,4,8
"2440",1998,13,85 - 89,15,7
"2440",1998,13,90 - 94,0,0
"2440",1998,13,95+,0,0
"2440",1998,13,UNK,0,0
"2440",1998,14,Total,25,84
"2440",1998,14,0,0,1
"2440",1998,14,1,0,1
"2440",1998,14,2,0,0
"2440",1998,14,3,1,1
"2440",1998,14,4,0,0
"2440",1998,14,5 - 9,0,2
"2440",1998,14,10 - 14,1,0
"2440",1998,14,15 - 19,2,6
"2440",1998,14,20 - 24,3,16
"2440",1998,14,25 - 29,7,8
"2440",1998,14,30 - 34,1,14
"2440",1998,14,35 - 39,6,9
"2440",1998,14,40 - 44,1,2
"2440",1998,14,45 - 49,2,6
"2440",1998,14,50 - 54,0,4
"2440",1998,14,55 - 59,0,4
"2440",1998,14,60 - 64,1,2
"2440",1998,14,65 - 69,0,2
"2440",1998,14,70 - 74,0,2
"2440",1998,14,75 - 79,0,1
"2440",1998,14,80 - 84,0,2
"2440",1998,14,85 - 89,0,1
"2440",1998,14,90 - 94,0,0
"2440",1998,14,95+,0,0
"2440",1998,14,UNK,0,0
"2440",1998,15,Total,107,66
"2440",1998,15,0,1,0
"2440",1998,15,1,0,0
"2440",1998,15,2,0,1
"2440",1998,15,3,0,0
"2440",1998,15,4,0,1
"2440",1998,15,5 - 9,3,1
"2440",1998,15,10 - 14,1,1
"2440",1998,15,15 - 19,2,1
"2440",1998,15,20 - 24,5,2
"2440",1998,15,25 - 29,6,2
"2440",1998,15,30 - 34,5,2
"2440",1998,15,35 - 39,2,3
"2440",1998,15,40 - 44,4,1
"2440",1998,15,45 - 49,8,2
"2440",1998,15,50 - 54,4,3
"2440",1998,15,55 - 59,5,2
"2440",1998,15,60 - 64,4,6
"2440",1998,15,65 - 69,6,10
"2440",1998,15,70 - 74,3,4
"2440",1998,15,75 - 79,11,8
"2440",1998,15,80 - 84,10,6
"2440",1998,15,85 - 89,27,10
"2440",1998,15,90 - 94,0,0
"2440",1998,15,95+,0,0
"2440",1998,15,UNK,0,0
