"","Year","Cause","Age","Female","Male"
"2420",1990,1,Total,317,354
"2420",1990,1,0,22,25
"2420",1990,1,1,2,6
"2420",1990,1,2,2,2
"2420",1990,1,3,1,2
"2420",1990,1,4,1,0
"2420",1990,1,5 - 9,2,6
"2420",1990,1,10 - 14,2,3
"2420",1990,1,15 - 19,2,10
"2420",1990,1,20 - 24,4,3
"2420",1990,1,25 - 29,5,8
"2420",1990,1,30 - 34,6,16
"2420",1990,1,35 - 39,9,15
"2420",1990,1,40 - 44,4,9
"2420",1990,1,45 - 49,6,14
"2420",1990,1,50 - 54,10,11
"2420",1990,1,55 - 59,10,11
"2420",1990,1,60 - 64,11,23
"2420",1990,1,65 - 69,23,25
"2420",1990,1,70 - 74,23,47
"2420",1990,1,75 - 79,38,44
"2420",1990,1,80 - 84,35,29
"2420",1990,1,85 - 89,41,18
"2420",1990,1,90 - 94,34,9
"2420",1990,1,95+,13,2
"2420",1990,1,UNK,11,16
"2420",1990,2,Total,7,12
"2420",1990,2,0,1,1
"2420",1990,2,1,0,1
"2420",1990,2,2,0,1
"2420",1990,2,3,0,0
"2420",1990,2,4,0,0
"2420",1990,2,5 - 9,0,1
"2420",1990,2,10 - 14,1,0
"2420",1990,2,15 - 19,0,0
"2420",1990,2,20 - 24,0,0
"2420",1990,2,25 - 29,0,0
"2420",1990,2,30 - 34,0,0
"2420",1990,2,35 - 39,1,2
"2420",1990,2,40 - 44,0,0
"2420",1990,2,45 - 49,0,0
"2420",1990,2,50 - 54,0,0
"2420",1990,2,55 - 59,1,0
"2420",1990,2,60 - 64,0,1
"2420",1990,2,65 - 69,0,0
"2420",1990,2,70 - 74,0,2
"2420",1990,2,75 - 79,1,1
"2420",1990,2,80 - 84,1,0
"2420",1990,2,85 - 89,0,0
"2420",1990,2,90 - 94,0,1
"2420",1990,2,95+,1,0
"2420",1990,2,UNK,0,1
"2420",1990,3,Total,46,50
"2420",1990,3,0,0,0
"2420",1990,3,1,0,0
"2420",1990,3,2,0,0
"2420",1990,3,3,0,0
"2420",1990,3,4,0,0
"2420",1990,3,5 - 9,0,0
"2420",1990,3,10 - 14,0,1
"2420",1990,3,15 - 19,0,1
"2420",1990,3,20 - 24,0,0
"2420",1990,3,25 - 29,1,3
"2420",1990,3,30 - 34,4,0
"2420",1990,3,35 - 39,2,2
"2420",1990,3,40 - 44,3,0
"2420",1990,3,45 - 49,3,2
"2420",1990,3,50 - 54,3,4
"2420",1990,3,55 - 59,4,3
"2420",1990,3,60 - 64,5,8
"2420",1990,3,65 - 69,6,9
"2420",1990,3,70 - 74,3,8
"2420",1990,3,75 - 79,3,3
"2420",1990,3,80 - 84,1,4
"2420",1990,3,85 - 89,3,2
"2420",1990,3,90 - 94,4,0
"2420",1990,3,95+,0,0
"2420",1990,3,UNK,1,0
"2420",1990,4,Total,116,107
"2420",1990,4,0,0,0
"2420",1990,4,1,0,0
"2420",1990,4,2,0,0
"2420",1990,4,3,1,0
"2420",1990,4,4,0,0
"2420",1990,4,5 - 9,1,0
"2420",1990,4,10 - 14,0,0
"2420",1990,4,15 - 19,0,1
"2420",1990,4,20 - 24,1,1
"2420",1990,4,25 - 29,0,1
"2420",1990,4,30 - 34,1,2
"2420",1990,4,35 - 39,2,2
"2420",1990,4,40 - 44,0,6
"2420",1990,4,45 - 49,1,3
"2420",1990,4,50 - 54,2,3
"2420",1990,4,55 - 59,2,2
"2420",1990,4,60 - 64,5,7
"2420",1990,4,65 - 69,9,9
"2420",1990,4,70 - 74,11,21
"2420",1990,4,75 - 79,24,24
"2420",1990,4,80 - 84,15,13
"2420",1990,4,85 - 89,16,6
"2420",1990,4,90 - 94,16,4
"2420",1990,4,95+,6,0
"2420",1990,4,UNK,3,2
"2420",1990,5,Total,39,27
"2420",1990,5,0,1,1
"2420",1990,5,1,0,2
"2420",1990,5,2,0,0
"2420",1990,5,3,0,1
"2420",1990,5,4,0,0
"2420",1990,5,5 - 9,0,0
"2420",1990,5,10 - 14,0,0
"2420",1990,5,15 - 19,0,0
"2420",1990,5,20 - 24,0,0
"2420",1990,5,25 - 29,1,1
"2420",1990,5,30 - 34,0,0
"2420",1990,5,35 - 39,0,0
"2420",1990,5,40 - 44,0,0
"2420",1990,5,45 - 49,0,0
"2420",1990,5,50 - 54,0,0
"2420",1990,5,55 - 59,0,0
"2420",1990,5,60 - 64,0,2
"2420",1990,5,65 - 69,4,1
"2420",1990,5,70 - 74,1,4
"2420",1990,5,75 - 79,1,3
"2420",1990,5,80 - 84,5,3
"2420",1990,5,85 - 89,12,4
"2420",1990,5,90 - 94,7,4
"2420",1990,5,95+,4,0
"2420",1990,5,UNK,3,1
"2420",1990,6,Total,0,4
"2420",1990,6,0,0,0
"2420",1990,6,1,0,0
"2420",1990,6,2,0,0
"2420",1990,6,3,0,0
"2420",1990,6,4,0,0
"2420",1990,6,5 - 9,0,0
"2420",1990,6,10 - 14,0,0
"2420",1990,6,15 - 19,0,0
"2420",1990,6,20 - 24,0,0
"2420",1990,6,25 - 29,0,0
"2420",1990,6,30 - 34,0,1
"2420",1990,6,35 - 39,0,0
"2420",1990,6,40 - 44,0,0
"2420",1990,6,45 - 49,0,0
"2420",1990,6,50 - 54,0,1
"2420",1990,6,55 - 59,0,1
"2420",1990,6,60 - 64,0,0
"2420",1990,6,65 - 69,0,0
"2420",1990,6,70 - 74,0,0
"2420",1990,6,75 - 79,0,0
"2420",1990,6,80 - 84,0,0
"2420",1990,6,85 - 89,0,0
"2420",1990,6,90 - 94,0,0
"2420",1990,6,95+,0,0
"2420",1990,6,UNK,0,1
"2420",1990,7,Total,9,12
"2420",1990,7,0,0,0
"2420",1990,7,1,1,1
"2420",1990,7,2,0,0
"2420",1990,7,3,0,0
"2420",1990,7,4,0,0
"2420",1990,7,5 - 9,0,1
"2420",1990,7,10 - 14,1,1
"2420",1990,7,15 - 19,1,1
"2420",1990,7,20 - 24,0,0
"2420",1990,7,25 - 29,2,0
"2420",1990,7,30 - 34,1,1
"2420",1990,7,35 - 39,0,1
"2420",1990,7,40 - 44,0,0
"2420",1990,7,45 - 49,0,2
"2420",1990,7,50 - 54,0,0
"2420",1990,7,55 - 59,1,0
"2420",1990,7,60 - 64,0,1
"2420",1990,7,65 - 69,0,0
"2420",1990,7,70 - 74,1,2
"2420",1990,7,75 - 79,0,0
"2420",1990,7,80 - 84,0,1
"2420",1990,7,85 - 89,0,0
"2420",1990,7,90 - 94,0,0
"2420",1990,7,95+,0,0
"2420",1990,7,UNK,1,0
"2420",1990,8,Total,29,19
"2420",1990,8,0,0,1
"2420",1990,8,1,0,0
"2420",1990,8,2,0,0
"2420",1990,8,3,0,0
"2420",1990,8,4,1,0
"2420",1990,8,5 - 9,0,0
"2420",1990,8,10 - 14,0,1
"2420",1990,8,15 - 19,0,0
"2420",1990,8,20 - 24,0,0
"2420",1990,8,25 - 29,0,0
"2420",1990,8,30 - 34,0,1
"2420",1990,8,35 - 39,0,1
"2420",1990,8,40 - 44,0,1
"2420",1990,8,45 - 49,0,0
"2420",1990,8,50 - 54,4,0
"2420",1990,8,55 - 59,2,2
"2420",1990,8,60 - 64,1,1
"2420",1990,8,65 - 69,1,1
"2420",1990,8,70 - 74,6,2
"2420",1990,8,75 - 79,4,3
"2420",1990,8,80 - 84,4,2
"2420",1990,8,85 - 89,4,2
"2420",1990,8,90 - 94,2,0
"2420",1990,8,95+,0,0
"2420",1990,8,UNK,0,1
"2420",1990,9,Total,5,14
"2420",1990,9,0,0,0
"2420",1990,9,1,0,1
"2420",1990,9,2,1,0
"2420",1990,9,3,0,0
"2420",1990,9,4,0,0
"2420",1990,9,5 - 9,0,0
"2420",1990,9,10 - 14,0,0
"2420",1990,9,15 - 19,0,0
"2420",1990,9,20 - 24,0,0
"2420",1990,9,25 - 29,0,1
"2420",1990,9,30 - 34,0,0
"2420",1990,9,35 - 39,0,1
"2420",1990,9,40 - 44,0,0
"2420",1990,9,45 - 49,0,2
"2420",1990,9,50 - 54,0,1
"2420",1990,9,55 - 59,0,2
"2420",1990,9,60 - 64,0,3
"2420",1990,9,65 - 69,1,1
"2420",1990,9,70 - 74,1,1
"2420",1990,9,75 - 79,1,0
"2420",1990,9,80 - 84,1,1
"2420",1990,9,85 - 89,0,0
"2420",1990,9,90 - 94,0,0
"2420",1990,9,95+,0,0
"2420",1990,9,UNK,0,0
"2420",1990,10,Total,6,15
"2420",1990,10,0,0,0
"2420",1990,10,1,0,0
"2420",1990,10,2,0,0
"2420",1990,10,3,0,0
"2420",1990,10,4,0,0
"2420",1990,10,5 - 9,0,0
"2420",1990,10,10 - 14,0,0
"2420",1990,10,15 - 19,0,0
"2420",1990,10,20 - 24,0,1
"2420",1990,10,25 - 29,0,1
"2420",1990,10,30 - 34,0,0
"2420",1990,10,35 - 39,0,0
"2420",1990,10,40 - 44,1,1
"2420",1990,10,45 - 49,0,2
"2420",1990,10,50 - 54,0,0
"2420",1990,10,55 - 59,0,0
"2420",1990,10,60 - 64,0,0
"2420",1990,10,65 - 69,1,1
"2420",1990,10,70 - 74,0,2
"2420",1990,10,75 - 79,1,3
"2420",1990,10,80 - 84,3,3
"2420",1990,10,85 - 89,0,1
"2420",1990,10,90 - 94,0,0
"2420",1990,10,95+,0,0
"2420",1990,10,UNK,0,0
"2420",1990,11,Total,21,21
"2420",1990,11,0,20,19
"2420",1990,11,1,0,0
"2420",1990,11,2,0,0
"2420",1990,11,3,0,0
"2420",1990,11,4,0,0
"2420",1990,11,5 - 9,0,1
"2420",1990,11,10 - 14,0,0
"2420",1990,11,15 - 19,0,0
"2420",1990,11,20 - 24,0,1
"2420",1990,11,25 - 29,0,0
"2420",1990,11,30 - 34,0,0
"2420",1990,11,35 - 39,0,0
"2420",1990,11,40 - 44,0,0
"2420",1990,11,45 - 49,0,0
"2420",1990,11,50 - 54,0,0
"2420",1990,11,55 - 59,0,0
"2420",1990,11,60 - 64,0,0
"2420",1990,11,65 - 69,0,0
"2420",1990,11,70 - 74,0,0
"2420",1990,11,75 - 79,0,0
"2420",1990,11,80 - 84,1,0
"2420",1990,11,85 - 89,0,0
"2420",1990,11,90 - 94,0,0
"2420",1990,11,95+,0,0
"2420",1990,11,UNK,0,0
"2420",1990,12,Total,17,24
"2420",1990,12,0,0,2
"2420",1990,12,1,0,0
"2420",1990,12,2,1,0
"2420",1990,12,3,0,0
"2420",1990,12,4,0,0
"2420",1990,12,5 - 9,0,2
"2420",1990,12,10 - 14,0,0
"2420",1990,12,15 - 19,0,3
"2420",1990,12,20 - 24,0,0
"2420",1990,12,25 - 29,0,1
"2420",1990,12,30 - 34,0,2
"2420",1990,12,35 - 39,1,1
"2420",1990,12,40 - 44,0,0
"2420",1990,12,45 - 49,1,0
"2420",1990,12,50 - 54,0,2
"2420",1990,12,55 - 59,0,0
"2420",1990,12,60 - 64,0,0
"2420",1990,12,65 - 69,1,2
"2420",1990,12,70 - 74,0,2
"2420",1990,12,75 - 79,1,2
"2420",1990,12,80 - 84,3,2
"2420",1990,12,85 - 89,3,1
"2420",1990,12,90 - 94,4,0
"2420",1990,12,95+,1,1
"2420",1990,12,UNK,1,1
"2420",1990,13,Total,12,36
"2420",1990,13,0,0,0
"2420",1990,13,1,1,0
"2420",1990,13,2,0,1
"2420",1990,13,3,0,1
"2420",1990,13,4,0,0
"2420",1990,13,5 - 9,0,0
"2420",1990,13,10 - 14,0,0
"2420",1990,13,15 - 19,0,4
"2420",1990,13,20 - 24,3,0
"2420",1990,13,25 - 29,0,0
"2420",1990,13,30 - 34,0,9
"2420",1990,13,35 - 39,3,3
"2420",1990,13,40 - 44,0,1
"2420",1990,13,45 - 49,1,3
"2420",1990,13,50 - 54,0,0
"2420",1990,13,55 - 59,0,1
"2420",1990,13,60 - 64,0,0
"2420",1990,13,65 - 69,0,1
"2420",1990,13,70 - 74,0,2
"2420",1990,13,75 - 79,1,1
"2420",1990,13,80 - 84,0,0
"2420",1990,13,85 - 89,1,0
"2420",1990,13,90 - 94,0,0
"2420",1990,13,95+,0,0
"2420",1990,13,UNK,2,9
"2420",1990,14,Total,1,0
"2420",1990,14,0,0,0
"2420",1990,14,1,0,0
"2420",1990,14,2,0,0
"2420",1990,14,3,0,0
"2420",1990,14,4,0,0
"2420",1990,14,5 - 9,0,0
"2420",1990,14,10 - 14,0,0
"2420",1990,14,15 - 19,0,0
"2420",1990,14,20 - 24,0,0
"2420",1990,14,25 - 29,1,0
"2420",1990,14,30 - 34,0,0
"2420",1990,14,35 - 39,0,0
"2420",1990,14,40 - 44,0,0
"2420",1990,14,45 - 49,0,0
"2420",1990,14,50 - 54,0,0
"2420",1990,14,55 - 59,0,0
"2420",1990,14,60 - 64,0,0
"2420",1990,14,65 - 69,0,0
"2420",1990,14,70 - 74,0,0
"2420",1990,14,75 - 79,0,0
"2420",1990,14,80 - 84,0,0
"2420",1990,14,85 - 89,0,0
"2420",1990,14,90 - 94,0,0
"2420",1990,14,95+,0,0
"2420",1990,14,UNK,0,0
"2420",1990,15,Total,9,13
"2420",1990,15,0,0,1
"2420",1990,15,1,0,1
"2420",1990,15,2,0,0
"2420",1990,15,3,0,0
"2420",1990,15,4,0,0
"2420",1990,15,5 - 9,1,1
"2420",1990,15,10 - 14,0,0
"2420",1990,15,15 - 19,1,0
"2420",1990,15,20 - 24,0,0
"2420",1990,15,25 - 29,0,0
"2420",1990,15,30 - 34,0,0
"2420",1990,15,35 - 39,0,2
"2420",1990,15,40 - 44,0,0
"2420",1990,15,45 - 49,0,0
"2420",1990,15,50 - 54,1,0
"2420",1990,15,55 - 59,0,0
"2420",1990,15,60 - 64,0,0
"2420",1990,15,65 - 69,0,0
"2420",1990,15,70 - 74,0,1
"2420",1990,15,75 - 79,1,4
"2420",1990,15,80 - 84,1,0
"2420",1990,15,85 - 89,2,2
"2420",1990,15,90 - 94,1,0
"2420",1990,15,95+,1,1
"2420",1990,15,UNK,0,0
"2420",1995,1,Total,384,376
"2420",1995,1,0,25,31
"2420",1995,1,1,0,1
"2420",1995,1,2,3,0
"2420",1995,1,3,0,1
"2420",1995,1,4,0,0
"2420",1995,1,5 - 9,1,1
"2420",1995,1,10 - 14,6,1
"2420",1995,1,15 - 19,4,5
"2420",1995,1,20 - 24,6,10
"2420",1995,1,25 - 29,1,10
"2420",1995,1,30 - 34,7,12
"2420",1995,1,35 - 39,13,18
"2420",1995,1,40 - 44,11,14
"2420",1995,1,45 - 49,14,19
"2420",1995,1,50 - 54,10,16
"2420",1995,1,55 - 59,19,9
"2420",1995,1,60 - 64,23,27
"2420",1995,1,65 - 69,24,37
"2420",1995,1,70 - 74,37,42
"2420",1995,1,75 - 79,47,39
"2420",1995,1,80 - 84,43,31
"2420",1995,1,85 - 89,89,47
"2420",1995,1,90 - 94,0,0
"2420",1995,1,95+,0,0
"2420",1995,1,UNK,1,5
"2420",1995,2,Total,28,16
"2420",1995,2,0,1,1
"2420",1995,2,1,0,0
"2420",1995,2,2,0,0
"2420",1995,2,3,0,0
"2420",1995,2,4,0,0
"2420",1995,2,5 - 9,0,0
"2420",1995,2,10 - 14,0,0
"2420",1995,2,15 - 19,0,1
"2420",1995,2,20 - 24,0,0
"2420",1995,2,25 - 29,0,1
"2420",1995,2,30 - 34,1,0
"2420",1995,2,35 - 39,1,1
"2420",1995,2,40 - 44,0,0
"2420",1995,2,45 - 49,0,1
"2420",1995,2,50 - 54,1,0
"2420",1995,2,55 - 59,1,0
"2420",1995,2,60 - 64,2,2
"2420",1995,2,65 - 69,0,2
"2420",1995,2,70 - 74,2,2
"2420",1995,2,75 - 79,1,2
"2420",1995,2,80 - 84,5,0
"2420",1995,2,85 - 89,13,3
"2420",1995,2,90 - 94,0,0
"2420",1995,2,95+,0,0
"2420",1995,2,UNK,0,0
"2420",1995,3,Total,51,54
"2420",1995,3,0,0,0
"2420",1995,3,1,0,0
"2420",1995,3,2,0,0
"2420",1995,3,3,0,0
"2420",1995,3,4,0,0
"2420",1995,3,5 - 9,0,0
"2420",1995,3,10 - 14,1,0
"2420",1995,3,15 - 19,0,0
"2420",1995,3,20 - 24,2,2
"2420",1995,3,25 - 29,0,1
"2420",1995,3,30 - 34,0,1
"2420",1995,3,35 - 39,3,2
"2420",1995,3,40 - 44,4,3
"2420",1995,3,45 - 49,4,2
"2420",1995,3,50 - 54,5,4
"2420",1995,3,55 - 59,3,2
"2420",1995,3,60 - 64,5,5
"2420",1995,3,65 - 69,8,14
"2420",1995,3,70 - 74,7,8
"2420",1995,3,75 - 79,3,4
"2420",1995,3,80 - 84,4,2
"2420",1995,3,85 - 89,2,4
"2420",1995,3,90 - 94,0,0
"2420",1995,3,95+,0,0
"2420",1995,3,UNK,0,0
"2420",1995,4,Total,149,119
"2420",1995,4,0,0,0
"2420",1995,4,1,0,0
"2420",1995,4,2,0,0
"2420",1995,4,3,0,0
"2420",1995,4,4,0,0
"2420",1995,4,5 - 9,0,1
"2420",1995,4,10 - 14,0,0
"2420",1995,4,15 - 19,0,0
"2420",1995,4,20 - 24,1,2
"2420",1995,4,25 - 29,1,0
"2420",1995,4,30 - 34,1,4
"2420",1995,4,35 - 39,5,0
"2420",1995,4,40 - 44,3,4
"2420",1995,4,45 - 49,3,4
"2420",1995,4,50 - 54,1,5
"2420",1995,4,55 - 59,6,1
"2420",1995,4,60 - 64,10,11
"2420",1995,4,65 - 69,8,11
"2420",1995,4,70 - 74,16,19
"2420",1995,4,75 - 79,28,16
"2420",1995,4,80 - 84,25,13
"2420",1995,4,85 - 89,41,28
"2420",1995,4,90 - 94,0,0
"2420",1995,4,95+,0,0
"2420",1995,4,UNK,0,0
"2420",1995,5,Total,16,13
"2420",1995,5,0,0,0
"2420",1995,5,1,0,0
"2420",1995,5,2,0,0
"2420",1995,5,3,0,0
"2420",1995,5,4,0,0
"2420",1995,5,5 - 9,0,0
"2420",1995,5,10 - 14,0,0
"2420",1995,5,15 - 19,0,0
"2420",1995,5,20 - 24,0,0
"2420",1995,5,25 - 29,0,0
"2420",1995,5,30 - 34,0,0
"2420",1995,5,35 - 39,0,0
"2420",1995,5,40 - 44,0,0
"2420",1995,5,45 - 49,0,1
"2420",1995,5,50 - 54,0,3
"2420",1995,5,55 - 59,0,0
"2420",1995,5,60 - 64,0,0
"2420",1995,5,65 - 69,0,0
"2420",1995,5,70 - 74,3,1
"2420",1995,5,75 - 79,1,3
"2420",1995,5,80 - 84,3,2
"2420",1995,5,85 - 89,8,2
"2420",1995,5,90 - 94,0,0
"2420",1995,5,95+,0,0
"2420",1995,5,UNK,1,1
"2420",1995,6,Total,2,2
"2420",1995,6,0,0,0
"2420",1995,6,1,0,0
"2420",1995,6,2,0,0
"2420",1995,6,3,0,0
"2420",1995,6,4,0,0
"2420",1995,6,5 - 9,0,0
"2420",1995,6,10 - 14,0,0
"2420",1995,6,15 - 19,0,2
"2420",1995,6,20 - 24,0,0
"2420",1995,6,25 - 29,0,0
"2420",1995,6,30 - 34,0,0
"2420",1995,6,35 - 39,1,0
"2420",1995,6,40 - 44,0,0
"2420",1995,6,45 - 49,0,0
"2420",1995,6,50 - 54,0,0
"2420",1995,6,55 - 59,1,0
"2420",1995,6,60 - 64,0,0
"2420",1995,6,65 - 69,0,0
"2420",1995,6,70 - 74,0,0
"2420",1995,6,75 - 79,0,0
"2420",1995,6,80 - 84,0,0
"2420",1995,6,85 - 89,0,0
"2420",1995,6,90 - 94,0,0
"2420",1995,6,95+,0,0
"2420",1995,6,UNK,0,0
"2420",1995,7,Total,1,12
"2420",1995,7,0,1,1
"2420",1995,7,1,0,0
"2420",1995,7,2,0,0
"2420",1995,7,3,0,0
"2420",1995,7,4,0,0
"2420",1995,7,5 - 9,0,0
"2420",1995,7,10 - 14,0,0
"2420",1995,7,15 - 19,0,0
"2420",1995,7,20 - 24,0,0
"2420",1995,7,25 - 29,0,0
"2420",1995,7,30 - 34,0,1
"2420",1995,7,35 - 39,0,0
"2420",1995,7,40 - 44,0,1
"2420",1995,7,45 - 49,0,1
"2420",1995,7,50 - 54,0,1
"2420",1995,7,55 - 59,0,0
"2420",1995,7,60 - 64,0,0
"2420",1995,7,65 - 69,0,3
"2420",1995,7,70 - 74,0,2
"2420",1995,7,75 - 79,0,0
"2420",1995,7,80 - 84,0,2
"2420",1995,7,85 - 89,0,0
"2420",1995,7,90 - 94,0,0
"2420",1995,7,95+,0,0
"2420",1995,7,UNK,0,0
"2420",1995,8,Total,65,36
"2420",1995,8,0,2,0
"2420",1995,8,1,0,0
"2420",1995,8,2,0,0
"2420",1995,8,3,0,1
"2420",1995,8,4,0,0
"2420",1995,8,5 - 9,0,0
"2420",1995,8,10 - 14,1,0
"2420",1995,8,15 - 19,1,0
"2420",1995,8,20 - 24,1,0
"2420",1995,8,25 - 29,0,0
"2420",1995,8,30 - 34,2,1
"2420",1995,8,35 - 39,0,4
"2420",1995,8,40 - 44,1,1
"2420",1995,8,45 - 49,3,0
"2420",1995,8,50 - 54,2,3
"2420",1995,8,55 - 59,6,2
"2420",1995,8,60 - 64,4,3
"2420",1995,8,65 - 69,5,4
"2420",1995,8,70 - 74,9,4
"2420",1995,8,75 - 79,10,5
"2420",1995,8,80 - 84,4,4
"2420",1995,8,85 - 89,14,4
"2420",1995,8,90 - 94,0,0
"2420",1995,8,95+,0,0
"2420",1995,8,UNK,0,0
"2420",1995,9,Total,8,22
"2420",1995,9,0,0,1
"2420",1995,9,1,0,0
"2420",1995,9,2,0,0
"2420",1995,9,3,0,0
"2420",1995,9,4,0,0
"2420",1995,9,5 - 9,0,0
"2420",1995,9,10 - 14,0,0
"2420",1995,9,15 - 19,0,0
"2420",1995,9,20 - 24,0,0
"2420",1995,9,25 - 29,0,0
"2420",1995,9,30 - 34,0,3
"2420",1995,9,35 - 39,0,3
"2420",1995,9,40 - 44,1,2
"2420",1995,9,45 - 49,1,4
"2420",1995,9,50 - 54,0,0
"2420",1995,9,55 - 59,1,0
"2420",1995,9,60 - 64,1,1
"2420",1995,9,65 - 69,0,1
"2420",1995,9,70 - 74,0,3
"2420",1995,9,75 - 79,1,2
"2420",1995,9,80 - 84,1,2
"2420",1995,9,85 - 89,2,0
"2420",1995,9,90 - 94,0,0
"2420",1995,9,95+,0,0
"2420",1995,9,UNK,0,0
"2420",1995,10,Total,3,6
"2420",1995,10,0,0,0
"2420",1995,10,1,0,0
"2420",1995,10,2,0,0
"2420",1995,10,3,0,0
"2420",1995,10,4,0,0
"2420",1995,10,5 - 9,0,0
"2420",1995,10,10 - 14,0,0
"2420",1995,10,15 - 19,0,0
"2420",1995,10,20 - 24,0,0
"2420",1995,10,25 - 29,0,0
"2420",1995,10,30 - 34,0,0
"2420",1995,10,35 - 39,0,0
"2420",1995,10,40 - 44,0,0
"2420",1995,10,45 - 49,1,0
"2420",1995,10,50 - 54,0,0
"2420",1995,10,55 - 59,0,1
"2420",1995,10,60 - 64,0,1
"2420",1995,10,65 - 69,0,0
"2420",1995,10,70 - 74,0,1
"2420",1995,10,75 - 79,1,2
"2420",1995,10,80 - 84,0,1
"2420",1995,10,85 - 89,1,0
"2420",1995,10,90 - 94,0,0
"2420",1995,10,95+,0,0
"2420",1995,10,UNK,0,0
"2420",1995,11,Total,20,23
"2420",1995,11,0,20,23
"2420",1995,11,1,0,0
"2420",1995,11,2,0,0
"2420",1995,11,3,0,0
"2420",1995,11,4,0,0
"2420",1995,11,5 - 9,0,0
"2420",1995,11,10 - 14,0,0
"2420",1995,11,15 - 19,0,0
"2420",1995,11,20 - 24,0,0
"2420",1995,11,25 - 29,0,0
"2420",1995,11,30 - 34,0,0
"2420",1995,11,35 - 39,0,0
"2420",1995,11,40 - 44,0,0
"2420",1995,11,45 - 49,0,0
"2420",1995,11,50 - 54,0,0
"2420",1995,11,55 - 59,0,0
"2420",1995,11,60 - 64,0,0
"2420",1995,11,65 - 69,0,0
"2420",1995,11,70 - 74,0,0
"2420",1995,11,75 - 79,0,0
"2420",1995,11,80 - 84,0,0
"2420",1995,11,85 - 89,0,0
"2420",1995,11,90 - 94,0,0
"2420",1995,11,95+,0,0
"2420",1995,11,UNK,0,0
"2420",1995,12,Total,18,19
"2420",1995,12,0,1,3
"2420",1995,12,1,0,0
"2420",1995,12,2,2,0
"2420",1995,12,3,0,0
"2420",1995,12,4,0,0
"2420",1995,12,5 - 9,0,0
"2420",1995,12,10 - 14,1,1
"2420",1995,12,15 - 19,1,0
"2420",1995,12,20 - 24,0,0
"2420",1995,12,25 - 29,0,0
"2420",1995,12,30 - 34,0,0
"2420",1995,12,35 - 39,0,1
"2420",1995,12,40 - 44,2,0
"2420",1995,12,45 - 49,1,2
"2420",1995,12,50 - 54,0,0
"2420",1995,12,55 - 59,0,0
"2420",1995,12,60 - 64,1,2
"2420",1995,12,65 - 69,2,1
"2420",1995,12,70 - 74,0,0
"2420",1995,12,75 - 79,2,2
"2420",1995,12,80 - 84,1,3
"2420",1995,12,85 - 89,4,4
"2420",1995,12,90 - 94,0,0
"2420",1995,12,95+,0,0
"2420",1995,12,UNK,0,0
"2420",1995,13,Total,9,36
"2420",1995,13,0,0,1
"2420",1995,13,1,0,0
"2420",1995,13,2,0,0
"2420",1995,13,3,0,0
"2420",1995,13,4,0,0
"2420",1995,13,5 - 9,1,0
"2420",1995,13,10 - 14,3,0
"2420",1995,13,15 - 19,1,2
"2420",1995,13,20 - 24,0,4
"2420",1995,13,25 - 29,0,5
"2420",1995,13,30 - 34,2,2
"2420",1995,13,35 - 39,1,4
"2420",1995,13,40 - 44,0,3
"2420",1995,13,45 - 49,0,4
"2420",1995,13,50 - 54,0,0
"2420",1995,13,55 - 59,0,2
"2420",1995,13,60 - 64,0,1
"2420",1995,13,65 - 69,0,1
"2420",1995,13,70 - 74,0,2
"2420",1995,13,75 - 79,0,0
"2420",1995,13,80 - 84,0,0
"2420",1995,13,85 - 89,1,1
"2420",1995,13,90 - 94,0,0
"2420",1995,13,95+,0,0
"2420",1995,13,UNK,0,4
"2420",1995,14,Total,3,11
"2420",1995,14,0,0,1
"2420",1995,14,1,0,1
"2420",1995,14,2,0,0
"2420",1995,14,3,0,0
"2420",1995,14,4,0,0
"2420",1995,14,5 - 9,0,0
"2420",1995,14,10 - 14,0,0
"2420",1995,14,15 - 19,1,0
"2420",1995,14,20 - 24,1,2
"2420",1995,14,25 - 29,0,3
"2420",1995,14,30 - 34,0,0
"2420",1995,14,35 - 39,0,2
"2420",1995,14,40 - 44,0,0
"2420",1995,14,45 - 49,0,0
"2420",1995,14,50 - 54,1,0
"2420",1995,14,55 - 59,0,1
"2420",1995,14,60 - 64,0,1
"2420",1995,14,65 - 69,0,0
"2420",1995,14,70 - 74,0,0
"2420",1995,14,75 - 79,0,0
"2420",1995,14,80 - 84,0,0
"2420",1995,14,85 - 89,0,0
"2420",1995,14,90 - 94,0,0
"2420",1995,14,95+,0,0
"2420",1995,14,UNK,0,0
"2420",1995,15,Total,11,7
"2420",1995,15,0,0,0
"2420",1995,15,1,0,0
"2420",1995,15,2,1,0
"2420",1995,15,3,0,0
"2420",1995,15,4,0,0
"2420",1995,15,5 - 9,0,0
"2420",1995,15,10 - 14,0,0
"2420",1995,15,15 - 19,0,0
"2420",1995,15,20 - 24,1,0
"2420",1995,15,25 - 29,0,0
"2420",1995,15,30 - 34,1,0
"2420",1995,15,35 - 39,2,1
"2420",1995,15,40 - 44,0,0
"2420",1995,15,45 - 49,1,0
"2420",1995,15,50 - 54,0,0
"2420",1995,15,55 - 59,1,0
"2420",1995,15,60 - 64,0,0
"2420",1995,15,65 - 69,1,0
"2420",1995,15,70 - 74,0,0
"2420",1995,15,75 - 79,0,3
"2420",1995,15,80 - 84,0,2
"2420",1995,15,85 - 89,3,1
"2420",1995,15,90 - 94,0,0
"2420",1995,15,95+,0,0
"2420",1995,15,UNK,0,0
"2420",1996,1,Total,381,396
"2420",1996,1,0,21,26
"2420",1996,1,1,1,4
"2420",1996,1,2,1,2
"2420",1996,1,3,0,3
"2420",1996,1,4,0,0
"2420",1996,1,5 - 9,4,4
"2420",1996,1,10 - 14,2,1
"2420",1996,1,15 - 19,2,6
"2420",1996,1,20 - 24,4,9
"2420",1996,1,25 - 29,8,14
"2420",1996,1,30 - 34,7,16
"2420",1996,1,35 - 39,14,16
"2420",1996,1,40 - 44,7,17
"2420",1996,1,45 - 49,16,12
"2420",1996,1,50 - 54,16,15
"2420",1996,1,55 - 59,13,14
"2420",1996,1,60 - 64,23,23
"2420",1996,1,65 - 69,37,42
"2420",1996,1,70 - 74,46,40
"2420",1996,1,75 - 79,41,49
"2420",1996,1,80 - 84,43,38
"2420",1996,1,85 - 89,71,42
"2420",1996,1,90 - 94,0,0
"2420",1996,1,95+,0,0
"2420",1996,1,UNK,4,3
"2420",1996,2,Total,13,11
"2420",1996,2,0,1,0
"2420",1996,2,1,0,0
"2420",1996,2,2,0,0
"2420",1996,2,3,0,0
"2420",1996,2,4,0,0
"2420",1996,2,5 - 9,0,1
"2420",1996,2,10 - 14,0,0
"2420",1996,2,15 - 19,1,0
"2420",1996,2,20 - 24,0,0
"2420",1996,2,25 - 29,1,0
"2420",1996,2,30 - 34,1,1
"2420",1996,2,35 - 39,0,0
"2420",1996,2,40 - 44,0,0
"2420",1996,2,45 - 49,1,0
"2420",1996,2,50 - 54,0,0
"2420",1996,2,55 - 59,0,1
"2420",1996,2,60 - 64,0,0
"2420",1996,2,65 - 69,1,3
"2420",1996,2,70 - 74,2,2
"2420",1996,2,75 - 79,1,2
"2420",1996,2,80 - 84,3,1
"2420",1996,2,85 - 89,1,0
"2420",1996,2,90 - 94,0,0
"2420",1996,2,95+,0,0
"2420",1996,2,UNK,0,0
"2420",1996,3,Total,68,56
"2420",1996,3,0,0,0
"2420",1996,3,1,0,0
"2420",1996,3,2,0,0
"2420",1996,3,3,0,0
"2420",1996,3,4,0,0
"2420",1996,3,5 - 9,0,0
"2420",1996,3,10 - 14,1,0
"2420",1996,3,15 - 19,0,1
"2420",1996,3,20 - 24,0,0
"2420",1996,3,25 - 29,2,0
"2420",1996,3,30 - 34,2,1
"2420",1996,3,35 - 39,5,1
"2420",1996,3,40 - 44,4,1
"2420",1996,3,45 - 49,3,1
"2420",1996,3,50 - 54,5,0
"2420",1996,3,55 - 59,7,4
"2420",1996,3,60 - 64,8,3
"2420",1996,3,65 - 69,4,13
"2420",1996,3,70 - 74,9,8
"2420",1996,3,75 - 79,8,8
"2420",1996,3,80 - 84,6,11
"2420",1996,3,85 - 89,4,3
"2420",1996,3,90 - 94,0,0
"2420",1996,3,95+,0,0
"2420",1996,3,UNK,0,1
"2420",1996,4,Total,146,107
"2420",1996,4,0,3,0
"2420",1996,4,1,0,0
"2420",1996,4,2,0,1
"2420",1996,4,3,0,0
"2420",1996,4,4,0,0
"2420",1996,4,5 - 9,0,0
"2420",1996,4,10 - 14,0,0
"2420",1996,4,15 - 19,0,0
"2420",1996,4,20 - 24,0,1
"2420",1996,4,25 - 29,0,0
"2420",1996,4,30 - 34,2,3
"2420",1996,4,35 - 39,3,1
"2420",1996,4,40 - 44,2,4
"2420",1996,4,45 - 49,2,3
"2420",1996,4,50 - 54,4,3
"2420",1996,4,55 - 59,3,3
"2420",1996,4,60 - 64,11,7
"2420",1996,4,65 - 69,16,10
"2420",1996,4,70 - 74,19,15
"2420",1996,4,75 - 79,20,14
"2420",1996,4,80 - 84,22,14
"2420",1996,4,85 - 89,37,28
"2420",1996,4,90 - 94,0,0
"2420",1996,4,95+,0,0
"2420",1996,4,UNK,2,0
"2420",1996,5,Total,8,10
"2420",1996,5,0,0,1
"2420",1996,5,1,0,0
"2420",1996,5,2,0,0
"2420",1996,5,3,0,0
"2420",1996,5,4,0,0
"2420",1996,5,5 - 9,1,0
"2420",1996,5,10 - 14,0,0
"2420",1996,5,15 - 19,0,0
"2420",1996,5,20 - 24,0,0
"2420",1996,5,25 - 29,0,0
"2420",1996,5,30 - 34,0,0
"2420",1996,5,35 - 39,0,0
"2420",1996,5,40 - 44,0,0
"2420",1996,5,45 - 49,0,0
"2420",1996,5,50 - 54,0,0
"2420",1996,5,55 - 59,0,0
"2420",1996,5,60 - 64,0,0
"2420",1996,5,65 - 69,1,0
"2420",1996,5,70 - 74,0,2
"2420",1996,5,75 - 79,0,1
"2420",1996,5,80 - 84,0,1
"2420",1996,5,85 - 89,6,4
"2420",1996,5,90 - 94,0,0
"2420",1996,5,95+,0,0
"2420",1996,5,UNK,0,1
"2420",1996,6,Total,0,3
"2420",1996,6,0,0,0
"2420",1996,6,1,0,0
"2420",1996,6,2,0,0
"2420",1996,6,3,0,0
"2420",1996,6,4,0,0
"2420",1996,6,5 - 9,0,0
"2420",1996,6,10 - 14,0,0
"2420",1996,6,15 - 19,0,0
"2420",1996,6,20 - 24,0,0
"2420",1996,6,25 - 29,0,0
"2420",1996,6,30 - 34,0,0
"2420",1996,6,35 - 39,0,1
"2420",1996,6,40 - 44,0,0
"2420",1996,6,45 - 49,0,0
"2420",1996,6,50 - 54,0,0
"2420",1996,6,55 - 59,0,1
"2420",1996,6,60 - 64,0,0
"2420",1996,6,65 - 69,0,1
"2420",1996,6,70 - 74,0,0
"2420",1996,6,75 - 79,0,0
"2420",1996,6,80 - 84,0,0
"2420",1996,6,85 - 89,0,0
"2420",1996,6,90 - 94,0,0
"2420",1996,6,95+,0,0
"2420",1996,6,UNK,0,0
"2420",1996,7,Total,4,5
"2420",1996,7,0,0,0
"2420",1996,7,1,0,2
"2420",1996,7,2,0,0
"2420",1996,7,3,0,0
"2420",1996,7,4,0,0
"2420",1996,7,5 - 9,1,0
"2420",1996,7,10 - 14,0,0
"2420",1996,7,15 - 19,0,1
"2420",1996,7,20 - 24,0,0
"2420",1996,7,25 - 29,0,0
"2420",1996,7,30 - 34,0,0
"2420",1996,7,35 - 39,0,0
"2420",1996,7,40 - 44,1,1
"2420",1996,7,45 - 49,0,0
"2420",1996,7,50 - 54,0,0
"2420",1996,7,55 - 59,1,0
"2420",1996,7,60 - 64,0,1
"2420",1996,7,65 - 69,1,0
"2420",1996,7,70 - 74,0,0
"2420",1996,7,75 - 79,0,0
"2420",1996,7,80 - 84,0,0
"2420",1996,7,85 - 89,0,0
"2420",1996,7,90 - 94,0,0
"2420",1996,7,95+,0,0
"2420",1996,7,UNK,0,0
"2420",1996,8,Total,68,66
"2420",1996,8,0,3,2
"2420",1996,8,1,0,1
"2420",1996,8,2,1,1
"2420",1996,8,3,0,0
"2420",1996,8,4,0,0
"2420",1996,8,5 - 9,0,0
"2420",1996,8,10 - 14,0,0
"2420",1996,8,15 - 19,0,0
"2420",1996,8,20 - 24,1,1
"2420",1996,8,25 - 29,3,5
"2420",1996,8,30 - 34,1,5
"2420",1996,8,35 - 39,2,4
"2420",1996,8,40 - 44,0,5
"2420",1996,8,45 - 49,4,1
"2420",1996,8,50 - 54,6,2
"2420",1996,8,55 - 59,1,2
"2420",1996,8,60 - 64,2,1
"2420",1996,8,65 - 69,9,8
"2420",1996,8,70 - 74,8,7
"2420",1996,8,75 - 79,8,12
"2420",1996,8,80 - 84,6,7
"2420",1996,8,85 - 89,12,2
"2420",1996,8,90 - 94,0,0
"2420",1996,8,95+,0,0
"2420",1996,8,UNK,1,0
"2420",1996,9,Total,9,17
"2420",1996,9,0,0,0
"2420",1996,9,1,0,0
"2420",1996,9,2,0,0
"2420",1996,9,3,0,1
"2420",1996,9,4,0,0
"2420",1996,9,5 - 9,0,0
"2420",1996,9,10 - 14,0,0
"2420",1996,9,15 - 19,0,1
"2420",1996,9,20 - 24,0,0
"2420",1996,9,25 - 29,0,0
"2420",1996,9,30 - 34,0,1
"2420",1996,9,35 - 39,1,0
"2420",1996,9,40 - 44,0,1
"2420",1996,9,45 - 49,0,2
"2420",1996,9,50 - 54,1,3
"2420",1996,9,55 - 59,0,1
"2420",1996,9,60 - 64,1,3
"2420",1996,9,65 - 69,1,0
"2420",1996,9,70 - 74,1,0
"2420",1996,9,75 - 79,1,3
"2420",1996,9,80 - 84,1,0
"2420",1996,9,85 - 89,2,1
"2420",1996,9,90 - 94,0,0
"2420",1996,9,95+,0,0
"2420",1996,9,UNK,0,0
"2420",1996,10,Total,4,7
"2420",1996,10,0,0,0
"2420",1996,10,1,0,0
"2420",1996,10,2,0,0
"2420",1996,10,3,0,0
"2420",1996,10,4,0,0
"2420",1996,10,5 - 9,0,0
"2420",1996,10,10 - 14,0,0
"2420",1996,10,15 - 19,0,0
"2420",1996,10,20 - 24,0,1
"2420",1996,10,25 - 29,1,0
"2420",1996,10,30 - 34,0,0
"2420",1996,10,35 - 39,0,0
"2420",1996,10,40 - 44,0,0
"2420",1996,10,45 - 49,1,0
"2420",1996,10,50 - 54,0,0
"2420",1996,10,55 - 59,0,0
"2420",1996,10,60 - 64,0,1
"2420",1996,10,65 - 69,0,1
"2420",1996,10,70 - 74,1,2
"2420",1996,10,75 - 79,0,0
"2420",1996,10,80 - 84,0,2
"2420",1996,10,85 - 89,1,0
"2420",1996,10,90 - 94,0,0
"2420",1996,10,95+,0,0
"2420",1996,10,UNK,0,0
"2420",1996,11,Total,13,22
"2420",1996,11,0,12,19
"2420",1996,11,1,0,0
"2420",1996,11,2,0,0
"2420",1996,11,3,0,1
"2420",1996,11,4,0,0
"2420",1996,11,5 - 9,1,2
"2420",1996,11,10 - 14,0,0
"2420",1996,11,15 - 19,0,0
"2420",1996,11,20 - 24,0,0
"2420",1996,11,25 - 29,0,0
"2420",1996,11,30 - 34,0,0
"2420",1996,11,35 - 39,0,0
"2420",1996,11,40 - 44,0,0
"2420",1996,11,45 - 49,0,0
"2420",1996,11,50 - 54,0,0
"2420",1996,11,55 - 59,0,0
"2420",1996,11,60 - 64,0,0
"2420",1996,11,65 - 69,0,0
"2420",1996,11,70 - 74,0,0
"2420",1996,11,75 - 79,0,0
"2420",1996,11,80 - 84,0,0
"2420",1996,11,85 - 89,0,0
"2420",1996,11,90 - 94,0,0
"2420",1996,11,95+,0,0
"2420",1996,11,UNK,0,0
"2420",1996,12,Total,20,30
"2420",1996,12,0,1,2
"2420",1996,12,1,1,0
"2420",1996,12,2,0,0
"2420",1996,12,3,0,0
"2420",1996,12,4,0,0
"2420",1996,12,5 - 9,1,1
"2420",1996,12,10 - 14,1,0
"2420",1996,12,15 - 19,1,0
"2420",1996,12,20 - 24,0,0
"2420",1996,12,25 - 29,0,2
"2420",1996,12,30 - 34,0,0
"2420",1996,12,35 - 39,0,2
"2420",1996,12,40 - 44,0,2
"2420",1996,12,45 - 49,3,1
"2420",1996,12,50 - 54,0,3
"2420",1996,12,55 - 59,0,1
"2420",1996,12,60 - 64,0,2
"2420",1996,12,65 - 69,2,2
"2420",1996,12,70 - 74,3,1
"2420",1996,12,75 - 79,1,7
"2420",1996,12,80 - 84,2,1
"2420",1996,12,85 - 89,4,2
"2420",1996,12,90 - 94,0,0
"2420",1996,12,95+,0,0
"2420",1996,12,UNK,0,1
"2420",1996,13,Total,10,42
"2420",1996,13,0,1,1
"2420",1996,13,1,0,1
"2420",1996,13,2,0,0
"2420",1996,13,3,0,0
"2420",1996,13,4,0,0
"2420",1996,13,5 - 9,0,0
"2420",1996,13,10 - 14,0,1
"2420",1996,13,15 - 19,0,2
"2420",1996,13,20 - 24,0,4
"2420",1996,13,25 - 29,1,7
"2420",1996,13,30 - 34,0,4
"2420",1996,13,35 - 39,1,5
"2420",1996,13,40 - 44,0,1
"2420",1996,13,45 - 49,1,4
"2420",1996,13,50 - 54,0,3
"2420",1996,13,55 - 59,1,1
"2420",1996,13,60 - 64,1,5
"2420",1996,13,65 - 69,2,2
"2420",1996,13,70 - 74,1,0
"2420",1996,13,75 - 79,0,0
"2420",1996,13,80 - 84,1,0
"2420",1996,13,85 - 89,0,1
"2420",1996,13,90 - 94,0,0
"2420",1996,13,95+,0,0
"2420",1996,13,UNK,0,0
"2420",1996,14,Total,3,6
"2420",1996,14,0,0,0
"2420",1996,14,1,0,0
"2420",1996,14,2,0,0
"2420",1996,14,3,0,0
"2420",1996,14,4,0,0
"2420",1996,14,5 - 9,0,0
"2420",1996,14,10 - 14,0,0
"2420",1996,14,15 - 19,0,1
"2420",1996,14,20 - 24,1,1
"2420",1996,14,25 - 29,0,0
"2420",1996,14,30 - 34,1,1
"2420",1996,14,35 - 39,0,1
"2420",1996,14,40 - 44,0,1
"2420",1996,14,45 - 49,0,0
"2420",1996,14,50 - 54,0,1
"2420",1996,14,55 - 59,0,0
"2420",1996,14,60 - 64,0,0
"2420",1996,14,65 - 69,0,0
"2420",1996,14,70 - 74,0,0
"2420",1996,14,75 - 79,0,0
"2420",1996,14,80 - 84,0,0
"2420",1996,14,85 - 89,0,0
"2420",1996,14,90 - 94,0,0
"2420",1996,14,95+,0,0
"2420",1996,14,UNK,1,0
"2420",1996,15,Total,15,14
"2420",1996,15,0,0,1
"2420",1996,15,1,0,0
"2420",1996,15,2,0,0
"2420",1996,15,3,0,1
"2420",1996,15,4,0,0
"2420",1996,15,5 - 9,0,0
"2420",1996,15,10 - 14,0,0
"2420",1996,15,15 - 19,0,0
"2420",1996,15,20 - 24,2,1
"2420",1996,15,25 - 29,0,0
"2420",1996,15,30 - 34,0,0
"2420",1996,15,35 - 39,2,1
"2420",1996,15,40 - 44,0,1
"2420",1996,15,45 - 49,1,0
"2420",1996,15,50 - 54,0,0
"2420",1996,15,55 - 59,0,0
"2420",1996,15,60 - 64,0,0
"2420",1996,15,65 - 69,0,2
"2420",1996,15,70 - 74,2,3
"2420",1996,15,75 - 79,2,2
"2420",1996,15,80 - 84,2,1
"2420",1996,15,85 - 89,4,1
"2420",1996,15,90 - 94,0,0
"2420",1996,15,95+,0,0
"2420",1996,15,UNK,0,0
"2420",1997,1,Total,380,363
"2420",1997,1,0,22,27
"2420",1997,1,1,1,2
"2420",1997,1,2,0,1
"2420",1997,1,3,1,2
"2420",1997,1,4,1,1
"2420",1997,1,5 - 9,4,4
"2420",1997,1,10 - 14,4,4
"2420",1997,1,15 - 19,3,6
"2420",1997,1,20 - 24,5,6
"2420",1997,1,25 - 29,5,7
"2420",1997,1,30 - 34,12,11
"2420",1997,1,35 - 39,10,9
"2420",1997,1,40 - 44,10,22
"2420",1997,1,45 - 49,7,9
"2420",1997,1,50 - 54,7,15
"2420",1997,1,55 - 59,10,17
"2420",1997,1,60 - 64,25,22
"2420",1997,1,65 - 69,30,34
"2420",1997,1,70 - 74,33,34
"2420",1997,1,75 - 79,50,40
"2420",1997,1,80 - 84,43,39
"2420",1997,1,85 - 89,93,49
"2420",1997,1,90 - 94,0,0
"2420",1997,1,95+,0,0
"2420",1997,1,UNK,4,2
"2420",1997,2,Total,7,7
"2420",1997,2,0,1,0
"2420",1997,2,1,0,0
"2420",1997,2,2,0,0
"2420",1997,2,3,0,0
"2420",1997,2,4,0,0
"2420",1997,2,5 - 9,1,0
"2420",1997,2,10 - 14,0,0
"2420",1997,2,15 - 19,0,0
"2420",1997,2,20 - 24,0,0
"2420",1997,2,25 - 29,0,0
"2420",1997,2,30 - 34,0,2
"2420",1997,2,35 - 39,0,0
"2420",1997,2,40 - 44,0,0
"2420",1997,2,45 - 49,0,1
"2420",1997,2,50 - 54,0,1
"2420",1997,2,55 - 59,1,2
"2420",1997,2,60 - 64,0,0
"2420",1997,2,65 - 69,1,1
"2420",1997,2,70 - 74,1,0
"2420",1997,2,75 - 79,0,0
"2420",1997,2,80 - 84,2,0
"2420",1997,2,85 - 89,0,0
"2420",1997,2,90 - 94,0,0
"2420",1997,2,95+,0,0
"2420",1997,2,UNK,0,0
"2420",1997,3,Total,52,51
"2420",1997,3,0,0,0
"2420",1997,3,1,0,0
"2420",1997,3,2,0,0
"2420",1997,3,3,0,0
"2420",1997,3,4,1,0
"2420",1997,3,5 - 9,1,1
"2420",1997,3,10 - 14,0,0
"2420",1997,3,15 - 19,2,0
"2420",1997,3,20 - 24,0,0
"2420",1997,3,25 - 29,0,0
"2420",1997,3,30 - 34,3,0
"2420",1997,3,35 - 39,2,2
"2420",1997,3,40 - 44,6,1
"2420",1997,3,45 - 49,3,1
"2420",1997,3,50 - 54,0,2
"2420",1997,3,55 - 59,1,4
"2420",1997,3,60 - 64,6,7
"2420",1997,3,65 - 69,3,8
"2420",1997,3,70 - 74,5,8
"2420",1997,3,75 - 79,9,8
"2420",1997,3,80 - 84,5,4
"2420",1997,3,85 - 89,5,5
"2420",1997,3,90 - 94,0,0
"2420",1997,3,95+,0,0
"2420",1997,3,UNK,0,0
"2420",1997,4,Total,167,119
"2420",1997,4,0,0,2
"2420",1997,4,1,0,0
"2420",1997,4,2,0,1
"2420",1997,4,3,0,0
"2420",1997,4,4,0,0
"2420",1997,4,5 - 9,0,0
"2420",1997,4,10 - 14,0,1
"2420",1997,4,15 - 19,0,0
"2420",1997,4,20 - 24,1,0
"2420",1997,4,25 - 29,1,1
"2420",1997,4,30 - 34,2,3
"2420",1997,4,35 - 39,2,2
"2420",1997,4,40 - 44,0,0
"2420",1997,4,45 - 49,2,2
"2420",1997,4,50 - 54,3,6
"2420",1997,4,55 - 59,2,2
"2420",1997,4,60 - 64,7,6
"2420",1997,4,65 - 69,16,12
"2420",1997,4,70 - 74,19,15
"2420",1997,4,75 - 79,25,16
"2420",1997,4,80 - 84,27,22
"2420",1997,4,85 - 89,58,27
"2420",1997,4,90 - 94,0,0
"2420",1997,4,95+,0,0
"2420",1997,4,UNK,2,1
"2420",1997,5,Total,5,9
"2420",1997,5,0,0,0
"2420",1997,5,1,0,0
"2420",1997,5,2,0,0
"2420",1997,5,3,0,0
"2420",1997,5,4,0,0
"2420",1997,5,5 - 9,0,0
"2420",1997,5,10 - 14,1,1
"2420",1997,5,15 - 19,0,0
"2420",1997,5,20 - 24,0,0
"2420",1997,5,25 - 29,0,0
"2420",1997,5,30 - 34,0,0
"2420",1997,5,35 - 39,0,0
"2420",1997,5,40 - 44,0,0
"2420",1997,5,45 - 49,0,0
"2420",1997,5,50 - 54,0,0
"2420",1997,5,55 - 59,0,0
"2420",1997,5,60 - 64,0,0
"2420",1997,5,65 - 69,1,1
"2420",1997,5,70 - 74,0,0
"2420",1997,5,75 - 79,0,1
"2420",1997,5,80 - 84,0,3
"2420",1997,5,85 - 89,3,3
"2420",1997,5,90 - 94,0,0
"2420",1997,5,95+,0,0
"2420",1997,5,UNK,0,0
"2420",1997,6,Total,1,4
"2420",1997,6,0,0,0
"2420",1997,6,1,0,0
"2420",1997,6,2,0,0
"2420",1997,6,3,0,0
"2420",1997,6,4,0,0
"2420",1997,6,5 - 9,0,0
"2420",1997,6,10 - 14,0,0
"2420",1997,6,15 - 19,0,0
"2420",1997,6,20 - 24,0,0
"2420",1997,6,25 - 29,0,0
"2420",1997,6,30 - 34,0,0
"2420",1997,6,35 - 39,0,0
"2420",1997,6,40 - 44,0,0
"2420",1997,6,45 - 49,0,0
"2420",1997,6,50 - 54,0,0
"2420",1997,6,55 - 59,0,2
"2420",1997,6,60 - 64,0,1
"2420",1997,6,65 - 69,0,1
"2420",1997,6,70 - 74,0,0
"2420",1997,6,75 - 79,1,0
"2420",1997,6,80 - 84,0,0
"2420",1997,6,85 - 89,0,0
"2420",1997,6,90 - 94,0,0
"2420",1997,6,95+,0,0
"2420",1997,6,UNK,0,0
"2420",1997,7,Total,8,8
"2420",1997,7,0,1,1
"2420",1997,7,1,0,0
"2420",1997,7,2,0,0
"2420",1997,7,3,0,0
"2420",1997,7,4,0,1
"2420",1997,7,5 - 9,0,1
"2420",1997,7,10 - 14,0,0
"2420",1997,7,15 - 19,0,0
"2420",1997,7,20 - 24,1,0
"2420",1997,7,25 - 29,0,0
"2420",1997,7,30 - 34,0,0
"2420",1997,7,35 - 39,2,0
"2420",1997,7,40 - 44,1,2
"2420",1997,7,45 - 49,0,0
"2420",1997,7,50 - 54,0,0
"2420",1997,7,55 - 59,0,0
"2420",1997,7,60 - 64,0,1
"2420",1997,7,65 - 69,1,0
"2420",1997,7,70 - 74,0,0
"2420",1997,7,75 - 79,0,1
"2420",1997,7,80 - 84,1,1
"2420",1997,7,85 - 89,1,0
"2420",1997,7,90 - 94,0,0
"2420",1997,7,95+,0,0
"2420",1997,7,UNK,0,0
"2420",1997,8,Total,54,45
"2420",1997,8,0,0,0
"2420",1997,8,1,0,2
"2420",1997,8,2,0,0
"2420",1997,8,3,1,1
"2420",1997,8,4,0,0
"2420",1997,8,5 - 9,0,0
"2420",1997,8,10 - 14,0,0
"2420",1997,8,15 - 19,1,0
"2420",1997,8,20 - 24,1,0
"2420",1997,8,25 - 29,4,3
"2420",1997,8,30 - 34,2,4
"2420",1997,8,35 - 39,3,2
"2420",1997,8,40 - 44,0,4
"2420",1997,8,45 - 49,2,2
"2420",1997,8,50 - 54,3,3
"2420",1997,8,55 - 59,4,1
"2420",1997,8,60 - 64,6,3
"2420",1997,8,65 - 69,3,4
"2420",1997,8,70 - 74,4,4
"2420",1997,8,75 - 79,8,5
"2420",1997,8,80 - 84,4,4
"2420",1997,8,85 - 89,7,3
"2420",1997,8,90 - 94,0,0
"2420",1997,8,95+,0,0
"2420",1997,8,UNK,1,0
"2420",1997,9,Total,10,23
"2420",1997,9,0,0,0
"2420",1997,9,1,0,0
"2420",1997,9,2,0,0
"2420",1997,9,3,0,0
"2420",1997,9,4,0,0
"2420",1997,9,5 - 9,0,0
"2420",1997,9,10 - 14,1,0
"2420",1997,9,15 - 19,0,0
"2420",1997,9,20 - 24,0,0
"2420",1997,9,25 - 29,0,0
"2420",1997,9,30 - 34,0,0
"2420",1997,9,35 - 39,0,1
"2420",1997,9,40 - 44,1,4
"2420",1997,9,45 - 49,0,1
"2420",1997,9,50 - 54,0,2
"2420",1997,9,55 - 59,1,3
"2420",1997,9,60 - 64,1,2
"2420",1997,9,65 - 69,0,2
"2420",1997,9,70 - 74,1,3
"2420",1997,9,75 - 79,1,1
"2420",1997,9,80 - 84,2,1
"2420",1997,9,85 - 89,2,3
"2420",1997,9,90 - 94,0,0
"2420",1997,9,95+,0,0
"2420",1997,9,UNK,0,0
"2420",1997,10,Total,6,5
"2420",1997,10,0,0,0
"2420",1997,10,1,0,0
"2420",1997,10,2,0,0
"2420",1997,10,3,0,0
"2420",1997,10,4,0,0
"2420",1997,10,5 - 9,0,0
"2420",1997,10,10 - 14,0,0
"2420",1997,10,15 - 19,0,1
"2420",1997,10,20 - 24,0,0
"2420",1997,10,25 - 29,0,0
"2420",1997,10,30 - 34,1,0
"2420",1997,10,35 - 39,0,0
"2420",1997,10,40 - 44,0,1
"2420",1997,10,45 - 49,0,0
"2420",1997,10,50 - 54,0,0
"2420",1997,10,55 - 59,0,0
"2420",1997,10,60 - 64,1,0
"2420",1997,10,65 - 69,2,1
"2420",1997,10,70 - 74,1,0
"2420",1997,10,75 - 79,1,0
"2420",1997,10,80 - 84,0,1
"2420",1997,10,85 - 89,0,1
"2420",1997,10,90 - 94,0,0
"2420",1997,10,95+,0,0
"2420",1997,10,UNK,0,0
"2420",1997,11,Total,19,24
"2420",1997,11,0,17,22
"2420",1997,11,1,1,0
"2420",1997,11,2,0,0
"2420",1997,11,3,0,0
"2420",1997,11,4,0,0
"2420",1997,11,5 - 9,0,0
"2420",1997,11,10 - 14,0,0
"2420",1997,11,15 - 19,0,1
"2420",1997,11,20 - 24,0,0
"2420",1997,11,25 - 29,0,0
"2420",1997,11,30 - 34,1,0
"2420",1997,11,35 - 39,0,0
"2420",1997,11,40 - 44,0,0
"2420",1997,11,45 - 49,0,0
"2420",1997,11,50 - 54,0,0
"2420",1997,11,55 - 59,0,0
"2420",1997,11,60 - 64,0,0
"2420",1997,11,65 - 69,0,1
"2420",1997,11,70 - 74,0,0
"2420",1997,11,75 - 79,0,0
"2420",1997,11,80 - 84,0,0
"2420",1997,11,85 - 89,0,0
"2420",1997,11,90 - 94,0,0
"2420",1997,11,95+,0,0
"2420",1997,11,UNK,0,0
"2420",1997,12,Total,25,22
"2420",1997,12,0,3,2
"2420",1997,12,1,0,0
"2420",1997,12,2,0,0
"2420",1997,12,3,0,1
"2420",1997,12,4,0,0
"2420",1997,12,5 - 9,0,0
"2420",1997,12,10 - 14,0,0
"2420",1997,12,15 - 19,0,0
"2420",1997,12,20 - 24,0,0
"2420",1997,12,25 - 29,0,0
"2420",1997,12,30 - 34,0,0
"2420",1997,12,35 - 39,1,0
"2420",1997,12,40 - 44,0,0
"2420",1997,12,45 - 49,0,0
"2420",1997,12,50 - 54,0,1
"2420",1997,12,55 - 59,0,0
"2420",1997,12,60 - 64,3,1
"2420",1997,12,65 - 69,2,3
"2420",1997,12,70 - 74,1,3
"2420",1997,12,75 - 79,2,5
"2420",1997,12,80 - 84,0,1
"2420",1997,12,85 - 89,12,4
"2420",1997,12,90 - 94,0,0
"2420",1997,12,95+,0,0
"2420",1997,12,UNK,1,1
"2420",1997,13,Total,8,30
"2420",1997,13,0,0,0
"2420",1997,13,1,0,0
"2420",1997,13,2,0,0
"2420",1997,13,3,0,0
"2420",1997,13,4,0,0
"2420",1997,13,5 - 9,2,1
"2420",1997,13,10 - 14,0,2
"2420",1997,13,15 - 19,0,4
"2420",1997,13,20 - 24,1,5
"2420",1997,13,25 - 29,0,3
"2420",1997,13,30 - 34,1,2
"2420",1997,13,35 - 39,0,1
"2420",1997,13,40 - 44,1,10
"2420",1997,13,45 - 49,0,1
"2420",1997,13,50 - 54,1,0
"2420",1997,13,55 - 59,1,0
"2420",1997,13,60 - 64,0,1
"2420",1997,13,65 - 69,0,0
"2420",1997,13,70 - 74,0,0
"2420",1997,13,75 - 79,0,0
"2420",1997,13,80 - 84,0,0
"2420",1997,13,85 - 89,1,0
"2420",1997,13,90 - 94,0,0
"2420",1997,13,95+,0,0
"2420",1997,13,UNK,0,0
"2420",1997,14,Total,3,1
"2420",1997,14,0,0,0
"2420",1997,14,1,0,0
"2420",1997,14,2,0,0
"2420",1997,14,3,0,0
"2420",1997,14,4,0,0
"2420",1997,14,5 - 9,0,0
"2420",1997,14,10 - 14,0,0
"2420",1997,14,15 - 19,0,0
"2420",1997,14,20 - 24,1,0
"2420",1997,14,25 - 29,0,0
"2420",1997,14,30 - 34,0,0
"2420",1997,14,35 - 39,0,1
"2420",1997,14,40 - 44,0,0
"2420",1997,14,45 - 49,0,0
"2420",1997,14,50 - 54,0,0
"2420",1997,14,55 - 59,0,0
"2420",1997,14,60 - 64,1,0
"2420",1997,14,65 - 69,0,0
"2420",1997,14,70 - 74,0,0
"2420",1997,14,75 - 79,1,0
"2420",1997,14,80 - 84,0,0
"2420",1997,14,85 - 89,0,0
"2420",1997,14,90 - 94,0,0
"2420",1997,14,95+,0,0
"2420",1997,14,UNK,0,0
"2420",1997,15,Total,15,15
"2420",1997,15,0,0,0
"2420",1997,15,1,0,0
"2420",1997,15,2,0,0
"2420",1997,15,3,0,0
"2420",1997,15,4,0,0
"2420",1997,15,5 - 9,0,1
"2420",1997,15,10 - 14,2,0
"2420",1997,15,15 - 19,0,0
"2420",1997,15,20 - 24,0,1
"2420",1997,15,25 - 29,0,0
"2420",1997,15,30 - 34,2,0
"2420",1997,15,35 - 39,0,0
"2420",1997,15,40 - 44,1,0
"2420",1997,15,45 - 49,0,1
"2420",1997,15,50 - 54,0,0
"2420",1997,15,55 - 59,0,3
"2420",1997,15,60 - 64,0,0
"2420",1997,15,65 - 69,1,0
"2420",1997,15,70 - 74,1,1
"2420",1997,15,75 - 79,2,3
"2420",1997,15,80 - 84,2,2
"2420",1997,15,85 - 89,4,3
"2420",1997,15,90 - 94,0,0
"2420",1997,15,95+,0,0
"2420",1997,15,UNK,0,0
"2420",1998,1,Total,396,435
"2420",1998,1,0,29,23
"2420",1998,1,1,0,3
"2420",1998,1,2,1,0
"2420",1998,1,3,2,3
"2420",1998,1,4,0,2
"2420",1998,1,5 - 9,2,4
"2420",1998,1,10 - 14,1,3
"2420",1998,1,15 - 19,5,2
"2420",1998,1,20 - 24,10,11
"2420",1998,1,25 - 29,7,11
"2420",1998,1,30 - 34,4,20
"2420",1998,1,35 - 39,10,18
"2420",1998,1,40 - 44,8,25
"2420",1998,1,45 - 49,12,10
"2420",1998,1,50 - 54,9,20
"2420",1998,1,55 - 59,15,14
"2420",1998,1,60 - 64,22,28
"2420",1998,1,65 - 69,31,43
"2420",1998,1,70 - 74,52,53
"2420",1998,1,75 - 79,36,50
"2420",1998,1,80 - 84,57,31
"2420",1998,1,85 - 89,80,59
"2420",1998,1,90 - 94,0,0
"2420",1998,1,95+,0,0
"2420",1998,1,UNK,3,2
"2420",1998,2,Total,3,8
"2420",1998,2,0,1,0
"2420",1998,2,1,0,0
"2420",1998,2,2,0,0
"2420",1998,2,3,0,0
"2420",1998,2,4,0,0
"2420",1998,2,5 - 9,0,0
"2420",1998,2,10 - 14,0,0
"2420",1998,2,15 - 19,0,0
"2420",1998,2,20 - 24,0,0
"2420",1998,2,25 - 29,0,0
"2420",1998,2,30 - 34,0,0
"2420",1998,2,35 - 39,0,0
"2420",1998,2,40 - 44,0,1
"2420",1998,2,45 - 49,0,0
"2420",1998,2,50 - 54,1,0
"2420",1998,2,55 - 59,0,0
"2420",1998,2,60 - 64,0,1
"2420",1998,2,65 - 69,0,1
"2420",1998,2,70 - 74,0,3
"2420",1998,2,75 - 79,0,1
"2420",1998,2,80 - 84,1,0
"2420",1998,2,85 - 89,0,1
"2420",1998,2,90 - 94,0,0
"2420",1998,2,95+,0,0
"2420",1998,2,UNK,0,0
"2420",1998,3,Total,46,70
"2420",1998,3,0,0,0
"2420",1998,3,1,0,0
"2420",1998,3,2,0,0
"2420",1998,3,3,0,0
"2420",1998,3,4,0,0
"2420",1998,3,5 - 9,0,1
"2420",1998,3,10 - 14,0,0
"2420",1998,3,15 - 19,2,0
"2420",1998,3,20 - 24,2,3
"2420",1998,3,25 - 29,1,0
"2420",1998,3,30 - 34,0,1
"2420",1998,3,35 - 39,3,3
"2420",1998,3,40 - 44,1,3
"2420",1998,3,45 - 49,0,1
"2420",1998,3,50 - 54,5,5
"2420",1998,3,55 - 59,2,0
"2420",1998,3,60 - 64,4,7
"2420",1998,3,65 - 69,5,9
"2420",1998,3,70 - 74,5,15
"2420",1998,3,75 - 79,3,6
"2420",1998,3,80 - 84,5,5
"2420",1998,3,85 - 89,8,11
"2420",1998,3,90 - 94,0,0
"2420",1998,3,95+,0,0
"2420",1998,3,UNK,0,0
"2420",1998,4,Total,168,129
"2420",1998,4,0,0,2
"2420",1998,4,1,0,0
"2420",1998,4,2,0,0
"2420",1998,4,3,1,0
"2420",1998,4,4,0,0
"2420",1998,4,5 - 9,0,0
"2420",1998,4,10 - 14,0,1
"2420",1998,4,15 - 19,0,0
"2420",1998,4,20 - 24,0,2
"2420",1998,4,25 - 29,1,0
"2420",1998,4,30 - 34,1,3
"2420",1998,4,35 - 39,3,2
"2420",1998,4,40 - 44,0,4
"2420",1998,4,45 - 49,4,3
"2420",1998,4,50 - 54,2,4
"2420",1998,4,55 - 59,8,3
"2420",1998,4,60 - 64,11,9
"2420",1998,4,65 - 69,11,17
"2420",1998,4,70 - 74,26,21
"2420",1998,4,75 - 79,22,21
"2420",1998,4,80 - 84,29,9
"2420",1998,4,85 - 89,47,27
"2420",1998,4,90 - 94,0,0
"2420",1998,4,95+,0,0
"2420",1998,4,UNK,2,1
"2420",1998,5,Total,7,6
"2420",1998,5,0,0,0
"2420",1998,5,1,0,0
"2420",1998,5,2,0,0
"2420",1998,5,3,0,0
"2420",1998,5,4,0,0
"2420",1998,5,5 - 9,0,0
"2420",1998,5,10 - 14,0,0
"2420",1998,5,15 - 19,0,0
"2420",1998,5,20 - 24,1,0
"2420",1998,5,25 - 29,0,0
"2420",1998,5,30 - 34,0,0
"2420",1998,5,35 - 39,0,0
"2420",1998,5,40 - 44,0,1
"2420",1998,5,45 - 49,0,0
"2420",1998,5,50 - 54,0,0
"2420",1998,5,55 - 59,0,0
"2420",1998,5,60 - 64,1,1
"2420",1998,5,65 - 69,0,0
"2420",1998,5,70 - 74,0,1
"2420",1998,5,75 - 79,1,0
"2420",1998,5,80 - 84,2,2
"2420",1998,5,85 - 89,2,1
"2420",1998,5,90 - 94,0,0
"2420",1998,5,95+,0,0
"2420",1998,5,UNK,0,0
"2420",1998,6,Total,1,2
"2420",1998,6,0,0,0
"2420",1998,6,1,0,0
"2420",1998,6,2,0,0
"2420",1998,6,3,0,0
"2420",1998,6,4,0,0
"2420",1998,6,5 - 9,0,0
"2420",1998,6,10 - 14,0,0
"2420",1998,6,15 - 19,0,0
"2420",1998,6,20 - 24,0,0
"2420",1998,6,25 - 29,0,0
"2420",1998,6,30 - 34,0,0
"2420",1998,6,35 - 39,0,1
"2420",1998,6,40 - 44,0,0
"2420",1998,6,45 - 49,0,0
"2420",1998,6,50 - 54,0,0
"2420",1998,6,55 - 59,0,0
"2420",1998,6,60 - 64,0,1
"2420",1998,6,65 - 69,0,0
"2420",1998,6,70 - 74,0,0
"2420",1998,6,75 - 79,0,0
"2420",1998,6,80 - 84,0,0
"2420",1998,6,85 - 89,1,0
"2420",1998,6,90 - 94,0,0
"2420",1998,6,95+,0,0
"2420",1998,6,UNK,0,0
"2420",1998,7,Total,0,9
"2420",1998,7,0,0,0
"2420",1998,7,1,0,0
"2420",1998,7,2,0,0
"2420",1998,7,3,0,0
"2420",1998,7,4,0,1
"2420",1998,7,5 - 9,0,1
"2420",1998,7,10 - 14,0,0
"2420",1998,7,15 - 19,0,0
"2420",1998,7,20 - 24,0,0
"2420",1998,7,25 - 29,0,2
"2420",1998,7,30 - 34,0,0
"2420",1998,7,35 - 39,0,1
"2420",1998,7,40 - 44,0,1
"2420",1998,7,45 - 49,0,0
"2420",1998,7,50 - 54,0,0
"2420",1998,7,55 - 59,0,1
"2420",1998,7,60 - 64,0,1
"2420",1998,7,65 - 69,0,0
"2420",1998,7,70 - 74,0,1
"2420",1998,7,75 - 79,0,0
"2420",1998,7,80 - 84,0,0
"2420",1998,7,85 - 89,0,0
"2420",1998,7,90 - 94,0,0
"2420",1998,7,95+,0,0
"2420",1998,7,UNK,0,0
"2420",1998,8,Total,95,65
"2420",1998,8,0,5,0
"2420",1998,8,1,0,1
"2420",1998,8,2,0,0
"2420",1998,8,3,1,0
"2420",1998,8,4,0,0
"2420",1998,8,5 - 9,0,1
"2420",1998,8,10 - 14,0,0
"2420",1998,8,15 - 19,2,0
"2420",1998,8,20 - 24,5,1
"2420",1998,8,25 - 29,3,3
"2420",1998,8,30 - 34,3,9
"2420",1998,8,35 - 39,1,3
"2420",1998,8,40 - 44,4,6
"2420",1998,8,45 - 49,3,1
"2420",1998,8,50 - 54,0,4
"2420",1998,8,55 - 59,2,3
"2420",1998,8,60 - 64,4,3
"2420",1998,8,65 - 69,13,7
"2420",1998,8,70 - 74,16,4
"2420",1998,8,75 - 79,7,7
"2420",1998,8,80 - 84,13,8
"2420",1998,8,85 - 89,13,4
"2420",1998,8,90 - 94,0,0
"2420",1998,8,95+,0,0
"2420",1998,8,UNK,0,0
"2420",1998,9,Total,8,22
"2420",1998,9,0,0,1
"2420",1998,9,1,0,0
"2420",1998,9,2,0,0
"2420",1998,9,3,0,1
"2420",1998,9,4,0,0
"2420",1998,9,5 - 9,0,0
"2420",1998,9,10 - 14,1,0
"2420",1998,9,15 - 19,0,0
"2420",1998,9,20 - 24,0,0
"2420",1998,9,25 - 29,0,1
"2420",1998,9,30 - 34,0,0
"2420",1998,9,35 - 39,0,2
"2420",1998,9,40 - 44,1,3
"2420",1998,9,45 - 49,2,0
"2420",1998,9,50 - 54,0,3
"2420",1998,9,55 - 59,1,1
"2420",1998,9,60 - 64,0,1
"2420",1998,9,65 - 69,0,2
"2420",1998,9,70 - 74,0,4
"2420",1998,9,75 - 79,1,1
"2420",1998,9,80 - 84,0,2
"2420",1998,9,85 - 89,2,0
"2420",1998,9,90 - 94,0,0
"2420",1998,9,95+,0,0
"2420",1998,9,UNK,0,0
"2420",1998,10,Total,5,11
"2420",1998,10,0,0,0
"2420",1998,10,1,0,0
"2420",1998,10,2,0,0
"2420",1998,10,3,0,0
"2420",1998,10,4,0,0
"2420",1998,10,5 - 9,0,0
"2420",1998,10,10 - 14,0,0
"2420",1998,10,15 - 19,0,1
"2420",1998,10,20 - 24,0,0
"2420",1998,10,25 - 29,1,0
"2420",1998,10,30 - 34,0,0
"2420",1998,10,35 - 39,1,0
"2420",1998,10,40 - 44,0,2
"2420",1998,10,45 - 49,0,0
"2420",1998,10,50 - 54,0,0
"2420",1998,10,55 - 59,1,0
"2420",1998,10,60 - 64,0,1
"2420",1998,10,65 - 69,0,0
"2420",1998,10,70 - 74,1,0
"2420",1998,10,75 - 79,0,3
"2420",1998,10,80 - 84,1,1
"2420",1998,10,85 - 89,0,3
"2420",1998,10,90 - 94,0,0
"2420",1998,10,95+,0,0
"2420",1998,10,UNK,0,0
"2420",1998,11,Total,18,15
"2420",1998,11,0,17,15
"2420",1998,11,1,0,0
"2420",1998,11,2,0,0
"2420",1998,11,3,0,0
"2420",1998,11,4,0,0
"2420",1998,11,5 - 9,0,0
"2420",1998,11,10 - 14,0,0
"2420",1998,11,15 - 19,1,0
"2420",1998,11,20 - 24,0,0
"2420",1998,11,25 - 29,0,0
"2420",1998,11,30 - 34,0,0
"2420",1998,11,35 - 39,0,0
"2420",1998,11,40 - 44,0,0
"2420",1998,11,45 - 49,0,0
"2420",1998,11,50 - 54,0,0
"2420",1998,11,55 - 59,0,0
"2420",1998,11,60 - 64,0,0
"2420",1998,11,65 - 69,0,0
"2420",1998,11,70 - 74,0,0
"2420",1998,11,75 - 79,0,0
"2420",1998,11,80 - 84,0,0
"2420",1998,11,85 - 89,0,0
"2420",1998,11,90 - 94,0,0
"2420",1998,11,95+,0,0
"2420",1998,11,UNK,0,0
"2420",1998,12,Total,27,36
"2420",1998,12,0,6,3
"2420",1998,12,1,0,1
"2420",1998,12,2,1,0
"2420",1998,12,3,0,0
"2420",1998,12,4,0,0
"2420",1998,12,5 - 9,0,0
"2420",1998,12,10 - 14,0,0
"2420",1998,12,15 - 19,0,0
"2420",1998,12,20 - 24,1,0
"2420",1998,12,25 - 29,0,1
"2420",1998,12,30 - 34,0,0
"2420",1998,12,35 - 39,1,1
"2420",1998,12,40 - 44,1,1
"2420",1998,12,45 - 49,1,1
"2420",1998,12,50 - 54,1,1
"2420",1998,12,55 - 59,0,2
"2420",1998,12,60 - 64,0,0
"2420",1998,12,65 - 69,1,3
"2420",1998,12,70 - 74,3,2
"2420",1998,12,75 - 79,1,6
"2420",1998,12,80 - 84,4,3
"2420",1998,12,85 - 89,5,10
"2420",1998,12,90 - 94,0,0
"2420",1998,12,95+,0,0
"2420",1998,12,UNK,1,1
"2420",1998,13,Total,8,37
"2420",1998,13,0,0,2
"2420",1998,13,1,0,1
"2420",1998,13,2,0,0
"2420",1998,13,3,0,1
"2420",1998,13,4,0,1
"2420",1998,13,5 - 9,1,0
"2420",1998,13,10 - 14,0,2
"2420",1998,13,15 - 19,0,1
"2420",1998,13,20 - 24,1,2
"2420",1998,13,25 - 29,0,3
"2420",1998,13,30 - 34,0,4
"2420",1998,13,35 - 39,0,3
"2420",1998,13,40 - 44,0,0
"2420",1998,13,45 - 49,1,3
"2420",1998,13,50 - 54,0,2
"2420",1998,13,55 - 59,0,4
"2420",1998,13,60 - 64,2,2
"2420",1998,13,65 - 69,0,2
"2420",1998,13,70 - 74,0,0
"2420",1998,13,75 - 79,1,3
"2420",1998,13,80 - 84,1,0
"2420",1998,13,85 - 89,1,1
"2420",1998,13,90 - 94,0,0
"2420",1998,13,95+,0,0
"2420",1998,13,UNK,0,0
"2420",1998,14,Total,4,16
"2420",1998,14,0,0,0
"2420",1998,14,1,0,0
"2420",1998,14,2,0,0
"2420",1998,14,3,0,1
"2420",1998,14,4,0,0
"2420",1998,14,5 - 9,0,0
"2420",1998,14,10 - 14,0,0
"2420",1998,14,15 - 19,0,0
"2420",1998,14,20 - 24,0,3
"2420",1998,14,25 - 29,1,0
"2420",1998,14,30 - 34,0,3
"2420",1998,14,35 - 39,1,2
"2420",1998,14,40 - 44,0,3
"2420",1998,14,45 - 49,1,1
"2420",1998,14,50 - 54,0,0
"2420",1998,14,55 - 59,1,0
"2420",1998,14,60 - 64,0,1
"2420",1998,14,65 - 69,0,1
"2420",1998,14,70 - 74,0,1
"2420",1998,14,75 - 79,0,0
"2420",1998,14,80 - 84,0,0
"2420",1998,14,85 - 89,0,0
"2420",1998,14,90 - 94,0,0
"2420",1998,14,95+,0,0
"2420",1998,14,UNK,0,0
"2420",1998,15,Total,6,9
"2420",1998,15,0,0,0
"2420",1998,15,1,0,0
"2420",1998,15,2,0,0
"2420",1998,15,3,0,0
"2420",1998,15,4,0,0
"2420",1998,15,5 - 9,1,1
"2420",1998,15,10 - 14,0,0
"2420",1998,15,15 - 19,0,0
"2420",1998,15,20 - 24,0,0
"2420",1998,15,25 - 29,0,1
"2420",1998,15,30 - 34,0,0
"2420",1998,15,35 - 39,0,0
"2420",1998,15,40 - 44,1,0
"2420",1998,15,45 - 49,0,0
"2420",1998,15,50 - 54,0,1
"2420",1998,15,55 - 59,0,0
"2420",1998,15,60 - 64,0,0
"2420",1998,15,65 - 69,1,1
"2420",1998,15,70 - 74,1,1
"2420",1998,15,75 - 79,0,2
"2420",1998,15,80 - 84,1,1
"2420",1998,15,85 - 89,1,1
"2420",1998,15,90 - 94,0,0
"2420",1998,15,95+,0,0
"2420",1998,15,UNK,0,0
"2420",1999,1,Total,409,424
"2420",1999,1,0,25,21
"2420",1999,1,1,1,6
"2420",1999,1,2,2,4
"2420",1999,1,3,1,0
"2420",1999,1,4,1,1
"2420",1999,1,5 - 9,3,4
"2420",1999,1,10 - 14,6,6
"2420",1999,1,15 - 19,5,7
"2420",1999,1,20 - 24,4,9
"2420",1999,1,25 - 29,8,6
"2420",1999,1,30 - 34,5,17
"2420",1999,1,35 - 39,8,15
"2420",1999,1,40 - 44,11,16
"2420",1999,1,45 - 49,14,21
"2420",1999,1,50 - 54,14,15
"2420",1999,1,55 - 59,17,25
"2420",1999,1,60 - 64,28,27
"2420",1999,1,65 - 69,36,32
"2420",1999,1,70 - 74,47,37
"2420",1999,1,75 - 79,48,49
"2420",1999,1,80 - 84,47,42
"2420",1999,1,85 - 89,75,62
"2420",1999,1,90 - 94,0,0
"2420",1999,1,95+,0,0
"2420",1999,1,UNK,3,2
"2420",1999,2,Total,8,4
"2420",1999,2,0,0,0
"2420",1999,2,1,1,1
"2420",1999,2,2,0,0
"2420",1999,2,3,0,0
"2420",1999,2,4,0,0
"2420",1999,2,5 - 9,0,0
"2420",1999,2,10 - 14,0,1
"2420",1999,2,15 - 19,0,0
"2420",1999,2,20 - 24,0,0
"2420",1999,2,25 - 29,0,0
"2420",1999,2,30 - 34,0,0
"2420",1999,2,35 - 39,1,0
"2420",1999,2,40 - 44,0,0
"2420",1999,2,45 - 49,0,0
"2420",1999,2,50 - 54,1,0
"2420",1999,2,55 - 59,0,2
"2420",1999,2,60 - 64,0,0
"2420",1999,2,65 - 69,0,0
"2420",1999,2,70 - 74,1,0
"2420",1999,2,75 - 79,2,0
"2420",1999,2,80 - 84,1,0
"2420",1999,2,85 - 89,1,0
"2420",1999,2,90 - 94,0,0
"2420",1999,2,95+,0,0
"2420",1999,2,UNK,0,0
"2420",1999,3,Total,77,78
"2420",1999,3,0,0,0
"2420",1999,3,1,0,0
"2420",1999,3,2,0,0
"2420",1999,3,3,0,0
"2420",1999,3,4,0,0
"2420",1999,3,5 - 9,0,1
"2420",1999,3,10 - 14,2,0
"2420",1999,3,15 - 19,2,0
"2420",1999,3,20 - 24,2,0
"2420",1999,3,25 - 29,1,0
"2420",1999,3,30 - 34,3,1
"2420",1999,3,35 - 39,2,0
"2420",1999,3,40 - 44,6,0
"2420",1999,3,45 - 49,8,7
"2420",1999,3,50 - 54,4,5
"2420",1999,3,55 - 59,4,7
"2420",1999,3,60 - 64,8,7
"2420",1999,3,65 - 69,8,12
"2420",1999,3,70 - 74,9,11
"2420",1999,3,75 - 79,7,10
"2420",1999,3,80 - 84,6,9
"2420",1999,3,85 - 89,5,8
"2420",1999,3,90 - 94,0,0
"2420",1999,3,95+,0,0
"2420",1999,3,UNK,0,0
"2420",1999,4,Total,154,117
"2420",1999,4,0,0,0
"2420",1999,4,1,0,0
"2420",1999,4,2,0,0
"2420",1999,4,3,0,0
"2420",1999,4,4,0,0
"2420",1999,4,5 - 9,0,0
"2420",1999,4,10 - 14,0,1
"2420",1999,4,15 - 19,0,2
"2420",1999,4,20 - 24,0,2
"2420",1999,4,25 - 29,0,0
"2420",1999,4,30 - 34,1,2
"2420",1999,4,35 - 39,3,1
"2420",1999,4,40 - 44,0,5
"2420",1999,4,45 - 49,4,2
"2420",1999,4,50 - 54,3,2
"2420",1999,4,55 - 59,4,6
"2420",1999,4,60 - 64,8,8
"2420",1999,4,65 - 69,16,11
"2420",1999,4,70 - 74,21,14
"2420",1999,4,75 - 79,26,20
"2420",1999,4,80 - 84,25,19
"2420",1999,4,85 - 89,42,22
"2420",1999,4,90 - 94,0,0
"2420",1999,4,95+,0,0
"2420",1999,4,UNK,1,0
"2420",1999,5,Total,5,9
"2420",1999,5,0,1,1
"2420",1999,5,1,0,1
"2420",1999,5,2,0,0
"2420",1999,5,3,0,0
"2420",1999,5,4,0,0
"2420",1999,5,5 - 9,0,0
"2420",1999,5,10 - 14,0,0
"2420",1999,5,15 - 19,0,0
"2420",1999,5,20 - 24,0,0
"2420",1999,5,25 - 29,1,0
"2420",1999,5,30 - 34,0,0
"2420",1999,5,35 - 39,0,0
"2420",1999,5,40 - 44,0,0
"2420",1999,5,45 - 49,0,1
"2420",1999,5,50 - 54,0,0
"2420",1999,5,55 - 59,0,0
"2420",1999,5,60 - 64,0,1
"2420",1999,5,65 - 69,0,0
"2420",1999,5,70 - 74,1,1
"2420",1999,5,75 - 79,0,0
"2420",1999,5,80 - 84,0,2
"2420",1999,5,85 - 89,2,1
"2420",1999,5,90 - 94,0,0
"2420",1999,5,95+,0,0
"2420",1999,5,UNK,0,1
"2420",1999,6,Total,0,0
"2420",1999,6,0,0,0
"2420",1999,6,1,0,0
"2420",1999,6,2,0,0
"2420",1999,6,3,0,0
"2420",1999,6,4,0,0
"2420",1999,6,5 - 9,0,0
"2420",1999,6,10 - 14,0,0
"2420",1999,6,15 - 19,0,0
"2420",1999,6,20 - 24,0,0
"2420",1999,6,25 - 29,0,0
"2420",1999,6,30 - 34,0,0
"2420",1999,6,35 - 39,0,0
"2420",1999,6,40 - 44,0,0
"2420",1999,6,45 - 49,0,0
"2420",1999,6,50 - 54,0,0
"2420",1999,6,55 - 59,0,0
"2420",1999,6,60 - 64,0,0
"2420",1999,6,65 - 69,0,0
"2420",1999,6,70 - 74,0,0
"2420",1999,6,75 - 79,0,0
"2420",1999,6,80 - 84,0,0
"2420",1999,6,85 - 89,0,0
"2420",1999,6,90 - 94,0,0
"2420",1999,6,95+,0,0
"2420",1999,6,UNK,0,0
"2420",1999,7,Total,3,9
"2420",1999,7,0,1,1
"2420",1999,7,1,0,1
"2420",1999,7,2,0,0
"2420",1999,7,3,0,0
"2420",1999,7,4,0,0
"2420",1999,7,5 - 9,0,0
"2420",1999,7,10 - 14,0,0
"2420",1999,7,15 - 19,0,1
"2420",1999,7,20 - 24,0,0
"2420",1999,7,25 - 29,0,0
"2420",1999,7,30 - 34,0,0
"2420",1999,7,35 - 39,0,2
"2420",1999,7,40 - 44,0,1
"2420",1999,7,45 - 49,0,0
"2420",1999,7,50 - 54,1,0
"2420",1999,7,55 - 59,0,0
"2420",1999,7,60 - 64,0,0
"2420",1999,7,65 - 69,0,0
"2420",1999,7,70 - 74,0,1
"2420",1999,7,75 - 79,0,2
"2420",1999,7,80 - 84,1,0
"2420",1999,7,85 - 89,0,0
"2420",1999,7,90 - 94,0,0
"2420",1999,7,95+,0,0
"2420",1999,7,UNK,0,0
"2420",1999,8,Total,70,69
"2420",1999,8,0,1,0
"2420",1999,8,1,0,0
"2420",1999,8,2,0,1
"2420",1999,8,3,0,0
"2420",1999,8,4,0,0
"2420",1999,8,5 - 9,1,0
"2420",1999,8,10 - 14,0,0
"2420",1999,8,15 - 19,2,0
"2420",1999,8,20 - 24,0,3
"2420",1999,8,25 - 29,2,4
"2420",1999,8,30 - 34,1,6
"2420",1999,8,35 - 39,2,6
"2420",1999,8,40 - 44,2,4
"2420",1999,8,45 - 49,2,6
"2420",1999,8,50 - 54,3,2
"2420",1999,8,55 - 59,5,4
"2420",1999,8,60 - 64,8,6
"2420",1999,8,65 - 69,8,2
"2420",1999,8,70 - 74,9,7
"2420",1999,8,75 - 79,6,8
"2420",1999,8,80 - 84,8,0
"2420",1999,8,85 - 89,9,10
"2420",1999,8,90 - 94,0,0
"2420",1999,8,95+,0,0
"2420",1999,8,UNK,1,0
"2420",1999,9,Total,8,18
"2420",1999,9,0,0,0
"2420",1999,9,1,0,0
"2420",1999,9,2,0,0
"2420",1999,9,3,0,0
"2420",1999,9,4,0,0
"2420",1999,9,5 - 9,0,0
"2420",1999,9,10 - 14,1,0
"2420",1999,9,15 - 19,0,0
"2420",1999,9,20 - 24,0,0
"2420",1999,9,25 - 29,0,0
"2420",1999,9,30 - 34,0,2
"2420",1999,9,35 - 39,0,1
"2420",1999,9,40 - 44,0,1
"2420",1999,9,45 - 49,0,3
"2420",1999,9,50 - 54,0,1
"2420",1999,9,55 - 59,0,1
"2420",1999,9,60 - 64,2,3
"2420",1999,9,65 - 69,0,1
"2420",1999,9,70 - 74,0,1
"2420",1999,9,75 - 79,2,0
"2420",1999,9,80 - 84,1,2
"2420",1999,9,85 - 89,2,2
"2420",1999,9,90 - 94,0,0
"2420",1999,9,95+,0,0
"2420",1999,9,UNK,0,0
"2420",1999,10,Total,3,8
"2420",1999,10,0,0,0
"2420",1999,10,1,0,0
"2420",1999,10,2,0,0
"2420",1999,10,3,0,0
"2420",1999,10,4,0,0
"2420",1999,10,5 - 9,0,0
"2420",1999,10,10 - 14,0,0
"2420",1999,10,15 - 19,0,0
"2420",1999,10,20 - 24,0,0
"2420",1999,10,25 - 29,1,0
"2420",1999,10,30 - 34,0,0
"2420",1999,10,35 - 39,0,0
"2420",1999,10,40 - 44,0,0
"2420",1999,10,45 - 49,0,1
"2420",1999,10,50 - 54,1,1
"2420",1999,10,55 - 59,0,0
"2420",1999,10,60 - 64,0,0
"2420",1999,10,65 - 69,1,0
"2420",1999,10,70 - 74,0,0
"2420",1999,10,75 - 79,0,2
"2420",1999,10,80 - 84,0,2
"2420",1999,10,85 - 89,0,2
"2420",1999,10,90 - 94,0,0
"2420",1999,10,95+,0,0
"2420",1999,10,UNK,0,0
"2420",1999,11,Total,24,20
"2420",1999,11,0,21,16
"2420",1999,11,1,0,2
"2420",1999,11,2,0,1
"2420",1999,11,3,1,0
"2420",1999,11,4,0,0
"2420",1999,11,5 - 9,0,0
"2420",1999,11,10 - 14,1,0
"2420",1999,11,15 - 19,0,0
"2420",1999,11,20 - 24,0,0
"2420",1999,11,25 - 29,1,0
"2420",1999,11,30 - 34,0,0
"2420",1999,11,35 - 39,0,0
"2420",1999,11,40 - 44,0,1
"2420",1999,11,45 - 49,0,0
"2420",1999,11,50 - 54,0,0
"2420",1999,11,55 - 59,0,0
"2420",1999,11,60 - 64,0,0
"2420",1999,11,65 - 69,0,0
"2420",1999,11,70 - 74,0,0
"2420",1999,11,75 - 79,0,0
"2420",1999,11,80 - 84,0,0
"2420",1999,11,85 - 89,0,0
"2420",1999,11,90 - 94,0,0
"2420",1999,11,95+,0,0
"2420",1999,11,UNK,0,0
"2420",1999,12,Total,32,42
"2420",1999,12,0,1,2
"2420",1999,12,1,0,1
"2420",1999,12,2,1,2
"2420",1999,12,3,0,0
"2420",1999,12,4,0,0
"2420",1999,12,5 - 9,1,0
"2420",1999,12,10 - 14,0,1
"2420",1999,12,15 - 19,0,1
"2420",1999,12,20 - 24,0,0
"2420",1999,12,25 - 29,0,0
"2420",1999,12,30 - 34,0,2
"2420",1999,12,35 - 39,0,1
"2420",1999,12,40 - 44,3,0
"2420",1999,12,45 - 49,0,0
"2420",1999,12,50 - 54,0,1
"2420",1999,12,55 - 59,2,2
"2420",1999,12,60 - 64,1,0
"2420",1999,12,65 - 69,1,4
"2420",1999,12,70 - 74,5,1
"2420",1999,12,75 - 79,3,4
"2420",1999,12,80 - 84,3,5
"2420",1999,12,85 - 89,10,14
"2420",1999,12,90 - 94,0,0
"2420",1999,12,95+,0,0
"2420",1999,12,UNK,1,1
"2420",1999,13,Total,6,28
"2420",1999,13,0,0,1
"2420",1999,13,1,0,0
"2420",1999,13,2,1,0
"2420",1999,13,3,0,0
"2420",1999,13,4,0,0
"2420",1999,13,5 - 9,1,3
"2420",1999,13,10 - 14,1,3
"2420",1999,13,15 - 19,1,2
"2420",1999,13,20 - 24,0,1
"2420",1999,13,25 - 29,0,2
"2420",1999,13,30 - 34,0,3
"2420",1999,13,35 - 39,0,3
"2420",1999,13,40 - 44,0,3
"2420",1999,13,45 - 49,0,0
"2420",1999,13,50 - 54,0,3
"2420",1999,13,55 - 59,0,2
"2420",1999,13,60 - 64,0,2
"2420",1999,13,65 - 69,0,0
"2420",1999,13,70 - 74,1,0
"2420",1999,13,75 - 79,0,0
"2420",1999,13,80 - 84,1,0
"2420",1999,13,85 - 89,0,0
"2420",1999,13,90 - 94,0,0
"2420",1999,13,95+,0,0
"2420",1999,13,UNK,0,0
"2420",1999,14,Total,3,9
"2420",1999,14,0,0,0
"2420",1999,14,1,0,0
"2420",1999,14,2,0,0
"2420",1999,14,3,0,0
"2420",1999,14,4,0,0
"2420",1999,14,5 - 9,0,0
"2420",1999,14,10 - 14,0,0
"2420",1999,14,15 - 19,0,1
"2420",1999,14,20 - 24,1,2
"2420",1999,14,25 - 29,1,0
"2420",1999,14,30 - 34,0,1
"2420",1999,14,35 - 39,0,1
"2420",1999,14,40 - 44,0,1
"2420",1999,14,45 - 49,0,0
"2420",1999,14,50 - 54,0,0
"2420",1999,14,55 - 59,0,1
"2420",1999,14,60 - 64,0,0
"2420",1999,14,65 - 69,0,0
"2420",1999,14,70 - 74,0,0
"2420",1999,14,75 - 79,1,0
"2420",1999,14,80 - 84,0,2
"2420",1999,14,85 - 89,0,0
"2420",1999,14,90 - 94,0,0
"2420",1999,14,95+,0,0
"2420",1999,14,UNK,0,0
"2420",1999,15,Total,16,13
"2420",1999,15,0,0,0
"2420",1999,15,1,0,0
"2420",1999,15,2,0,0
"2420",1999,15,3,0,0
"2420",1999,15,4,1,1
"2420",1999,15,5 - 9,0,0
"2420",1999,15,10 - 14,1,0
"2420",1999,15,15 - 19,0,0
"2420",1999,15,20 - 24,1,1
"2420",1999,15,25 - 29,1,0
"2420",1999,15,30 - 34,0,0
"2420",1999,15,35 - 39,0,0
"2420",1999,15,40 - 44,0,0
"2420",1999,15,45 - 49,0,1
"2420",1999,15,50 - 54,1,0
"2420",1999,15,55 - 59,2,0
"2420",1999,15,60 - 64,1,0
"2420",1999,15,65 - 69,2,2
"2420",1999,15,70 - 74,0,1
"2420",1999,15,75 - 79,1,3
"2420",1999,15,80 - 84,1,1
"2420",1999,15,85 - 89,4,3
"2420",1999,15,90 - 94,0,0
"2420",1999,15,95+,0,0
"2420",1999,15,UNK,0,0
