"","Year","Cause","Age","Female","Male"
"2260",1990,1,Total,2031,2847
"2260",1990,1,0,235,296
"2260",1990,1,1,36,39
"2260",1990,1,2,6,20
"2260",1990,1,3,10,12
"2260",1990,1,4,4,4
"2260",1990,1,5 - 9,29,29
"2260",1990,1,10 - 14,25,32
"2260",1990,1,15 - 19,36,57
"2260",1990,1,20 - 24,50,113
"2260",1990,1,25 - 29,48,122
"2260",1990,1,30 - 34,60,122
"2260",1990,1,35 - 39,53,106
"2260",1990,1,40 - 44,47,103
"2260",1990,1,45 - 49,84,159
"2260",1990,1,50 - 54,103,148
"2260",1990,1,55 - 59,110,178
"2260",1990,1,60 - 64,164,241
"2260",1990,1,65 - 69,183,235
"2260",1990,1,70 - 74,163,253
"2260",1990,1,75 - 79,208,257
"2260",1990,1,80 - 84,151,153
"2260",1990,1,85 - 89,166,103
"2260",1990,1,90 - 94,0,0
"2260",1990,1,95+,0,0
"2260",1990,1,UNK,60,65
"2260",1990,2,Total,95,168
"2260",1990,2,0,49,76
"2260",1990,2,1,11,14
"2260",1990,2,2,3,4
"2260",1990,2,3,1,0
"2260",1990,2,4,0,1
"2260",1990,2,5 - 9,0,1
"2260",1990,2,10 - 14,1,2
"2260",1990,2,15 - 19,3,3
"2260",1990,2,20 - 24,0,4
"2260",1990,2,25 - 29,4,6
"2260",1990,2,30 - 34,0,5
"2260",1990,2,35 - 39,1,8
"2260",1990,2,40 - 44,1,1
"2260",1990,2,45 - 49,3,6
"2260",1990,2,50 - 54,0,3
"2260",1990,2,55 - 59,2,5
"2260",1990,2,60 - 64,5,5
"2260",1990,2,65 - 69,3,8
"2260",1990,2,70 - 74,3,5
"2260",1990,2,75 - 79,3,4
"2260",1990,2,80 - 84,1,3
"2260",1990,2,85 - 89,1,0
"2260",1990,2,90 - 94,0,0
"2260",1990,2,95+,0,0
"2260",1990,2,UNK,0,4
"2260",1990,3,Total,179,189
"2260",1990,3,0,0,1
"2260",1990,3,1,0,0
"2260",1990,3,2,0,0
"2260",1990,3,3,0,1
"2260",1990,3,4,0,1
"2260",1990,3,5 - 9,0,1
"2260",1990,3,10 - 14,1,1
"2260",1990,3,15 - 19,1,2
"2260",1990,3,20 - 24,4,2
"2260",1990,3,25 - 29,2,2
"2260",1990,3,30 - 34,8,5
"2260",1990,3,35 - 39,11,4
"2260",1990,3,40 - 44,14,6
"2260",1990,3,45 - 49,19,8
"2260",1990,3,50 - 54,15,11
"2260",1990,3,55 - 59,24,23
"2260",1990,3,60 - 64,19,16
"2260",1990,3,65 - 69,19,18
"2260",1990,3,70 - 74,12,34
"2260",1990,3,75 - 79,19,25
"2260",1990,3,80 - 84,5,16
"2260",1990,3,85 - 89,5,9
"2260",1990,3,90 - 94,0,0
"2260",1990,3,95+,0,0
"2260",1990,3,UNK,1,3
"2260",1990,4,Total,870,1084
"2260",1990,4,0,1,7
"2260",1990,4,1,2,2
"2260",1990,4,2,0,2
"2260",1990,4,3,3,0
"2260",1990,4,4,0,0
"2260",1990,4,5 - 9,5,0
"2260",1990,4,10 - 14,2,2
"2260",1990,4,15 - 19,4,2
"2260",1990,4,20 - 24,4,13
"2260",1990,4,25 - 29,7,5
"2260",1990,4,30 - 34,8,17
"2260",1990,4,35 - 39,10,21
"2260",1990,4,40 - 44,14,41
"2260",1990,4,45 - 49,33,67
"2260",1990,4,50 - 54,55,78
"2260",1990,4,55 - 59,56,85
"2260",1990,4,60 - 64,102,154
"2260",1990,4,65 - 69,119,149
"2260",1990,4,70 - 74,105,141
"2260",1990,4,75 - 79,121,134
"2260",1990,4,80 - 84,99,83
"2260",1990,4,85 - 89,95,55
"2260",1990,4,90 - 94,0,0
"2260",1990,4,95+,0,0
"2260",1990,4,UNK,25,26
"2260",1990,5,Total,70,53
"2260",1990,5,0,3,3
"2260",1990,5,1,1,1
"2260",1990,5,2,0,1
"2260",1990,5,3,0,0
"2260",1990,5,4,1,0
"2260",1990,5,5 - 9,0,0
"2260",1990,5,10 - 14,0,0
"2260",1990,5,15 - 19,1,0
"2260",1990,5,20 - 24,0,2
"2260",1990,5,25 - 29,1,0
"2260",1990,5,30 - 34,1,0
"2260",1990,5,35 - 39,0,0
"2260",1990,5,40 - 44,0,0
"2260",1990,5,45 - 49,0,1
"2260",1990,5,50 - 54,0,2
"2260",1990,5,55 - 59,0,0
"2260",1990,5,60 - 64,2,2
"2260",1990,5,65 - 69,1,2
"2260",1990,5,70 - 74,2,7
"2260",1990,5,75 - 79,11,5
"2260",1990,5,80 - 84,10,7
"2260",1990,5,85 - 89,22,9
"2260",1990,5,90 - 94,0,0
"2260",1990,5,95+,0,0
"2260",1990,5,UNK,14,11
"2260",1990,6,Total,3,8
"2260",1990,6,0,0,0
"2260",1990,6,1,0,0
"2260",1990,6,2,0,0
"2260",1990,6,3,0,0
"2260",1990,6,4,0,0
"2260",1990,6,5 - 9,1,0
"2260",1990,6,10 - 14,0,0
"2260",1990,6,15 - 19,0,1
"2260",1990,6,20 - 24,0,0
"2260",1990,6,25 - 29,0,0
"2260",1990,6,30 - 34,0,0
"2260",1990,6,35 - 39,0,0
"2260",1990,6,40 - 44,0,2
"2260",1990,6,45 - 49,0,1
"2260",1990,6,50 - 54,1,0
"2260",1990,6,55 - 59,0,3
"2260",1990,6,60 - 64,0,0
"2260",1990,6,65 - 69,1,0
"2260",1990,6,70 - 74,0,0
"2260",1990,6,75 - 79,0,0
"2260",1990,6,80 - 84,0,0
"2260",1990,6,85 - 89,0,0
"2260",1990,6,90 - 94,0,0
"2260",1990,6,95+,0,0
"2260",1990,6,UNK,0,1
"2260",1990,7,Total,30,68
"2260",1990,7,0,3,2
"2260",1990,7,1,2,1
"2260",1990,7,2,0,1
"2260",1990,7,3,2,2
"2260",1990,7,4,0,1
"2260",1990,7,5 - 9,1,3
"2260",1990,7,10 - 14,2,3
"2260",1990,7,15 - 19,1,7
"2260",1990,7,20 - 24,5,2
"2260",1990,7,25 - 29,2,4
"2260",1990,7,30 - 34,2,4
"2260",1990,7,35 - 39,0,5
"2260",1990,7,40 - 44,0,3
"2260",1990,7,45 - 49,1,5
"2260",1990,7,50 - 54,0,6
"2260",1990,7,55 - 59,1,3
"2260",1990,7,60 - 64,0,1
"2260",1990,7,65 - 69,1,2
"2260",1990,7,70 - 74,3,1
"2260",1990,7,75 - 79,0,7
"2260",1990,7,80 - 84,0,3
"2260",1990,7,85 - 89,0,1
"2260",1990,7,90 - 94,0,0
"2260",1990,7,95+,0,0
"2260",1990,7,UNK,4,1
"2260",1990,8,Total,206,202
"2260",1990,8,0,45,34
"2260",1990,8,1,10,9
"2260",1990,8,2,1,2
"2260",1990,8,3,1,1
"2260",1990,8,4,1,0
"2260",1990,8,5 - 9,1,0
"2260",1990,8,10 - 14,0,0
"2260",1990,8,15 - 19,2,0
"2260",1990,8,20 - 24,7,11
"2260",1990,8,25 - 29,8,10
"2260",1990,8,30 - 34,6,13
"2260",1990,8,35 - 39,6,7
"2260",1990,8,40 - 44,6,6
"2260",1990,8,45 - 49,5,7
"2260",1990,8,50 - 54,16,10
"2260",1990,8,55 - 59,11,11
"2260",1990,8,60 - 64,16,17
"2260",1990,8,65 - 69,18,12
"2260",1990,8,70 - 74,14,18
"2260",1990,8,75 - 79,14,18
"2260",1990,8,80 - 84,7,6
"2260",1990,8,85 - 89,8,6
"2260",1990,8,90 - 94,0,0
"2260",1990,8,95+,0,0
"2260",1990,8,UNK,3,4
"2260",1990,9,Total,104,213
"2260",1990,9,0,3,2
"2260",1990,9,1,0,0
"2260",1990,9,2,0,0
"2260",1990,9,3,0,0
"2260",1990,9,4,1,0
"2260",1990,9,5 - 9,1,0
"2260",1990,9,10 - 14,3,1
"2260",1990,9,15 - 19,3,3
"2260",1990,9,20 - 24,2,6
"2260",1990,9,25 - 29,4,10
"2260",1990,9,30 - 34,6,25
"2260",1990,9,35 - 39,3,12
"2260",1990,9,40 - 44,0,19
"2260",1990,9,45 - 49,9,29
"2260",1990,9,50 - 54,7,10
"2260",1990,9,55 - 59,5,18
"2260",1990,9,60 - 64,6,15
"2260",1990,9,65 - 69,7,14
"2260",1990,9,70 - 74,6,11
"2260",1990,9,75 - 79,11,16
"2260",1990,9,80 - 84,11,15
"2260",1990,9,85 - 89,11,4
"2260",1990,9,90 - 94,0,0
"2260",1990,9,95+,0,0
"2260",1990,9,UNK,5,3
"2260",1990,10,Total,41,38
"2260",1990,10,0,0,1
"2260",1990,10,1,0,0
"2260",1990,10,2,0,0
"2260",1990,10,3,0,1
"2260",1990,10,4,0,0
"2260",1990,10,5 - 9,1,0
"2260",1990,10,10 - 14,1,1
"2260",1990,10,15 - 19,1,1
"2260",1990,10,20 - 24,2,2
"2260",1990,10,25 - 29,1,1
"2260",1990,10,30 - 34,2,3
"2260",1990,10,35 - 39,5,0
"2260",1990,10,40 - 44,3,0
"2260",1990,10,45 - 49,3,3
"2260",1990,10,50 - 54,3,0
"2260",1990,10,55 - 59,2,3
"2260",1990,10,60 - 64,2,3
"2260",1990,10,65 - 69,0,1
"2260",1990,10,70 - 74,3,5
"2260",1990,10,75 - 79,6,6
"2260",1990,10,80 - 84,2,2
"2260",1990,10,85 - 89,4,5
"2260",1990,10,90 - 94,0,0
"2260",1990,10,95+,0,0
"2260",1990,10,UNK,0,0
"2260",1990,11,Total,88,121
"2260",1990,11,0,84,113
"2260",1990,11,1,1,1
"2260",1990,11,2,1,0
"2260",1990,11,3,0,1
"2260",1990,11,4,0,0
"2260",1990,11,5 - 9,1,0
"2260",1990,11,10 - 14,0,1
"2260",1990,11,15 - 19,0,2
"2260",1990,11,20 - 24,0,0
"2260",1990,11,25 - 29,0,1
"2260",1990,11,30 - 34,0,1
"2260",1990,11,35 - 39,0,0
"2260",1990,11,40 - 44,0,0
"2260",1990,11,45 - 49,0,0
"2260",1990,11,50 - 54,0,0
"2260",1990,11,55 - 59,0,0
"2260",1990,11,60 - 64,0,0
"2260",1990,11,65 - 69,0,0
"2260",1990,11,70 - 74,0,1
"2260",1990,11,75 - 79,0,0
"2260",1990,11,80 - 84,1,0
"2260",1990,11,85 - 89,0,0
"2260",1990,11,90 - 94,0,0
"2260",1990,11,95+,0,0
"2260",1990,11,UNK,0,0
"2260",1990,12,Total,107,185
"2260",1990,12,0,29,39
"2260",1990,12,1,3,4
"2260",1990,12,2,1,3
"2260",1990,12,3,0,3
"2260",1990,12,4,0,0
"2260",1990,12,5 - 9,6,0
"2260",1990,12,10 - 14,1,0
"2260",1990,12,15 - 19,1,4
"2260",1990,12,20 - 24,1,5
"2260",1990,12,25 - 29,1,5
"2260",1990,12,30 - 34,0,6
"2260",1990,12,35 - 39,6,6
"2260",1990,12,40 - 44,1,2
"2260",1990,12,45 - 49,1,6
"2260",1990,12,50 - 54,1,3
"2260",1990,12,55 - 59,1,9
"2260",1990,12,60 - 64,5,8
"2260",1990,12,65 - 69,7,15
"2260",1990,12,70 - 74,7,12
"2260",1990,12,75 - 79,11,27
"2260",1990,12,80 - 84,6,16
"2260",1990,12,85 - 89,13,11
"2260",1990,12,90 - 94,0,0
"2260",1990,12,95+,0,0
"2260",1990,12,UNK,5,1
"2260",1990,13,Total,119,402
"2260",1990,13,0,10,10
"2260",1990,13,1,2,5
"2260",1990,13,2,0,5
"2260",1990,13,3,2,3
"2260",1990,13,4,1,0
"2260",1990,13,5 - 9,10,24
"2260",1990,13,10 - 14,10,17
"2260",1990,13,15 - 19,17,30
"2260",1990,13,20 - 24,14,58
"2260",1990,13,25 - 29,5,65
"2260",1990,13,30 - 34,13,37
"2260",1990,13,35 - 39,4,32
"2260",1990,13,40 - 44,2,18
"2260",1990,13,45 - 49,6,20
"2260",1990,13,50 - 54,2,21
"2260",1990,13,55 - 59,6,15
"2260",1990,13,60 - 64,0,13
"2260",1990,13,65 - 69,4,8
"2260",1990,13,70 - 74,4,5
"2260",1990,13,75 - 79,4,8
"2260",1990,13,80 - 84,0,1
"2260",1990,13,85 - 89,1,1
"2260",1990,13,90 - 94,0,0
"2260",1990,13,95+,0,0
"2260",1990,13,UNK,2,6
"2260",1990,14,Total,15,41
"2260",1990,14,0,0,0
"2260",1990,14,1,0,0
"2260",1990,14,2,0,0
"2260",1990,14,3,0,0
"2260",1990,14,4,0,0
"2260",1990,14,5 - 9,0,0
"2260",1990,14,10 - 14,0,1
"2260",1990,14,15 - 19,1,1
"2260",1990,14,20 - 24,3,6
"2260",1990,14,25 - 29,1,9
"2260",1990,14,30 - 34,2,2
"2260",1990,14,35 - 39,0,8
"2260",1990,14,40 - 44,2,3
"2260",1990,14,45 - 49,0,2
"2260",1990,14,50 - 54,0,2
"2260",1990,14,55 - 59,0,1
"2260",1990,14,60 - 64,3,2
"2260",1990,14,65 - 69,0,2
"2260",1990,14,70 - 74,0,1
"2260",1990,14,75 - 79,1,0
"2260",1990,14,80 - 84,0,0
"2260",1990,14,85 - 89,1,1
"2260",1990,14,90 - 94,0,0
"2260",1990,14,95+,0,0
"2260",1990,14,UNK,1,0
"2260",1990,15,Total,104,75
"2260",1990,15,0,8,8
"2260",1990,15,1,4,2
"2260",1990,15,2,0,2
"2260",1990,15,3,1,0
"2260",1990,15,4,0,1
"2260",1990,15,5 - 9,2,0
"2260",1990,15,10 - 14,4,3
"2260",1990,15,15 - 19,1,1
"2260",1990,15,20 - 24,8,2
"2260",1990,15,25 - 29,12,4
"2260",1990,15,30 - 34,12,4
"2260",1990,15,35 - 39,7,3
"2260",1990,15,40 - 44,4,2
"2260",1990,15,45 - 49,4,4
"2260",1990,15,50 - 54,3,2
"2260",1990,15,55 - 59,2,2
"2260",1990,15,60 - 64,4,5
"2260",1990,15,65 - 69,3,4
"2260",1990,15,70 - 74,4,12
"2260",1990,15,75 - 79,7,7
"2260",1990,15,80 - 84,9,1
"2260",1990,15,85 - 89,5,1
"2260",1990,15,90 - 94,0,0
"2260",1990,15,95+,0,0
"2260",1990,15,UNK,0,5
"2260",1991,1,Total,1926,2623
"2260",1991,1,0,203,298
"2260",1991,1,1,33,40
"2260",1991,1,2,10,9
"2260",1991,1,3,1,6
"2260",1991,1,4,6,4
"2260",1991,1,5 - 9,9,25
"2260",1991,1,10 - 14,11,19
"2260",1991,1,15 - 19,42,55
"2260",1991,1,20 - 24,51,98
"2260",1991,1,25 - 29,49,116
"2260",1991,1,30 - 34,60,94
"2260",1991,1,35 - 39,45,99
"2260",1991,1,40 - 44,65,117
"2260",1991,1,45 - 49,69,146
"2260",1991,1,50 - 54,104,132
"2260",1991,1,55 - 59,124,197
"2260",1991,1,60 - 64,159,221
"2260",1991,1,65 - 69,160,205
"2260",1991,1,70 - 74,174,231
"2260",1991,1,75 - 79,185,206
"2260",1991,1,80 - 84,150,133
"2260",1991,1,85 - 89,110,75
"2260",1991,1,90 - 94,44,30
"2260",1991,1,95+,17,7
"2260",1991,1,UNK,45,60
"2260",1991,2,Total,94,164
"2260",1991,2,0,39,65
"2260",1991,2,1,11,15
"2260",1991,2,2,3,0
"2260",1991,2,3,0,3
"2260",1991,2,4,0,0
"2260",1991,2,5 - 9,0,6
"2260",1991,2,10 - 14,0,2
"2260",1991,2,15 - 19,5,3
"2260",1991,2,20 - 24,2,9
"2260",1991,2,25 - 29,6,9
"2260",1991,2,30 - 34,6,1
"2260",1991,2,35 - 39,2,3
"2260",1991,2,40 - 44,3,3
"2260",1991,2,45 - 49,2,4
"2260",1991,2,50 - 54,3,5
"2260",1991,2,55 - 59,1,6
"2260",1991,2,60 - 64,1,8
"2260",1991,2,65 - 69,2,7
"2260",1991,2,70 - 74,1,3
"2260",1991,2,75 - 79,1,4
"2260",1991,2,80 - 84,1,3
"2260",1991,2,85 - 89,3,2
"2260",1991,2,90 - 94,0,0
"2260",1991,2,95+,0,0
"2260",1991,2,UNK,2,3
"2260",1991,3,Total,160,156
"2260",1991,3,0,1,0
"2260",1991,3,1,1,0
"2260",1991,3,2,0,0
"2260",1991,3,3,1,0
"2260",1991,3,4,1,0
"2260",1991,3,5 - 9,0,2
"2260",1991,3,10 - 14,1,3
"2260",1991,3,15 - 19,1,1
"2260",1991,3,20 - 24,1,3
"2260",1991,3,25 - 29,4,4
"2260",1991,3,30 - 34,7,2
"2260",1991,3,35 - 39,4,0
"2260",1991,3,40 - 44,10,4
"2260",1991,3,45 - 49,14,10
"2260",1991,3,50 - 54,15,7
"2260",1991,3,55 - 59,19,5
"2260",1991,3,60 - 64,18,17
"2260",1991,3,65 - 69,16,24
"2260",1991,3,70 - 74,11,25
"2260",1991,3,75 - 79,17,24
"2260",1991,3,80 - 84,7,17
"2260",1991,3,85 - 89,6,4
"2260",1991,3,90 - 94,2,2
"2260",1991,3,95+,0,1
"2260",1991,3,UNK,3,1
"2260",1991,4,Total,831,962
"2260",1991,4,0,0,0
"2260",1991,4,1,0,0
"2260",1991,4,2,0,0
"2260",1991,4,3,0,0
"2260",1991,4,4,0,0
"2260",1991,4,5 - 9,0,1
"2260",1991,4,10 - 14,2,0
"2260",1991,4,15 - 19,4,7
"2260",1991,4,20 - 24,8,4
"2260",1991,4,25 - 29,10,11
"2260",1991,4,30 - 34,6,9
"2260",1991,4,35 - 39,9,20
"2260",1991,4,40 - 44,23,38
"2260",1991,4,45 - 49,26,66
"2260",1991,4,50 - 54,54,69
"2260",1991,4,55 - 59,78,120
"2260",1991,4,60 - 64,96,129
"2260",1991,4,65 - 69,97,110
"2260",1991,4,70 - 74,114,127
"2260",1991,4,75 - 79,102,104
"2260",1991,4,80 - 84,92,62
"2260",1991,4,85 - 89,57,39
"2260",1991,4,90 - 94,28,15
"2260",1991,4,95+,14,2
"2260",1991,4,UNK,11,29
"2260",1991,5,Total,66,53
"2260",1991,5,0,2,2
"2260",1991,5,1,0,0
"2260",1991,5,2,0,0
"2260",1991,5,3,0,0
"2260",1991,5,4,0,0
"2260",1991,5,5 - 9,0,0
"2260",1991,5,10 - 14,0,0
"2260",1991,5,15 - 19,1,0
"2260",1991,5,20 - 24,1,1
"2260",1991,5,25 - 29,2,1
"2260",1991,5,30 - 34,1,1
"2260",1991,5,35 - 39,0,0
"2260",1991,5,40 - 44,1,0
"2260",1991,5,45 - 49,0,0
"2260",1991,5,50 - 54,0,0
"2260",1991,5,55 - 59,0,0
"2260",1991,5,60 - 64,0,1
"2260",1991,5,65 - 69,4,0
"2260",1991,5,70 - 74,5,2
"2260",1991,5,75 - 79,13,4
"2260",1991,5,80 - 84,5,14
"2260",1991,5,85 - 89,18,11
"2260",1991,5,90 - 94,2,7
"2260",1991,5,95+,0,2
"2260",1991,5,UNK,11,7
"2260",1991,6,Total,6,10
"2260",1991,6,0,0,0
"2260",1991,6,1,0,0
"2260",1991,6,2,0,0
"2260",1991,6,3,0,0
"2260",1991,6,4,0,0
"2260",1991,6,5 - 9,1,0
"2260",1991,6,10 - 14,0,0
"2260",1991,6,15 - 19,0,1
"2260",1991,6,20 - 24,1,1
"2260",1991,6,25 - 29,0,2
"2260",1991,6,30 - 34,0,0
"2260",1991,6,35 - 39,0,0
"2260",1991,6,40 - 44,0,1
"2260",1991,6,45 - 49,1,1
"2260",1991,6,50 - 54,1,1
"2260",1991,6,55 - 59,0,0
"2260",1991,6,60 - 64,1,1
"2260",1991,6,65 - 69,0,2
"2260",1991,6,70 - 74,0,0
"2260",1991,6,75 - 79,1,0
"2260",1991,6,80 - 84,0,0
"2260",1991,6,85 - 89,0,0
"2260",1991,6,90 - 94,0,0
"2260",1991,6,95+,0,0
"2260",1991,6,UNK,0,0
"2260",1991,7,Total,24,44
"2260",1991,7,0,3,1
"2260",1991,7,1,2,0
"2260",1991,7,2,0,0
"2260",1991,7,3,0,1
"2260",1991,7,4,0,0
"2260",1991,7,5 - 9,0,0
"2260",1991,7,10 - 14,0,2
"2260",1991,7,15 - 19,1,2
"2260",1991,7,20 - 24,2,6
"2260",1991,7,25 - 29,0,5
"2260",1991,7,30 - 34,1,4
"2260",1991,7,35 - 39,1,0
"2260",1991,7,40 - 44,1,2
"2260",1991,7,45 - 49,1,1
"2260",1991,7,50 - 54,2,2
"2260",1991,7,55 - 59,1,1
"2260",1991,7,60 - 64,2,3
"2260",1991,7,65 - 69,3,2
"2260",1991,7,70 - 74,1,3
"2260",1991,7,75 - 79,1,3
"2260",1991,7,80 - 84,1,1
"2260",1991,7,85 - 89,1,2
"2260",1991,7,90 - 94,0,0
"2260",1991,7,95+,0,0
"2260",1991,7,UNK,0,3
"2260",1991,8,Total,183,182
"2260",1991,8,0,21,32
"2260",1991,8,1,4,6
"2260",1991,8,2,0,1
"2260",1991,8,3,0,1
"2260",1991,8,4,0,0
"2260",1991,8,5 - 9,0,0
"2260",1991,8,10 - 14,0,1
"2260",1991,8,15 - 19,3,4
"2260",1991,8,20 - 24,2,4
"2260",1991,8,25 - 29,1,9
"2260",1991,8,30 - 34,11,9
"2260",1991,8,35 - 39,2,10
"2260",1991,8,40 - 44,7,9
"2260",1991,8,45 - 49,7,5
"2260",1991,8,50 - 54,7,9
"2260",1991,8,55 - 59,11,10
"2260",1991,8,60 - 64,22,16
"2260",1991,8,65 - 69,21,13
"2260",1991,8,70 - 74,18,16
"2260",1991,8,75 - 79,17,12
"2260",1991,8,80 - 84,15,5
"2260",1991,8,85 - 89,7,4
"2260",1991,8,90 - 94,4,4
"2260",1991,8,95+,0,0
"2260",1991,8,UNK,3,2
"2260",1991,9,Total,84,184
"2260",1991,9,0,2,8
"2260",1991,9,1,0,0
"2260",1991,9,2,1,0
"2260",1991,9,3,0,0
"2260",1991,9,4,0,0
"2260",1991,9,5 - 9,0,1
"2260",1991,9,10 - 14,1,1
"2260",1991,9,15 - 19,3,2
"2260",1991,9,20 - 24,2,4
"2260",1991,9,25 - 29,3,6
"2260",1991,9,30 - 34,5,7
"2260",1991,9,35 - 39,4,16
"2260",1991,9,40 - 44,4,18
"2260",1991,9,45 - 49,6,24
"2260",1991,9,50 - 54,6,9
"2260",1991,9,55 - 59,4,17
"2260",1991,9,60 - 64,7,13
"2260",1991,9,65 - 69,5,15
"2260",1991,9,70 - 74,7,15
"2260",1991,9,75 - 79,9,16
"2260",1991,9,80 - 84,5,6
"2260",1991,9,85 - 89,6,2
"2260",1991,9,90 - 94,3,1
"2260",1991,9,95+,0,1
"2260",1991,9,UNK,1,2
"2260",1991,10,Total,28,32
"2260",1991,10,0,0,0
"2260",1991,10,1,0,0
"2260",1991,10,2,0,0
"2260",1991,10,3,0,0
"2260",1991,10,4,1,0
"2260",1991,10,5 - 9,0,0
"2260",1991,10,10 - 14,1,0
"2260",1991,10,15 - 19,1,1
"2260",1991,10,20 - 24,0,0
"2260",1991,10,25 - 29,3,0
"2260",1991,10,30 - 34,4,3
"2260",1991,10,35 - 39,1,0
"2260",1991,10,40 - 44,1,1
"2260",1991,10,45 - 49,2,0
"2260",1991,10,50 - 54,6,2
"2260",1991,10,55 - 59,2,1
"2260",1991,10,60 - 64,2,2
"2260",1991,10,65 - 69,0,4
"2260",1991,10,70 - 74,1,6
"2260",1991,10,75 - 79,2,3
"2260",1991,10,80 - 84,1,7
"2260",1991,10,85 - 89,0,2
"2260",1991,10,90 - 94,0,0
"2260",1991,10,95+,0,0
"2260",1991,10,UNK,0,0
"2260",1991,11,Total,111,168
"2260",1991,11,0,98,155
"2260",1991,11,1,2,3
"2260",1991,11,2,1,1
"2260",1991,11,3,0,0
"2260",1991,11,4,0,2
"2260",1991,11,5 - 9,2,1
"2260",1991,11,10 - 14,0,0
"2260",1991,11,15 - 19,0,0
"2260",1991,11,20 - 24,4,2
"2260",1991,11,25 - 29,0,0
"2260",1991,11,30 - 34,1,0
"2260",1991,11,35 - 39,0,1
"2260",1991,11,40 - 44,2,1
"2260",1991,11,45 - 49,0,0
"2260",1991,11,50 - 54,1,0
"2260",1991,11,55 - 59,0,1
"2260",1991,11,60 - 64,0,1
"2260",1991,11,65 - 69,0,0
"2260",1991,11,70 - 74,0,0
"2260",1991,11,75 - 79,0,0
"2260",1991,11,80 - 84,0,0
"2260",1991,11,85 - 89,0,0
"2260",1991,11,90 - 94,0,0
"2260",1991,11,95+,0,0
"2260",1991,11,UNK,0,0
"2260",1991,12,Total,114,165
"2260",1991,12,0,31,23
"2260",1991,12,1,5,13
"2260",1991,12,2,1,3
"2260",1991,12,3,0,0
"2260",1991,12,4,3,0
"2260",1991,12,5 - 9,0,1
"2260",1991,12,10 - 14,0,0
"2260",1991,12,15 - 19,1,3
"2260",1991,12,20 - 24,1,3
"2260",1991,12,25 - 29,3,10
"2260",1991,12,30 - 34,1,4
"2260",1991,12,35 - 39,6,7
"2260",1991,12,40 - 44,4,8
"2260",1991,12,45 - 49,5,7
"2260",1991,12,50 - 54,2,4
"2260",1991,12,55 - 59,3,5
"2260",1991,12,60 - 64,3,10
"2260",1991,12,65 - 69,7,7
"2260",1991,12,70 - 74,5,20
"2260",1991,12,75 - 79,10,20
"2260",1991,12,80 - 84,12,8
"2260",1991,12,85 - 89,5,5
"2260",1991,12,90 - 94,0,0
"2260",1991,12,95+,1,1
"2260",1991,12,UNK,5,3
"2260",1991,13,Total,133,382
"2260",1991,13,0,3,8
"2260",1991,13,1,6,2
"2260",1991,13,2,4,3
"2260",1991,13,3,0,1
"2260",1991,13,4,1,2
"2260",1991,13,5 - 9,5,10
"2260",1991,13,10 - 14,5,10
"2260",1991,13,15 - 19,19,27
"2260",1991,13,20 - 24,20,44
"2260",1991,13,25 - 29,8,49
"2260",1991,13,30 - 34,10,42
"2260",1991,13,35 - 39,10,32
"2260",1991,13,40 - 44,6,28
"2260",1991,13,45 - 49,2,23
"2260",1991,13,50 - 54,3,23
"2260",1991,13,55 - 59,4,21
"2260",1991,13,60 - 64,4,15
"2260",1991,13,65 - 69,2,13
"2260",1991,13,70 - 74,3,8
"2260",1991,13,75 - 79,5,10
"2260",1991,13,80 - 84,7,2
"2260",1991,13,85 - 89,3,3
"2260",1991,13,90 - 94,0,0
"2260",1991,13,95+,1,0
"2260",1991,13,UNK,2,6
"2260",1991,14,Total,8,40
"2260",1991,14,0,0,0
"2260",1991,14,1,0,0
"2260",1991,14,2,0,0
"2260",1991,14,3,0,0
"2260",1991,14,4,0,0
"2260",1991,14,5 - 9,0,0
"2260",1991,14,10 - 14,0,0
"2260",1991,14,15 - 19,0,3
"2260",1991,14,20 - 24,1,6
"2260",1991,14,25 - 29,1,5
"2260",1991,14,30 - 34,1,10
"2260",1991,14,35 - 39,1,9
"2260",1991,14,40 - 44,1,2
"2260",1991,14,45 - 49,1,0
"2260",1991,14,50 - 54,0,0
"2260",1991,14,55 - 59,0,4
"2260",1991,14,60 - 64,1,0
"2260",1991,14,65 - 69,0,0
"2260",1991,14,70 - 74,1,0
"2260",1991,14,75 - 79,0,0
"2260",1991,14,80 - 84,0,0
"2260",1991,14,85 - 89,0,0
"2260",1991,14,90 - 94,0,0
"2260",1991,14,95+,0,0
"2260",1991,14,UNK,0,1
"2260",1991,15,Total,84,81
"2260",1991,15,0,3,4
"2260",1991,15,1,2,1
"2260",1991,15,2,0,1
"2260",1991,15,3,0,0
"2260",1991,15,4,0,0
"2260",1991,15,5 - 9,1,3
"2260",1991,15,10 - 14,1,0
"2260",1991,15,15 - 19,3,1
"2260",1991,15,20 - 24,6,11
"2260",1991,15,25 - 29,8,5
"2260",1991,15,30 - 34,6,2
"2260",1991,15,35 - 39,5,1
"2260",1991,15,40 - 44,2,2
"2260",1991,15,45 - 49,2,5
"2260",1991,15,50 - 54,4,1
"2260",1991,15,55 - 59,1,6
"2260",1991,15,60 - 64,2,5
"2260",1991,15,65 - 69,3,8
"2260",1991,15,70 - 74,7,6
"2260",1991,15,75 - 79,7,6
"2260",1991,15,80 - 84,4,8
"2260",1991,15,85 - 89,4,1
"2260",1991,15,90 - 94,5,1
"2260",1991,15,95+,1,0
"2260",1991,15,UNK,7,3
"2260",1992,1,Total,1669,2303
"2260",1992,1,0,166,238
"2260",1992,1,1,15,22
"2260",1992,1,2,10,9
"2260",1992,1,3,10,8
"2260",1992,1,4,3,6
"2260",1992,1,5 - 9,7,15
"2260",1992,1,10 - 14,20,20
"2260",1992,1,15 - 19,31,35
"2260",1992,1,20 - 24,46,78
"2260",1992,1,25 - 29,51,99
"2260",1992,1,30 - 34,56,99
"2260",1992,1,35 - 39,48,98
"2260",1992,1,40 - 44,68,91
"2260",1992,1,45 - 49,57,118
"2260",1992,1,50 - 54,77,138
"2260",1992,1,55 - 59,98,177
"2260",1992,1,60 - 64,159,184
"2260",1992,1,65 - 69,150,196
"2260",1992,1,70 - 74,149,213
"2260",1992,1,75 - 79,150,196
"2260",1992,1,80 - 84,122,130
"2260",1992,1,85 - 89,84,64
"2260",1992,1,90 - 94,42,19
"2260",1992,1,95+,14,2
"2260",1992,1,UNK,36,48
"2260",1992,2,Total,95,160
"2260",1992,2,0,45,62
"2260",1992,2,1,6,10
"2260",1992,2,2,0,1
"2260",1992,2,3,6,2
"2260",1992,2,4,0,0
"2260",1992,2,5 - 9,1,4
"2260",1992,2,10 - 14,1,1
"2260",1992,2,15 - 19,3,1
"2260",1992,2,20 - 24,2,7
"2260",1992,2,25 - 29,3,10
"2260",1992,2,30 - 34,2,10
"2260",1992,2,35 - 39,1,3
"2260",1992,2,40 - 44,3,4
"2260",1992,2,45 - 49,0,8
"2260",1992,2,50 - 54,1,2
"2260",1992,2,55 - 59,3,6
"2260",1992,2,60 - 64,1,7
"2260",1992,2,65 - 69,4,2
"2260",1992,2,70 - 74,2,2
"2260",1992,2,75 - 79,6,7
"2260",1992,2,80 - 84,3,4
"2260",1992,2,85 - 89,1,2
"2260",1992,2,90 - 94,1,1
"2260",1992,2,95+,0,0
"2260",1992,2,UNK,0,4
"2260",1992,3,Total,172,137
"2260",1992,3,0,0,1
"2260",1992,3,1,1,0
"2260",1992,3,2,0,0
"2260",1992,3,3,1,1
"2260",1992,3,4,0,0
"2260",1992,3,5 - 9,0,0
"2260",1992,3,10 - 14,2,1
"2260",1992,3,15 - 19,2,1
"2260",1992,3,20 - 24,4,3
"2260",1992,3,25 - 29,7,0
"2260",1992,3,30 - 34,7,2
"2260",1992,3,35 - 39,7,8
"2260",1992,3,40 - 44,16,3
"2260",1992,3,45 - 49,12,3
"2260",1992,3,50 - 54,12,7
"2260",1992,3,55 - 59,25,7
"2260",1992,3,60 - 64,23,9
"2260",1992,3,65 - 69,14,22
"2260",1992,3,70 - 74,7,22
"2260",1992,3,75 - 79,11,27
"2260",1992,3,80 - 84,5,14
"2260",1992,3,85 - 89,6,5
"2260",1992,3,90 - 94,2,1
"2260",1992,3,95+,1,0
"2260",1992,3,UNK,7,0
"2260",1992,4,Total,709,854
"2260",1992,4,0,0,0
"2260",1992,4,1,0,0
"2260",1992,4,2,0,0
"2260",1992,4,3,0,0
"2260",1992,4,4,0,0
"2260",1992,4,5 - 9,0,0
"2260",1992,4,10 - 14,2,0
"2260",1992,4,15 - 19,4,2
"2260",1992,4,20 - 24,9,5
"2260",1992,4,25 - 29,4,3
"2260",1992,4,30 - 34,8,16
"2260",1992,4,35 - 39,15,21
"2260",1992,4,40 - 44,23,23
"2260",1992,4,45 - 49,32,47
"2260",1992,4,50 - 54,33,76
"2260",1992,4,55 - 59,39,92
"2260",1992,4,60 - 64,100,116
"2260",1992,4,65 - 69,91,106
"2260",1992,4,70 - 74,103,131
"2260",1992,4,75 - 79,84,89
"2260",1992,4,80 - 84,75,59
"2260",1992,4,85 - 89,46,36
"2260",1992,4,90 - 94,23,9
"2260",1992,4,95+,7,1
"2260",1992,4,UNK,11,22
"2260",1992,5,Total,49,48
"2260",1992,5,0,2,3
"2260",1992,5,1,0,0
"2260",1992,5,2,0,0
"2260",1992,5,3,0,1
"2260",1992,5,4,0,0
"2260",1992,5,5 - 9,0,1
"2260",1992,5,10 - 14,0,0
"2260",1992,5,15 - 19,0,1
"2260",1992,5,20 - 24,0,0
"2260",1992,5,25 - 29,1,2
"2260",1992,5,30 - 34,2,0
"2260",1992,5,35 - 39,0,1
"2260",1992,5,40 - 44,0,2
"2260",1992,5,45 - 49,0,0
"2260",1992,5,50 - 54,1,1
"2260",1992,5,55 - 59,0,0
"2260",1992,5,60 - 64,1,2
"2260",1992,5,65 - 69,2,2
"2260",1992,5,70 - 74,2,3
"2260",1992,5,75 - 79,1,10
"2260",1992,5,80 - 84,10,7
"2260",1992,5,85 - 89,9,5
"2260",1992,5,90 - 94,7,1
"2260",1992,5,95+,3,1
"2260",1992,5,UNK,8,5
"2260",1992,6,Total,5,17
"2260",1992,6,0,0,1
"2260",1992,6,1,0,0
"2260",1992,6,2,1,0
"2260",1992,6,3,0,0
"2260",1992,6,4,0,0
"2260",1992,6,5 - 9,0,0
"2260",1992,6,10 - 14,0,0
"2260",1992,6,15 - 19,0,1
"2260",1992,6,20 - 24,0,1
"2260",1992,6,25 - 29,0,0
"2260",1992,6,30 - 34,0,0
"2260",1992,6,35 - 39,0,1
"2260",1992,6,40 - 44,0,1
"2260",1992,6,45 - 49,0,1
"2260",1992,6,50 - 54,0,2
"2260",1992,6,55 - 59,0,3
"2260",1992,6,60 - 64,1,1
"2260",1992,6,65 - 69,1,2
"2260",1992,6,70 - 74,1,1
"2260",1992,6,75 - 79,0,0
"2260",1992,6,80 - 84,0,1
"2260",1992,6,85 - 89,0,0
"2260",1992,6,90 - 94,0,1
"2260",1992,6,95+,0,0
"2260",1992,6,UNK,1,0
"2260",1992,7,Total,26,38
"2260",1992,7,0,3,2
"2260",1992,7,1,1,0
"2260",1992,7,2,1,1
"2260",1992,7,3,0,1
"2260",1992,7,4,1,0
"2260",1992,7,5 - 9,1,1
"2260",1992,7,10 - 14,0,3
"2260",1992,7,15 - 19,1,1
"2260",1992,7,20 - 24,2,0
"2260",1992,7,25 - 29,1,0
"2260",1992,7,30 - 34,0,3
"2260",1992,7,35 - 39,1,2
"2260",1992,7,40 - 44,1,0
"2260",1992,7,45 - 49,1,4
"2260",1992,7,50 - 54,1,4
"2260",1992,7,55 - 59,3,2
"2260",1992,7,60 - 64,0,2
"2260",1992,7,65 - 69,3,4
"2260",1992,7,70 - 74,2,2
"2260",1992,7,75 - 79,1,1
"2260",1992,7,80 - 84,1,3
"2260",1992,7,85 - 89,0,1
"2260",1992,7,90 - 94,0,0
"2260",1992,7,95+,0,0
"2260",1992,7,UNK,1,1
"2260",1992,8,Total,167,174
"2260",1992,8,0,13,17
"2260",1992,8,1,3,4
"2260",1992,8,2,1,0
"2260",1992,8,3,0,0
"2260",1992,8,4,0,2
"2260",1992,8,5 - 9,0,1
"2260",1992,8,10 - 14,2,2
"2260",1992,8,15 - 19,0,2
"2260",1992,8,20 - 24,8,9
"2260",1992,8,25 - 29,9,13
"2260",1992,8,30 - 34,3,11
"2260",1992,8,35 - 39,2,4
"2260",1992,8,40 - 44,5,8
"2260",1992,8,45 - 49,3,7
"2260",1992,8,50 - 54,14,6
"2260",1992,8,55 - 59,19,13
"2260",1992,8,60 - 64,19,11
"2260",1992,8,65 - 69,16,14
"2260",1992,8,70 - 74,18,14
"2260",1992,8,75 - 79,15,18
"2260",1992,8,80 - 84,4,8
"2260",1992,8,85 - 89,8,3
"2260",1992,8,90 - 94,3,3
"2260",1992,8,95+,0,0
"2260",1992,8,UNK,2,4
"2260",1992,9,Total,53,157
"2260",1992,9,0,1,3
"2260",1992,9,1,0,0
"2260",1992,9,2,0,0
"2260",1992,9,3,1,1
"2260",1992,9,4,0,0
"2260",1992,9,5 - 9,0,0
"2260",1992,9,10 - 14,1,1
"2260",1992,9,15 - 19,2,2
"2260",1992,9,20 - 24,0,1
"2260",1992,9,25 - 29,4,5
"2260",1992,9,30 - 34,7,7
"2260",1992,9,35 - 39,7,18
"2260",1992,9,40 - 44,4,14
"2260",1992,9,45 - 49,3,17
"2260",1992,9,50 - 54,3,19
"2260",1992,9,55 - 59,4,19
"2260",1992,9,60 - 64,4,14
"2260",1992,9,65 - 69,1,14
"2260",1992,9,70 - 74,4,6
"2260",1992,9,75 - 79,2,8
"2260",1992,9,80 - 84,3,4
"2260",1992,9,85 - 89,2,1
"2260",1992,9,90 - 94,0,0
"2260",1992,9,95+,0,0
"2260",1992,9,UNK,0,3
"2260",1992,10,Total,25,39
"2260",1992,10,0,0,0
"2260",1992,10,1,0,0
"2260",1992,10,2,0,0
"2260",1992,10,3,0,1
"2260",1992,10,4,0,0
"2260",1992,10,5 - 9,0,3
"2260",1992,10,10 - 14,1,0
"2260",1992,10,15 - 19,2,1
"2260",1992,10,20 - 24,1,3
"2260",1992,10,25 - 29,1,2
"2260",1992,10,30 - 34,3,2
"2260",1992,10,35 - 39,2,0
"2260",1992,10,40 - 44,2,1
"2260",1992,10,45 - 49,0,0
"2260",1992,10,50 - 54,0,2
"2260",1992,10,55 - 59,0,1
"2260",1992,10,60 - 64,3,2
"2260",1992,10,65 - 69,3,5
"2260",1992,10,70 - 74,0,5
"2260",1992,10,75 - 79,1,6
"2260",1992,10,80 - 84,4,3
"2260",1992,10,85 - 89,1,2
"2260",1992,10,90 - 94,0,0
"2260",1992,10,95+,0,0
"2260",1992,10,UNK,1,0
"2260",1992,11,Total,85,123
"2260",1992,11,0,74,111
"2260",1992,11,1,0,2
"2260",1992,11,2,2,3
"2260",1992,11,3,1,0
"2260",1992,11,4,0,2
"2260",1992,11,5 - 9,1,1
"2260",1992,11,10 - 14,4,0
"2260",1992,11,15 - 19,0,0
"2260",1992,11,20 - 24,0,0
"2260",1992,11,25 - 29,0,1
"2260",1992,11,30 - 34,2,0
"2260",1992,11,35 - 39,0,0
"2260",1992,11,40 - 44,1,0
"2260",1992,11,45 - 49,0,1
"2260",1992,11,50 - 54,0,0
"2260",1992,11,55 - 59,0,1
"2260",1992,11,60 - 64,0,0
"2260",1992,11,65 - 69,0,1
"2260",1992,11,70 - 74,0,0
"2260",1992,11,75 - 79,0,0
"2260",1992,11,80 - 84,0,0
"2260",1992,11,85 - 89,0,0
"2260",1992,11,90 - 94,0,0
"2260",1992,11,95+,0,0
"2260",1992,11,UNK,0,0
"2260",1992,12,Total,97,147
"2260",1992,12,0,21,26
"2260",1992,12,1,2,1
"2260",1992,12,2,3,2
"2260",1992,12,3,1,0
"2260",1992,12,4,0,0
"2260",1992,12,5 - 9,0,0
"2260",1992,12,10 - 14,0,2
"2260",1992,12,15 - 19,0,2
"2260",1992,12,20 - 24,0,3
"2260",1992,12,25 - 29,3,5
"2260",1992,12,30 - 34,4,5
"2260",1992,12,35 - 39,3,5
"2260",1992,12,40 - 44,2,3
"2260",1992,12,45 - 49,2,4
"2260",1992,12,50 - 54,4,3
"2260",1992,12,55 - 59,3,13
"2260",1992,12,60 - 64,2,4
"2260",1992,12,65 - 69,8,9
"2260",1992,12,70 - 74,5,13
"2260",1992,12,75 - 79,16,18
"2260",1992,12,80 - 84,10,18
"2260",1992,12,85 - 89,2,7
"2260",1992,12,90 - 94,4,2
"2260",1992,12,95+,1,0
"2260",1992,12,UNK,1,2
"2260",1992,13,Total,107,319
"2260",1992,13,0,5,3
"2260",1992,13,1,2,4
"2260",1992,13,2,1,2
"2260",1992,13,3,0,0
"2260",1992,13,4,1,1
"2260",1992,13,5 - 9,3,4
"2260",1992,13,10 - 14,5,9
"2260",1992,13,15 - 19,13,19
"2260",1992,13,20 - 24,13,38
"2260",1992,13,25 - 29,9,45
"2260",1992,13,30 - 34,8,38
"2260",1992,13,35 - 39,5,31
"2260",1992,13,40 - 44,6,28
"2260",1992,13,45 - 49,3,21
"2260",1992,13,50 - 54,5,11
"2260",1992,13,55 - 59,0,19
"2260",1992,13,60 - 64,2,12
"2260",1992,13,65 - 69,6,9
"2260",1992,13,70 - 74,4,8
"2260",1992,13,75 - 79,3,7
"2260",1992,13,80 - 84,4,6
"2260",1992,13,85 - 89,6,1
"2260",1992,13,90 - 94,1,0
"2260",1992,13,95+,1,0
"2260",1992,13,UNK,1,3
"2260",1992,14,Total,8,33
"2260",1992,14,0,0,1
"2260",1992,14,1,0,0
"2260",1992,14,2,0,0
"2260",1992,14,3,0,0
"2260",1992,14,4,0,0
"2260",1992,14,5 - 9,0,0
"2260",1992,14,10 - 14,0,0
"2260",1992,14,15 - 19,1,1
"2260",1992,14,20 - 24,0,7
"2260",1992,14,25 - 29,1,9
"2260",1992,14,30 - 34,1,5
"2260",1992,14,35 - 39,2,4
"2260",1992,14,40 - 44,3,1
"2260",1992,14,45 - 49,0,4
"2260",1992,14,50 - 54,0,0
"2260",1992,14,55 - 59,0,0
"2260",1992,14,60 - 64,0,0
"2260",1992,14,65 - 69,0,0
"2260",1992,14,70 - 74,0,0
"2260",1992,14,75 - 79,0,1
"2260",1992,14,80 - 84,0,0
"2260",1992,14,85 - 89,0,0
"2260",1992,14,90 - 94,0,0
"2260",1992,14,95+,0,0
"2260",1992,14,UNK,0,0
"2260",1992,15,Total,71,57
"2260",1992,15,0,2,8
"2260",1992,15,1,0,1
"2260",1992,15,2,1,0
"2260",1992,15,3,0,1
"2260",1992,15,4,1,1
"2260",1992,15,5 - 9,1,0
"2260",1992,15,10 - 14,2,1
"2260",1992,15,15 - 19,3,1
"2260",1992,15,20 - 24,7,1
"2260",1992,15,25 - 29,8,4
"2260",1992,15,30 - 34,9,0
"2260",1992,15,35 - 39,3,0
"2260",1992,15,40 - 44,2,3
"2260",1992,15,45 - 49,1,1
"2260",1992,15,50 - 54,3,5
"2260",1992,15,55 - 59,2,1
"2260",1992,15,60 - 64,3,4
"2260",1992,15,65 - 69,1,6
"2260",1992,15,70 - 74,1,6
"2260",1992,15,75 - 79,10,4
"2260",1992,15,80 - 84,3,3
"2260",1992,15,85 - 89,3,1
"2260",1992,15,90 - 94,1,1
"2260",1992,15,95+,1,0
"2260",1992,15,UNK,3,4
"2260",1993,1,Total,2044,2470
"2260",1993,1,0,190,226
"2260",1993,1,1,23,26
"2260",1993,1,2,14,7
"2260",1993,1,3,8,3
"2260",1993,1,4,4,6
"2260",1993,1,5 - 9,11,19
"2260",1993,1,10 - 14,15,25
"2260",1993,1,15 - 19,25,49
"2260",1993,1,20 - 24,45,82
"2260",1993,1,25 - 29,48,96
"2260",1993,1,30 - 34,52,105
"2260",1993,1,35 - 39,60,102
"2260",1993,1,40 - 44,76,121
"2260",1993,1,45 - 49,76,116
"2260",1993,1,50 - 54,112,151
"2260",1993,1,55 - 59,131,172
"2260",1993,1,60 - 64,189,211
"2260",1993,1,65 - 69,162,217
"2260",1993,1,70 - 74,200,205
"2260",1993,1,75 - 79,201,204
"2260",1993,1,80 - 84,159,158
"2260",1993,1,85 - 89,187,92
"2260",1993,1,90 - 94,0,0
"2260",1993,1,95+,0,0
"2260",1993,1,UNK,56,77
"2260",1993,2,Total,124,180
"2260",1993,2,0,35,40
"2260",1993,2,1,5,8
"2260",1993,2,2,4,2
"2260",1993,2,3,1,0
"2260",1993,2,4,0,1
"2260",1993,2,5 - 9,0,1
"2260",1993,2,10 - 14,3,3
"2260",1993,2,15 - 19,5,4
"2260",1993,2,20 - 24,3,7
"2260",1993,2,25 - 29,3,11
"2260",1993,2,30 - 34,0,11
"2260",1993,2,35 - 39,4,5
"2260",1993,2,40 - 44,3,6
"2260",1993,2,45 - 49,2,13
"2260",1993,2,50 - 54,7,7
"2260",1993,2,55 - 59,5,7
"2260",1993,2,60 - 64,4,8
"2260",1993,2,65 - 69,6,10
"2260",1993,2,70 - 74,7,8
"2260",1993,2,75 - 79,6,9
"2260",1993,2,80 - 84,7,5
"2260",1993,2,85 - 89,9,6
"2260",1993,2,90 - 94,0,0
"2260",1993,2,95+,0,0
"2260",1993,2,UNK,5,8
"2260",1993,3,Total,200,161
"2260",1993,3,0,0,1
"2260",1993,3,1,0,0
"2260",1993,3,2,1,0
"2260",1993,3,3,0,1
"2260",1993,3,4,0,0
"2260",1993,3,5 - 9,1,2
"2260",1993,3,10 - 14,1,2
"2260",1993,3,15 - 19,0,1
"2260",1993,3,20 - 24,0,4
"2260",1993,3,25 - 29,5,2
"2260",1993,3,30 - 34,1,3
"2260",1993,3,35 - 39,12,3
"2260",1993,3,40 - 44,15,6
"2260",1993,3,45 - 49,19,4
"2260",1993,3,50 - 54,16,6
"2260",1993,3,55 - 59,20,15
"2260",1993,3,60 - 64,32,22
"2260",1993,3,65 - 69,21,19
"2260",1993,3,70 - 74,17,21
"2260",1993,3,75 - 79,17,22
"2260",1993,3,80 - 84,15,13
"2260",1993,3,85 - 89,5,11
"2260",1993,3,90 - 94,0,0
"2260",1993,3,95+,0,0
"2260",1993,3,UNK,2,3
"2260",1993,4,Total,866,943
"2260",1993,4,0,1,1
"2260",1993,4,1,0,0
"2260",1993,4,2,0,0
"2260",1993,4,3,0,0
"2260",1993,4,4,0,0
"2260",1993,4,5 - 9,0,0
"2260",1993,4,10 - 14,2,5
"2260",1993,4,15 - 19,2,4
"2260",1993,4,20 - 24,5,11
"2260",1993,4,25 - 29,9,5
"2260",1993,4,30 - 34,11,20
"2260",1993,4,35 - 39,9,18
"2260",1993,4,40 - 44,25,35
"2260",1993,4,45 - 49,29,44
"2260",1993,4,50 - 54,58,81
"2260",1993,4,55 - 59,61,95
"2260",1993,4,60 - 64,106,114
"2260",1993,4,65 - 69,102,123
"2260",1993,4,70 - 74,127,120
"2260",1993,4,75 - 79,126,113
"2260",1993,4,80 - 84,77,87
"2260",1993,4,85 - 89,95,41
"2260",1993,4,90 - 94,0,0
"2260",1993,4,95+,0,0
"2260",1993,4,UNK,21,26
"2260",1993,5,Total,83,64
"2260",1993,5,0,1,0
"2260",1993,5,1,2,0
"2260",1993,5,2,0,0
"2260",1993,5,3,0,0
"2260",1993,5,4,0,0
"2260",1993,5,5 - 9,0,0
"2260",1993,5,10 - 14,0,0
"2260",1993,5,15 - 19,0,0
"2260",1993,5,20 - 24,0,0
"2260",1993,5,25 - 29,1,0
"2260",1993,5,30 - 34,0,0
"2260",1993,5,35 - 39,0,0
"2260",1993,5,40 - 44,1,0
"2260",1993,5,45 - 49,1,3
"2260",1993,5,50 - 54,0,1
"2260",1993,5,55 - 59,1,0
"2260",1993,5,60 - 64,1,1
"2260",1993,5,65 - 69,1,4
"2260",1993,5,70 - 74,5,4
"2260",1993,5,75 - 79,9,7
"2260",1993,5,80 - 84,20,13
"2260",1993,5,85 - 89,26,11
"2260",1993,5,90 - 94,0,0
"2260",1993,5,95+,0,0
"2260",1993,5,UNK,14,20
"2260",1993,6,Total,5,7
"2260",1993,6,0,0,0
"2260",1993,6,1,0,0
"2260",1993,6,2,0,0
"2260",1993,6,3,0,0
"2260",1993,6,4,1,0
"2260",1993,6,5 - 9,0,0
"2260",1993,6,10 - 14,0,0
"2260",1993,6,15 - 19,0,0
"2260",1993,6,20 - 24,0,0
"2260",1993,6,25 - 29,1,1
"2260",1993,6,30 - 34,0,0
"2260",1993,6,35 - 39,0,0
"2260",1993,6,40 - 44,0,1
"2260",1993,6,45 - 49,0,0
"2260",1993,6,50 - 54,0,1
"2260",1993,6,55 - 59,0,0
"2260",1993,6,60 - 64,1,1
"2260",1993,6,65 - 69,0,1
"2260",1993,6,70 - 74,0,0
"2260",1993,6,75 - 79,0,0
"2260",1993,6,80 - 84,0,1
"2260",1993,6,85 - 89,1,0
"2260",1993,6,90 - 94,0,0
"2260",1993,6,95+,0,0
"2260",1993,6,UNK,1,1
"2260",1993,7,Total,26,37
"2260",1993,7,0,2,2
"2260",1993,7,1,0,0
"2260",1993,7,2,0,0
"2260",1993,7,3,0,0
"2260",1993,7,4,0,0
"2260",1993,7,5 - 9,1,0
"2260",1993,7,10 - 14,0,1
"2260",1993,7,15 - 19,1,5
"2260",1993,7,20 - 24,3,4
"2260",1993,7,25 - 29,2,3
"2260",1993,7,30 - 34,2,2
"2260",1993,7,35 - 39,4,2
"2260",1993,7,40 - 44,2,1
"2260",1993,7,45 - 49,1,0
"2260",1993,7,50 - 54,1,4
"2260",1993,7,55 - 59,1,2
"2260",1993,7,60 - 64,1,2
"2260",1993,7,65 - 69,0,1
"2260",1993,7,70 - 74,2,3
"2260",1993,7,75 - 79,0,3
"2260",1993,7,80 - 84,2,1
"2260",1993,7,85 - 89,1,0
"2260",1993,7,90 - 94,0,0
"2260",1993,7,95+,0,0
"2260",1993,7,UNK,0,1
"2260",1993,8,Total,214,208
"2260",1993,8,0,12,15
"2260",1993,8,1,6,6
"2260",1993,8,2,1,0
"2260",1993,8,3,1,0
"2260",1993,8,4,1,0
"2260",1993,8,5 - 9,0,1
"2260",1993,8,10 - 14,0,0
"2260",1993,8,15 - 19,2,2
"2260",1993,8,20 - 24,10,10
"2260",1993,8,25 - 29,8,17
"2260",1993,8,30 - 34,11,16
"2260",1993,8,35 - 39,9,18
"2260",1993,8,40 - 44,12,14
"2260",1993,8,45 - 49,5,12
"2260",1993,8,50 - 54,13,10
"2260",1993,8,55 - 59,18,11
"2260",1993,8,60 - 64,20,22
"2260",1993,8,65 - 69,17,18
"2260",1993,8,70 - 74,23,14
"2260",1993,8,75 - 79,18,8
"2260",1993,8,80 - 84,10,6
"2260",1993,8,85 - 89,14,4
"2260",1993,8,90 - 94,0,0
"2260",1993,8,95+,0,0
"2260",1993,8,UNK,3,4
"2260",1993,9,Total,78,160
"2260",1993,9,0,2,4
"2260",1993,9,1,1,0
"2260",1993,9,2,2,1
"2260",1993,9,3,0,0
"2260",1993,9,4,0,0
"2260",1993,9,5 - 9,1,3
"2260",1993,9,10 - 14,2,3
"2260",1993,9,15 - 19,1,2
"2260",1993,9,20 - 24,5,2
"2260",1993,9,25 - 29,1,3
"2260",1993,9,30 - 34,1,11
"2260",1993,9,35 - 39,3,17
"2260",1993,9,40 - 44,6,17
"2260",1993,9,45 - 49,9,12
"2260",1993,9,50 - 54,6,13
"2260",1993,9,55 - 59,10,18
"2260",1993,9,60 - 64,5,13
"2260",1993,9,65 - 69,4,11
"2260",1993,9,70 - 74,2,8
"2260",1993,9,75 - 79,9,10
"2260",1993,9,80 - 84,6,3
"2260",1993,9,85 - 89,1,5
"2260",1993,9,90 - 94,0,0
"2260",1993,9,95+,0,0
"2260",1993,9,UNK,1,4
"2260",1993,10,Total,26,28
"2260",1993,10,0,0,1
"2260",1993,10,1,0,0
"2260",1993,10,2,0,0
"2260",1993,10,3,1,0
"2260",1993,10,4,0,0
"2260",1993,10,5 - 9,0,0
"2260",1993,10,10 - 14,0,0
"2260",1993,10,15 - 19,0,0
"2260",1993,10,20 - 24,1,1
"2260",1993,10,25 - 29,2,5
"2260",1993,10,30 - 34,3,0
"2260",1993,10,35 - 39,0,1
"2260",1993,10,40 - 44,2,1
"2260",1993,10,45 - 49,1,1
"2260",1993,10,50 - 54,3,1
"2260",1993,10,55 - 59,4,1
"2260",1993,10,60 - 64,2,6
"2260",1993,10,65 - 69,1,2
"2260",1993,10,70 - 74,1,1
"2260",1993,10,75 - 79,0,0
"2260",1993,10,80 - 84,3,3
"2260",1993,10,85 - 89,2,3
"2260",1993,10,90 - 94,0,0
"2260",1993,10,95+,0,0
"2260",1993,10,UNK,0,1
"2260",1993,11,Total,121,131
"2260",1993,11,0,111,123
"2260",1993,11,1,1,0
"2260",1993,11,2,2,0
"2260",1993,11,3,1,0
"2260",1993,11,4,0,0
"2260",1993,11,5 - 9,0,0
"2260",1993,11,10 - 14,1,3
"2260",1993,11,15 - 19,0,1
"2260",1993,11,20 - 24,1,1
"2260",1993,11,25 - 29,0,0
"2260",1993,11,30 - 34,1,0
"2260",1993,11,35 - 39,0,0
"2260",1993,11,40 - 44,1,0
"2260",1993,11,45 - 49,0,1
"2260",1993,11,50 - 54,0,1
"2260",1993,11,55 - 59,0,0
"2260",1993,11,60 - 64,0,0
"2260",1993,11,65 - 69,0,0
"2260",1993,11,70 - 74,0,0
"2260",1993,11,75 - 79,0,1
"2260",1993,11,80 - 84,0,0
"2260",1993,11,85 - 89,0,0
"2260",1993,11,90 - 94,0,0
"2260",1993,11,95+,0,0
"2260",1993,11,UNK,2,0
"2260",1993,12,Total,115,170
"2260",1993,12,0,18,32
"2260",1993,12,1,1,5
"2260",1993,12,2,2,2
"2260",1993,12,3,1,2
"2260",1993,12,4,1,1
"2260",1993,12,5 - 9,2,2
"2260",1993,12,10 - 14,0,2
"2260",1993,12,15 - 19,4,2
"2260",1993,12,20 - 24,0,4
"2260",1993,12,25 - 29,3,6
"2260",1993,12,30 - 34,1,1
"2260",1993,12,35 - 39,3,9
"2260",1993,12,40 - 44,3,10
"2260",1993,12,45 - 49,4,3
"2260",1993,12,50 - 54,4,4
"2260",1993,12,55 - 59,3,6
"2260",1993,12,60 - 64,10,5
"2260",1993,12,65 - 69,3,16
"2260",1993,12,70 - 74,8,18
"2260",1993,12,75 - 79,12,15
"2260",1993,12,80 - 84,11,18
"2260",1993,12,85 - 89,19,3
"2260",1993,12,90 - 94,0,0
"2260",1993,12,95+,0,0
"2260",1993,12,UNK,2,4
"2260",1993,13,Total,92,310
"2260",1993,13,0,3,5
"2260",1993,13,1,5,7
"2260",1993,13,2,2,2
"2260",1993,13,3,3,0
"2260",1993,13,4,1,2
"2260",1993,13,5 - 9,5,7
"2260",1993,13,10 - 14,6,5
"2260",1993,13,15 - 19,6,25
"2260",1993,13,20 - 24,8,31
"2260",1993,13,25 - 29,5,40
"2260",1993,13,30 - 34,13,32
"2260",1993,13,35 - 39,7,24
"2260",1993,13,40 - 44,3,26
"2260",1993,13,45 - 49,2,19
"2260",1993,13,50 - 54,3,20
"2260",1993,13,55 - 59,4,15
"2260",1993,13,60 - 64,4,11
"2260",1993,13,65 - 69,3,9
"2260",1993,13,70 - 74,4,6
"2260",1993,13,75 - 79,1,11
"2260",1993,13,80 - 84,2,4
"2260",1993,13,85 - 89,2,6
"2260",1993,13,90 - 94,0,0
"2260",1993,13,95+,0,0
"2260",1993,13,UNK,0,3
"2260",1993,14,Total,6,27
"2260",1993,14,0,0,0
"2260",1993,14,1,0,0
"2260",1993,14,2,0,0
"2260",1993,14,3,0,0
"2260",1993,14,4,0,0
"2260",1993,14,5 - 9,0,1
"2260",1993,14,10 - 14,0,1
"2260",1993,14,15 - 19,0,1
"2260",1993,14,20 - 24,0,4
"2260",1993,14,25 - 29,1,2
"2260",1993,14,30 - 34,1,6
"2260",1993,14,35 - 39,1,4
"2260",1993,14,40 - 44,0,1
"2260",1993,14,45 - 49,2,1
"2260",1993,14,50 - 54,1,0
"2260",1993,14,55 - 59,0,0
"2260",1993,14,60 - 64,0,3
"2260",1993,14,65 - 69,0,1
"2260",1993,14,70 - 74,0,1
"2260",1993,14,75 - 79,0,1
"2260",1993,14,80 - 84,0,0
"2260",1993,14,85 - 89,0,0
"2260",1993,14,90 - 94,0,0
"2260",1993,14,95+,0,0
"2260",1993,14,UNK,0,0
"2260",1993,15,Total,88,44
"2260",1993,15,0,5,2
"2260",1993,15,1,2,0
"2260",1993,15,2,0,0
"2260",1993,15,3,0,0
"2260",1993,15,4,0,2
"2260",1993,15,5 - 9,1,2
"2260",1993,15,10 - 14,0,0
"2260",1993,15,15 - 19,4,2
"2260",1993,15,20 - 24,9,3
"2260",1993,15,25 - 29,7,1
"2260",1993,15,30 - 34,7,3
"2260",1993,15,35 - 39,8,1
"2260",1993,15,40 - 44,3,3
"2260",1993,15,45 - 49,1,3
"2260",1993,15,50 - 54,0,2
"2260",1993,15,55 - 59,4,2
"2260",1993,15,60 - 64,3,3
"2260",1993,15,65 - 69,4,2
"2260",1993,15,70 - 74,4,1
"2260",1993,15,75 - 79,3,4
"2260",1993,15,80 - 84,6,4
"2260",1993,15,85 - 89,12,2
"2260",1993,15,90 - 94,0,0
"2260",1993,15,95+,0,0
"2260",1993,15,UNK,5,2
"2260",1994,1,Total,1862,2442
"2260",1994,1,0,223,329
"2260",1994,1,1,22,32
"2260",1994,1,2,7,13
"2260",1994,1,3,4,8
"2260",1994,1,4,1,3
"2260",1994,1,5 - 9,17,24
"2260",1994,1,10 - 14,14,17
"2260",1994,1,15 - 19,29,40
"2260",1994,1,20 - 24,53,80
"2260",1994,1,25 - 29,65,102
"2260",1994,1,30 - 34,66,106
"2260",1994,1,35 - 39,47,111
"2260",1994,1,40 - 44,56,117
"2260",1994,1,45 - 49,79,117
"2260",1994,1,50 - 54,87,140
"2260",1994,1,55 - 59,112,152
"2260",1994,1,60 - 64,147,188
"2260",1994,1,65 - 69,152,194
"2260",1994,1,70 - 74,172,216
"2260",1994,1,75 - 79,150,163
"2260",1994,1,80 - 84,159,154
"2260",1994,1,85 - 89,147,76
"2260",1994,1,90 - 94,0,0
"2260",1994,1,95+,0,0
"2260",1994,1,UNK,53,60
"2260",1994,2,Total,107,190
"2260",1994,2,0,45,86
"2260",1994,2,1,5,9
"2260",1994,2,2,2,2
"2260",1994,2,3,0,2
"2260",1994,2,4,0,0
"2260",1994,2,5 - 9,2,2
"2260",1994,2,10 - 14,0,1
"2260",1994,2,15 - 19,3,1
"2260",1994,2,20 - 24,0,7
"2260",1994,2,25 - 29,4,7
"2260",1994,2,30 - 34,5,6
"2260",1994,2,35 - 39,0,11
"2260",1994,2,40 - 44,1,4
"2260",1994,2,45 - 49,1,6
"2260",1994,2,50 - 54,1,5
"2260",1994,2,55 - 59,5,3
"2260",1994,2,60 - 64,4,5
"2260",1994,2,65 - 69,7,8
"2260",1994,2,70 - 74,1,6
"2260",1994,2,75 - 79,3,4
"2260",1994,2,80 - 84,8,6
"2260",1994,2,85 - 89,7,2
"2260",1994,2,90 - 94,0,0
"2260",1994,2,95+,0,0
"2260",1994,2,UNK,3,7
"2260",1994,3,Total,156,126
"2260",1994,3,0,1,0
"2260",1994,3,1,2,0
"2260",1994,3,2,0,0
"2260",1994,3,3,0,0
"2260",1994,3,4,0,0
"2260",1994,3,5 - 9,2,4
"2260",1994,3,10 - 14,1,1
"2260",1994,3,15 - 19,0,0
"2260",1994,3,20 - 24,2,3
"2260",1994,3,25 - 29,6,1
"2260",1994,3,30 - 34,10,9
"2260",1994,3,35 - 39,8,7
"2260",1994,3,40 - 44,7,6
"2260",1994,3,45 - 49,13,2
"2260",1994,3,50 - 54,13,1
"2260",1994,3,55 - 59,13,12
"2260",1994,3,60 - 64,18,14
"2260",1994,3,65 - 69,16,17
"2260",1994,3,70 - 74,21,19
"2260",1994,3,75 - 79,8,8
"2260",1994,3,80 - 84,7,12
"2260",1994,3,85 - 89,6,6
"2260",1994,3,90 - 94,0,0
"2260",1994,3,95+,0,0
"2260",1994,3,UNK,2,4
"2260",1994,4,Total,769,857
"2260",1994,4,0,0,0
"2260",1994,4,1,1,0
"2260",1994,4,2,0,0
"2260",1994,4,3,0,0
"2260",1994,4,4,0,0
"2260",1994,4,5 - 9,0,1
"2260",1994,4,10 - 14,1,6
"2260",1994,4,15 - 19,1,6
"2260",1994,4,20 - 24,3,6
"2260",1994,4,25 - 29,6,5
"2260",1994,4,30 - 34,8,13
"2260",1994,4,35 - 39,11,22
"2260",1994,4,40 - 44,13,34
"2260",1994,4,45 - 49,27,40
"2260",1994,4,50 - 54,37,63
"2260",1994,4,55 - 59,64,73
"2260",1994,4,60 - 64,84,104
"2260",1994,4,65 - 69,97,114
"2260",1994,4,70 - 74,112,125
"2260",1994,4,75 - 79,103,104
"2260",1994,4,80 - 84,96,80
"2260",1994,4,85 - 89,78,39
"2260",1994,4,90 - 94,0,0
"2260",1994,4,95+,0,0
"2260",1994,4,UNK,27,22
"2260",1994,5,Total,68,50
"2260",1994,5,0,9,3
"2260",1994,5,1,0,0
"2260",1994,5,2,0,0
"2260",1994,5,3,0,0
"2260",1994,5,4,0,0
"2260",1994,5,5 - 9,0,1
"2260",1994,5,10 - 14,0,0
"2260",1994,5,15 - 19,1,0
"2260",1994,5,20 - 24,1,1
"2260",1994,5,25 - 29,2,1
"2260",1994,5,30 - 34,0,1
"2260",1994,5,35 - 39,1,3
"2260",1994,5,40 - 44,0,0
"2260",1994,5,45 - 49,2,1
"2260",1994,5,50 - 54,0,2
"2260",1994,5,55 - 59,1,0
"2260",1994,5,60 - 64,0,1
"2260",1994,5,65 - 69,2,2
"2260",1994,5,70 - 74,6,3
"2260",1994,5,75 - 79,5,6
"2260",1994,5,80 - 84,7,8
"2260",1994,5,85 - 89,22,7
"2260",1994,5,90 - 94,0,0
"2260",1994,5,95+,0,0
"2260",1994,5,UNK,9,10
"2260",1994,6,Total,6,14
"2260",1994,6,0,0,0
"2260",1994,6,1,1,0
"2260",1994,6,2,0,0
"2260",1994,6,3,0,0
"2260",1994,6,4,0,0
"2260",1994,6,5 - 9,0,0
"2260",1994,6,10 - 14,0,0
"2260",1994,6,15 - 19,0,0
"2260",1994,6,20 - 24,0,0
"2260",1994,6,25 - 29,0,1
"2260",1994,6,30 - 34,0,0
"2260",1994,6,35 - 39,0,1
"2260",1994,6,40 - 44,1,4
"2260",1994,6,45 - 49,0,0
"2260",1994,6,50 - 54,1,2
"2260",1994,6,55 - 59,0,0
"2260",1994,6,60 - 64,0,0
"2260",1994,6,65 - 69,1,2
"2260",1994,6,70 - 74,0,0
"2260",1994,6,75 - 79,1,2
"2260",1994,6,80 - 84,0,2
"2260",1994,6,85 - 89,0,0
"2260",1994,6,90 - 94,0,0
"2260",1994,6,95+,0,0
"2260",1994,6,UNK,1,0
"2260",1994,7,Total,25,56
"2260",1994,7,0,2,4
"2260",1994,7,1,0,3
"2260",1994,7,2,0,2
"2260",1994,7,3,0,1
"2260",1994,7,4,0,0
"2260",1994,7,5 - 9,0,2
"2260",1994,7,10 - 14,1,1
"2260",1994,7,15 - 19,1,6
"2260",1994,7,20 - 24,1,3
"2260",1994,7,25 - 29,3,4
"2260",1994,7,30 - 34,2,5
"2260",1994,7,35 - 39,0,0
"2260",1994,7,40 - 44,0,3
"2260",1994,7,45 - 49,4,2
"2260",1994,7,50 - 54,3,4
"2260",1994,7,55 - 59,0,0
"2260",1994,7,60 - 64,2,6
"2260",1994,7,65 - 69,1,1
"2260",1994,7,70 - 74,2,1
"2260",1994,7,75 - 79,1,4
"2260",1994,7,80 - 84,1,1
"2260",1994,7,85 - 89,1,1
"2260",1994,7,90 - 94,0,0
"2260",1994,7,95+,0,0
"2260",1994,7,UNK,0,2
"2260",1994,8,Total,192,208
"2260",1994,8,0,12,18
"2260",1994,8,1,8,2
"2260",1994,8,2,2,3
"2260",1994,8,3,0,0
"2260",1994,8,4,0,0
"2260",1994,8,5 - 9,1,1
"2260",1994,8,10 - 14,0,0
"2260",1994,8,15 - 19,3,0
"2260",1994,8,20 - 24,13,11
"2260",1994,8,25 - 29,9,23
"2260",1994,8,30 - 34,11,22
"2260",1994,8,35 - 39,7,13
"2260",1994,8,40 - 44,13,15
"2260",1994,8,45 - 49,8,13
"2260",1994,8,50 - 54,14,15
"2260",1994,8,55 - 59,13,11
"2260",1994,8,60 - 64,20,16
"2260",1994,8,65 - 69,11,8
"2260",1994,8,70 - 74,12,13
"2260",1994,8,75 - 79,8,10
"2260",1994,8,80 - 84,12,8
"2260",1994,8,85 - 89,11,3
"2260",1994,8,90 - 94,0,0
"2260",1994,8,95+,0,0
"2260",1994,8,UNK,4,3
"2260",1994,9,Total,61,150
"2260",1994,9,0,3,3
"2260",1994,9,1,0,0
"2260",1994,9,2,0,0
"2260",1994,9,3,0,0
"2260",1994,9,4,0,0
"2260",1994,9,5 - 9,1,1
"2260",1994,9,10 - 14,2,0
"2260",1994,9,15 - 19,2,1
"2260",1994,9,20 - 24,3,1
"2260",1994,9,25 - 29,1,9
"2260",1994,9,30 - 34,4,6
"2260",1994,9,35 - 39,1,9
"2260",1994,9,40 - 44,4,14
"2260",1994,9,45 - 49,7,16
"2260",1994,9,50 - 54,9,22
"2260",1994,9,55 - 59,5,22
"2260",1994,9,60 - 64,6,16
"2260",1994,9,65 - 69,5,7
"2260",1994,9,70 - 74,5,10
"2260",1994,9,75 - 79,2,4
"2260",1994,9,80 - 84,1,5
"2260",1994,9,85 - 89,0,3
"2260",1994,9,90 - 94,0,0
"2260",1994,9,95+,0,0
"2260",1994,9,UNK,0,1
"2260",1994,10,Total,20,41
"2260",1994,10,0,0,2
"2260",1994,10,1,1,0
"2260",1994,10,2,0,0
"2260",1994,10,3,0,0
"2260",1994,10,4,0,0
"2260",1994,10,5 - 9,0,0
"2260",1994,10,10 - 14,1,1
"2260",1994,10,15 - 19,1,1
"2260",1994,10,20 - 24,0,2
"2260",1994,10,25 - 29,0,3
"2260",1994,10,30 - 34,2,0
"2260",1994,10,35 - 39,0,1
"2260",1994,10,40 - 44,1,3
"2260",1994,10,45 - 49,2,2
"2260",1994,10,50 - 54,1,1
"2260",1994,10,55 - 59,3,3
"2260",1994,10,60 - 64,1,3
"2260",1994,10,65 - 69,1,3
"2260",1994,10,70 - 74,4,5
"2260",1994,10,75 - 79,1,4
"2260",1994,10,80 - 84,0,2
"2260",1994,10,85 - 89,0,5
"2260",1994,10,90 - 94,0,0
"2260",1994,10,95+,0,0
"2260",1994,10,UNK,1,0
"2260",1994,11,Total,124,173
"2260",1994,11,0,117,166
"2260",1994,11,1,2,3
"2260",1994,11,2,0,1
"2260",1994,11,3,0,1
"2260",1994,11,4,0,0
"2260",1994,11,5 - 9,1,0
"2260",1994,11,10 - 14,1,0
"2260",1994,11,15 - 19,0,2
"2260",1994,11,20 - 24,0,0
"2260",1994,11,25 - 29,0,0
"2260",1994,11,30 - 34,3,0
"2260",1994,11,35 - 39,0,0
"2260",1994,11,40 - 44,0,0
"2260",1994,11,45 - 49,0,0
"2260",1994,11,50 - 54,0,0
"2260",1994,11,55 - 59,0,0
"2260",1994,11,60 - 64,0,0
"2260",1994,11,65 - 69,0,0
"2260",1994,11,70 - 74,0,0
"2260",1994,11,75 - 79,0,0
"2260",1994,11,80 - 84,0,0
"2260",1994,11,85 - 89,0,0
"2260",1994,11,90 - 94,0,0
"2260",1994,11,95+,0,0
"2260",1994,11,UNK,0,0
"2260",1994,12,Total,134,206
"2260",1994,12,0,20,33
"2260",1994,12,1,2,6
"2260",1994,12,2,2,2
"2260",1994,12,3,1,1
"2260",1994,12,4,0,0
"2260",1994,12,5 - 9,0,2
"2260",1994,12,10 - 14,0,0
"2260",1994,12,15 - 19,1,1
"2260",1994,12,20 - 24,6,5
"2260",1994,12,25 - 29,9,8
"2260",1994,12,30 - 34,5,7
"2260",1994,12,35 - 39,7,10
"2260",1994,12,40 - 44,5,7
"2260",1994,12,45 - 49,6,13
"2260",1994,12,50 - 54,0,10
"2260",1994,12,55 - 59,6,7
"2260",1994,12,60 - 64,5,12
"2260",1994,12,65 - 69,7,19
"2260",1994,12,70 - 74,5,18
"2260",1994,12,75 - 79,14,9
"2260",1994,12,80 - 84,20,23
"2260",1994,12,85 - 89,13,7
"2260",1994,12,90 - 94,0,0
"2260",1994,12,95+,0,0
"2260",1994,12,UNK,0,6
"2260",1994,13,Total,112,297
"2260",1994,13,0,7,8
"2260",1994,13,1,0,6
"2260",1994,13,2,1,2
"2260",1994,13,3,3,3
"2260",1994,13,4,1,3
"2260",1994,13,5 - 9,8,10
"2260",1994,13,10 - 14,7,7
"2260",1994,13,15 - 19,10,21
"2260",1994,13,20 - 24,17,35
"2260",1994,13,25 - 29,12,31
"2260",1994,13,30 - 34,8,34
"2260",1994,13,35 - 39,3,25
"2260",1994,13,40 - 44,6,25
"2260",1994,13,45 - 49,6,19
"2260",1994,13,50 - 54,6,11
"2260",1994,13,55 - 59,2,13
"2260",1994,13,60 - 64,4,9
"2260",1994,13,65 - 69,3,11
"2260",1994,13,70 - 74,1,12
"2260",1994,13,75 - 79,1,4
"2260",1994,13,80 - 84,2,4
"2260",1994,13,85 - 89,3,3
"2260",1994,13,90 - 94,0,0
"2260",1994,13,95+,0,0
"2260",1994,13,UNK,1,1
"2260",1994,14,Total,9,33
"2260",1994,14,0,0,0
"2260",1994,14,1,0,0
"2260",1994,14,2,0,0
"2260",1994,14,3,0,0
"2260",1994,14,4,0,0
"2260",1994,14,5 - 9,0,0
"2260",1994,14,10 - 14,0,0
"2260",1994,14,15 - 19,1,1
"2260",1994,14,20 - 24,0,5
"2260",1994,14,25 - 29,2,7
"2260",1994,14,30 - 34,2,3
"2260",1994,14,35 - 39,2,8
"2260",1994,14,40 - 44,0,1
"2260",1994,14,45 - 49,1,2
"2260",1994,14,50 - 54,1,0
"2260",1994,14,55 - 59,0,5
"2260",1994,14,60 - 64,0,1
"2260",1994,14,65 - 69,0,0
"2260",1994,14,70 - 74,0,0
"2260",1994,14,75 - 79,0,0
"2260",1994,14,80 - 84,0,0
"2260",1994,14,85 - 89,0,0
"2260",1994,14,90 - 94,0,0
"2260",1994,14,95+,0,0
"2260",1994,14,UNK,0,0
"2260",1994,15,Total,79,41
"2260",1994,15,0,7,6
"2260",1994,15,1,0,3
"2260",1994,15,2,0,1
"2260",1994,15,3,0,0
"2260",1994,15,4,0,0
"2260",1994,15,5 - 9,2,0
"2260",1994,15,10 - 14,0,0
"2260",1994,15,15 - 19,5,0
"2260",1994,15,20 - 24,7,1
"2260",1994,15,25 - 29,11,2
"2260",1994,15,30 - 34,6,0
"2260",1994,15,35 - 39,7,1
"2260",1994,15,40 - 44,5,1
"2260",1994,15,45 - 49,2,1
"2260",1994,15,50 - 54,1,4
"2260",1994,15,55 - 59,0,3
"2260",1994,15,60 - 64,3,1
"2260",1994,15,65 - 69,1,2
"2260",1994,15,70 - 74,3,4
"2260",1994,15,75 - 79,3,4
"2260",1994,15,80 - 84,5,3
"2260",1994,15,85 - 89,6,0
"2260",1994,15,90 - 94,0,0
"2260",1994,15,95+,0,0
"2260",1994,15,UNK,5,4
"2260",1995,1,Total,2203,2975
"2260",1995,1,0,270,361
"2260",1995,1,1,31,44
"2260",1995,1,2,11,17
"2260",1995,1,3,7,15
"2260",1995,1,4,6,4
"2260",1995,1,5 - 9,18,23
"2260",1995,1,10 - 14,8,22
"2260",1995,1,15 - 19,39,57
"2260",1995,1,20 - 24,59,86
"2260",1995,1,25 - 29,72,131
"2260",1995,1,30 - 34,76,127
"2260",1995,1,35 - 39,63,119
"2260",1995,1,40 - 44,81,165
"2260",1995,1,45 - 49,87,176
"2260",1995,1,50 - 54,96,182
"2260",1995,1,55 - 59,105,191
"2260",1995,1,60 - 64,162,231
"2260",1995,1,65 - 69,192,229
"2260",1995,1,70 - 74,196,237
"2260",1995,1,75 - 79,175,183
"2260",1995,1,80 - 84,176,158
"2260",1995,1,85 - 89,195,122
"2260",1995,1,90 - 94,0,0
"2260",1995,1,95+,0,0
"2260",1995,1,UNK,78,95
"2260",1995,2,Total,186,266
"2260",1995,2,0,66,82
"2260",1995,2,1,17,20
"2260",1995,2,2,6,4
"2260",1995,2,3,2,5
"2260",1995,2,4,2,2
"2260",1995,2,5 - 9,1,0
"2260",1995,2,10 - 14,2,2
"2260",1995,2,15 - 19,3,6
"2260",1995,2,20 - 24,6,4
"2260",1995,2,25 - 29,9,6
"2260",1995,2,30 - 34,3,11
"2260",1995,2,35 - 39,6,14
"2260",1995,2,40 - 44,4,15
"2260",1995,2,45 - 49,7,12
"2260",1995,2,50 - 54,5,14
"2260",1995,2,55 - 59,4,6
"2260",1995,2,60 - 64,2,9
"2260",1995,2,65 - 69,10,11
"2260",1995,2,70 - 74,3,12
"2260",1995,2,75 - 79,5,7
"2260",1995,2,80 - 84,6,7
"2260",1995,2,85 - 89,9,7
"2260",1995,2,90 - 94,0,0
"2260",1995,2,95+,0,0
"2260",1995,2,UNK,8,10
"2260",1995,3,Total,173,163
"2260",1995,3,0,1,2
"2260",1995,3,1,1,0
"2260",1995,3,2,0,1
"2260",1995,3,3,1,0
"2260",1995,3,4,0,1
"2260",1995,3,5 - 9,1,2
"2260",1995,3,10 - 14,0,1
"2260",1995,3,15 - 19,1,6
"2260",1995,3,20 - 24,6,3
"2260",1995,3,25 - 29,5,9
"2260",1995,3,30 - 34,9,0
"2260",1995,3,35 - 39,6,2
"2260",1995,3,40 - 44,9,8
"2260",1995,3,45 - 49,9,4
"2260",1995,3,50 - 54,13,6
"2260",1995,3,55 - 59,18,10
"2260",1995,3,60 - 64,24,18
"2260",1995,3,65 - 69,19,20
"2260",1995,3,70 - 74,14,19
"2260",1995,3,75 - 79,10,27
"2260",1995,3,80 - 84,13,10
"2260",1995,3,85 - 89,12,13
"2260",1995,3,90 - 94,0,0
"2260",1995,3,95+,0,0
"2260",1995,3,UNK,1,1
"2260",1995,4,Total,858,1000
"2260",1995,4,0,0,0
"2260",1995,4,1,0,0
"2260",1995,4,2,0,0
"2260",1995,4,3,0,0
"2260",1995,4,4,0,0
"2260",1995,4,5 - 9,0,0
"2260",1995,4,10 - 14,1,0
"2260",1995,4,15 - 19,6,2
"2260",1995,4,20 - 24,6,5
"2260",1995,4,25 - 29,4,8
"2260",1995,4,30 - 34,9,17
"2260",1995,4,35 - 39,13,18
"2260",1995,4,40 - 44,22,45
"2260",1995,4,45 - 49,33,63
"2260",1995,4,50 - 54,46,74
"2260",1995,4,55 - 59,53,106
"2260",1995,4,60 - 64,95,129
"2260",1995,4,65 - 69,111,122
"2260",1995,4,70 - 74,123,139
"2260",1995,4,75 - 79,108,98
"2260",1995,4,80 - 84,88,87
"2260",1995,4,85 - 89,111,62
"2260",1995,4,90 - 94,0,0
"2260",1995,4,95+,0,0
"2260",1995,4,UNK,29,25
"2260",1995,5,Total,58,36
"2260",1995,5,0,2,3
"2260",1995,5,1,1,0
"2260",1995,5,2,0,0
"2260",1995,5,3,0,0
"2260",1995,5,4,0,0
"2260",1995,5,5 - 9,1,0
"2260",1995,5,10 - 14,0,0
"2260",1995,5,15 - 19,0,1
"2260",1995,5,20 - 24,1,1
"2260",1995,5,25 - 29,0,2
"2260",1995,5,30 - 34,3,2
"2260",1995,5,35 - 39,1,1
"2260",1995,5,40 - 44,0,2
"2260",1995,5,45 - 49,0,0
"2260",1995,5,50 - 54,0,1
"2260",1995,5,55 - 59,1,1
"2260",1995,5,60 - 64,0,1
"2260",1995,5,65 - 69,3,0
"2260",1995,5,70 - 74,5,3
"2260",1995,5,75 - 79,3,3
"2260",1995,5,80 - 84,13,4
"2260",1995,5,85 - 89,16,9
"2260",1995,5,90 - 94,0,0
"2260",1995,5,95+,0,0
"2260",1995,5,UNK,8,2
"2260",1995,6,Total,10,8
"2260",1995,6,0,0,0
"2260",1995,6,1,0,0
"2260",1995,6,2,0,0
"2260",1995,6,3,0,0
"2260",1995,6,4,0,0
"2260",1995,6,5 - 9,0,0
"2260",1995,6,10 - 14,0,0
"2260",1995,6,15 - 19,0,0
"2260",1995,6,20 - 24,0,1
"2260",1995,6,25 - 29,0,2
"2260",1995,6,30 - 34,1,0
"2260",1995,6,35 - 39,0,0
"2260",1995,6,40 - 44,1,1
"2260",1995,6,45 - 49,0,1
"2260",1995,6,50 - 54,0,0
"2260",1995,6,55 - 59,0,1
"2260",1995,6,60 - 64,1,0
"2260",1995,6,65 - 69,2,1
"2260",1995,6,70 - 74,0,1
"2260",1995,6,75 - 79,0,0
"2260",1995,6,80 - 84,2,0
"2260",1995,6,85 - 89,2,0
"2260",1995,6,90 - 94,0,0
"2260",1995,6,95+,0,0
"2260",1995,6,UNK,1,0
"2260",1995,7,Total,41,45
"2260",1995,7,0,7,5
"2260",1995,7,1,2,0
"2260",1995,7,2,1,3
"2260",1995,7,3,0,0
"2260",1995,7,4,0,0
"2260",1995,7,5 - 9,1,2
"2260",1995,7,10 - 14,0,0
"2260",1995,7,15 - 19,2,0
"2260",1995,7,20 - 24,1,1
"2260",1995,7,25 - 29,3,2
"2260",1995,7,30 - 34,1,4
"2260",1995,7,35 - 39,2,3
"2260",1995,7,40 - 44,3,5
"2260",1995,7,45 - 49,2,2
"2260",1995,7,50 - 54,1,3
"2260",1995,7,55 - 59,0,2
"2260",1995,7,60 - 64,1,1
"2260",1995,7,65 - 69,6,3
"2260",1995,7,70 - 74,2,4
"2260",1995,7,75 - 79,2,1
"2260",1995,7,80 - 84,0,3
"2260",1995,7,85 - 89,0,1
"2260",1995,7,90 - 94,0,0
"2260",1995,7,95+,0,0
"2260",1995,7,UNK,4,0
"2260",1995,8,Total,253,289
"2260",1995,8,0,21,14
"2260",1995,8,1,3,5
"2260",1995,8,2,0,0
"2260",1995,8,3,1,0
"2260",1995,8,4,1,0
"2260",1995,8,5 - 9,2,0
"2260",1995,8,10 - 14,0,0
"2260",1995,8,15 - 19,3,2
"2260",1995,8,20 - 24,16,10
"2260",1995,8,25 - 29,12,23
"2260",1995,8,30 - 34,20,28
"2260",1995,8,35 - 39,9,20
"2260",1995,8,40 - 44,14,26
"2260",1995,8,45 - 49,12,21
"2260",1995,8,50 - 54,15,30
"2260",1995,8,55 - 59,10,16
"2260",1995,8,60 - 64,18,22
"2260",1995,8,65 - 69,22,15
"2260",1995,8,70 - 74,20,15
"2260",1995,8,75 - 79,25,9
"2260",1995,8,80 - 84,11,7
"2260",1995,8,85 - 89,12,8
"2260",1995,8,90 - 94,0,0
"2260",1995,8,95+,0,0
"2260",1995,8,UNK,6,18
"2260",1995,9,Total,95,176
"2260",1995,9,0,3,4
"2260",1995,9,1,1,2
"2260",1995,9,2,0,0
"2260",1995,9,3,0,0
"2260",1995,9,4,0,0
"2260",1995,9,5 - 9,2,0
"2260",1995,9,10 - 14,0,1
"2260",1995,9,15 - 19,1,0
"2260",1995,9,20 - 24,3,2
"2260",1995,9,25 - 29,5,7
"2260",1995,9,30 - 34,4,8
"2260",1995,9,35 - 39,4,9
"2260",1995,9,40 - 44,10,19
"2260",1995,9,45 - 49,10,28
"2260",1995,9,50 - 54,8,22
"2260",1995,9,55 - 59,10,18
"2260",1995,9,60 - 64,5,11
"2260",1995,9,65 - 69,7,12
"2260",1995,9,70 - 74,5,13
"2260",1995,9,75 - 79,3,5
"2260",1995,9,80 - 84,7,4
"2260",1995,9,85 - 89,2,2
"2260",1995,9,90 - 94,0,0
"2260",1995,9,95+,0,0
"2260",1995,9,UNK,5,9
"2260",1995,10,Total,23,53
"2260",1995,10,0,0,0
"2260",1995,10,1,0,0
"2260",1995,10,2,0,0
"2260",1995,10,3,0,0
"2260",1995,10,4,1,0
"2260",1995,10,5 - 9,0,1
"2260",1995,10,10 - 14,1,0
"2260",1995,10,15 - 19,0,0
"2260",1995,10,20 - 24,1,3
"2260",1995,10,25 - 29,0,1
"2260",1995,10,30 - 34,3,1
"2260",1995,10,35 - 39,3,1
"2260",1995,10,40 - 44,1,1
"2260",1995,10,45 - 49,2,2
"2260",1995,10,50 - 54,1,5
"2260",1995,10,55 - 59,1,6
"2260",1995,10,60 - 64,0,8
"2260",1995,10,65 - 69,3,1
"2260",1995,10,70 - 74,3,4
"2260",1995,10,75 - 79,1,8
"2260",1995,10,80 - 84,2,6
"2260",1995,10,85 - 89,0,4
"2260",1995,10,90 - 94,0,0
"2260",1995,10,95+,0,0
"2260",1995,10,UNK,0,1
"2260",1995,11,Total,157,211
"2260",1995,11,0,143,195
"2260",1995,11,1,3,5
"2260",1995,11,2,0,0
"2260",1995,11,3,2,1
"2260",1995,11,4,0,0
"2260",1995,11,5 - 9,1,2
"2260",1995,11,10 - 14,0,1
"2260",1995,11,15 - 19,2,2
"2260",1995,11,20 - 24,0,0
"2260",1995,11,25 - 29,0,1
"2260",1995,11,30 - 34,0,0
"2260",1995,11,35 - 39,0,0
"2260",1995,11,40 - 44,1,0
"2260",1995,11,45 - 49,1,0
"2260",1995,11,50 - 54,0,1
"2260",1995,11,55 - 59,0,0
"2260",1995,11,60 - 64,0,1
"2260",1995,11,65 - 69,0,0
"2260",1995,11,70 - 74,0,1
"2260",1995,11,75 - 79,0,0
"2260",1995,11,80 - 84,1,0
"2260",1995,11,85 - 89,0,0
"2260",1995,11,90 - 94,0,0
"2260",1995,11,95+,0,0
"2260",1995,11,UNK,3,1
"2260",1995,12,Total,134,239
"2260",1995,12,0,21,38
"2260",1995,12,1,2,7
"2260",1995,12,2,3,3
"2260",1995,12,3,0,5
"2260",1995,12,4,2,0
"2260",1995,12,5 - 9,1,1
"2260",1995,12,10 - 14,1,0
"2260",1995,12,15 - 19,3,3
"2260",1995,12,20 - 24,2,8
"2260",1995,12,25 - 29,6,14
"2260",1995,12,30 - 34,2,10
"2260",1995,12,35 - 39,6,9
"2260",1995,12,40 - 44,4,7
"2260",1995,12,45 - 49,3,10
"2260",1995,12,50 - 54,2,4
"2260",1995,12,55 - 59,3,7
"2260",1995,12,60 - 64,12,13
"2260",1995,12,65 - 69,6,26
"2260",1995,12,70 - 74,8,19
"2260",1995,12,75 - 79,11,14
"2260",1995,12,80 - 84,15,17
"2260",1995,12,85 - 89,18,11
"2260",1995,12,90 - 94,0,0
"2260",1995,12,95+,0,0
"2260",1995,12,UNK,3,13
"2260",1995,13,Total,114,388
"2260",1995,13,0,5,8
"2260",1995,13,1,1,4
"2260",1995,13,2,1,6
"2260",1995,13,3,1,4
"2260",1995,13,4,0,0
"2260",1995,13,5 - 9,8,14
"2260",1995,13,10 - 14,2,16
"2260",1995,13,15 - 19,14,31
"2260",1995,13,20 - 24,7,42
"2260",1995,13,25 - 29,16,40
"2260",1995,13,30 - 34,5,40
"2260",1995,13,35 - 39,6,38
"2260",1995,13,40 - 44,5,28
"2260",1995,13,45 - 49,4,26
"2260",1995,13,50 - 54,4,21
"2260",1995,13,55 - 59,3,16
"2260",1995,13,60 - 64,3,13
"2260",1995,13,65 - 69,3,11
"2260",1995,13,70 - 74,4,5
"2260",1995,13,75 - 79,4,7
"2260",1995,13,80 - 84,7,7
"2260",1995,13,85 - 89,6,1
"2260",1995,13,90 - 94,0,0
"2260",1995,13,95+,0,0
"2260",1995,13,UNK,5,10
"2260",1995,14,Total,8,45
"2260",1995,14,0,0,0
"2260",1995,14,1,0,0
"2260",1995,14,2,0,0
"2260",1995,14,3,0,0
"2260",1995,14,4,0,0
"2260",1995,14,5 - 9,0,0
"2260",1995,14,10 - 14,0,1
"2260",1995,14,15 - 19,1,0
"2260",1995,14,20 - 24,0,5
"2260",1995,14,25 - 29,1,13
"2260",1995,14,30 - 34,2,4
"2260",1995,14,35 - 39,1,4
"2260",1995,14,40 - 44,0,4
"2260",1995,14,45 - 49,2,4
"2260",1995,14,50 - 54,0,1
"2260",1995,14,55 - 59,0,1
"2260",1995,14,60 - 64,0,2
"2260",1995,14,65 - 69,0,2
"2260",1995,14,70 - 74,1,0
"2260",1995,14,75 - 79,0,0
"2260",1995,14,80 - 84,0,1
"2260",1995,14,85 - 89,0,0
"2260",1995,14,90 - 94,0,0
"2260",1995,14,95+,0,0
"2260",1995,14,UNK,0,3
"2260",1995,15,Total,93,56
"2260",1995,15,0,1,10
"2260",1995,15,1,0,1
"2260",1995,15,2,0,0
"2260",1995,15,3,0,0
"2260",1995,15,4,0,1
"2260",1995,15,5 - 9,0,1
"2260",1995,15,10 - 14,1,0
"2260",1995,15,15 - 19,3,4
"2260",1995,15,20 - 24,10,1
"2260",1995,15,25 - 29,11,3
"2260",1995,15,30 - 34,14,2
"2260",1995,15,35 - 39,6,0
"2260",1995,15,40 - 44,7,4
"2260",1995,15,45 - 49,2,3
"2260",1995,15,50 - 54,1,0
"2260",1995,15,55 - 59,2,1
"2260",1995,15,60 - 64,1,3
"2260",1995,15,65 - 69,0,5
"2260",1995,15,70 - 74,8,2
"2260",1995,15,75 - 79,3,4
"2260",1995,15,80 - 84,11,5
"2260",1995,15,85 - 89,7,4
"2260",1995,15,90 - 94,0,0
"2260",1995,15,95+,0,0
"2260",1995,15,UNK,5,2
"2260",1996,1,Total,2081,2730
"2260",1996,1,0,214,229
"2260",1996,1,1,42,21
"2260",1996,1,2,6,17
"2260",1996,1,3,7,11
"2260",1996,1,4,6,7
"2260",1996,1,5 - 9,19,23
"2260",1996,1,10 - 14,17,23
"2260",1996,1,15 - 19,25,50
"2260",1996,1,20 - 24,77,109
"2260",1996,1,25 - 29,74,138
"2260",1996,1,30 - 34,62,123
"2260",1996,1,35 - 39,84,133
"2260",1996,1,40 - 44,86,152
"2260",1996,1,45 - 49,88,170
"2260",1996,1,50 - 54,93,132
"2260",1996,1,55 - 59,127,191
"2260",1996,1,60 - 64,150,200
"2260",1996,1,65 - 69,143,217
"2260",1996,1,70 - 74,187,244
"2260",1996,1,75 - 79,163,201
"2260",1996,1,80 - 84,186,148
"2260",1996,1,85 - 89,161,113
"2260",1996,1,90 - 94,0,0
"2260",1996,1,95+,0,0
"2260",1996,1,UNK,64,78
"2260",1996,2,Total,141,206
"2260",1996,2,0,35,51
"2260",1996,2,1,11,8
"2260",1996,2,2,1,3
"2260",1996,2,3,0,2
"2260",1996,2,4,2,0
"2260",1996,2,5 - 9,3,4
"2260",1996,2,10 - 14,4,2
"2260",1996,2,15 - 19,3,7
"2260",1996,2,20 - 24,7,5
"2260",1996,2,25 - 29,5,8
"2260",1996,2,30 - 34,7,12
"2260",1996,2,35 - 39,5,14
"2260",1996,2,40 - 44,5,11
"2260",1996,2,45 - 49,4,12
"2260",1996,2,50 - 54,5,6
"2260",1996,2,55 - 59,9,6
"2260",1996,2,60 - 64,2,9
"2260",1996,2,65 - 69,4,15
"2260",1996,2,70 - 74,6,8
"2260",1996,2,75 - 79,6,7
"2260",1996,2,80 - 84,6,7
"2260",1996,2,85 - 89,7,5
"2260",1996,2,90 - 94,0,0
"2260",1996,2,95+,0,0
"2260",1996,2,UNK,4,4
"2260",1996,3,Total,175,183
"2260",1996,3,0,0,0
"2260",1996,3,1,1,3
"2260",1996,3,2,0,1
"2260",1996,3,3,0,0
"2260",1996,3,4,0,1
"2260",1996,3,5 - 9,2,0
"2260",1996,3,10 - 14,1,1
"2260",1996,3,15 - 19,0,2
"2260",1996,3,20 - 24,1,5
"2260",1996,3,25 - 29,6,6
"2260",1996,3,30 - 34,8,6
"2260",1996,3,35 - 39,11,3
"2260",1996,3,40 - 44,14,7
"2260",1996,3,45 - 49,15,4
"2260",1996,3,50 - 54,10,7
"2260",1996,3,55 - 59,22,25
"2260",1996,3,60 - 64,24,14
"2260",1996,3,65 - 69,15,20
"2260",1996,3,70 - 74,12,25
"2260",1996,3,75 - 79,11,22
"2260",1996,3,80 - 84,11,16
"2260",1996,3,85 - 89,7,11
"2260",1996,3,90 - 94,0,0
"2260",1996,3,95+,0,0
"2260",1996,3,UNK,4,4
"2260",1996,4,Total,755,844
"2260",1996,4,0,2,1
"2260",1996,4,1,1,0
"2260",1996,4,2,1,0
"2260",1996,4,3,0,0
"2260",1996,4,4,1,1
"2260",1996,4,5 - 9,1,2
"2260",1996,4,10 - 14,0,0
"2260",1996,4,15 - 19,3,3
"2260",1996,4,20 - 24,3,5
"2260",1996,4,25 - 29,4,6
"2260",1996,4,30 - 34,7,7
"2260",1996,4,35 - 39,8,15
"2260",1996,4,40 - 44,22,23
"2260",1996,4,45 - 49,33,51
"2260",1996,4,50 - 54,40,52
"2260",1996,4,55 - 59,43,88
"2260",1996,4,60 - 64,78,98
"2260",1996,4,65 - 69,81,107
"2260",1996,4,70 - 74,122,137
"2260",1996,4,75 - 79,96,97
"2260",1996,4,80 - 84,107,75
"2260",1996,4,85 - 89,86,51
"2260",1996,4,90 - 94,0,0
"2260",1996,4,95+,0,0
"2260",1996,4,UNK,16,25
"2260",1996,5,Total,61,56
"2260",1996,5,0,3,4
"2260",1996,5,1,1,0
"2260",1996,5,2,0,0
"2260",1996,5,3,1,0
"2260",1996,5,4,0,0
"2260",1996,5,5 - 9,0,0
"2260",1996,5,10 - 14,1,0
"2260",1996,5,15 - 19,0,0
"2260",1996,5,20 - 24,0,1
"2260",1996,5,25 - 29,0,1
"2260",1996,5,30 - 34,0,1
"2260",1996,5,35 - 39,0,0
"2260",1996,5,40 - 44,0,1
"2260",1996,5,45 - 49,2,0
"2260",1996,5,50 - 54,0,0
"2260",1996,5,55 - 59,1,0
"2260",1996,5,60 - 64,1,1
"2260",1996,5,65 - 69,0,1
"2260",1996,5,70 - 74,2,2
"2260",1996,5,75 - 79,6,6
"2260",1996,5,80 - 84,18,8
"2260",1996,5,85 - 89,13,14
"2260",1996,5,90 - 94,0,0
"2260",1996,5,95+,0,0
"2260",1996,5,UNK,12,16
"2260",1996,6,Total,6,11
"2260",1996,6,0,0,0
"2260",1996,6,1,0,0
"2260",1996,6,2,0,0
"2260",1996,6,3,0,0
"2260",1996,6,4,0,0
"2260",1996,6,5 - 9,0,0
"2260",1996,6,10 - 14,0,0
"2260",1996,6,15 - 19,0,1
"2260",1996,6,20 - 24,0,1
"2260",1996,6,25 - 29,0,2
"2260",1996,6,30 - 34,1,1
"2260",1996,6,35 - 39,0,0
"2260",1996,6,40 - 44,1,0
"2260",1996,6,45 - 49,0,0
"2260",1996,6,50 - 54,0,0
"2260",1996,6,55 - 59,1,2
"2260",1996,6,60 - 64,0,1
"2260",1996,6,65 - 69,1,1
"2260",1996,6,70 - 74,0,2
"2260",1996,6,75 - 79,1,0
"2260",1996,6,80 - 84,0,0
"2260",1996,6,85 - 89,0,0
"2260",1996,6,90 - 94,0,0
"2260",1996,6,95+,0,0
"2260",1996,6,UNK,1,0
"2260",1996,7,Total,38,44
"2260",1996,7,0,2,3
"2260",1996,7,1,2,0
"2260",1996,7,2,0,0
"2260",1996,7,3,2,0
"2260",1996,7,4,0,1
"2260",1996,7,5 - 9,2,3
"2260",1996,7,10 - 14,4,2
"2260",1996,7,15 - 19,0,1
"2260",1996,7,20 - 24,2,3
"2260",1996,7,25 - 29,3,3
"2260",1996,7,30 - 34,2,2
"2260",1996,7,35 - 39,0,2
"2260",1996,7,40 - 44,1,2
"2260",1996,7,45 - 49,2,4
"2260",1996,7,50 - 54,1,2
"2260",1996,7,55 - 59,4,3
"2260",1996,7,60 - 64,2,3
"2260",1996,7,65 - 69,1,2
"2260",1996,7,70 - 74,3,1
"2260",1996,7,75 - 79,2,4
"2260",1996,7,80 - 84,1,0
"2260",1996,7,85 - 89,1,1
"2260",1996,7,90 - 94,0,0
"2260",1996,7,95+,0,0
"2260",1996,7,UNK,1,2
"2260",1996,8,Total,311,356
"2260",1996,8,0,18,18
"2260",1996,8,1,4,3
"2260",1996,8,2,1,4
"2260",1996,8,3,0,2
"2260",1996,8,4,1,0
"2260",1996,8,5 - 9,2,1
"2260",1996,8,10 - 14,0,2
"2260",1996,8,15 - 19,1,2
"2260",1996,8,20 - 24,22,24
"2260",1996,8,25 - 29,25,39
"2260",1996,8,30 - 34,15,36
"2260",1996,8,35 - 39,29,36
"2260",1996,8,40 - 44,17,41
"2260",1996,8,45 - 49,15,33
"2260",1996,8,50 - 54,21,16
"2260",1996,8,55 - 59,28,18
"2260",1996,8,60 - 64,21,18
"2260",1996,8,65 - 69,21,21
"2260",1996,8,70 - 74,17,13
"2260",1996,8,75 - 79,19,10
"2260",1996,8,80 - 84,16,7
"2260",1996,8,85 - 89,11,5
"2260",1996,8,90 - 94,0,0
"2260",1996,8,95+,0,0
"2260",1996,8,UNK,7,7
"2260",1996,9,Total,70,179
"2260",1996,9,0,1,1
"2260",1996,9,1,1,0
"2260",1996,9,2,0,2
"2260",1996,9,3,1,0
"2260",1996,9,4,0,0
"2260",1996,9,5 - 9,1,1
"2260",1996,9,10 - 14,0,0
"2260",1996,9,15 - 19,2,1
"2260",1996,9,20 - 24,9,2
"2260",1996,9,25 - 29,4,8
"2260",1996,9,30 - 34,2,7
"2260",1996,9,35 - 39,3,11
"2260",1996,9,40 - 44,11,22
"2260",1996,9,45 - 49,1,31
"2260",1996,9,50 - 54,4,14
"2260",1996,9,55 - 59,7,12
"2260",1996,9,60 - 64,5,21
"2260",1996,9,65 - 69,4,15
"2260",1996,9,70 - 74,5,17
"2260",1996,9,75 - 79,4,8
"2260",1996,9,80 - 84,1,2
"2260",1996,9,85 - 89,4,3
"2260",1996,9,90 - 94,0,0
"2260",1996,9,95+,0,0
"2260",1996,9,UNK,0,1
"2260",1996,10,Total,25,46
"2260",1996,10,0,0,0
"2260",1996,10,1,0,0
"2260",1996,10,2,0,0
"2260",1996,10,3,0,0
"2260",1996,10,4,0,0
"2260",1996,10,5 - 9,0,2
"2260",1996,10,10 - 14,0,0
"2260",1996,10,15 - 19,0,1
"2260",1996,10,20 - 24,2,1
"2260",1996,10,25 - 29,1,4
"2260",1996,10,30 - 34,0,0
"2260",1996,10,35 - 39,3,1
"2260",1996,10,40 - 44,2,0
"2260",1996,10,45 - 49,0,1
"2260",1996,10,50 - 54,4,5
"2260",1996,10,55 - 59,3,4
"2260",1996,10,60 - 64,2,1
"2260",1996,10,65 - 69,3,5
"2260",1996,10,70 - 74,0,5
"2260",1996,10,75 - 79,2,6
"2260",1996,10,80 - 84,1,8
"2260",1996,10,85 - 89,0,2
"2260",1996,10,90 - 94,0,0
"2260",1996,10,95+,0,0
"2260",1996,10,UNK,2,0
"2260",1996,11,Total,142,128
"2260",1996,11,0,127,122
"2260",1996,11,1,3,0
"2260",1996,11,2,0,1
"2260",1996,11,3,1,2
"2260",1996,11,4,0,0
"2260",1996,11,5 - 9,2,0
"2260",1996,11,10 - 14,1,2
"2260",1996,11,15 - 19,2,1
"2260",1996,11,20 - 24,0,0
"2260",1996,11,25 - 29,0,0
"2260",1996,11,30 - 34,1,0
"2260",1996,11,35 - 39,0,0
"2260",1996,11,40 - 44,0,0
"2260",1996,11,45 - 49,0,0
"2260",1996,11,50 - 54,0,0
"2260",1996,11,55 - 59,0,0
"2260",1996,11,60 - 64,1,0
"2260",1996,11,65 - 69,0,0
"2260",1996,11,70 - 74,0,0
"2260",1996,11,75 - 79,0,0
"2260",1996,11,80 - 84,1,0
"2260",1996,11,85 - 89,0,0
"2260",1996,11,90 - 94,0,0
"2260",1996,11,95+,0,0
"2260",1996,11,UNK,3,0
"2260",1996,12,Total,143,193
"2260",1996,12,0,18,14
"2260",1996,12,1,8,2
"2260",1996,12,2,1,1
"2260",1996,12,3,0,3
"2260",1996,12,4,0,1
"2260",1996,12,5 - 9,0,1
"2260",1996,12,10 - 14,0,2
"2260",1996,12,15 - 19,2,1
"2260",1996,12,20 - 24,5,2
"2260",1996,12,25 - 29,6,3
"2260",1996,12,30 - 34,7,6
"2260",1996,12,35 - 39,5,4
"2260",1996,12,40 - 44,4,11
"2260",1996,12,45 - 49,6,9
"2260",1996,12,50 - 54,3,9
"2260",1996,12,55 - 59,4,10
"2260",1996,12,60 - 64,4,15
"2260",1996,12,65 - 69,6,17
"2260",1996,12,70 - 74,13,18
"2260",1996,12,75 - 79,10,23
"2260",1996,12,80 - 84,15,17
"2260",1996,12,85 - 89,22,18
"2260",1996,12,90 - 94,0,0
"2260",1996,12,95+,0,0
"2260",1996,12,UNK,4,6
"2260",1996,13,Total,123,388
"2260",1996,13,0,4,9
"2260",1996,13,1,5,5
"2260",1996,13,2,2,5
"2260",1996,13,3,2,1
"2260",1996,13,4,2,2
"2260",1996,13,5 - 9,6,7
"2260",1996,13,10 - 14,5,11
"2260",1996,13,15 - 19,7,29
"2260",1996,13,20 - 24,17,47
"2260",1996,13,25 - 29,5,51
"2260",1996,13,30 - 34,9,36
"2260",1996,13,35 - 39,10,41
"2260",1996,13,40 - 44,4,32
"2260",1996,13,45 - 49,5,23
"2260",1996,13,50 - 54,5,19
"2260",1996,13,55 - 59,2,19
"2260",1996,13,60 - 64,6,13
"2260",1996,13,65 - 69,6,8
"2260",1996,13,70 - 74,5,11
"2260",1996,13,75 - 79,4,9
"2260",1996,13,80 - 84,4,4
"2260",1996,13,85 - 89,4,1
"2260",1996,13,90 - 94,0,0
"2260",1996,13,95+,0,0
"2260",1996,13,UNK,4,5
"2260",1996,14,Total,4,28
"2260",1996,14,0,0,0
"2260",1996,14,1,0,0
"2260",1996,14,2,0,0
"2260",1996,14,3,0,0
"2260",1996,14,4,0,0
"2260",1996,14,5 - 9,0,0
"2260",1996,14,10 - 14,0,0
"2260",1996,14,15 - 19,0,0
"2260",1996,14,20 - 24,0,9
"2260",1996,14,25 - 29,2,2
"2260",1996,14,30 - 34,0,6
"2260",1996,14,35 - 39,1,3
"2260",1996,14,40 - 44,0,1
"2260",1996,14,45 - 49,0,0
"2260",1996,14,50 - 54,0,2
"2260",1996,14,55 - 59,0,2
"2260",1996,14,60 - 64,0,2
"2260",1996,14,65 - 69,0,1
"2260",1996,14,70 - 74,0,0
"2260",1996,14,75 - 79,0,0
"2260",1996,14,80 - 84,0,0
"2260",1996,14,85 - 89,0,0
"2260",1996,14,90 - 94,0,0
"2260",1996,14,95+,0,0
"2260",1996,14,UNK,1,0
"2260",1996,15,Total,87,68
"2260",1996,15,0,4,6
"2260",1996,15,1,5,0
"2260",1996,15,2,0,0
"2260",1996,15,3,0,1
"2260",1996,15,4,0,1
"2260",1996,15,5 - 9,0,2
"2260",1996,15,10 - 14,1,1
"2260",1996,15,15 - 19,5,1
"2260",1996,15,20 - 24,9,4
"2260",1996,15,25 - 29,13,5
"2260",1996,15,30 - 34,3,3
"2260",1996,15,35 - 39,9,3
"2260",1996,15,40 - 44,5,1
"2260",1996,15,45 - 49,5,2
"2260",1996,15,50 - 54,0,0
"2260",1996,15,55 - 59,3,2
"2260",1996,15,60 - 64,4,4
"2260",1996,15,65 - 69,1,4
"2260",1996,15,70 - 74,2,5
"2260",1996,15,75 - 79,2,9
"2260",1996,15,80 - 84,5,4
"2260",1996,15,85 - 89,6,2
"2260",1996,15,90 - 94,0,0
"2260",1996,15,95+,0,0
"2260",1996,15,UNK,5,8
"2260",1997,1,Total,2186,2948
"2260",1997,1,0,228,276
"2260",1997,1,1,31,38
"2260",1997,1,2,10,13
"2260",1997,1,3,9,8
"2260",1997,1,4,8,8
"2260",1997,1,5 - 9,16,24
"2260",1997,1,10 - 14,19,27
"2260",1997,1,15 - 19,33,49
"2260",1997,1,20 - 24,72,108
"2260",1997,1,25 - 29,95,141
"2260",1997,1,30 - 34,90,152
"2260",1997,1,35 - 39,68,143
"2260",1997,1,40 - 44,65,163
"2260",1997,1,45 - 49,74,183
"2260",1997,1,50 - 54,116,188
"2260",1997,1,55 - 59,110,177
"2260",1997,1,60 - 64,166,218
"2260",1997,1,65 - 69,202,237
"2260",1997,1,70 - 74,199,241
"2260",1997,1,75 - 79,183,179
"2260",1997,1,80 - 84,155,158
"2260",1997,1,85 - 89,105,80
"2260",1997,1,90 - 94,44,39
"2260",1997,1,95+,22,9
"2260",1997,1,UNK,66,89
"2260",1997,2,Total,143,240
"2260",1997,2,0,43,77
"2260",1997,2,1,11,20
"2260",1997,2,2,1,5
"2260",1997,2,3,1,0
"2260",1997,2,4,0,0
"2260",1997,2,5 - 9,4,2
"2260",1997,2,10 - 14,2,1
"2260",1997,2,15 - 19,4,2
"2260",1997,2,20 - 24,3,11
"2260",1997,2,25 - 29,7,12
"2260",1997,2,30 - 34,10,13
"2260",1997,2,35 - 39,6,14
"2260",1997,2,40 - 44,3,9
"2260",1997,2,45 - 49,2,5
"2260",1997,2,50 - 54,6,12
"2260",1997,2,55 - 59,3,8
"2260",1997,2,60 - 64,3,12
"2260",1997,2,65 - 69,3,11
"2260",1997,2,70 - 74,1,7
"2260",1997,2,75 - 79,3,4
"2260",1997,2,80 - 84,15,5
"2260",1997,2,85 - 89,4,1
"2260",1997,2,90 - 94,1,1
"2260",1997,2,95+,0,0
"2260",1997,2,UNK,7,8
"2260",1997,3,Total,200,170
"2260",1997,3,0,0,0
"2260",1997,3,1,1,2
"2260",1997,3,2,0,1
"2260",1997,3,3,1,0
"2260",1997,3,4,1,0
"2260",1997,3,5 - 9,0,1
"2260",1997,3,10 - 14,0,1
"2260",1997,3,15 - 19,0,3
"2260",1997,3,20 - 24,1,0
"2260",1997,3,25 - 29,4,2
"2260",1997,3,30 - 34,5,1
"2260",1997,3,35 - 39,10,5
"2260",1997,3,40 - 44,14,5
"2260",1997,3,45 - 49,10,11
"2260",1997,3,50 - 54,24,12
"2260",1997,3,55 - 59,16,9
"2260",1997,3,60 - 64,19,19
"2260",1997,3,65 - 69,22,20
"2260",1997,3,70 - 74,21,19
"2260",1997,3,75 - 79,16,26
"2260",1997,3,80 - 84,19,16
"2260",1997,3,85 - 89,7,8
"2260",1997,3,90 - 94,4,4
"2260",1997,3,95+,1,0
"2260",1997,3,UNK,4,5
"2260",1997,4,Total,808,924
"2260",1997,4,0,0,0
"2260",1997,4,1,0,0
"2260",1997,4,2,0,0
"2260",1997,4,3,0,0
"2260",1997,4,4,0,1
"2260",1997,4,5 - 9,0,1
"2260",1997,4,10 - 14,1,2
"2260",1997,4,15 - 19,4,2
"2260",1997,4,20 - 24,8,6
"2260",1997,4,25 - 29,6,7
"2260",1997,4,30 - 34,10,8
"2260",1997,4,35 - 39,11,20
"2260",1997,4,40 - 44,16,43
"2260",1997,4,45 - 49,26,65
"2260",1997,4,50 - 54,44,69
"2260",1997,4,55 - 59,52,92
"2260",1997,4,60 - 64,84,99
"2260",1997,4,65 - 69,117,117
"2260",1997,4,70 - 74,124,140
"2260",1997,4,75 - 79,104,87
"2260",1997,4,80 - 84,78,75
"2260",1997,4,85 - 89,64,41
"2260",1997,4,90 - 94,23,20
"2260",1997,4,95+,15,3
"2260",1997,4,UNK,21,26
"2260",1997,5,Total,162,253
"2260",1997,5,0,4,1
"2260",1997,5,1,0,0
"2260",1997,5,2,1,0
"2260",1997,5,3,0,1
"2260",1997,5,4,1,0
"2260",1997,5,5 - 9,1,1
"2260",1997,5,10 - 14,1,1
"2260",1997,5,15 - 19,6,4
"2260",1997,5,20 - 24,17,20
"2260",1997,5,25 - 29,27,39
"2260",1997,5,30 - 34,30,40
"2260",1997,5,35 - 39,17,28
"2260",1997,5,40 - 44,9,31
"2260",1997,5,45 - 49,2,21
"2260",1997,5,50 - 54,7,16
"2260",1997,5,55 - 59,2,5
"2260",1997,5,60 - 64,0,7
"2260",1997,5,65 - 69,3,3
"2260",1997,5,70 - 74,3,5
"2260",1997,5,75 - 79,6,3
"2260",1997,5,80 - 84,8,10
"2260",1997,5,85 - 89,3,7
"2260",1997,5,90 - 94,4,2
"2260",1997,5,95+,1,1
"2260",1997,5,UNK,9,7
"2260",1997,6,Total,7,11
"2260",1997,6,0,0,0
"2260",1997,6,1,0,0
"2260",1997,6,2,0,0
"2260",1997,6,3,0,0
"2260",1997,6,4,0,0
"2260",1997,6,5 - 9,0,0
"2260",1997,6,10 - 14,0,0
"2260",1997,6,15 - 19,0,0
"2260",1997,6,20 - 24,1,0
"2260",1997,6,25 - 29,0,0
"2260",1997,6,30 - 34,0,1
"2260",1997,6,35 - 39,0,0
"2260",1997,6,40 - 44,0,1
"2260",1997,6,45 - 49,0,3
"2260",1997,6,50 - 54,2,2
"2260",1997,6,55 - 59,0,1
"2260",1997,6,60 - 64,2,1
"2260",1997,6,65 - 69,0,1
"2260",1997,6,70 - 74,0,1
"2260",1997,6,75 - 79,0,0
"2260",1997,6,80 - 84,2,0
"2260",1997,6,85 - 89,0,0
"2260",1997,6,90 - 94,0,0
"2260",1997,6,95+,0,0
"2260",1997,6,UNK,0,0
"2260",1997,7,Total,30,40
"2260",1997,7,0,2,3
"2260",1997,7,1,2,0
"2260",1997,7,2,2,0
"2260",1997,7,3,2,0
"2260",1997,7,4,2,1
"2260",1997,7,5 - 9,0,0
"2260",1997,7,10 - 14,0,3
"2260",1997,7,15 - 19,2,2
"2260",1997,7,20 - 24,1,1
"2260",1997,7,25 - 29,0,5
"2260",1997,7,30 - 34,3,3
"2260",1997,7,35 - 39,2,2
"2260",1997,7,40 - 44,2,1
"2260",1997,7,45 - 49,1,4
"2260",1997,7,50 - 54,0,1
"2260",1997,7,55 - 59,0,2
"2260",1997,7,60 - 64,0,2
"2260",1997,7,65 - 69,3,4
"2260",1997,7,70 - 74,1,0
"2260",1997,7,75 - 79,2,1
"2260",1997,7,80 - 84,2,1
"2260",1997,7,85 - 89,0,3
"2260",1997,7,90 - 94,1,0
"2260",1997,7,95+,0,0
"2260",1997,7,UNK,0,1
"2260",1997,8,Total,211,198
"2260",1997,8,0,8,22
"2260",1997,8,1,0,2
"2260",1997,8,2,0,0
"2260",1997,8,3,0,0
"2260",1997,8,4,0,0
"2260",1997,8,5 - 9,0,0
"2260",1997,8,10 - 14,0,0
"2260",1997,8,15 - 19,1,1
"2260",1997,8,20 - 24,2,1
"2260",1997,8,25 - 29,6,5
"2260",1997,8,30 - 34,4,5
"2260",1997,8,35 - 39,2,11
"2260",1997,8,40 - 44,5,7
"2260",1997,8,45 - 49,12,12
"2260",1997,8,50 - 54,14,18
"2260",1997,8,55 - 59,18,16
"2260",1997,8,60 - 64,35,25
"2260",1997,8,65 - 69,27,21
"2260",1997,8,70 - 74,24,13
"2260",1997,8,75 - 79,28,10
"2260",1997,8,80 - 84,9,15
"2260",1997,8,85 - 89,7,3
"2260",1997,8,90 - 94,2,3
"2260",1997,8,95+,1,2
"2260",1997,8,UNK,6,6
"2260",1997,9,Total,58,178
"2260",1997,9,0,3,3
"2260",1997,9,1,1,1
"2260",1997,9,2,0,0
"2260",1997,9,3,0,1
"2260",1997,9,4,1,0
"2260",1997,9,5 - 9,1,0
"2260",1997,9,10 - 14,1,3
"2260",1997,9,15 - 19,1,1
"2260",1997,9,20 - 24,2,1
"2260",1997,9,25 - 29,2,6
"2260",1997,9,30 - 34,2,5
"2260",1997,9,35 - 39,4,9
"2260",1997,9,40 - 44,3,17
"2260",1997,9,45 - 49,5,23
"2260",1997,9,50 - 54,4,26
"2260",1997,9,55 - 59,6,20
"2260",1997,9,60 - 64,6,21
"2260",1997,9,65 - 69,7,15
"2260",1997,9,70 - 74,2,4
"2260",1997,9,75 - 79,3,6
"2260",1997,9,80 - 84,1,8
"2260",1997,9,85 - 89,2,3
"2260",1997,9,90 - 94,0,1
"2260",1997,9,95+,0,1
"2260",1997,9,UNK,1,3
"2260",1997,10,Total,27,54
"2260",1997,10,0,0,0
"2260",1997,10,1,0,0
"2260",1997,10,2,0,0
"2260",1997,10,3,0,0
"2260",1997,10,4,1,1
"2260",1997,10,5 - 9,0,0
"2260",1997,10,10 - 14,2,0
"2260",1997,10,15 - 19,1,2
"2260",1997,10,20 - 24,2,1
"2260",1997,10,25 - 29,6,2
"2260",1997,10,30 - 34,4,3
"2260",1997,10,35 - 39,0,2
"2260",1997,10,40 - 44,1,3
"2260",1997,10,45 - 49,1,2
"2260",1997,10,50 - 54,2,1
"2260",1997,10,55 - 59,1,3
"2260",1997,10,60 - 64,3,1
"2260",1997,10,65 - 69,0,6
"2260",1997,10,70 - 74,2,6
"2260",1997,10,75 - 79,1,8
"2260",1997,10,80 - 84,0,6
"2260",1997,10,85 - 89,0,1
"2260",1997,10,90 - 94,0,3
"2260",1997,10,95+,0,1
"2260",1997,10,UNK,0,2
"2260",1997,11,Total,151,131
"2260",1997,11,0,133,117
"2260",1997,11,1,2,2
"2260",1997,11,2,1,1
"2260",1997,11,3,1,0
"2260",1997,11,4,0,0
"2260",1997,11,5 - 9,5,4
"2260",1997,11,10 - 14,3,0
"2260",1997,11,15 - 19,1,1
"2260",1997,11,20 - 24,1,2
"2260",1997,11,25 - 29,1,0
"2260",1997,11,30 - 34,0,1
"2260",1997,11,35 - 39,0,0
"2260",1997,11,40 - 44,0,0
"2260",1997,11,45 - 49,1,0
"2260",1997,11,50 - 54,1,0
"2260",1997,11,55 - 59,0,0
"2260",1997,11,60 - 64,0,1
"2260",1997,11,65 - 69,0,0
"2260",1997,11,70 - 74,0,0
"2260",1997,11,75 - 79,0,1
"2260",1997,11,80 - 84,1,0
"2260",1997,11,85 - 89,0,0
"2260",1997,11,90 - 94,0,0
"2260",1997,11,95+,0,0
"2260",1997,11,UNK,0,1
"2260",1997,12,Total,161,233
"2260",1997,12,0,24,40
"2260",1997,12,1,6,4
"2260",1997,12,2,1,3
"2260",1997,12,3,1,4
"2260",1997,12,4,0,0
"2260",1997,12,5 - 9,0,1
"2260",1997,12,10 - 14,0,1
"2260",1997,12,15 - 19,1,1
"2260",1997,12,20 - 24,9,6
"2260",1997,12,25 - 29,7,7
"2260",1997,12,30 - 34,4,9
"2260",1997,12,35 - 39,6,3
"2260",1997,12,40 - 44,4,7
"2260",1997,12,45 - 49,4,10
"2260",1997,12,50 - 54,6,8
"2260",1997,12,55 - 59,2,8
"2260",1997,12,60 - 64,8,14
"2260",1997,12,65 - 69,12,22
"2260",1997,12,70 - 74,11,28
"2260",1997,12,75 - 79,15,25
"2260",1997,12,80 - 84,15,15
"2260",1997,12,85 - 89,12,7
"2260",1997,12,90 - 94,3,3
"2260",1997,12,95+,2,1
"2260",1997,12,UNK,8,6
"2260",1997,13,Total,137,447
"2260",1997,13,0,2,10
"2260",1997,13,1,7,6
"2260",1997,13,2,3,3
"2260",1997,13,3,1,1
"2260",1997,13,4,1,5
"2260",1997,13,5 - 9,4,14
"2260",1997,13,10 - 14,7,15
"2260",1997,13,15 - 19,8,26
"2260",1997,13,20 - 24,18,56
"2260",1997,13,25 - 29,17,52
"2260",1997,13,30 - 34,10,58
"2260",1997,13,35 - 39,4,42
"2260",1997,13,40 - 44,4,35
"2260",1997,13,45 - 49,8,24
"2260",1997,13,50 - 54,2,21
"2260",1997,13,55 - 59,8,12
"2260",1997,13,60 - 64,4,13
"2260",1997,13,65 - 69,2,9
"2260",1997,13,70 - 74,8,12
"2260",1997,13,75 - 79,3,4
"2260",1997,13,80 - 84,3,3
"2260",1997,13,85 - 89,3,5
"2260",1997,13,90 - 94,3,1
"2260",1997,13,95+,2,0
"2260",1997,13,UNK,5,20
"2260",1997,14,Total,9,19
"2260",1997,14,0,0,0
"2260",1997,14,1,0,0
"2260",1997,14,2,0,0
"2260",1997,14,3,0,0
"2260",1997,14,4,0,0
"2260",1997,14,5 - 9,0,0
"2260",1997,14,10 - 14,1,0
"2260",1997,14,15 - 19,1,1
"2260",1997,14,20 - 24,3,3
"2260",1997,14,25 - 29,1,3
"2260",1997,14,30 - 34,1,3
"2260",1997,14,35 - 39,0,3
"2260",1997,14,40 - 44,0,2
"2260",1997,14,45 - 49,0,0
"2260",1997,14,50 - 54,1,0
"2260",1997,14,55 - 59,0,0
"2260",1997,14,60 - 64,0,1
"2260",1997,14,65 - 69,1,1
"2260",1997,14,70 - 74,0,0
"2260",1997,14,75 - 79,0,0
"2260",1997,14,80 - 84,0,0
"2260",1997,14,85 - 89,0,0
"2260",1997,14,90 - 94,0,0
"2260",1997,14,95+,0,0
"2260",1997,14,UNK,0,2
"2260",1997,15,Total,82,50
"2260",1997,15,0,9,3
"2260",1997,15,1,1,1
"2260",1997,15,2,1,0
"2260",1997,15,3,2,1
"2260",1997,15,4,1,0
"2260",1997,15,5 - 9,1,0
"2260",1997,15,10 - 14,1,0
"2260",1997,15,15 - 19,3,3
"2260",1997,15,20 - 24,4,0
"2260",1997,15,25 - 29,11,1
"2260",1997,15,30 - 34,7,2
"2260",1997,15,35 - 39,6,4
"2260",1997,15,40 - 44,4,2
"2260",1997,15,45 - 49,2,3
"2260",1997,15,50 - 54,3,2
"2260",1997,15,55 - 59,2,1
"2260",1997,15,60 - 64,2,2
"2260",1997,15,65 - 69,5,7
"2260",1997,15,70 - 74,2,6
"2260",1997,15,75 - 79,2,4
"2260",1997,15,80 - 84,2,4
"2260",1997,15,85 - 89,3,1
"2260",1997,15,90 - 94,3,1
"2260",1997,15,95+,0,0
"2260",1997,15,UNK,5,2
"2260",1998,1,Total,2155,2910
"2260",1998,1,0,177,245
"2260",1998,1,1,20,29
"2260",1998,1,2,10,10
"2260",1998,1,3,11,12
"2260",1998,1,4,6,7
"2260",1998,1,5 - 9,13,29
"2260",1998,1,10 - 14,14,14
"2260",1998,1,15 - 19,36,52
"2260",1998,1,20 - 24,70,98
"2260",1998,1,25 - 29,83,154
"2260",1998,1,30 - 34,78,166
"2260",1998,1,35 - 39,98,172
"2260",1998,1,40 - 44,78,149
"2260",1998,1,45 - 49,95,161
"2260",1998,1,50 - 54,113,174
"2260",1998,1,55 - 59,129,202
"2260",1998,1,60 - 64,165,214
"2260",1998,1,65 - 69,169,253
"2260",1998,1,70 - 74,197,229
"2260",1998,1,75 - 79,189,185
"2260",1998,1,80 - 84,167,154
"2260",1998,1,85 - 89,105,80
"2260",1998,1,90 - 94,61,29
"2260",1998,1,95+,26,10
"2260",1998,1,UNK,45,82
"2260",1998,2,Total,122,187
"2260",1998,2,0,26,39
"2260",1998,2,1,7,5
"2260",1998,2,2,2,1
"2260",1998,2,3,3,0
"2260",1998,2,4,0,0
"2260",1998,2,5 - 9,2,3
"2260",1998,2,10 - 14,0,0
"2260",1998,2,15 - 19,5,3
"2260",1998,2,20 - 24,9,6
"2260",1998,2,25 - 29,5,7
"2260",1998,2,30 - 34,4,20
"2260",1998,2,35 - 39,7,10
"2260",1998,2,40 - 44,2,11
"2260",1998,2,45 - 49,2,12
"2260",1998,2,50 - 54,2,14
"2260",1998,2,55 - 59,7,7
"2260",1998,2,60 - 64,5,4
"2260",1998,2,65 - 69,3,14
"2260",1998,2,70 - 74,6,9
"2260",1998,2,75 - 79,7,8
"2260",1998,2,80 - 84,4,7
"2260",1998,2,85 - 89,7,2
"2260",1998,2,90 - 94,3,3
"2260",1998,2,95+,0,0
"2260",1998,2,UNK,4,2
"2260",1998,3,Total,194,165
"2260",1998,3,0,0,0
"2260",1998,3,1,0,0
"2260",1998,3,2,0,1
"2260",1998,3,3,0,1
"2260",1998,3,4,1,2
"2260",1998,3,5 - 9,1,2
"2260",1998,3,10 - 14,1,0
"2260",1998,3,15 - 19,2,1
"2260",1998,3,20 - 24,4,1
"2260",1998,3,25 - 29,5,0
"2260",1998,3,30 - 34,11,9
"2260",1998,3,35 - 39,9,4
"2260",1998,3,40 - 44,11,8
"2260",1998,3,45 - 49,16,12
"2260",1998,3,50 - 54,20,6
"2260",1998,3,55 - 59,19,13
"2260",1998,3,60 - 64,15,21
"2260",1998,3,65 - 69,13,22
"2260",1998,3,70 - 74,14,14
"2260",1998,3,75 - 79,18,20
"2260",1998,3,80 - 84,17,15
"2260",1998,3,85 - 89,8,8
"2260",1998,3,90 - 94,2,2
"2260",1998,3,95+,3,0
"2260",1998,3,UNK,4,3
"2260",1998,4,Total,796,928
"2260",1998,4,0,0,0
"2260",1998,4,1,0,0
"2260",1998,4,2,0,0
"2260",1998,4,3,0,0
"2260",1998,4,4,0,0
"2260",1998,4,5 - 9,0,2
"2260",1998,4,10 - 14,1,1
"2260",1998,4,15 - 19,1,3
"2260",1998,4,20 - 24,2,8
"2260",1998,4,25 - 29,3,10
"2260",1998,4,30 - 34,6,15
"2260",1998,4,35 - 39,19,24
"2260",1998,4,40 - 44,19,33
"2260",1998,4,45 - 49,28,40
"2260",1998,4,50 - 54,45,76
"2260",1998,4,55 - 59,60,87
"2260",1998,4,60 - 64,94,114
"2260",1998,4,65 - 69,95,129
"2260",1998,4,70 - 74,114,122
"2260",1998,4,75 - 79,104,94
"2260",1998,4,80 - 84,88,76
"2260",1998,4,85 - 89,56,43
"2260",1998,4,90 - 94,33,13
"2260",1998,4,95+,11,6
"2260",1998,4,UNK,17,32
"2260",1998,5,Total,163,253
"2260",1998,5,0,1,2
"2260",1998,5,1,1,2
"2260",1998,5,2,0,0
"2260",1998,5,3,0,0
"2260",1998,5,4,0,0
"2260",1998,5,5 - 9,0,0
"2260",1998,5,10 - 14,1,0
"2260",1998,5,15 - 19,1,2
"2260",1998,5,20 - 24,19,20
"2260",1998,5,25 - 29,28,35
"2260",1998,5,30 - 34,26,46
"2260",1998,5,35 - 39,23,49
"2260",1998,5,40 - 44,7,21
"2260",1998,5,45 - 49,5,17
"2260",1998,5,50 - 54,5,12
"2260",1998,5,55 - 59,4,11
"2260",1998,5,60 - 64,1,6
"2260",1998,5,65 - 69,2,2
"2260",1998,5,70 - 74,5,2
"2260",1998,5,75 - 79,6,3
"2260",1998,5,80 - 84,8,7
"2260",1998,5,85 - 89,10,3
"2260",1998,5,90 - 94,6,2
"2260",1998,5,95+,2,2
"2260",1998,5,UNK,2,9
"2260",1998,6,Total,6,9
"2260",1998,6,0,0,0
"2260",1998,6,1,0,0
"2260",1998,6,2,1,0
"2260",1998,6,3,0,1
"2260",1998,6,4,0,0
"2260",1998,6,5 - 9,0,0
"2260",1998,6,10 - 14,0,0
"2260",1998,6,15 - 19,0,0
"2260",1998,6,20 - 24,0,0
"2260",1998,6,25 - 29,0,0
"2260",1998,6,30 - 34,1,1
"2260",1998,6,35 - 39,0,1
"2260",1998,6,40 - 44,0,0
"2260",1998,6,45 - 49,0,0
"2260",1998,6,50 - 54,0,1
"2260",1998,6,55 - 59,0,1
"2260",1998,6,60 - 64,1,2
"2260",1998,6,65 - 69,1,0
"2260",1998,6,70 - 74,2,1
"2260",1998,6,75 - 79,0,1
"2260",1998,6,80 - 84,0,0
"2260",1998,6,85 - 89,0,0
"2260",1998,6,90 - 94,0,0
"2260",1998,6,95+,0,0
"2260",1998,6,UNK,0,0
"2260",1998,7,Total,29,40
"2260",1998,7,0,3,5
"2260",1998,7,1,1,0
"2260",1998,7,2,1,0
"2260",1998,7,3,0,1
"2260",1998,7,4,0,1
"2260",1998,7,5 - 9,0,2
"2260",1998,7,10 - 14,3,1
"2260",1998,7,15 - 19,1,3
"2260",1998,7,20 - 24,1,2
"2260",1998,7,25 - 29,2,3
"2260",1998,7,30 - 34,0,4
"2260",1998,7,35 - 39,1,1
"2260",1998,7,40 - 44,4,1
"2260",1998,7,45 - 49,2,4
"2260",1998,7,50 - 54,1,1
"2260",1998,7,55 - 59,1,1
"2260",1998,7,60 - 64,2,0
"2260",1998,7,65 - 69,0,3
"2260",1998,7,70 - 74,1,2
"2260",1998,7,75 - 79,2,1
"2260",1998,7,80 - 84,1,1
"2260",1998,7,85 - 89,1,0
"2260",1998,7,90 - 94,0,0
"2260",1998,7,95+,0,0
"2260",1998,7,UNK,1,3
"2260",1998,8,Total,205,178
"2260",1998,8,0,11,15
"2260",1998,8,1,3,4
"2260",1998,8,2,0,0
"2260",1998,8,3,0,0
"2260",1998,8,4,1,2
"2260",1998,8,5 - 9,1,0
"2260",1998,8,10 - 14,0,0
"2260",1998,8,15 - 19,0,1
"2260",1998,8,20 - 24,1,2
"2260",1998,8,25 - 29,4,1
"2260",1998,8,30 - 34,2,6
"2260",1998,8,35 - 39,5,3
"2260",1998,8,40 - 44,4,6
"2260",1998,8,45 - 49,14,11
"2260",1998,8,50 - 54,15,11
"2260",1998,8,55 - 59,22,17
"2260",1998,8,60 - 64,32,18
"2260",1998,8,65 - 69,27,20
"2260",1998,8,70 - 74,21,20
"2260",1998,8,75 - 79,12,11
"2260",1998,8,80 - 84,10,14
"2260",1998,8,85 - 89,8,6
"2260",1998,8,90 - 94,1,3
"2260",1998,8,95+,2,1
"2260",1998,8,UNK,9,6
"2260",1998,9,Total,96,180
"2260",1998,9,0,3,2
"2260",1998,9,1,0,1
"2260",1998,9,2,1,1
"2260",1998,9,3,0,0
"2260",1998,9,4,1,0
"2260",1998,9,5 - 9,0,3
"2260",1998,9,10 - 14,0,1
"2260",1998,9,15 - 19,2,2
"2260",1998,9,20 - 24,5,1
"2260",1998,9,25 - 29,6,8
"2260",1998,9,30 - 34,4,9
"2260",1998,9,35 - 39,3,11
"2260",1998,9,40 - 44,10,15
"2260",1998,9,45 - 49,9,17
"2260",1998,9,50 - 54,12,21
"2260",1998,9,55 - 59,6,30
"2260",1998,9,60 - 64,3,12
"2260",1998,9,65 - 69,7,15
"2260",1998,9,70 - 74,8,14
"2260",1998,9,75 - 79,6,6
"2260",1998,9,80 - 84,6,1
"2260",1998,9,85 - 89,2,2
"2260",1998,9,90 - 94,1,2
"2260",1998,9,95+,0,0
"2260",1998,9,UNK,1,6
"2260",1998,10,Total,19,46
"2260",1998,10,0,1,0
"2260",1998,10,1,0,0
"2260",1998,10,2,0,1
"2260",1998,10,3,1,1
"2260",1998,10,4,0,0
"2260",1998,10,5 - 9,0,0
"2260",1998,10,10 - 14,0,0
"2260",1998,10,15 - 19,1,1
"2260",1998,10,20 - 24,0,2
"2260",1998,10,25 - 29,0,0
"2260",1998,10,30 - 34,2,1
"2260",1998,10,35 - 39,2,4
"2260",1998,10,40 - 44,4,1
"2260",1998,10,45 - 49,3,1
"2260",1998,10,50 - 54,0,1
"2260",1998,10,55 - 59,0,3
"2260",1998,10,60 - 64,0,4
"2260",1998,10,65 - 69,1,7
"2260",1998,10,70 - 74,1,5
"2260",1998,10,75 - 79,0,7
"2260",1998,10,80 - 84,1,4
"2260",1998,10,85 - 89,1,3
"2260",1998,10,90 - 94,1,0
"2260",1998,10,95+,0,0
"2260",1998,10,UNK,0,0
"2260",1998,11,Total,114,155
"2260",1998,11,0,105,143
"2260",1998,11,1,2,0
"2260",1998,11,2,1,0
"2260",1998,11,3,1,2
"2260",1998,11,4,2,0
"2260",1998,11,5 - 9,0,3
"2260",1998,11,10 - 14,0,1
"2260",1998,11,15 - 19,0,1
"2260",1998,11,20 - 24,0,0
"2260",1998,11,25 - 29,2,0
"2260",1998,11,30 - 34,0,0
"2260",1998,11,35 - 39,0,1
"2260",1998,11,40 - 44,0,1
"2260",1998,11,45 - 49,0,0
"2260",1998,11,50 - 54,0,2
"2260",1998,11,55 - 59,0,0
"2260",1998,11,60 - 64,0,0
"2260",1998,11,65 - 69,0,0
"2260",1998,11,70 - 74,1,0
"2260",1998,11,75 - 79,0,0
"2260",1998,11,80 - 84,0,1
"2260",1998,11,85 - 89,0,0
"2260",1998,11,90 - 94,0,0
"2260",1998,11,95+,0,0
"2260",1998,11,UNK,0,0
"2260",1998,12,Total,194,245
"2260",1998,12,0,16,30
"2260",1998,12,1,4,9
"2260",1998,12,2,2,1
"2260",1998,12,3,4,2
"2260",1998,12,4,1,1
"2260",1998,12,5 - 9,1,2
"2260",1998,12,10 - 14,1,0
"2260",1998,12,15 - 19,2,4
"2260",1998,12,20 - 24,6,2
"2260",1998,12,25 - 29,7,14
"2260",1998,12,30 - 34,6,5
"2260",1998,12,35 - 39,7,11
"2260",1998,12,40 - 44,8,8
"2260",1998,12,45 - 49,7,8
"2260",1998,12,50 - 54,6,9
"2260",1998,12,55 - 59,7,5
"2260",1998,12,60 - 64,7,18
"2260",1998,12,65 - 69,15,28
"2260",1998,12,70 - 74,17,23
"2260",1998,12,75 - 79,22,20
"2260",1998,12,80 - 84,23,21
"2260",1998,12,85 - 89,7,11
"2260",1998,12,90 - 94,8,4
"2260",1998,12,95+,8,0
"2260",1998,12,UNK,2,9
"2260",1998,13,Total,129,469
"2260",1998,13,0,9,7
"2260",1998,13,1,2,7
"2260",1998,13,2,2,5
"2260",1998,13,3,1,4
"2260",1998,13,4,0,1
"2260",1998,13,5 - 9,7,11
"2260",1998,13,10 - 14,7,10
"2260",1998,13,15 - 19,20,29
"2260",1998,13,20 - 24,10,52
"2260",1998,13,25 - 29,11,70
"2260",1998,13,30 - 34,10,46
"2260",1998,13,35 - 39,11,50
"2260",1998,13,40 - 44,5,40
"2260",1998,13,45 - 49,5,37
"2260",1998,13,50 - 54,5,19
"2260",1998,13,55 - 59,0,23
"2260",1998,13,60 - 64,3,11
"2260",1998,13,65 - 69,4,11
"2260",1998,13,70 - 74,3,12
"2260",1998,13,75 - 79,6,6
"2260",1998,13,80 - 84,5,5
"2260",1998,13,85 - 89,1,1
"2260",1998,13,90 - 94,1,0
"2260",1998,13,95+,0,1
"2260",1998,13,UNK,1,11
"2260",1998,14,Total,5,16
"2260",1998,14,0,0,0
"2260",1998,14,1,0,0
"2260",1998,14,2,0,0
"2260",1998,14,3,0,0
"2260",1998,14,4,0,0
"2260",1998,14,5 - 9,0,0
"2260",1998,14,10 - 14,0,0
"2260",1998,14,15 - 19,0,1
"2260",1998,14,20 - 24,2,1
"2260",1998,14,25 - 29,1,6
"2260",1998,14,30 - 34,0,1
"2260",1998,14,35 - 39,0,1
"2260",1998,14,40 - 44,0,3
"2260",1998,14,45 - 49,0,1
"2260",1998,14,50 - 54,1,0
"2260",1998,14,55 - 59,0,1
"2260",1998,14,60 - 64,0,0
"2260",1998,14,65 - 69,0,0
"2260",1998,14,70 - 74,0,0
"2260",1998,14,75 - 79,0,0
"2260",1998,14,80 - 84,0,0
"2260",1998,14,85 - 89,0,0
"2260",1998,14,90 - 94,0,0
"2260",1998,14,95+,0,0
"2260",1998,14,UNK,1,1
"2260",1998,15,Total,83,39
"2260",1998,15,0,2,2
"2260",1998,15,1,0,1
"2260",1998,15,2,0,0
"2260",1998,15,3,1,0
"2260",1998,15,4,0,0
"2260",1998,15,5 - 9,1,1
"2260",1998,15,10 - 14,0,0
"2260",1998,15,15 - 19,1,1
"2260",1998,15,20 - 24,11,1
"2260",1998,15,25 - 29,9,0
"2260",1998,15,30 - 34,6,3
"2260",1998,15,35 - 39,11,2
"2260",1998,15,40 - 44,4,1
"2260",1998,15,45 - 49,4,1
"2260",1998,15,50 - 54,1,1
"2260",1998,15,55 - 59,3,3
"2260",1998,15,60 - 64,2,4
"2260",1998,15,65 - 69,1,2
"2260",1998,15,70 - 74,4,5
"2260",1998,15,75 - 79,6,8
"2260",1998,15,80 - 84,4,2
"2260",1998,15,85 - 89,4,1
"2260",1998,15,90 - 94,5,0
"2260",1998,15,95+,0,0
"2260",1998,15,UNK,3,0
"2260",1999,1,Total,1696,2501
"2260",1999,1,0,126,153
"2260",1999,1,1,28,35
"2260",1999,1,2,9,14
"2260",1999,1,3,8,10
"2260",1999,1,4,5,8
"2260",1999,1,5 - 9,21,17
"2260",1999,1,10 - 14,16,29
"2260",1999,1,15 - 19,38,50
"2260",1999,1,20 - 24,69,97
"2260",1999,1,25 - 29,91,139
"2260",1999,1,30 - 34,61,150
"2260",1999,1,35 - 39,83,161
"2260",1999,1,40 - 44,62,139
"2260",1999,1,45 - 49,98,166
"2260",1999,1,50 - 54,95,134
"2260",1999,1,55 - 59,95,173
"2260",1999,1,60 - 64,118,193
"2260",1999,1,65 - 69,128,202
"2260",1999,1,70 - 74,151,198
"2260",1999,1,75 - 79,136,158
"2260",1999,1,80 - 84,108,130
"2260",1999,1,85 - 89,75,76
"2260",1999,1,90 - 94,42,21
"2260",1999,1,95+,11,12
"2260",1999,1,UNK,22,36
"2260",1999,2,Total,87,173
"2260",1999,2,0,23,34
"2260",1999,2,1,9,12
"2260",1999,2,2,0,2
"2260",1999,2,3,1,4
"2260",1999,2,4,0,3
"2260",1999,2,5 - 9,4,4
"2260",1999,2,10 - 14,1,5
"2260",1999,2,15 - 19,1,2
"2260",1999,2,20 - 24,2,6
"2260",1999,2,25 - 29,2,13
"2260",1999,2,30 - 34,7,16
"2260",1999,2,35 - 39,3,10
"2260",1999,2,40 - 44,1,4
"2260",1999,2,45 - 49,3,8
"2260",1999,2,50 - 54,2,6
"2260",1999,2,55 - 59,2,3
"2260",1999,2,60 - 64,5,7
"2260",1999,2,65 - 69,5,4
"2260",1999,2,70 - 74,2,7
"2260",1999,2,75 - 79,4,5
"2260",1999,2,80 - 84,4,7
"2260",1999,2,85 - 89,2,5
"2260",1999,2,90 - 94,3,2
"2260",1999,2,95+,0,0
"2260",1999,2,UNK,1,4
"2260",1999,3,Total,174,174
"2260",1999,3,0,1,0
"2260",1999,3,1,0,1
"2260",1999,3,2,1,1
"2260",1999,3,3,0,0
"2260",1999,3,4,0,0
"2260",1999,3,5 - 9,4,1
"2260",1999,3,10 - 14,1,3
"2260",1999,3,15 - 19,3,0
"2260",1999,3,20 - 24,3,2
"2260",1999,3,25 - 29,5,0
"2260",1999,3,30 - 34,5,5
"2260",1999,3,35 - 39,14,9
"2260",1999,3,40 - 44,12,4
"2260",1999,3,45 - 49,19,7
"2260",1999,3,50 - 54,20,10
"2260",1999,3,55 - 59,10,14
"2260",1999,3,60 - 64,9,21
"2260",1999,3,65 - 69,21,20
"2260",1999,3,70 - 74,13,19
"2260",1999,3,75 - 79,11,29
"2260",1999,3,80 - 84,13,13
"2260",1999,3,85 - 89,3,8
"2260",1999,3,90 - 94,2,3
"2260",1999,3,95+,1,1
"2260",1999,3,UNK,3,3
"2260",1999,4,Total,545,690
"2260",1999,4,0,0,0
"2260",1999,4,1,0,0
"2260",1999,4,2,0,0
"2260",1999,4,3,0,0
"2260",1999,4,4,0,0
"2260",1999,4,5 - 9,0,1
"2260",1999,4,10 - 14,1,0
"2260",1999,4,15 - 19,2,4
"2260",1999,4,20 - 24,7,3
"2260",1999,4,25 - 29,5,7
"2260",1999,4,30 - 34,5,12
"2260",1999,4,35 - 39,7,13
"2260",1999,4,40 - 44,14,22
"2260",1999,4,45 - 49,35,41
"2260",1999,4,50 - 54,38,40
"2260",1999,4,55 - 59,44,74
"2260",1999,4,60 - 64,53,87
"2260",1999,4,65 - 69,56,96
"2260",1999,4,70 - 74,81,105
"2260",1999,4,75 - 79,75,73
"2260",1999,4,80 - 84,53,65
"2260",1999,4,85 - 89,37,26
"2260",1999,4,90 - 94,15,7
"2260",1999,4,95+,8,5
"2260",1999,4,UNK,9,9
"2260",1999,5,Total,115,178
"2260",1999,5,0,1,3
"2260",1999,5,1,2,0
"2260",1999,5,2,0,1
"2260",1999,5,3,1,0
"2260",1999,5,4,0,0
"2260",1999,5,5 - 9,0,0
"2260",1999,5,10 - 14,2,0
"2260",1999,5,15 - 19,4,1
"2260",1999,5,20 - 24,12,13
"2260",1999,5,25 - 29,27,24
"2260",1999,5,30 - 34,15,34
"2260",1999,5,35 - 39,18,29
"2260",1999,5,40 - 44,3,19
"2260",1999,5,45 - 49,5,11
"2260",1999,5,50 - 54,2,8
"2260",1999,5,55 - 59,1,8
"2260",1999,5,60 - 64,0,1
"2260",1999,5,65 - 69,1,5
"2260",1999,5,70 - 74,3,3
"2260",1999,5,75 - 79,3,4
"2260",1999,5,80 - 84,5,3
"2260",1999,5,85 - 89,7,6
"2260",1999,5,90 - 94,2,1
"2260",1999,5,95+,1,0
"2260",1999,5,UNK,0,4
"2260",1999,6,Total,6,7
"2260",1999,6,0,0,0
"2260",1999,6,1,0,0
"2260",1999,6,2,0,0
"2260",1999,6,3,1,0
"2260",1999,6,4,0,0
"2260",1999,6,5 - 9,0,0
"2260",1999,6,10 - 14,0,0
"2260",1999,6,15 - 19,0,0
"2260",1999,6,20 - 24,0,0
"2260",1999,6,25 - 29,0,1
"2260",1999,6,30 - 34,0,0
"2260",1999,6,35 - 39,1,2
"2260",1999,6,40 - 44,0,0
"2260",1999,6,45 - 49,2,0
"2260",1999,6,50 - 54,0,0
"2260",1999,6,55 - 59,0,1
"2260",1999,6,60 - 64,1,1
"2260",1999,6,65 - 69,0,1
"2260",1999,6,70 - 74,1,0
"2260",1999,6,75 - 79,0,0
"2260",1999,6,80 - 84,0,1
"2260",1999,6,85 - 89,0,0
"2260",1999,6,90 - 94,0,0
"2260",1999,6,95+,0,0
"2260",1999,6,UNK,0,0
"2260",1999,7,Total,33,30
"2260",1999,7,0,5,2
"2260",1999,7,1,3,2
"2260",1999,7,2,0,1
"2260",1999,7,3,0,1
"2260",1999,7,4,0,0
"2260",1999,7,5 - 9,0,1
"2260",1999,7,10 - 14,1,2
"2260",1999,7,15 - 19,1,0
"2260",1999,7,20 - 24,2,0
"2260",1999,7,25 - 29,5,0
"2260",1999,7,30 - 34,0,1
"2260",1999,7,35 - 39,4,5
"2260",1999,7,40 - 44,0,5
"2260",1999,7,45 - 49,1,3
"2260",1999,7,50 - 54,0,0
"2260",1999,7,55 - 59,1,2
"2260",1999,7,60 - 64,1,0
"2260",1999,7,65 - 69,0,1
"2260",1999,7,70 - 74,2,2
"2260",1999,7,75 - 79,4,1
"2260",1999,7,80 - 84,0,0
"2260",1999,7,85 - 89,1,0
"2260",1999,7,90 - 94,2,0
"2260",1999,7,95+,0,0
"2260",1999,7,UNK,0,1
"2260",1999,8,Total,249,239
"2260",1999,8,0,12,14
"2260",1999,8,1,2,4
"2260",1999,8,2,1,1
"2260",1999,8,3,0,1
"2260",1999,8,4,0,0
"2260",1999,8,5 - 9,3,0
"2260",1999,8,10 - 14,1,2
"2260",1999,8,15 - 19,4,2
"2260",1999,8,20 - 24,4,6
"2260",1999,8,25 - 29,7,12
"2260",1999,8,30 - 34,9,16
"2260",1999,8,35 - 39,9,15
"2260",1999,8,40 - 44,11,15
"2260",1999,8,45 - 49,17,22
"2260",1999,8,50 - 54,13,18
"2260",1999,8,55 - 59,23,20
"2260",1999,8,60 - 64,31,21
"2260",1999,8,65 - 69,30,22
"2260",1999,8,70 - 74,26,18
"2260",1999,8,75 - 79,20,6
"2260",1999,8,80 - 84,10,11
"2260",1999,8,85 - 89,7,6
"2260",1999,8,90 - 94,7,1
"2260",1999,8,95+,0,1
"2260",1999,8,UNK,2,5
"2260",1999,9,Total,55,188
"2260",1999,9,0,1,1
"2260",1999,9,1,0,0
"2260",1999,9,2,0,0
"2260",1999,9,3,0,0
"2260",1999,9,4,0,0
"2260",1999,9,5 - 9,1,1
"2260",1999,9,10 - 14,0,3
"2260",1999,9,15 - 19,1,1
"2260",1999,9,20 - 24,1,3
"2260",1999,9,25 - 29,1,5
"2260",1999,9,30 - 34,3,9
"2260",1999,9,35 - 39,6,17
"2260",1999,9,40 - 44,4,19
"2260",1999,9,45 - 49,7,25
"2260",1999,9,50 - 54,6,15
"2260",1999,9,55 - 59,2,20
"2260",1999,9,60 - 64,4,23
"2260",1999,9,65 - 69,4,18
"2260",1999,9,70 - 74,5,11
"2260",1999,9,75 - 79,3,10
"2260",1999,9,80 - 84,1,4
"2260",1999,9,85 - 89,2,2
"2260",1999,9,90 - 94,1,0
"2260",1999,9,95+,0,0
"2260",1999,9,UNK,2,1
"2260",1999,10,Total,27,43
"2260",1999,10,0,0,0
"2260",1999,10,1,0,0
"2260",1999,10,2,1,0
"2260",1999,10,3,0,0
"2260",1999,10,4,0,1
"2260",1999,10,5 - 9,0,0
"2260",1999,10,10 - 14,1,0
"2260",1999,10,15 - 19,0,0
"2260",1999,10,20 - 24,1,0
"2260",1999,10,25 - 29,4,5
"2260",1999,10,30 - 34,2,2
"2260",1999,10,35 - 39,1,3
"2260",1999,10,40 - 44,3,4
"2260",1999,10,45 - 49,1,2
"2260",1999,10,50 - 54,1,1
"2260",1999,10,55 - 59,3,1
"2260",1999,10,60 - 64,2,2
"2260",1999,10,65 - 69,2,5
"2260",1999,10,70 - 74,2,5
"2260",1999,10,75 - 79,1,2
"2260",1999,10,80 - 84,2,6
"2260",1999,10,85 - 89,0,1
"2260",1999,10,90 - 94,0,2
"2260",1999,10,95+,0,0
"2260",1999,10,UNK,0,1
"2260",1999,11,Total,73,86
"2260",1999,11,0,61,72
"2260",1999,11,1,3,3
"2260",1999,11,2,1,1
"2260",1999,11,3,0,0
"2260",1999,11,4,0,0
"2260",1999,11,5 - 9,3,1
"2260",1999,11,10 - 14,0,2
"2260",1999,11,15 - 19,0,0
"2260",1999,11,20 - 24,1,0
"2260",1999,11,25 - 29,2,1
"2260",1999,11,30 - 34,1,0
"2260",1999,11,35 - 39,0,0
"2260",1999,11,40 - 44,0,0
"2260",1999,11,45 - 49,0,2
"2260",1999,11,50 - 54,0,0
"2260",1999,11,55 - 59,0,1
"2260",1999,11,60 - 64,0,0
"2260",1999,11,65 - 69,0,1
"2260",1999,11,70 - 74,0,2
"2260",1999,11,75 - 79,0,0
"2260",1999,11,80 - 84,0,0
"2260",1999,11,85 - 89,0,0
"2260",1999,11,90 - 94,0,0
"2260",1999,11,95+,0,0
"2260",1999,11,UNK,1,0
"2260",1999,12,Total,119,202
"2260",1999,12,0,17,24
"2260",1999,12,1,7,8
"2260",1999,12,2,3,3
"2260",1999,12,3,2,1
"2260",1999,12,4,2,1
"2260",1999,12,5 - 9,1,3
"2260",1999,12,10 - 14,0,2
"2260",1999,12,15 - 19,2,2
"2260",1999,12,20 - 24,2,5
"2260",1999,12,25 - 29,12,8
"2260",1999,12,30 - 34,4,9
"2260",1999,12,35 - 39,4,6
"2260",1999,12,40 - 44,7,7
"2260",1999,12,45 - 49,1,10
"2260",1999,12,50 - 54,6,6
"2260",1999,12,55 - 59,1,4
"2260",1999,12,60 - 64,6,11
"2260",1999,12,65 - 69,3,18
"2260",1999,12,70 - 74,5,14
"2260",1999,12,75 - 79,8,20
"2260",1999,12,80 - 84,13,16
"2260",1999,12,85 - 89,8,14
"2260",1999,12,90 - 94,4,3
"2260",1999,12,95+,0,5
"2260",1999,12,UNK,1,2
"2260",1999,13,Total,130,432
"2260",1999,13,0,2,1
"2260",1999,13,1,2,3
"2260",1999,13,2,2,4
"2260",1999,13,3,3,3
"2260",1999,13,4,3,3
"2260",1999,13,5 - 9,5,4
"2260",1999,13,10 - 14,4,9
"2260",1999,13,15 - 19,15,36
"2260",1999,13,20 - 24,27,54
"2260",1999,13,25 - 29,14,60
"2260",1999,13,30 - 34,5,38
"2260",1999,13,35 - 39,6,50
"2260",1999,13,40 - 44,4,37
"2260",1999,13,45 - 49,3,29
"2260",1999,13,50 - 54,5,24
"2260",1999,13,55 - 59,4,20
"2260",1999,13,60 - 64,2,18
"2260",1999,13,65 - 69,4,8
"2260",1999,13,70 - 74,7,12
"2260",1999,13,75 - 79,3,5
"2260",1999,13,80 - 84,2,3
"2260",1999,13,85 - 89,3,4
"2260",1999,13,90 - 94,2,2
"2260",1999,13,95+,0,0
"2260",1999,13,UNK,3,5
"2260",1999,14,Total,12,21
"2260",1999,14,0,0,0
"2260",1999,14,1,0,1
"2260",1999,14,2,0,0
"2260",1999,14,3,0,0
"2260",1999,14,4,0,0
"2260",1999,14,5 - 9,0,1
"2260",1999,14,10 - 14,2,1
"2260",1999,14,15 - 19,1,1
"2260",1999,14,20 - 24,1,3
"2260",1999,14,25 - 29,0,1
"2260",1999,14,30 - 34,2,5
"2260",1999,14,35 - 39,1,1
"2260",1999,14,40 - 44,0,1
"2260",1999,14,45 - 49,0,3
"2260",1999,14,50 - 54,1,2
"2260",1999,14,55 - 59,1,1
"2260",1999,14,60 - 64,1,0
"2260",1999,14,65 - 69,0,0
"2260",1999,14,70 - 74,0,0
"2260",1999,14,75 - 79,0,0
"2260",1999,14,80 - 84,0,0
"2260",1999,14,85 - 89,1,0
"2260",1999,14,90 - 94,0,0
"2260",1999,14,95+,1,0
"2260",1999,14,UNK,0,0
"2260",1999,15,Total,71,38
"2260",1999,15,0,3,2
"2260",1999,15,1,0,1
"2260",1999,15,2,0,0
"2260",1999,15,3,0,0
"2260",1999,15,4,0,0
"2260",1999,15,5 - 9,0,0
"2260",1999,15,10 - 14,2,0
"2260",1999,15,15 - 19,4,1
"2260",1999,15,20 - 24,6,2
"2260",1999,15,25 - 29,7,2
"2260",1999,15,30 - 34,3,3
"2260",1999,15,35 - 39,9,1
"2260",1999,15,40 - 44,3,2
"2260",1999,15,45 - 49,4,3
"2260",1999,15,50 - 54,1,4
"2260",1999,15,55 - 59,3,4
"2260",1999,15,60 - 64,3,1
"2260",1999,15,65 - 69,2,3
"2260",1999,15,70 - 74,4,0
"2260",1999,15,75 - 79,4,3
"2260",1999,15,80 - 84,5,1
"2260",1999,15,85 - 89,4,4
"2260",1999,15,90 - 94,4,0
"2260",1999,15,95+,0,0
"2260",1999,15,UNK,0,1
