"","Year","Cause","Age","Female","Male"
"2370",1990,1,Total,33698,38812
"2370",1990,1,0,6169,7356
"2370",1990,1,1,1580,1662
"2370",1990,1,2,642,706
"2370",1990,1,3,323,356
"2370",1990,1,4,200,219
"2370",1990,1,5 - 9,640,700
"2370",1990,1,10 - 14,493,625
"2370",1990,1,15 - 19,694,999
"2370",1990,1,20 - 24,833,1273
"2370",1990,1,25 - 29,769,1167
"2370",1990,1,30 - 34,729,1108
"2370",1990,1,35 - 39,818,1110
"2370",1990,1,40 - 44,822,1076
"2370",1990,1,45 - 49,922,1267
"2370",1990,1,50 - 54,1045,1370
"2370",1990,1,55 - 59,1259,1712
"2370",1990,1,60 - 64,1612,2013
"2370",1990,1,65 - 69,1703,2136
"2370",1990,1,70 - 74,1946,2399
"2370",1990,1,75 - 79,2209,2403
"2370",1990,1,80 - 84,2341,2346
"2370",1990,1,85 - 89,4934,3481
"2370",1990,1,90 - 94,0,0
"2370",1990,1,95+,0,0
"2370",1990,1,UNK,1015,1328
"2370",1990,2,Total,2953,3711
"2370",1990,2,0,582,689
"2370",1990,2,1,296,316
"2370",1990,2,2,80,96
"2370",1990,2,3,38,44
"2370",1990,2,4,26,21
"2370",1990,2,5 - 9,78,73
"2370",1990,2,10 - 14,74,62
"2370",1990,2,15 - 19,100,116
"2370",1990,2,20 - 24,136,181
"2370",1990,2,25 - 29,111,150
"2370",1990,2,30 - 34,97,160
"2370",1990,2,35 - 39,99,146
"2370",1990,2,40 - 44,92,117
"2370",1990,2,45 - 49,87,139
"2370",1990,2,50 - 54,76,151
"2370",1990,2,55 - 59,107,161
"2370",1990,2,60 - 64,114,168
"2370",1990,2,65 - 69,114,159
"2370",1990,2,70 - 74,104,186
"2370",1990,2,75 - 79,135,157
"2370",1990,2,80 - 84,131,148
"2370",1990,2,85 - 89,207,166
"2370",1990,2,90 - 94,0,0
"2370",1990,2,95+,0,0
"2370",1990,2,UNK,69,105
"2370",1990,3,Total,3289,2660
"2370",1990,3,0,4,14
"2370",1990,3,1,7,7
"2370",1990,3,2,10,7
"2370",1990,3,3,6,7
"2370",1990,3,4,5,11
"2370",1990,3,5 - 9,23,28
"2370",1990,3,10 - 14,28,36
"2370",1990,3,15 - 19,40,43
"2370",1990,3,20 - 24,44,49
"2370",1990,3,25 - 29,54,39
"2370",1990,3,30 - 34,98,52
"2370",1990,3,35 - 39,107,65
"2370",1990,3,40 - 44,184,70
"2370",1990,3,45 - 49,241,104
"2370",1990,3,50 - 54,279,155
"2370",1990,3,55 - 59,340,221
"2370",1990,3,60 - 64,363,270
"2370",1990,3,65 - 69,335,298
"2370",1990,3,70 - 74,295,358
"2370",1990,3,75 - 79,315,303
"2370",1990,3,80 - 84,231,250
"2370",1990,3,85 - 89,238,231
"2370",1990,3,90 - 94,0,0
"2370",1990,3,95+,0,0
"2370",1990,3,UNK,42,42
"2370",1990,4,Total,4308,4352
"2370",1990,4,0,58,66
"2370",1990,4,1,18,21
"2370",1990,4,2,7,8
"2370",1990,4,3,2,2
"2370",1990,4,4,1,2
"2370",1990,4,5 - 9,26,32
"2370",1990,4,10 - 14,21,31
"2370",1990,4,15 - 19,36,43
"2370",1990,4,20 - 24,53,59
"2370",1990,4,25 - 29,52,64
"2370",1990,4,30 - 34,55,82
"2370",1990,4,35 - 39,77,83
"2370",1990,4,40 - 44,78,91
"2370",1990,4,45 - 49,85,134
"2370",1990,4,50 - 54,119,180
"2370",1990,4,55 - 59,147,213
"2370",1990,4,60 - 64,247,344
"2370",1990,4,65 - 69,329,427
"2370",1990,4,70 - 74,393,451
"2370",1990,4,75 - 79,517,526
"2370",1990,4,80 - 84,591,548
"2370",1990,4,85 - 89,1334,843
"2370",1990,4,90 - 94,0,0
"2370",1990,4,95+,0,0
"2370",1990,4,UNK,62,102
"2370",1990,5,Total,12193,12859
"2370",1990,5,0,2970,3419
"2370",1990,5,1,747,748
"2370",1990,5,2,319,367
"2370",1990,5,3,156,161
"2370",1990,5,4,89,88
"2370",1990,5,5 - 9,269,271
"2370",1990,5,10 - 14,169,198
"2370",1990,5,15 - 19,229,206
"2370",1990,5,20 - 24,233,223
"2370",1990,5,25 - 29,228,220
"2370",1990,5,30 - 34,231,202
"2370",1990,5,35 - 39,242,232
"2370",1990,5,40 - 44,234,259
"2370",1990,5,45 - 49,273,353
"2370",1990,5,50 - 54,294,376
"2370",1990,5,55 - 59,314,478
"2370",1990,5,60 - 64,418,545
"2370",1990,5,65 - 69,464,578
"2370",1990,5,70 - 74,567,693
"2370",1990,5,75 - 79,638,696
"2370",1990,5,80 - 84,725,662
"2370",1990,5,85 - 89,1792,1229
"2370",1990,5,90 - 94,0,0
"2370",1990,5,95+,0,0
"2370",1990,5,UNK,592,655
"2370",1990,6,Total,10,126
"2370",1990,6,0,0,0
"2370",1990,6,1,0,0
"2370",1990,6,2,0,0
"2370",1990,6,3,0,0
"2370",1990,6,4,0,0
"2370",1990,6,5 - 9,0,1
"2370",1990,6,10 - 14,0,1
"2370",1990,6,15 - 19,1,1
"2370",1990,6,20 - 24,1,5
"2370",1990,6,25 - 29,0,6
"2370",1990,6,30 - 34,0,7
"2370",1990,6,35 - 39,1,13
"2370",1990,6,40 - 44,0,13
"2370",1990,6,45 - 49,2,13
"2370",1990,6,50 - 54,1,10
"2370",1990,6,55 - 59,1,10
"2370",1990,6,60 - 64,1,13
"2370",1990,6,65 - 69,0,16
"2370",1990,6,70 - 74,0,6
"2370",1990,6,75 - 79,0,5
"2370",1990,6,80 - 84,1,3
"2370",1990,6,85 - 89,1,1
"2370",1990,6,90 - 94,0,0
"2370",1990,6,95+,0,0
"2370",1990,6,UNK,0,2
"2370",1990,7,Total,376,482
"2370",1990,7,0,55,70
"2370",1990,7,1,14,29
"2370",1990,7,2,12,5
"2370",1990,7,3,4,3
"2370",1990,7,4,8,8
"2370",1990,7,5 - 9,21,13
"2370",1990,7,10 - 14,17,18
"2370",1990,7,15 - 19,20,30
"2370",1990,7,20 - 24,27,35
"2370",1990,7,25 - 29,24,27
"2370",1990,7,30 - 34,18,24
"2370",1990,7,35 - 39,17,18
"2370",1990,7,40 - 44,18,19
"2370",1990,7,45 - 49,17,23
"2370",1990,7,50 - 54,10,12
"2370",1990,7,55 - 59,17,12
"2370",1990,7,60 - 64,12,28
"2370",1990,7,65 - 69,14,22
"2370",1990,7,70 - 74,10,26
"2370",1990,7,75 - 79,16,23
"2370",1990,7,80 - 84,6,10
"2370",1990,7,85 - 89,10,15
"2370",1990,7,90 - 94,0,0
"2370",1990,7,95+,0,0
"2370",1990,7,UNK,9,12
"2370",1990,8,Total,1773,1723
"2370",1990,8,0,322,358
"2370",1990,8,1,208,207
"2370",1990,8,2,65,69
"2370",1990,8,3,24,26
"2370",1990,8,4,11,10
"2370",1990,8,5 - 9,34,26
"2370",1990,8,10 - 14,22,25
"2370",1990,8,15 - 19,13,17
"2370",1990,8,20 - 24,15,38
"2370",1990,8,25 - 29,21,31
"2370",1990,8,30 - 34,14,17
"2370",1990,8,35 - 39,29,29
"2370",1990,8,40 - 44,18,39
"2370",1990,8,45 - 49,29,38
"2370",1990,8,50 - 54,36,45
"2370",1990,8,55 - 59,62,59
"2370",1990,8,60 - 64,104,96
"2370",1990,8,65 - 69,93,101
"2370",1990,8,70 - 74,134,94
"2370",1990,8,75 - 79,112,101
"2370",1990,8,80 - 84,125,105
"2370",1990,8,85 - 89,244,143
"2370",1990,8,90 - 94,0,0
"2370",1990,8,95+,0,0
"2370",1990,8,UNK,38,49
"2370",1990,9,Total,1063,1824
"2370",1990,9,0,33,35
"2370",1990,9,1,9,9
"2370",1990,9,2,4,8
"2370",1990,9,3,4,8
"2370",1990,9,4,2,5
"2370",1990,9,5 - 9,14,18
"2370",1990,9,10 - 14,17,26
"2370",1990,9,15 - 19,22,37
"2370",1990,9,20 - 24,31,51
"2370",1990,9,25 - 29,37,48
"2370",1990,9,30 - 34,20,64
"2370",1990,9,35 - 39,30,96
"2370",1990,9,40 - 44,42,109
"2370",1990,9,45 - 49,52,120
"2370",1990,9,50 - 54,58,151
"2370",1990,9,55 - 59,77,184
"2370",1990,9,60 - 64,100,207
"2370",1990,9,65 - 69,94,157
"2370",1990,9,70 - 74,92,158
"2370",1990,9,75 - 79,104,124
"2370",1990,9,80 - 84,87,84
"2370",1990,9,85 - 89,118,93
"2370",1990,9,90 - 94,0,0
"2370",1990,9,95+,0,0
"2370",1990,9,UNK,16,32
"2370",1990,10,Total,743,728
"2370",1990,10,0,16,21
"2370",1990,10,1,13,11
"2370",1990,10,2,5,5
"2370",1990,10,3,2,5
"2370",1990,10,4,1,3
"2370",1990,10,5 - 9,8,5
"2370",1990,10,10 - 14,11,12
"2370",1990,10,15 - 19,21,11
"2370",1990,10,20 - 24,27,10
"2370",1990,10,25 - 29,26,18
"2370",1990,10,30 - 34,23,14
"2370",1990,10,35 - 39,30,15
"2370",1990,10,40 - 44,20,20
"2370",1990,10,45 - 49,31,26
"2370",1990,10,50 - 54,38,23
"2370",1990,10,55 - 59,43,53
"2370",1990,10,60 - 64,57,47
"2370",1990,10,65 - 69,58,66
"2370",1990,10,70 - 74,68,61
"2370",1990,10,75 - 79,63,99
"2370",1990,10,80 - 84,61,82
"2370",1990,10,85 - 89,110,104
"2370",1990,10,90 - 94,0,0
"2370",1990,10,95+,0,0
"2370",1990,10,UNK,11,17
"2370",1990,11,Total,1359,1762
"2370",1990,11,0,1299,1716
"2370",1990,11,1,9,8
"2370",1990,11,2,7,1
"2370",1990,11,3,1,2
"2370",1990,11,4,3,1
"2370",1990,11,5 - 9,4,2
"2370",1990,11,10 - 14,3,3
"2370",1990,11,15 - 19,1,0
"2370",1990,11,20 - 24,1,7
"2370",1990,11,25 - 29,1,0
"2370",1990,11,30 - 34,1,3
"2370",1990,11,35 - 39,2,4
"2370",1990,11,40 - 44,1,0
"2370",1990,11,45 - 49,0,0
"2370",1990,11,50 - 54,1,0
"2370",1990,11,55 - 59,2,3
"2370",1990,11,60 - 64,1,0
"2370",1990,11,65 - 69,0,1
"2370",1990,11,70 - 74,1,0
"2370",1990,11,75 - 79,0,0
"2370",1990,11,80 - 84,0,0
"2370",1990,11,85 - 89,2,0
"2370",1990,11,90 - 94,0,0
"2370",1990,11,95+,0,0
"2370",1990,11,UNK,19,11
"2370",1990,12,Total,3653,4023
"2370",1990,12,0,779,881
"2370",1990,12,1,218,249
"2370",1990,12,2,88,85
"2370",1990,12,3,54,54
"2370",1990,12,4,24,29
"2370",1990,12,5 - 9,62,84
"2370",1990,12,10 - 14,52,55
"2370",1990,12,15 - 19,52,58
"2370",1990,12,20 - 24,59,58
"2370",1990,12,25 - 29,37,63
"2370",1990,12,30 - 34,42,62
"2370",1990,12,35 - 39,42,59
"2370",1990,12,40 - 44,43,76
"2370",1990,12,45 - 49,39,68
"2370",1990,12,50 - 54,73,76
"2370",1990,12,55 - 59,82,135
"2370",1990,12,60 - 64,134,135
"2370",1990,12,65 - 69,139,185
"2370",1990,12,70 - 74,218,269
"2370",1990,12,75 - 79,241,282
"2370",1990,12,80 - 84,313,376
"2370",1990,12,85 - 89,766,555
"2370",1990,12,90 - 94,0,0
"2370",1990,12,95+,0,0
"2370",1990,12,UNK,96,129
"2370",1990,13,Total,1213,3418
"2370",1990,13,0,43,73
"2370",1990,13,1,36,50
"2370",1990,13,2,37,50
"2370",1990,13,3,28,42
"2370",1990,13,4,28,39
"2370",1990,13,5 - 9,89,132
"2370",1990,13,10 - 14,65,135
"2370",1990,13,15 - 19,115,318
"2370",1990,13,20 - 24,118,402
"2370",1990,13,25 - 29,88,364
"2370",1990,13,30 - 34,65,306
"2370",1990,13,35 - 39,60,254
"2370",1990,13,40 - 44,50,203
"2370",1990,13,45 - 49,45,183
"2370",1990,13,50 - 54,45,148
"2370",1990,13,55 - 59,42,144
"2370",1990,13,60 - 64,31,124
"2370",1990,13,65 - 69,40,94
"2370",1990,13,70 - 74,36,72
"2370",1990,13,75 - 79,29,64
"2370",1990,13,80 - 84,29,47
"2370",1990,13,85 - 89,52,56
"2370",1990,13,90 - 94,0,0
"2370",1990,13,95+,0,0
"2370",1990,13,UNK,42,118
"2370",1990,14,Total,144,866
"2370",1990,14,0,1,3
"2370",1990,14,1,0,2
"2370",1990,14,2,3,3
"2370",1990,14,3,2,1
"2370",1990,14,4,2,1
"2370",1990,14,5 - 9,7,10
"2370",1990,14,10 - 14,7,13
"2370",1990,14,15 - 19,11,105
"2370",1990,14,20 - 24,20,141
"2370",1990,14,25 - 29,15,127
"2370",1990,14,30 - 34,12,103
"2370",1990,14,35 - 39,11,91
"2370",1990,14,40 - 44,10,51
"2370",1990,14,45 - 49,11,51
"2370",1990,14,50 - 54,4,33
"2370",1990,14,55 - 59,4,26
"2370",1990,14,60 - 64,8,20
"2370",1990,14,65 - 69,2,14
"2370",1990,14,70 - 74,4,11
"2370",1990,14,75 - 79,2,5
"2370",1990,14,80 - 84,3,5
"2370",1990,14,85 - 89,0,7
"2370",1990,14,90 - 94,0,0
"2370",1990,14,95+,0,0
"2370",1990,14,UNK,5,43
"2370",1990,15,Total,621,278
"2370",1990,15,0,7,11
"2370",1990,15,1,5,5
"2370",1990,15,2,5,2
"2370",1990,15,3,2,1
"2370",1990,15,4,0,1
"2370",1990,15,5 - 9,5,5
"2370",1990,15,10 - 14,7,10
"2370",1990,15,15 - 19,33,14
"2370",1990,15,20 - 24,68,14
"2370",1990,15,25 - 29,75,10
"2370",1990,15,30 - 34,53,12
"2370",1990,15,35 - 39,71,5
"2370",1990,15,40 - 44,32,9
"2370",1990,15,45 - 49,10,15
"2370",1990,15,50 - 54,11,10
"2370",1990,15,55 - 59,21,13
"2370",1990,15,60 - 64,22,16
"2370",1990,15,65 - 69,21,18
"2370",1990,15,70 - 74,24,14
"2370",1990,15,75 - 79,37,18
"2370",1990,15,80 - 84,38,26
"2370",1990,15,85 - 89,60,38
"2370",1990,15,90 - 94,0,0
"2370",1990,15,95+,0,0
"2370",1990,15,UNK,14,11
"2370",1991,1,Total,31759,37204
"2370",1991,1,0,5369,6141
"2370",1991,1,1,1118,1210
"2370",1991,1,2,533,553
"2370",1991,1,3,300,319
"2370",1991,1,4,199,226
"2370",1991,1,5 - 9,703,741
"2370",1991,1,10 - 14,485,632
"2370",1991,1,15 - 19,596,892
"2370",1991,1,20 - 24,777,1262
"2370",1991,1,25 - 29,717,1242
"2370",1991,1,30 - 34,771,1071
"2370",1991,1,35 - 39,773,1097
"2370",1991,1,40 - 44,781,1091
"2370",1991,1,45 - 49,947,1203
"2370",1991,1,50 - 54,1007,1447
"2370",1991,1,55 - 59,1211,1804
"2370",1991,1,60 - 64,1596,2176
"2370",1991,1,65 - 69,2373,2617
"2370",1991,1,70 - 74,1921,2527
"2370",1991,1,75 - 79,2168,2487
"2370",1991,1,80 - 84,2336,2327
"2370",1991,1,85 - 89,4302,3220
"2370",1991,1,90 - 94,0,0
"2370",1991,1,95+,0,0
"2370",1991,1,UNK,776,919
"2370",1991,2,Total,2964,3701
"2370",1991,2,0,461,503
"2370",1991,2,1,227,228
"2370",1991,2,2,100,82
"2370",1991,2,3,44,40
"2370",1991,2,4,21,31
"2370",1991,2,5 - 9,111,124
"2370",1991,2,10 - 14,84,70
"2370",1991,2,15 - 19,80,103
"2370",1991,2,20 - 24,126,165
"2370",1991,2,25 - 29,114,162
"2370",1991,2,30 - 34,107,167
"2370",1991,2,35 - 39,115,135
"2370",1991,2,40 - 44,77,131
"2370",1991,2,45 - 49,93,141
"2370",1991,2,50 - 54,90,141
"2370",1991,2,55 - 59,99,185
"2370",1991,2,60 - 64,133,208
"2370",1991,2,65 - 69,127,200
"2370",1991,2,70 - 74,144,213
"2370",1991,2,75 - 79,150,201
"2370",1991,2,80 - 84,167,193
"2370",1991,2,85 - 89,256,202
"2370",1991,2,90 - 94,0,0
"2370",1991,2,95+,0,0
"2370",1991,2,UNK,38,76
"2370",1991,3,Total,3031,2711
"2370",1991,3,0,4,7
"2370",1991,3,1,3,3
"2370",1991,3,2,7,5
"2370",1991,3,3,5,12
"2370",1991,3,4,8,10
"2370",1991,3,5 - 9,29,41
"2370",1991,3,10 - 14,27,45
"2370",1991,3,15 - 19,30,45
"2370",1991,3,20 - 24,36,51
"2370",1991,3,25 - 29,58,36
"2370",1991,3,30 - 34,73,49
"2370",1991,3,35 - 39,137,61
"2370",1991,3,40 - 44,163,76
"2370",1991,3,45 - 49,214,88
"2370",1991,3,50 - 54,252,143
"2370",1991,3,55 - 59,295,248
"2370",1991,3,60 - 64,307,307
"2370",1991,3,65 - 69,301,330
"2370",1991,3,70 - 74,288,337
"2370",1991,3,75 - 79,264,323
"2370",1991,3,80 - 84,233,238
"2370",1991,3,85 - 89,270,223
"2370",1991,3,90 - 94,0,0
"2370",1991,3,95+,0,0
"2370",1991,3,UNK,27,33
"2370",1991,4,Total,4079,4207
"2370",1991,4,0,49,61
"2370",1991,4,1,11,9
"2370",1991,4,2,10,8
"2370",1991,4,3,8,5
"2370",1991,4,4,2,5
"2370",1991,4,5 - 9,38,29
"2370",1991,4,10 - 14,19,25
"2370",1991,4,15 - 19,26,40
"2370",1991,4,20 - 24,42,63
"2370",1991,4,25 - 29,55,65
"2370",1991,4,30 - 34,60,68
"2370",1991,4,35 - 39,60,85
"2370",1991,4,40 - 44,77,91
"2370",1991,4,45 - 49,115,113
"2370",1991,4,50 - 54,120,166
"2370",1991,4,55 - 59,170,228
"2370",1991,4,60 - 64,249,327
"2370",1991,4,65 - 69,288,409
"2370",1991,4,70 - 74,392,479
"2370",1991,4,75 - 79,461,524
"2370",1991,4,80 - 84,581,540
"2370",1991,4,85 - 89,1179,798
"2370",1991,4,90 - 94,0,0
"2370",1991,4,95+,0,0
"2370",1991,4,UNK,67,69
"2370",1991,5,Total,12252,12881
"2370",1991,5,0,2760,3173
"2370",1991,5,1,527,597
"2370",1991,5,2,254,262
"2370",1991,5,3,145,131
"2370",1991,5,4,97,105
"2370",1991,5,5 - 9,259,232
"2370",1991,5,10 - 14,160,207
"2370",1991,5,15 - 19,217,192
"2370",1991,5,20 - 24,273,267
"2370",1991,5,25 - 29,239,259
"2370",1991,5,30 - 34,277,225
"2370",1991,5,35 - 39,251,249
"2370",1991,5,40 - 44,261,324
"2370",1991,5,45 - 49,291,362
"2370",1991,5,50 - 54,287,465
"2370",1991,5,55 - 59,350,525
"2370",1991,5,60 - 64,516,653
"2370",1991,5,65 - 69,1210,1019
"2370",1991,5,70 - 74,600,778
"2370",1991,5,75 - 79,690,704
"2370",1991,5,80 - 84,695,652
"2370",1991,5,85 - 89,1416,993
"2370",1991,5,90 - 94,0,0
"2370",1991,5,95+,0,0
"2370",1991,5,UNK,477,507
"2370",1991,6,Total,36,177
"2370",1991,6,0,1,0
"2370",1991,6,1,0,1
"2370",1991,6,2,0,0
"2370",1991,6,3,0,0
"2370",1991,6,4,0,0
"2370",1991,6,5 - 9,0,0
"2370",1991,6,10 - 14,0,1
"2370",1991,6,15 - 19,1,0
"2370",1991,6,20 - 24,4,2
"2370",1991,6,25 - 29,1,7
"2370",1991,6,30 - 34,0,9
"2370",1991,6,35 - 39,1,13
"2370",1991,6,40 - 44,2,9
"2370",1991,6,45 - 49,1,19
"2370",1991,6,50 - 54,0,24
"2370",1991,6,55 - 59,6,20
"2370",1991,6,60 - 64,3,20
"2370",1991,6,65 - 69,3,19
"2370",1991,6,70 - 74,5,10
"2370",1991,6,75 - 79,2,13
"2370",1991,6,80 - 84,1,4
"2370",1991,6,85 - 89,5,3
"2370",1991,6,90 - 94,0,0
"2370",1991,6,95+,0,0
"2370",1991,6,UNK,0,3
"2370",1991,7,Total,344,467
"2370",1991,7,0,59,47
"2370",1991,7,1,13,25
"2370",1991,7,2,12,7
"2370",1991,7,3,10,8
"2370",1991,7,4,7,7
"2370",1991,7,5 - 9,22,23
"2370",1991,7,10 - 14,16,25
"2370",1991,7,15 - 19,14,31
"2370",1991,7,20 - 24,21,31
"2370",1991,7,25 - 29,15,27
"2370",1991,7,30 - 34,16,22
"2370",1991,7,35 - 39,11,18
"2370",1991,7,40 - 44,10,18
"2370",1991,7,45 - 49,19,17
"2370",1991,7,50 - 54,10,22
"2370",1991,7,55 - 59,11,21
"2370",1991,7,60 - 64,10,31
"2370",1991,7,65 - 69,12,19
"2370",1991,7,70 - 74,14,15
"2370",1991,7,75 - 79,15,22
"2370",1991,7,80 - 84,11,14
"2370",1991,7,85 - 89,11,10
"2370",1991,7,90 - 94,0,0
"2370",1991,7,95+,0,0
"2370",1991,7,UNK,5,7
"2370",1991,8,Total,1337,1382
"2370",1991,8,0,189,218
"2370",1991,8,1,105,122
"2370",1991,8,2,34,41
"2370",1991,8,3,23,14
"2370",1991,8,4,7,7
"2370",1991,8,5 - 9,29,33
"2370",1991,8,10 - 14,20,14
"2370",1991,8,15 - 19,15,19
"2370",1991,8,20 - 24,8,23
"2370",1991,8,25 - 29,14,33
"2370",1991,8,30 - 34,19,27
"2370",1991,8,35 - 39,21,35
"2370",1991,8,40 - 44,18,33
"2370",1991,8,45 - 49,26,28
"2370",1991,8,50 - 54,49,51
"2370",1991,8,55 - 59,48,70
"2370",1991,8,60 - 64,67,94
"2370",1991,8,65 - 69,89,81
"2370",1991,8,70 - 74,86,94
"2370",1991,8,75 - 79,124,101
"2370",1991,8,80 - 84,136,81
"2370",1991,8,85 - 89,201,135
"2370",1991,8,90 - 94,0,0
"2370",1991,8,95+,0,0
"2370",1991,8,UNK,9,28
"2370",1991,9,Total,927,1546
"2370",1991,9,0,25,36
"2370",1991,9,1,4,7
"2370",1991,9,2,3,7
"2370",1991,9,3,5,4
"2370",1991,9,4,1,2
"2370",1991,9,5 - 9,13,20
"2370",1991,9,10 - 14,27,40
"2370",1991,9,15 - 19,13,27
"2370",1991,9,20 - 24,22,29
"2370",1991,9,25 - 29,16,41
"2370",1991,9,30 - 34,32,38
"2370",1991,9,35 - 39,16,65
"2370",1991,9,40 - 44,36,65
"2370",1991,9,45 - 49,36,95
"2370",1991,9,50 - 54,55,139
"2370",1991,9,55 - 59,78,165
"2370",1991,9,60 - 64,97,177
"2370",1991,9,65 - 69,78,154
"2370",1991,9,70 - 74,81,139
"2370",1991,9,75 - 79,88,112
"2370",1991,9,80 - 84,73,89
"2370",1991,9,85 - 89,116,81
"2370",1991,9,90 - 94,0,0
"2370",1991,9,95+,0,0
"2370",1991,9,UNK,12,14
"2370",1991,10,Total,668,784
"2370",1991,10,0,13,21
"2370",1991,10,1,10,12
"2370",1991,10,2,5,6
"2370",1991,10,3,1,3
"2370",1991,10,4,3,1
"2370",1991,10,5 - 9,11,10
"2370",1991,10,10 - 14,8,4
"2370",1991,10,15 - 19,8,5
"2370",1991,10,20 - 24,21,16
"2370",1991,10,25 - 29,15,17
"2370",1991,10,30 - 34,15,31
"2370",1991,10,35 - 39,22,14
"2370",1991,10,40 - 44,16,23
"2370",1991,10,45 - 49,25,28
"2370",1991,10,50 - 54,41,17
"2370",1991,10,55 - 59,34,53
"2370",1991,10,60 - 64,54,64
"2370",1991,10,65 - 69,49,63
"2370",1991,10,70 - 74,68,75
"2370",1991,10,75 - 79,68,92
"2370",1991,10,80 - 84,68,90
"2370",1991,10,85 - 89,106,128
"2370",1991,10,90 - 94,0,0
"2370",1991,10,95+,0,0
"2370",1991,10,UNK,7,11
"2370",1991,11,Total,1124,1320
"2370",1991,11,0,1040,1231
"2370",1991,11,1,14,8
"2370",1991,11,2,5,6
"2370",1991,11,3,6,5
"2370",1991,11,4,0,1
"2370",1991,11,5 - 9,14,7
"2370",1991,11,10 - 14,6,5
"2370",1991,11,15 - 19,6,10
"2370",1991,11,20 - 24,7,7
"2370",1991,11,25 - 29,0,4
"2370",1991,11,30 - 34,1,5
"2370",1991,11,35 - 39,0,4
"2370",1991,11,40 - 44,4,2
"2370",1991,11,45 - 49,3,1
"2370",1991,11,50 - 54,2,2
"2370",1991,11,55 - 59,1,4
"2370",1991,11,60 - 64,1,3
"2370",1991,11,65 - 69,0,1
"2370",1991,11,70 - 74,2,1
"2370",1991,11,75 - 79,1,0
"2370",1991,11,80 - 84,1,4
"2370",1991,11,85 - 89,3,1
"2370",1991,11,90 - 94,0,0
"2370",1991,11,95+,0,0
"2370",1991,11,UNK,7,8
"2370",1991,12,Total,3243,3674
"2370",1991,12,0,702,772
"2370",1991,12,1,166,147
"2370",1991,12,2,72,76
"2370",1991,12,3,31,41
"2370",1991,12,4,25,20
"2370",1991,12,5 - 9,86,65
"2370",1991,12,10 - 14,40,48
"2370",1991,12,15 - 19,45,56
"2370",1991,12,20 - 24,46,61
"2370",1991,12,25 - 29,42,79
"2370",1991,12,30 - 34,50,55
"2370",1991,12,35 - 39,23,67
"2370",1991,12,40 - 44,43,67
"2370",1991,12,45 - 49,39,94
"2370",1991,12,50 - 54,48,79
"2370",1991,12,55 - 59,63,115
"2370",1991,12,60 - 64,108,146
"2370",1991,12,65 - 69,155,185
"2370",1991,12,70 - 74,184,250
"2370",1991,12,75 - 79,247,281
"2370",1991,12,80 - 84,306,343
"2370",1991,12,85 - 89,643,550
"2370",1991,12,90 - 94,0,0
"2370",1991,12,95+,0,0
"2370",1991,12,UNK,79,77
"2370",1991,13,Total,1166,3505
"2370",1991,13,0,48,59
"2370",1991,13,1,32,48
"2370",1991,13,2,27,49
"2370",1991,13,3,20,52
"2370",1991,13,4,25,34
"2370",1991,13,5 - 9,86,142
"2370",1991,13,10 - 14,70,136
"2370",1991,13,15 - 19,110,290
"2370",1991,13,20 - 24,113,440
"2370",1991,13,25 - 29,82,395
"2370",1991,13,30 - 34,55,293
"2370",1991,13,35 - 39,54,277
"2370",1991,13,40 - 44,44,204
"2370",1991,13,45 - 49,56,182
"2370",1991,13,50 - 54,45,164
"2370",1991,13,55 - 59,42,150
"2370",1991,13,60 - 64,37,115
"2370",1991,13,65 - 69,35,114
"2370",1991,13,70 - 74,35,108
"2370",1991,13,75 - 79,29,88
"2370",1991,13,80 - 84,33,41
"2370",1991,13,85 - 89,56,56
"2370",1991,13,90 - 94,0,0
"2370",1991,13,95+,0,0
"2370",1991,13,UNK,32,68
"2370",1991,14,Total,55,610
"2370",1991,14,0,4,0
"2370",1991,14,1,0,0
"2370",1991,14,2,1,0
"2370",1991,14,3,0,0
"2370",1991,14,4,2,1
"2370",1991,14,5 - 9,1,10
"2370",1991,14,10 - 14,3,6
"2370",1991,14,15 - 19,5,65
"2370",1991,14,20 - 24,5,104
"2370",1991,14,25 - 29,10,106
"2370",1991,14,30 - 34,4,79
"2370",1991,14,35 - 39,4,70
"2370",1991,14,40 - 44,3,43
"2370",1991,14,45 - 49,5,29
"2370",1991,14,50 - 54,0,21
"2370",1991,14,55 - 59,2,16
"2370",1991,14,60 - 64,1,19
"2370",1991,14,65 - 69,1,10
"2370",1991,14,70 - 74,1,8
"2370",1991,14,75 - 79,0,2
"2370",1991,14,80 - 84,0,4
"2370",1991,14,85 - 89,0,2
"2370",1991,14,90 - 94,0,0
"2370",1991,14,95+,0,0
"2370",1991,14,UNK,3,15
"2370",1991,15,Total,533,239
"2370",1991,15,0,14,13
"2370",1991,15,1,6,3
"2370",1991,15,2,3,4
"2370",1991,15,3,2,4
"2370",1991,15,4,1,2
"2370",1991,15,5 - 9,4,5
"2370",1991,15,10 - 14,5,6
"2370",1991,15,15 - 19,26,9
"2370",1991,15,20 - 24,53,3
"2370",1991,15,25 - 29,56,11
"2370",1991,15,30 - 34,62,3
"2370",1991,15,35 - 39,58,4
"2370",1991,15,40 - 44,27,5
"2370",1991,15,45 - 49,24,6
"2370",1991,15,50 - 54,8,13
"2370",1991,15,55 - 59,12,4
"2370",1991,15,60 - 64,13,12
"2370",1991,15,65 - 69,25,13
"2370",1991,15,70 - 74,21,20
"2370",1991,15,75 - 79,29,24
"2370",1991,15,80 - 84,31,34
"2370",1991,15,85 - 89,40,38
"2370",1991,15,90 - 94,0,0
"2370",1991,15,95+,0,0
"2370",1991,15,UNK,13,3
"2370",1992,1,Total,38793,46454
"2370",1992,1,0,6393,7726
"2370",1992,1,1,1369,1493
"2370",1992,1,2,598,667
"2370",1992,1,3,324,417
"2370",1992,1,4,265,316
"2370",1992,1,5 - 9,710,851
"2370",1992,1,10 - 14,540,727
"2370",1992,1,15 - 19,801,1174
"2370",1992,1,20 - 24,982,1415
"2370",1992,1,25 - 29,834,1443
"2370",1992,1,30 - 34,849,1384
"2370",1992,1,35 - 39,939,1318
"2370",1992,1,40 - 44,1012,1471
"2370",1992,1,45 - 49,1201,1586
"2370",1992,1,50 - 54,1333,1915
"2370",1992,1,55 - 59,1562,2130
"2370",1992,1,60 - 64,2079,2688
"2370",1992,1,65 - 69,2233,2803
"2370",1992,1,70 - 74,2472,3320
"2370",1992,1,75 - 79,2682,3252
"2370",1992,1,80 - 84,2945,3027
"2370",1992,1,85 - 89,5787,4136
"2370",1992,1,90 - 94,0,0
"2370",1992,1,95+,0,0
"2370",1992,1,UNK,883,1195
"2370",1992,2,Total,3444,4451
"2370",1992,2,0,592,743
"2370",1992,2,1,313,346
"2370",1992,2,2,106,106
"2370",1992,2,3,59,58
"2370",1992,2,4,42,46
"2370",1992,2,5 - 9,92,108
"2370",1992,2,10 - 14,79,87
"2370",1992,2,15 - 19,106,115
"2370",1992,2,20 - 24,164,153
"2370",1992,2,25 - 29,110,184
"2370",1992,2,30 - 34,103,197
"2370",1992,2,35 - 39,87,153
"2370",1992,2,40 - 44,104,148
"2370",1992,2,45 - 49,108,159
"2370",1992,2,50 - 54,104,208
"2370",1992,2,55 - 59,124,180
"2370",1992,2,60 - 64,165,194
"2370",1992,2,65 - 69,155,229
"2370",1992,2,70 - 74,154,260
"2370",1992,2,75 - 79,163,244
"2370",1992,2,80 - 84,152,200
"2370",1992,2,85 - 89,300,232
"2370",1992,2,90 - 94,0,0
"2370",1992,2,95+,0,0
"2370",1992,2,UNK,62,101
"2370",1992,3,Total,4608,3931
"2370",1992,3,0,14,12
"2370",1992,3,1,5,5
"2370",1992,3,2,6,9
"2370",1992,3,3,5,8
"2370",1992,3,4,3,12
"2370",1992,3,5 - 9,29,41
"2370",1992,3,10 - 14,34,33
"2370",1992,3,15 - 19,51,66
"2370",1992,3,20 - 24,44,62
"2370",1992,3,25 - 29,59,77
"2370",1992,3,30 - 34,94,73
"2370",1992,3,35 - 39,182,78
"2370",1992,3,40 - 44,264,119
"2370",1992,3,45 - 49,358,138
"2370",1992,3,50 - 54,348,197
"2370",1992,3,55 - 59,438,299
"2370",1992,3,60 - 64,521,438
"2370",1992,3,65 - 69,484,488
"2370",1992,3,70 - 74,484,547
"2370",1992,3,75 - 79,436,498
"2370",1992,3,80 - 84,339,382
"2370",1992,3,85 - 89,370,290
"2370",1992,3,90 - 94,0,0
"2370",1992,3,95+,0,0
"2370",1992,3,UNK,40,59
"2370",1992,4,Total,5323,5466
"2370",1992,4,0,87,95
"2370",1992,4,1,15,15
"2370",1992,4,2,5,12
"2370",1992,4,3,6,5
"2370",1992,4,4,1,6
"2370",1992,4,5 - 9,27,23
"2370",1992,4,10 - 14,20,26
"2370",1992,4,15 - 19,44,55
"2370",1992,4,20 - 24,74,45
"2370",1992,4,25 - 29,53,65
"2370",1992,4,30 - 34,56,77
"2370",1992,4,35 - 39,75,93
"2370",1992,4,40 - 44,94,145
"2370",1992,4,45 - 49,116,142
"2370",1992,4,50 - 54,179,228
"2370",1992,4,55 - 59,194,316
"2370",1992,4,60 - 64,282,410
"2370",1992,4,65 - 69,395,506
"2370",1992,4,70 - 74,489,664
"2370",1992,4,75 - 79,625,701
"2370",1992,4,80 - 84,759,695
"2370",1992,4,85 - 89,1662,1056
"2370",1992,4,90 - 94,0,0
"2370",1992,4,95+,0,0
"2370",1992,4,UNK,65,86
"2370",1992,5,Total,12262,13330
"2370",1992,5,0,2723,3184
"2370",1992,5,1,616,631
"2370",1992,5,2,307,301
"2370",1992,5,3,139,169
"2370",1992,5,4,108,135
"2370",1992,5,5 - 9,267,294
"2370",1992,5,10 - 14,194,234
"2370",1992,5,15 - 19,254,212
"2370",1992,5,20 - 24,303,249
"2370",1992,5,25 - 29,258,269
"2370",1992,5,30 - 34,271,228
"2370",1992,5,35 - 39,251,283
"2370",1992,5,40 - 44,293,361
"2370",1992,5,45 - 49,278,394
"2370",1992,5,50 - 54,338,494
"2370",1992,5,55 - 59,374,505
"2370",1992,5,60 - 64,485,670
"2370",1992,5,65 - 69,533,662
"2370",1992,5,70 - 74,658,810
"2370",1992,5,75 - 79,671,784
"2370",1992,5,80 - 84,774,759
"2370",1992,5,85 - 89,1740,1213
"2370",1992,5,90 - 94,0,0
"2370",1992,5,95+,0,0
"2370",1992,5,UNK,427,489
"2370",1992,6,Total,41,276
"2370",1992,6,0,0,0
"2370",1992,6,1,0,0
"2370",1992,6,2,0,0
"2370",1992,6,3,0,0
"2370",1992,6,4,0,0
"2370",1992,6,5 - 9,0,0
"2370",1992,6,10 - 14,0,0
"2370",1992,6,15 - 19,1,2
"2370",1992,6,20 - 24,0,6
"2370",1992,6,25 - 29,1,7
"2370",1992,6,30 - 34,0,19
"2370",1992,6,35 - 39,2,20
"2370",1992,6,40 - 44,4,28
"2370",1992,6,45 - 49,7,43
"2370",1992,6,50 - 54,1,28
"2370",1992,6,55 - 59,3,36
"2370",1992,6,60 - 64,6,28
"2370",1992,6,65 - 69,2,18
"2370",1992,6,70 - 74,1,11
"2370",1992,6,75 - 79,3,8
"2370",1992,6,80 - 84,4,7
"2370",1992,6,85 - 89,6,8
"2370",1992,6,90 - 94,0,0
"2370",1992,6,95+,0,0
"2370",1992,6,UNK,0,7
"2370",1992,7,Total,609,721
"2370",1992,7,0,95,115
"2370",1992,7,1,25,37
"2370",1992,7,2,11,15
"2370",1992,7,3,13,15
"2370",1992,7,4,11,11
"2370",1992,7,5 - 9,35,27
"2370",1992,7,10 - 14,34,37
"2370",1992,7,15 - 19,22,34
"2370",1992,7,20 - 24,37,40
"2370",1992,7,25 - 29,29,22
"2370",1992,7,30 - 34,20,32
"2370",1992,7,35 - 39,26,20
"2370",1992,7,40 - 44,10,28
"2370",1992,7,45 - 49,25,20
"2370",1992,7,50 - 54,15,28
"2370",1992,7,55 - 59,27,19
"2370",1992,7,60 - 64,30,27
"2370",1992,7,65 - 69,29,35
"2370",1992,7,70 - 74,25,32
"2370",1992,7,75 - 79,26,42
"2370",1992,7,80 - 84,24,33
"2370",1992,7,85 - 89,33,35
"2370",1992,7,90 - 94,0,0
"2370",1992,7,95+,0,0
"2370",1992,7,UNK,7,17
"2370",1992,8,Total,1528,1595
"2370",1992,8,0,184,206
"2370",1992,8,1,98,94
"2370",1992,8,2,17,30
"2370",1992,8,3,10,13
"2370",1992,8,4,7,11
"2370",1992,8,5 - 9,23,24
"2370",1992,8,10 - 14,12,16
"2370",1992,8,15 - 19,9,11
"2370",1992,8,20 - 24,10,44
"2370",1992,8,25 - 29,13,52
"2370",1992,8,30 - 34,12,51
"2370",1992,8,35 - 39,19,42
"2370",1992,8,40 - 44,26,39
"2370",1992,8,45 - 49,30,52
"2370",1992,8,50 - 54,42,59
"2370",1992,8,55 - 59,62,71
"2370",1992,8,60 - 64,120,109
"2370",1992,8,65 - 69,141,104
"2370",1992,8,70 - 74,139,116
"2370",1992,8,75 - 79,132,148
"2370",1992,8,80 - 84,167,122
"2370",1992,8,85 - 89,229,151
"2370",1992,8,90 - 94,0,0
"2370",1992,8,95+,0,0
"2370",1992,8,UNK,26,30
"2370",1992,9,Total,1452,2390
"2370",1992,9,0,35,58
"2370",1992,9,1,8,16
"2370",1992,9,2,5,12
"2370",1992,9,3,4,7
"2370",1992,9,4,8,3
"2370",1992,9,5 - 9,12,19
"2370",1992,9,10 - 14,12,29
"2370",1992,9,15 - 19,25,39
"2370",1992,9,20 - 24,25,36
"2370",1992,9,25 - 29,38,52
"2370",1992,9,30 - 34,42,72
"2370",1992,9,35 - 39,50,97
"2370",1992,9,40 - 44,50,122
"2370",1992,9,45 - 49,64,175
"2370",1992,9,50 - 54,104,210
"2370",1992,9,55 - 59,113,267
"2370",1992,9,60 - 64,139,259
"2370",1992,9,65 - 69,145,242
"2370",1992,9,70 - 74,132,218
"2370",1992,9,75 - 79,132,160
"2370",1992,9,80 - 84,137,118
"2370",1992,9,85 - 89,148,135
"2370",1992,9,90 - 94,0,0
"2370",1992,9,95+,0,0
"2370",1992,9,UNK,24,44
"2370",1992,10,Total,1029,1121
"2370",1992,10,0,18,29
"2370",1992,10,1,11,8
"2370",1992,10,2,6,8
"2370",1992,10,3,3,6
"2370",1992,10,4,5,4
"2370",1992,10,5 - 9,11,23
"2370",1992,10,10 - 14,7,10
"2370",1992,10,15 - 19,16,10
"2370",1992,10,20 - 24,24,18
"2370",1992,10,25 - 29,23,25
"2370",1992,10,30 - 34,31,12
"2370",1992,10,35 - 39,28,23
"2370",1992,10,40 - 44,23,26
"2370",1992,10,45 - 49,39,38
"2370",1992,10,50 - 54,46,49
"2370",1992,10,55 - 59,54,65
"2370",1992,10,60 - 64,85,83
"2370",1992,10,65 - 69,89,121
"2370",1992,10,70 - 74,72,126
"2370",1992,10,75 - 79,121,128
"2370",1992,10,80 - 84,109,130
"2370",1992,10,85 - 89,193,168
"2370",1992,10,90 - 94,0,0
"2370",1992,10,95+,0,0
"2370",1992,10,UNK,15,11
"2370",1992,11,Total,1734,2134
"2370",1992,11,0,1630,2020
"2370",1992,11,1,12,13
"2370",1992,11,2,4,7
"2370",1992,11,3,2,3
"2370",1992,11,4,6,2
"2370",1992,11,5 - 9,6,13
"2370",1992,11,10 - 14,8,10
"2370",1992,11,15 - 19,3,7
"2370",1992,11,20 - 24,6,7
"2370",1992,11,25 - 29,5,1
"2370",1992,11,30 - 34,3,3
"2370",1992,11,35 - 39,4,1
"2370",1992,11,40 - 44,1,1
"2370",1992,11,45 - 49,6,5
"2370",1992,11,50 - 54,3,1
"2370",1992,11,55 - 59,6,0
"2370",1992,11,60 - 64,2,2
"2370",1992,11,65 - 69,5,2
"2370",1992,11,70 - 74,2,4
"2370",1992,11,75 - 79,2,2
"2370",1992,11,80 - 84,1,2
"2370",1992,11,85 - 89,3,1
"2370",1992,11,90 - 94,0,0
"2370",1992,11,95+,0,0
"2370",1992,11,UNK,14,27
"2370",1992,12,Total,4356,5196
"2370",1992,12,0,938,1145
"2370",1992,12,1,212,263
"2370",1992,12,2,90,102
"2370",1992,12,3,42,72
"2370",1992,12,4,42,42
"2370",1992,12,5 - 9,91,91
"2370",1992,12,10 - 14,53,61
"2370",1992,12,15 - 19,66,62
"2370",1992,12,20 - 24,56,68
"2370",1992,12,25 - 29,43,79
"2370",1992,12,30 - 34,45,79
"2370",1992,12,35 - 39,49,70
"2370",1992,12,40 - 44,47,80
"2370",1992,12,45 - 49,72,105
"2370",1992,12,50 - 54,76,128
"2370",1992,12,55 - 59,98,164
"2370",1992,12,60 - 64,150,233
"2370",1992,12,65 - 69,185,230
"2370",1992,12,70 - 74,241,387
"2370",1992,12,75 - 79,288,422
"2370",1992,12,80 - 84,398,458
"2370",1992,12,85 - 89,946,723
"2370",1992,12,90 - 94,0,0
"2370",1992,12,95+,0,0
"2370",1992,12,UNK,128,132
"2370",1992,13,Total,1557,4253
"2370",1992,13,0,63,102
"2370",1992,13,1,47,48
"2370",1992,13,2,38,60
"2370",1992,13,3,38,53
"2370",1992,13,4,29,43
"2370",1992,13,5 - 9,109,169
"2370",1992,13,10 - 14,78,157
"2370",1992,13,15 - 19,153,366
"2370",1992,13,20 - 24,151,445
"2370",1992,13,25 - 29,116,405
"2370",1992,13,30 - 34,82,373
"2370",1992,13,35 - 39,81,314
"2370",1992,13,40 - 44,50,274
"2370",1992,13,45 - 49,65,231
"2370",1992,13,50 - 54,54,233
"2370",1992,13,55 - 59,45,167
"2370",1992,13,60 - 64,54,189
"2370",1992,13,65 - 69,45,130
"2370",1992,13,70 - 74,45,112
"2370",1992,13,75 - 79,51,78
"2370",1992,13,80 - 84,46,92
"2370",1992,13,85 - 89,72,86
"2370",1992,13,90 - 94,0,0
"2370",1992,13,95+,0,0
"2370",1992,13,UNK,45,126
"2370",1992,14,Total,157,1294
"2370",1992,14,0,1,2
"2370",1992,14,1,0,1
"2370",1992,14,2,0,2
"2370",1992,14,3,1,4
"2370",1992,14,4,2,0
"2370",1992,14,5 - 9,6,9
"2370",1992,14,10 - 14,3,18
"2370",1992,14,15 - 19,19,182
"2370",1992,14,20 - 24,19,236
"2370",1992,14,25 - 29,22,196
"2370",1992,14,30 - 34,17,163
"2370",1992,14,35 - 39,16,114
"2370",1992,14,40 - 44,7,98
"2370",1992,14,45 - 49,11,76
"2370",1992,14,50 - 54,9,41
"2370",1992,14,55 - 59,4,25
"2370",1992,14,60 - 64,3,23
"2370",1992,14,65 - 69,2,18
"2370",1992,14,70 - 74,0,9
"2370",1992,14,75 - 79,2,7
"2370",1992,14,80 - 84,0,5
"2370",1992,14,85 - 89,2,1
"2370",1992,14,90 - 94,0,0
"2370",1992,14,95+,0,0
"2370",1992,14,UNK,11,64
"2370",1992,15,Total,693,296
"2370",1992,15,0,13,15
"2370",1992,15,1,7,16
"2370",1992,15,2,3,3
"2370",1992,15,3,2,4
"2370",1992,15,4,1,1
"2370",1992,15,5 - 9,2,10
"2370",1992,15,10 - 14,6,9
"2370",1992,15,15 - 19,32,13
"2370",1992,15,20 - 24,69,6
"2370",1992,15,25 - 29,64,9
"2370",1992,15,30 - 34,73,5
"2370",1992,15,35 - 39,69,10
"2370",1992,15,40 - 44,39,2
"2370",1992,15,45 - 49,22,8
"2370",1992,15,50 - 54,14,11
"2370",1992,15,55 - 59,20,16
"2370",1992,15,60 - 64,37,23
"2370",1992,15,65 - 69,23,18
"2370",1992,15,70 - 74,30,24
"2370",1992,15,75 - 79,30,30
"2370",1992,15,80 - 84,35,24
"2370",1992,15,85 - 89,83,37
"2370",1992,15,90 - 94,0,0
"2370",1992,15,95+,0,0
"2370",1992,15,UNK,19,2
"2370",1994,1,Total,39199,46161
"2370",1994,1,0,6196,7539
"2370",1994,1,1,1234,1470
"2370",1994,1,2,575,651
"2370",1994,1,3,313,300
"2370",1994,1,4,225,219
"2370",1994,1,5 - 9,663,788
"2370",1994,1,10 - 14,543,665
"2370",1994,1,15 - 19,848,1085
"2370",1994,1,20 - 24,931,1420
"2370",1994,1,25 - 29,848,1352
"2370",1994,1,30 - 34,878,1413
"2370",1994,1,35 - 39,1068,1388
"2370",1994,1,40 - 44,1073,1413
"2370",1994,1,45 - 49,1175,1686
"2370",1994,1,50 - 54,1347,1808
"2370",1994,1,55 - 59,1534,2180
"2370",1994,1,60 - 64,2112,2782
"2370",1994,1,65 - 69,2344,2914
"2370",1994,1,70 - 74,2702,3351
"2370",1994,1,75 - 79,2808,3320
"2370",1994,1,80 - 84,3255,3109
"2370",1994,1,85 - 89,5735,4298
"2370",1994,1,90 - 94,0,0
"2370",1994,1,95+,0,0
"2370",1994,1,UNK,792,1010
"2370",1994,2,Total,2334,3180
"2370",1994,2,0,352,443
"2370",1994,2,1,168,228
"2370",1994,2,2,64,69
"2370",1994,2,3,30,24
"2370",1994,2,4,21,12
"2370",1994,2,5 - 9,67,74
"2370",1994,2,10 - 14,59,49
"2370",1994,2,15 - 19,93,108
"2370",1994,2,20 - 24,89,142
"2370",1994,2,25 - 29,94,151
"2370",1994,2,30 - 34,71,151
"2370",1994,2,35 - 39,92,129
"2370",1994,2,40 - 44,81,136
"2370",1994,2,45 - 49,85,142
"2370",1994,2,50 - 54,71,149
"2370",1994,2,55 - 59,93,142
"2370",1994,2,60 - 64,105,157
"2370",1994,2,65 - 69,114,146
"2370",1994,2,70 - 74,114,194
"2370",1994,2,75 - 79,126,156
"2370",1994,2,80 - 84,132,152
"2370",1994,2,85 - 89,177,170
"2370",1994,2,90 - 94,0,0
"2370",1994,2,95+,0,0
"2370",1994,2,UNK,36,56
"2370",1994,3,Total,4486,3795
"2370",1994,3,0,10,14
"2370",1994,3,1,9,12
"2370",1994,3,2,7,11
"2370",1994,3,3,4,12
"2370",1994,3,4,13,7
"2370",1994,3,5 - 9,39,41
"2370",1994,3,10 - 14,48,51
"2370",1994,3,15 - 19,46,47
"2370",1994,3,20 - 24,44,72
"2370",1994,3,25 - 29,61,59
"2370",1994,3,30 - 34,109,66
"2370",1994,3,35 - 39,184,80
"2370",1994,3,40 - 44,248,104
"2370",1994,3,45 - 49,321,167
"2370",1994,3,50 - 54,320,200
"2370",1994,3,55 - 59,367,278
"2370",1994,3,60 - 64,469,405
"2370",1994,3,65 - 69,493,450
"2370",1994,3,70 - 74,499,517
"2370",1994,3,75 - 79,482,486
"2370",1994,3,80 - 84,351,383
"2370",1994,3,85 - 89,327,307
"2370",1994,3,90 - 94,0,0
"2370",1994,3,95+,0,0
"2370",1994,3,UNK,35,26
"2370",1994,4,Total,4989,5094
"2370",1994,4,0,72,62
"2370",1994,4,1,9,14
"2370",1994,4,2,2,4
"2370",1994,4,3,6,3
"2370",1994,4,4,2,4
"2370",1994,4,5 - 9,12,9
"2370",1994,4,10 - 14,27,19
"2370",1994,4,15 - 19,32,53
"2370",1994,4,20 - 24,42,55
"2370",1994,4,25 - 29,59,58
"2370",1994,4,30 - 34,48,75
"2370",1994,4,35 - 39,80,85
"2370",1994,4,40 - 44,101,115
"2370",1994,4,45 - 49,110,170
"2370",1994,4,50 - 54,150,220
"2370",1994,4,55 - 59,203,297
"2370",1994,4,60 - 64,313,432
"2370",1994,4,65 - 69,398,498
"2370",1994,4,70 - 74,507,579
"2370",1994,4,75 - 79,586,654
"2370",1994,4,80 - 84,739,668
"2370",1994,4,85 - 89,1445,950
"2370",1994,4,90 - 94,0,0
"2370",1994,4,95+,0,0
"2370",1994,4,UNK,46,70
"2370",1994,5,Total,14376,15410
"2370",1994,5,0,3245,3872
"2370",1994,5,1,643,697
"2370",1994,5,2,290,320
"2370",1994,5,3,149,126
"2370",1994,5,4,90,87
"2370",1994,5,5 - 9,270,273
"2370",1994,5,10 - 14,160,218
"2370",1994,5,15 - 19,280,247
"2370",1994,5,20 - 24,341,241
"2370",1994,5,25 - 29,264,218
"2370",1994,5,30 - 34,304,274
"2370",1994,5,35 - 39,343,317
"2370",1994,5,40 - 44,319,357
"2370",1994,5,45 - 49,351,420
"2370",1994,5,50 - 54,418,503
"2370",1994,5,55 - 59,459,611
"2370",1994,5,60 - 64,628,800
"2370",1994,5,65 - 69,623,875
"2370",1994,5,70 - 74,800,996
"2370",1994,5,75 - 79,832,972
"2370",1994,5,80 - 84,1050,938
"2370",1994,5,85 - 89,2035,1476
"2370",1994,5,90 - 94,0,0
"2370",1994,5,95+,0,0
"2370",1994,5,UNK,482,572
"2370",1994,6,Total,38,204
"2370",1994,6,0,0,0
"2370",1994,6,1,0,0
"2370",1994,6,2,0,0
"2370",1994,6,3,0,0
"2370",1994,6,4,0,0
"2370",1994,6,5 - 9,0,0
"2370",1994,6,10 - 14,0,0
"2370",1994,6,15 - 19,1,1
"2370",1994,6,20 - 24,0,8
"2370",1994,6,25 - 29,0,6
"2370",1994,6,30 - 34,0,13
"2370",1994,6,35 - 39,3,16
"2370",1994,6,40 - 44,2,21
"2370",1994,6,45 - 49,4,20
"2370",1994,6,50 - 54,2,22
"2370",1994,6,55 - 59,2,17
"2370",1994,6,60 - 64,5,25
"2370",1994,6,65 - 69,1,18
"2370",1994,6,70 - 74,3,14
"2370",1994,6,75 - 79,2,5
"2370",1994,6,80 - 84,2,4
"2370",1994,6,85 - 89,10,8
"2370",1994,6,90 - 94,0,0
"2370",1994,6,95+,0,0
"2370",1994,6,UNK,1,6
"2370",1994,7,Total,514,666
"2370",1994,7,0,71,84
"2370",1994,7,1,23,39
"2370",1994,7,2,15,13
"2370",1994,7,3,7,8
"2370",1994,7,4,8,8
"2370",1994,7,5 - 9,20,23
"2370",1994,7,10 - 14,35,37
"2370",1994,7,15 - 19,25,31
"2370",1994,7,20 - 24,41,28
"2370",1994,7,25 - 29,26,33
"2370",1994,7,30 - 34,16,36
"2370",1994,7,35 - 39,29,37
"2370",1994,7,40 - 44,15,19
"2370",1994,7,45 - 49,11,21
"2370",1994,7,50 - 54,18,26
"2370",1994,7,55 - 59,14,29
"2370",1994,7,60 - 64,24,36
"2370",1994,7,65 - 69,28,30
"2370",1994,7,70 - 74,18,25
"2370",1994,7,75 - 79,19,33
"2370",1994,7,80 - 84,24,31
"2370",1994,7,85 - 89,22,28
"2370",1994,7,90 - 94,0,0
"2370",1994,7,95+,0,0
"2370",1994,7,UNK,5,11
"2370",1994,8,Total,1519,1696
"2370",1994,8,0,129,163
"2370",1994,8,1,100,114
"2370",1994,8,2,36,42
"2370",1994,8,3,16,16
"2370",1994,8,4,13,10
"2370",1994,8,5 - 9,15,21
"2370",1994,8,10 - 14,12,15
"2370",1994,8,15 - 19,11,14
"2370",1994,8,20 - 24,27,56
"2370",1994,8,25 - 29,31,78
"2370",1994,8,30 - 34,25,69
"2370",1994,8,35 - 39,25,64
"2370",1994,8,40 - 44,33,61
"2370",1994,8,45 - 49,37,71
"2370",1994,8,50 - 54,47,66
"2370",1994,8,55 - 59,67,77
"2370",1994,8,60 - 64,101,112
"2370",1994,8,65 - 69,129,114
"2370",1994,8,70 - 74,138,136
"2370",1994,8,75 - 79,122,132
"2370",1994,8,80 - 84,145,93
"2370",1994,8,85 - 89,233,149
"2370",1994,8,90 - 94,0,0
"2370",1994,8,95+,0,0
"2370",1994,8,UNK,27,23
"2370",1994,9,Total,1526,2398
"2370",1994,9,0,36,39
"2370",1994,9,1,8,13
"2370",1994,9,2,6,2
"2370",1994,9,3,7,2
"2370",1994,9,4,3,4
"2370",1994,9,5 - 9,8,15
"2370",1994,9,10 - 14,16,19
"2370",1994,9,15 - 19,30,27
"2370",1994,9,20 - 24,51,39
"2370",1994,9,25 - 29,31,53
"2370",1994,9,30 - 34,43,71
"2370",1994,9,35 - 39,53,81
"2370",1994,9,40 - 44,52,124
"2370",1994,9,45 - 49,68,177
"2370",1994,9,50 - 54,105,187
"2370",1994,9,55 - 59,104,254
"2370",1994,9,60 - 64,146,281
"2370",1994,9,65 - 69,163,233
"2370",1994,9,70 - 74,165,246
"2370",1994,9,75 - 79,133,198
"2370",1994,9,80 - 84,118,145
"2370",1994,9,85 - 89,165,154
"2370",1994,9,90 - 94,0,0
"2370",1994,9,95+,0,0
"2370",1994,9,UNK,15,34
"2370",1994,10,Total,1045,1001
"2370",1994,10,0,20,29
"2370",1994,10,1,12,12
"2370",1994,10,2,4,7
"2370",1994,10,3,1,7
"2370",1994,10,4,4,2
"2370",1994,10,5 - 9,9,7
"2370",1994,10,10 - 14,8,5
"2370",1994,10,15 - 19,21,12
"2370",1994,10,20 - 24,17,17
"2370",1994,10,25 - 29,28,14
"2370",1994,10,30 - 34,26,23
"2370",1994,10,35 - 39,24,27
"2370",1994,10,40 - 44,32,21
"2370",1994,10,45 - 49,29,36
"2370",1994,10,50 - 54,45,33
"2370",1994,10,55 - 59,43,55
"2370",1994,10,60 - 64,64,71
"2370",1994,10,65 - 69,97,75
"2370",1994,10,70 - 74,99,96
"2370",1994,10,75 - 79,102,139
"2370",1994,10,80 - 84,127,134
"2370",1994,10,85 - 89,224,171
"2370",1994,10,90 - 94,0,0
"2370",1994,10,95+,0,0
"2370",1994,10,UNK,9,8
"2370",1994,11,Total,1329,1801
"2370",1994,11,0,1234,1708
"2370",1994,11,1,20,15
"2370",1994,11,2,8,8
"2370",1994,11,3,8,5
"2370",1994,11,4,3,3
"2370",1994,11,5 - 9,8,7
"2370",1994,11,10 - 14,5,5
"2370",1994,11,15 - 19,3,7
"2370",1994,11,20 - 24,2,3
"2370",1994,11,25 - 29,3,2
"2370",1994,11,30 - 34,4,2
"2370",1994,11,35 - 39,4,4
"2370",1994,11,40 - 44,2,6
"2370",1994,11,45 - 49,2,2
"2370",1994,11,50 - 54,2,4
"2370",1994,11,55 - 59,0,1
"2370",1994,11,60 - 64,2,2
"2370",1994,11,65 - 69,7,4
"2370",1994,11,70 - 74,0,2
"2370",1994,11,75 - 79,4,1
"2370",1994,11,80 - 84,2,1
"2370",1994,11,85 - 89,4,4
"2370",1994,11,90 - 94,0,0
"2370",1994,11,95+,0,0
"2370",1994,11,UNK,2,5
"2370",1994,12,Total,4283,4798
"2370",1994,12,0,911,999
"2370",1994,12,1,183,232
"2370",1994,12,2,91,88
"2370",1994,12,3,44,38
"2370",1994,12,4,34,28
"2370",1994,12,5 - 9,73,76
"2370",1994,12,10 - 14,45,58
"2370",1994,12,15 - 19,52,56
"2370",1994,12,20 - 24,37,74
"2370",1994,12,25 - 29,47,56
"2370",1994,12,30 - 34,41,97
"2370",1994,12,35 - 39,51,83
"2370",1994,12,40 - 44,63,87
"2370",1994,12,45 - 49,59,107
"2370",1994,12,50 - 54,77,107
"2370",1994,12,55 - 59,96,163
"2370",1994,12,60 - 64,153,219
"2370",1994,12,65 - 69,206,263
"2370",1994,12,70 - 74,259,345
"2370",1994,12,75 - 79,320,380
"2370",1994,12,80 - 84,448,440
"2370",1994,12,85 - 89,913,727
"2370",1994,12,90 - 94,0,0
"2370",1994,12,95+,0,0
"2370",1994,12,UNK,80,75
"2370",1994,13,Total,1972,5050
"2370",1994,13,0,100,110
"2370",1994,13,1,54,92
"2370",1994,13,2,51,83
"2370",1994,13,3,37,52
"2370",1994,13,4,30,48
"2370",1994,13,5 - 9,134,229
"2370",1994,13,10 - 14,116,169
"2370",1994,13,15 - 19,197,390
"2370",1994,13,20 - 24,166,548
"2370",1994,13,25 - 29,126,476
"2370",1994,13,30 - 34,101,437
"2370",1994,13,35 - 39,108,368
"2370",1994,13,40 - 44,77,304
"2370",1994,13,45 - 49,80,296
"2370",1994,13,50 - 54,71,253
"2370",1994,13,55 - 59,62,220
"2370",1994,13,60 - 64,70,200
"2370",1994,13,65 - 69,64,176
"2370",1994,13,70 - 74,64,155
"2370",1994,13,75 - 79,48,140
"2370",1994,13,80 - 84,69,94
"2370",1994,13,85 - 89,104,105
"2370",1994,13,90 - 94,0,0
"2370",1994,13,95+,0,0
"2370",1994,13,UNK,43,105
"2370",1994,14,Total,112,739
"2370",1994,14,0,1,5
"2370",1994,14,1,0,1
"2370",1994,14,2,1,1
"2370",1994,14,3,1,2
"2370",1994,14,4,2,1
"2370",1994,14,5 - 9,3,5
"2370",1994,14,10 - 14,5,4
"2370",1994,14,15 - 19,14,78
"2370",1994,14,20 - 24,16,120
"2370",1994,14,25 - 29,14,143
"2370",1994,14,30 - 34,13,89
"2370",1994,14,35 - 39,8,87
"2370",1994,14,40 - 44,7,53
"2370",1994,14,45 - 49,2,41
"2370",1994,14,50 - 54,5,22
"2370",1994,14,55 - 59,3,20
"2370",1994,14,60 - 64,3,22
"2370",1994,14,65 - 69,2,10
"2370",1994,14,70 - 74,6,11
"2370",1994,14,75 - 79,1,2
"2370",1994,14,80 - 84,0,5
"2370",1994,14,85 - 89,0,2
"2370",1994,14,90 - 94,0,0
"2370",1994,14,95+,0,0
"2370",1994,14,UNK,5,15
"2370",1994,15,Total,676,329
"2370",1994,15,0,15,11
"2370",1994,15,1,5,1
"2370",1994,15,2,0,3
"2370",1994,15,3,3,5
"2370",1994,15,4,2,5
"2370",1994,15,5 - 9,5,8
"2370",1994,15,10 - 14,7,16
"2370",1994,15,15 - 19,43,14
"2370",1994,15,20 - 24,58,17
"2370",1994,15,25 - 29,64,5
"2370",1994,15,30 - 34,77,10
"2370",1994,15,35 - 39,64,10
"2370",1994,15,40 - 44,41,5
"2370",1994,15,45 - 49,16,16
"2370",1994,15,50 - 54,16,16
"2370",1994,15,55 - 59,21,16
"2370",1994,15,60 - 64,29,20
"2370",1994,15,65 - 69,19,22
"2370",1994,15,70 - 74,30,35
"2370",1994,15,75 - 79,31,22
"2370",1994,15,80 - 84,48,21
"2370",1994,15,85 - 89,76,47
"2370",1994,15,90 - 94,0,0
"2370",1994,15,95+,0,0
"2370",1994,15,UNK,6,4
"2370",1995,1,Total,41815,49670
"2370",1995,1,0,6053,7324
"2370",1995,1,1,1165,1343
"2370",1995,1,2,517,552
"2370",1995,1,3,304,332
"2370",1995,1,4,194,221
"2370",1995,1,5 - 9,632,780
"2370",1995,1,10 - 14,460,693
"2370",1995,1,15 - 19,799,1159
"2370",1995,1,20 - 24,993,1599
"2370",1995,1,25 - 29,904,1599
"2370",1995,1,30 - 34,921,1588
"2370",1995,1,35 - 39,1069,1604
"2370",1995,1,40 - 44,1139,1581
"2370",1995,1,45 - 49,1268,1858
"2370",1995,1,50 - 54,1452,2027
"2370",1995,1,55 - 59,1777,2413
"2370",1995,1,60 - 64,2342,2925
"2370",1995,1,65 - 69,2757,3374
"2370",1995,1,70 - 74,3010,3806
"2370",1995,1,75 - 79,3253,3883
"2370",1995,1,80 - 84,3578,3473
"2370",1995,1,85 - 89,6797,4983
"2370",1995,1,90 - 94,0,0
"2370",1995,1,95+,0,0
"2370",1995,1,UNK,431,553
"2370",1995,2,Total,2903,3690
"2370",1995,2,0,376,383
"2370",1995,2,1,184,214
"2370",1995,2,2,66,70
"2370",1995,2,3,30,43
"2370",1995,2,4,17,11
"2370",1995,2,5 - 9,75,76
"2370",1995,2,10 - 14,58,55
"2370",1995,2,15 - 19,114,129
"2370",1995,2,20 - 24,145,199
"2370",1995,2,25 - 29,136,197
"2370",1995,2,30 - 34,99,204
"2370",1995,2,35 - 39,119,182
"2370",1995,2,40 - 44,96,138
"2370",1995,2,45 - 49,73,163
"2370",1995,2,50 - 54,100,157
"2370",1995,2,55 - 59,113,190
"2370",1995,2,60 - 64,158,177
"2370",1995,2,65 - 69,156,195
"2370",1995,2,70 - 74,152,230
"2370",1995,2,75 - 79,151,209
"2370",1995,2,80 - 84,175,199
"2370",1995,2,85 - 89,286,249
"2370",1995,2,90 - 94,0,0
"2370",1995,2,95+,0,0
"2370",1995,2,UNK,24,20
"2370",1995,3,Total,5748,4918
"2370",1995,3,0,13,7
"2370",1995,3,1,12,7
"2370",1995,3,2,10,14
"2370",1995,3,3,10,22
"2370",1995,3,4,10,12
"2370",1995,3,5 - 9,49,63
"2370",1995,3,10 - 14,45,63
"2370",1995,3,15 - 19,49,77
"2370",1995,3,20 - 24,53,66
"2370",1995,3,25 - 29,83,75
"2370",1995,3,30 - 34,164,98
"2370",1995,3,35 - 39,221,124
"2370",1995,3,40 - 44,341,155
"2370",1995,3,45 - 49,361,182
"2370",1995,3,50 - 54,427,224
"2370",1995,3,55 - 59,509,331
"2370",1995,3,60 - 64,560,484
"2370",1995,3,65 - 69,649,591
"2370",1995,3,70 - 74,643,720
"2370",1995,3,75 - 79,590,634
"2370",1995,3,80 - 84,448,497
"2370",1995,3,85 - 89,474,457
"2370",1995,3,90 - 94,0,0
"2370",1995,3,95+,0,0
"2370",1995,3,UNK,27,15
"2370",1995,4,Total,6246,6352
"2370",1995,4,0,78,94
"2370",1995,4,1,11,20
"2370",1995,4,2,10,7
"2370",1995,4,3,8,4
"2370",1995,4,4,6,4
"2370",1995,4,5 - 9,22,18
"2370",1995,4,10 - 14,16,26
"2370",1995,4,15 - 19,47,54
"2370",1995,4,20 - 24,51,68
"2370",1995,4,25 - 29,76,90
"2370",1995,4,30 - 34,84,109
"2370",1995,4,35 - 39,103,121
"2370",1995,4,40 - 44,115,133
"2370",1995,4,45 - 49,156,188
"2370",1995,4,50 - 54,177,249
"2370",1995,4,55 - 59,265,329
"2370",1995,4,60 - 64,363,514
"2370",1995,4,65 - 69,485,688
"2370",1995,4,70 - 74,609,724
"2370",1995,4,75 - 79,719,813
"2370",1995,4,80 - 84,933,806
"2370",1995,4,85 - 89,1884,1258
"2370",1995,4,90 - 94,0,0
"2370",1995,4,95+,0,0
"2370",1995,4,UNK,28,35
"2370",1995,5,Total,10829,11687
"2370",1995,5,0,2518,2949
"2370",1995,5,1,489,514
"2370",1995,5,2,193,213
"2370",1995,5,3,121,104
"2370",1995,5,4,60,75
"2370",1995,5,5 - 9,170,198
"2370",1995,5,10 - 14,112,159
"2370",1995,5,15 - 19,182,215
"2370",1995,5,20 - 24,241,243
"2370",1995,5,25 - 29,204,224
"2370",1995,5,30 - 34,216,226
"2370",1995,5,35 - 39,219,256
"2370",1995,5,40 - 44,248,307
"2370",1995,5,45 - 49,284,345
"2370",1995,5,50 - 54,287,432
"2370",1995,5,55 - 59,338,503
"2370",1995,5,60 - 64,494,548
"2370",1995,5,65 - 69,578,630
"2370",1995,5,70 - 74,607,760
"2370",1995,5,75 - 79,616,769
"2370",1995,5,80 - 84,746,660
"2370",1995,5,85 - 89,1651,1055
"2370",1995,5,90 - 94,0,0
"2370",1995,5,95+,0,0
"2370",1995,5,UNK,255,302
"2370",1995,6,Total,85,297
"2370",1995,6,0,0,0
"2370",1995,6,1,0,1
"2370",1995,6,2,0,0
"2370",1995,6,3,0,0
"2370",1995,6,4,0,0
"2370",1995,6,5 - 9,0,0
"2370",1995,6,10 - 14,0,0
"2370",1995,6,15 - 19,2,0
"2370",1995,6,20 - 24,1,6
"2370",1995,6,25 - 29,1,8
"2370",1995,6,30 - 34,2,19
"2370",1995,6,35 - 39,1,20
"2370",1995,6,40 - 44,3,26
"2370",1995,6,45 - 49,6,39
"2370",1995,6,50 - 54,9,26
"2370",1995,6,55 - 59,7,26
"2370",1995,6,60 - 64,5,23
"2370",1995,6,65 - 69,5,22
"2370",1995,6,70 - 74,8,31
"2370",1995,6,75 - 79,9,16
"2370",1995,6,80 - 84,8,17
"2370",1995,6,85 - 89,18,17
"2370",1995,6,90 - 94,0,0
"2370",1995,6,95+,0,0
"2370",1995,6,UNK,0,0
"2370",1995,7,Total,571,731
"2370",1995,7,0,73,113
"2370",1995,7,1,28,34
"2370",1995,7,2,19,23
"2370",1995,7,3,9,8
"2370",1995,7,4,4,6
"2370",1995,7,5 - 9,30,32
"2370",1995,7,10 - 14,13,34
"2370",1995,7,15 - 19,38,24
"2370",1995,7,20 - 24,32,38
"2370",1995,7,25 - 29,33,42
"2370",1995,7,30 - 34,21,34
"2370",1995,7,35 - 39,15,28
"2370",1995,7,40 - 44,20,25
"2370",1995,7,45 - 49,17,28
"2370",1995,7,50 - 54,17,26
"2370",1995,7,55 - 59,23,27
"2370",1995,7,60 - 64,19,29
"2370",1995,7,65 - 69,32,31
"2370",1995,7,70 - 74,28,41
"2370",1995,7,75 - 79,31,43
"2370",1995,7,80 - 84,33,32
"2370",1995,7,85 - 89,34,26
"2370",1995,7,90 - 94,0,0
"2370",1995,7,95+,0,0
"2370",1995,7,UNK,2,7
"2370",1995,8,Total,1971,2100
"2370",1995,8,0,161,175
"2370",1995,8,1,132,127
"2370",1995,8,2,36,36
"2370",1995,8,3,16,13
"2370",1995,8,4,11,10
"2370",1995,8,5 - 9,23,29
"2370",1995,8,10 - 14,13,14
"2370",1995,8,15 - 19,18,24
"2370",1995,8,20 - 24,35,66
"2370",1995,8,25 - 29,37,114
"2370",1995,8,30 - 34,23,124
"2370",1995,8,35 - 39,41,81
"2370",1995,8,40 - 44,30,88
"2370",1995,8,45 - 49,45,67
"2370",1995,8,50 - 54,70,90
"2370",1995,8,55 - 59,93,116
"2370",1995,8,60 - 64,137,125
"2370",1995,8,65 - 69,157,143
"2370",1995,8,70 - 74,178,157
"2370",1995,8,75 - 79,214,173
"2370",1995,8,80 - 84,173,130
"2370",1995,8,85 - 89,313,186
"2370",1995,8,90 - 94,0,0
"2370",1995,8,95+,0,0
"2370",1995,8,UNK,15,12
"2370",1995,9,Total,1745,2997
"2370",1995,9,0,46,55
"2370",1995,9,1,4,18
"2370",1995,9,2,9,3
"2370",1995,9,3,8,4
"2370",1995,9,4,4,3
"2370",1995,9,5 - 9,15,19
"2370",1995,9,10 - 14,15,22
"2370",1995,9,15 - 19,22,37
"2370",1995,9,20 - 24,47,57
"2370",1995,9,25 - 29,26,54
"2370",1995,9,30 - 34,52,82
"2370",1995,9,35 - 39,59,105
"2370",1995,9,40 - 44,52,150
"2370",1995,9,45 - 49,71,225
"2370",1995,9,50 - 54,103,260
"2370",1995,9,55 - 59,134,291
"2370",1995,9,60 - 64,165,361
"2370",1995,9,65 - 69,176,326
"2370",1995,9,70 - 74,182,276
"2370",1995,9,75 - 79,176,250
"2370",1995,9,80 - 84,156,194
"2370",1995,9,85 - 89,215,182
"2370",1995,9,90 - 94,0,0
"2370",1995,9,95+,0,0
"2370",1995,9,UNK,8,23
"2370",1995,10,Total,1359,1359
"2370",1995,10,0,26,28
"2370",1995,10,1,16,14
"2370",1995,10,2,7,6
"2370",1995,10,3,3,6
"2370",1995,10,4,3,1
"2370",1995,10,5 - 9,10,6
"2370",1995,10,10 - 14,13,8
"2370",1995,10,15 - 19,21,10
"2370",1995,10,20 - 24,26,22
"2370",1995,10,25 - 29,29,13
"2370",1995,10,30 - 34,16,28
"2370",1995,10,35 - 39,28,25
"2370",1995,10,40 - 44,42,26
"2370",1995,10,45 - 49,52,44
"2370",1995,10,50 - 54,56,49
"2370",1995,10,55 - 59,69,77
"2370",1995,10,60 - 64,95,102
"2370",1995,10,65 - 69,118,117
"2370",1995,10,70 - 74,117,154
"2370",1995,10,75 - 79,155,182
"2370",1995,10,80 - 84,158,167
"2370",1995,10,85 - 89,295,265
"2370",1995,10,90 - 94,0,0
"2370",1995,10,95+,0,0
"2370",1995,10,UNK,4,9
"2370",1995,11,Total,1716,2340
"2370",1995,11,0,1623,2221
"2370",1995,11,1,11,18
"2370",1995,11,2,3,6
"2370",1995,11,3,4,5
"2370",1995,11,4,6,6
"2370",1995,11,5 - 9,11,18
"2370",1995,11,10 - 14,7,11
"2370",1995,11,15 - 19,9,6
"2370",1995,11,20 - 24,6,5
"2370",1995,11,25 - 29,3,8
"2370",1995,11,30 - 34,2,4
"2370",1995,11,35 - 39,2,5
"2370",1995,11,40 - 44,4,1
"2370",1995,11,45 - 49,0,1
"2370",1995,11,50 - 54,3,3
"2370",1995,11,55 - 59,2,1
"2370",1995,11,60 - 64,4,3
"2370",1995,11,65 - 69,2,3
"2370",1995,11,70 - 74,3,1
"2370",1995,11,75 - 79,2,3
"2370",1995,11,80 - 84,3,7
"2370",1995,11,85 - 89,4,0
"2370",1995,11,90 - 94,0,0
"2370",1995,11,95+,0,0
"2370",1995,11,UNK,2,4
"2370",1995,12,Total,5522,6392
"2370",1995,12,0,991,1121
"2370",1995,12,1,192,265
"2370",1995,12,2,80,87
"2370",1995,12,3,49,50
"2370",1995,12,4,29,37
"2370",1995,12,5 - 9,76,98
"2370",1995,12,10 - 14,41,60
"2370",1995,12,15 - 19,48,70
"2370",1995,12,20 - 24,52,70
"2370",1995,12,25 - 29,51,85
"2370",1995,12,30 - 34,50,81
"2370",1995,12,35 - 39,61,105
"2370",1995,12,40 - 44,58,96
"2370",1995,12,45 - 49,93,150
"2370",1995,12,50 - 54,102,165
"2370",1995,12,55 - 59,125,211
"2370",1995,12,60 - 64,222,310
"2370",1995,12,65 - 69,307,391
"2370",1995,12,70 - 74,370,503
"2370",1995,12,75 - 79,471,626
"2370",1995,12,80 - 84,613,642
"2370",1995,12,85 - 89,1404,1125
"2370",1995,12,90 - 94,0,0
"2370",1995,12,95+,0,0
"2370",1995,12,UNK,37,44
"2370",1995,13,Total,2186,5740
"2370",1995,13,0,131,159
"2370",1995,13,1,76,105
"2370",1995,13,2,72,86
"2370",1995,13,3,41,67
"2370",1995,13,4,42,52
"2370",1995,13,5 - 9,139,208
"2370",1995,13,10 - 14,111,221
"2370",1995,13,15 - 19,192,416
"2370",1995,13,20 - 24,210,615
"2370",1995,13,25 - 29,147,557
"2370",1995,13,30 - 34,112,486
"2370",1995,13,35 - 39,117,469
"2370",1995,13,40 - 44,67,382
"2370",1995,13,45 - 49,84,378
"2370",1995,13,50 - 54,77,311
"2370",1995,13,55 - 59,72,270
"2370",1995,13,60 - 64,85,205
"2370",1995,13,65 - 69,57,199
"2370",1995,13,70 - 74,61,163
"2370",1995,13,75 - 79,73,128
"2370",1995,13,80 - 84,71,88
"2370",1995,13,85 - 89,126,103
"2370",1995,13,90 - 94,0,0
"2370",1995,13,95+,0,0
"2370",1995,13,UNK,23,72
"2370",1995,14,Total,104,692
"2370",1995,14,0,4,1
"2370",1995,14,1,1,1
"2370",1995,14,2,1,0
"2370",1995,14,3,1,1
"2370",1995,14,4,0,1
"2370",1995,14,5 - 9,5,6
"2370",1995,14,10 - 14,5,12
"2370",1995,14,15 - 19,7,89
"2370",1995,14,20 - 24,15,130
"2370",1995,14,25 - 29,12,118
"2370",1995,14,30 - 34,13,78
"2370",1995,14,35 - 39,6,73
"2370",1995,14,40 - 44,6,40
"2370",1995,14,45 - 49,3,34
"2370",1995,14,50 - 54,6,20
"2370",1995,14,55 - 59,5,23
"2370",1995,14,60 - 64,1,19
"2370",1995,14,65 - 69,4,12
"2370",1995,14,70 - 74,6,12
"2370",1995,14,75 - 79,1,4
"2370",1995,14,80 - 84,2,5
"2370",1995,14,85 - 89,0,5
"2370",1995,14,90 - 94,0,0
"2370",1995,14,95+,0,0
"2370",1995,14,UNK,0,8
"2370",1995,15,Total,830,375
"2370",1995,15,0,13,18
"2370",1995,15,1,9,5
"2370",1995,15,2,11,1
"2370",1995,15,3,4,5
"2370",1995,15,4,2,3
"2370",1995,15,5 - 9,7,9
"2370",1995,15,10 - 14,11,8
"2370",1995,15,15 - 19,50,8
"2370",1995,15,20 - 24,79,14
"2370",1995,15,25 - 29,66,14
"2370",1995,15,30 - 34,67,15
"2370",1995,15,35 - 39,77,10
"2370",1995,15,40 - 44,57,14
"2370",1995,15,45 - 49,23,14
"2370",1995,15,50 - 54,18,15
"2370",1995,15,55 - 59,22,18
"2370",1995,15,60 - 64,34,25
"2370",1995,15,65 - 69,31,26
"2370",1995,15,70 - 74,46,34
"2370",1995,15,75 - 79,45,33
"2370",1995,15,80 - 84,59,29
"2370",1995,15,85 - 89,93,55
"2370",1995,15,90 - 94,0,0
"2370",1995,15,95+,0,0
"2370",1995,15,UNK,6,2
"2370",1996,1,Total,42063,50611
"2370",1996,1,0,5895,7181
"2370",1996,1,1,1045,1190
"2370",1996,1,2,399,512
"2370",1996,1,3,263,287
"2370",1996,1,4,199,227
"2370",1996,1,5 - 9,569,763
"2370",1996,1,10 - 14,471,621
"2370",1996,1,15 - 19,841,1108
"2370",1996,1,20 - 24,966,1559
"2370",1996,1,25 - 29,908,1673
"2370",1996,1,30 - 34,970,1680
"2370",1996,1,35 - 39,1083,1684
"2370",1996,1,40 - 44,1159,1667
"2370",1996,1,45 - 49,1362,1945
"2370",1996,1,50 - 54,1566,2094
"2370",1996,1,55 - 59,1889,2536
"2370",1996,1,60 - 64,2316,2998
"2370",1996,1,65 - 69,2731,3672
"2370",1996,1,70 - 74,2957,3747
"2370",1996,1,75 - 79,3403,4112
"2370",1996,1,80 - 84,3553,3500
"2370",1996,1,85 - 89,7035,5246
"2370",1996,1,90 - 94,0,0
"2370",1996,1,95+,0,0
"2370",1996,1,UNK,483,609
"2370",1996,2,Total,2644,3586
"2370",1996,2,0,417,413
"2370",1996,2,1,199,235
"2370",1996,2,2,59,55
"2370",1996,2,3,20,25
"2370",1996,2,4,19,23
"2370",1996,2,5 - 9,64,67
"2370",1996,2,10 - 14,42,56
"2370",1996,2,15 - 19,113,124
"2370",1996,2,20 - 24,109,175
"2370",1996,2,25 - 29,92,209
"2370",1996,2,30 - 34,92,177
"2370",1996,2,35 - 39,94,165
"2370",1996,2,40 - 44,58,142
"2370",1996,2,45 - 49,96,147
"2370",1996,2,50 - 54,70,131
"2370",1996,2,55 - 59,103,169
"2370",1996,2,60 - 64,119,188
"2370",1996,2,65 - 69,135,190
"2370",1996,2,70 - 74,137,210
"2370",1996,2,75 - 79,136,226
"2370",1996,2,80 - 84,171,194
"2370",1996,2,85 - 89,264,221
"2370",1996,2,90 - 94,0,0
"2370",1996,2,95+,0,0
"2370",1996,2,UNK,35,44
"2370",1996,3,Total,6271,5587
"2370",1996,3,0,12,16
"2370",1996,3,1,7,9
"2370",1996,3,2,6,17
"2370",1996,3,3,17,23
"2370",1996,3,4,12,14
"2370",1996,3,5 - 9,44,56
"2370",1996,3,10 - 14,56,57
"2370",1996,3,15 - 19,61,81
"2370",1996,3,20 - 24,59,81
"2370",1996,3,25 - 29,108,101
"2370",1996,3,30 - 34,155,122
"2370",1996,3,35 - 39,242,122
"2370",1996,3,40 - 44,331,151
"2370",1996,3,45 - 49,420,216
"2370",1996,3,50 - 54,519,290
"2370",1996,3,55 - 59,572,407
"2370",1996,3,60 - 64,622,515
"2370",1996,3,65 - 69,700,748
"2370",1996,3,70 - 74,617,791
"2370",1996,3,75 - 79,602,719
"2370",1996,3,80 - 84,532,498
"2370",1996,3,85 - 89,549,522
"2370",1996,3,90 - 94,0,0
"2370",1996,3,95+,0,0
"2370",1996,3,UNK,28,31
"2370",1996,4,Total,6307,6284
"2370",1996,4,0,87,76
"2370",1996,4,1,10,9
"2370",1996,4,2,7,12
"2370",1996,4,3,3,8
"2370",1996,4,4,6,4
"2370",1996,4,5 - 9,18,28
"2370",1996,4,10 - 14,15,20
"2370",1996,4,15 - 19,46,62
"2370",1996,4,20 - 24,76,66
"2370",1996,4,25 - 29,59,70
"2370",1996,4,30 - 34,78,103
"2370",1996,4,35 - 39,75,107
"2370",1996,4,40 - 44,112,122
"2370",1996,4,45 - 49,168,184
"2370",1996,4,50 - 54,205,249
"2370",1996,4,55 - 59,252,349
"2370",1996,4,60 - 64,349,482
"2370",1996,4,65 - 69,467,669
"2370",1996,4,70 - 74,597,705
"2370",1996,4,75 - 79,789,816
"2370",1996,4,80 - 84,871,812
"2370",1996,4,85 - 89,1970,1295
"2370",1996,4,90 - 94,0,0
"2370",1996,4,95+,0,0
"2370",1996,4,UNK,47,36
"2370",1996,5,Total,9778,10645
"2370",1996,5,0,2127,2584
"2370",1996,5,1,342,407
"2370",1996,5,2,138,151
"2370",1996,5,3,85,73
"2370",1996,5,4,59,51
"2370",1996,5,5 - 9,162,171
"2370",1996,5,10 - 14,103,127
"2370",1996,5,15 - 19,168,148
"2370",1996,5,20 - 24,188,181
"2370",1996,5,25 - 29,183,217
"2370",1996,5,30 - 34,211,213
"2370",1996,5,35 - 39,228,247
"2370",1996,5,40 - 44,231,282
"2370",1996,5,45 - 49,236,366
"2370",1996,5,50 - 54,306,405
"2370",1996,5,55 - 59,333,468
"2370",1996,5,60 - 64,417,569
"2370",1996,5,65 - 69,509,639
"2370",1996,5,70 - 74,524,640
"2370",1996,5,75 - 79,695,771
"2370",1996,5,80 - 84,703,610
"2370",1996,5,85 - 89,1601,1079
"2370",1996,5,90 - 94,0,0
"2370",1996,5,95+,0,0
"2370",1996,5,UNK,229,246
"2370",1996,6,Total,76,321
"2370",1996,6,0,0,0
"2370",1996,6,1,0,0
"2370",1996,6,2,0,0
"2370",1996,6,3,0,0
"2370",1996,6,4,0,0
"2370",1996,6,5 - 9,0,0
"2370",1996,6,10 - 14,0,2
"2370",1996,6,15 - 19,0,4
"2370",1996,6,20 - 24,2,5
"2370",1996,6,25 - 29,3,13
"2370",1996,6,30 - 34,2,12
"2370",1996,6,35 - 39,2,28
"2370",1996,6,40 - 44,1,21
"2370",1996,6,45 - 49,4,33
"2370",1996,6,50 - 54,2,30
"2370",1996,6,55 - 59,4,29
"2370",1996,6,60 - 64,5,25
"2370",1996,6,65 - 69,9,30
"2370",1996,6,70 - 74,2,26
"2370",1996,6,75 - 79,4,21
"2370",1996,6,80 - 84,15,15
"2370",1996,6,85 - 89,21,23
"2370",1996,6,90 - 94,0,0
"2370",1996,6,95+,0,0
"2370",1996,6,UNK,0,4
"2370",1996,7,Total,579,833
"2370",1996,7,0,82,114
"2370",1996,7,1,22,35
"2370",1996,7,2,13,13
"2370",1996,7,3,10,15
"2370",1996,7,4,8,12
"2370",1996,7,5 - 9,25,29
"2370",1996,7,10 - 14,20,34
"2370",1996,7,15 - 19,31,49
"2370",1996,7,20 - 24,37,45
"2370",1996,7,25 - 29,26,46
"2370",1996,7,30 - 34,26,51
"2370",1996,7,35 - 39,20,48
"2370",1996,7,40 - 44,27,34
"2370",1996,7,45 - 49,22,28
"2370",1996,7,50 - 54,16,30
"2370",1996,7,55 - 59,19,30
"2370",1996,7,60 - 64,21,30
"2370",1996,7,65 - 69,20,45
"2370",1996,7,70 - 74,30,34
"2370",1996,7,75 - 79,29,49
"2370",1996,7,80 - 84,27,24
"2370",1996,7,85 - 89,40,32
"2370",1996,7,90 - 94,0,0
"2370",1996,7,95+,0,0
"2370",1996,7,UNK,8,6
"2370",1996,8,Total,2052,2443
"2370",1996,8,0,188,205
"2370",1996,8,1,133,155
"2370",1996,8,2,37,44
"2370",1996,8,3,14,13
"2370",1996,8,4,11,13
"2370",1996,8,5 - 9,23,24
"2370",1996,8,10 - 14,8,13
"2370",1996,8,15 - 19,24,13
"2370",1996,8,20 - 24,33,87
"2370",1996,8,25 - 29,47,146
"2370",1996,8,30 - 34,41,149
"2370",1996,8,35 - 39,33,120
"2370",1996,8,40 - 44,43,91
"2370",1996,8,45 - 49,53,88
"2370",1996,8,50 - 54,63,97
"2370",1996,8,55 - 59,102,131
"2370",1996,8,60 - 64,131,136
"2370",1996,8,65 - 69,154,175
"2370",1996,8,70 - 74,186,141
"2370",1996,8,75 - 79,170,220
"2370",1996,8,80 - 84,178,154
"2370",1996,8,85 - 89,367,206
"2370",1996,8,90 - 94,0,0
"2370",1996,8,95+,0,0
"2370",1996,8,UNK,13,22
"2370",1996,9,Total,2116,3498
"2370",1996,9,0,44,63
"2370",1996,9,1,17,14
"2370",1996,9,2,4,9
"2370",1996,9,3,7,5
"2370",1996,9,4,5,7
"2370",1996,9,5 - 9,20,21
"2370",1996,9,10 - 14,18,30
"2370",1996,9,15 - 19,27,37
"2370",1996,9,20 - 24,39,49
"2370",1996,9,25 - 29,44,58
"2370",1996,9,30 - 34,57,91
"2370",1996,9,35 - 39,76,144
"2370",1996,9,40 - 44,88,179
"2370",1996,9,45 - 49,95,245
"2370",1996,9,50 - 54,124,295
"2370",1996,9,55 - 59,176,348
"2370",1996,9,60 - 64,199,363
"2370",1996,9,65 - 69,201,398
"2370",1996,9,70 - 74,229,349
"2370",1996,9,75 - 79,216,300
"2370",1996,9,80 - 84,175,231
"2370",1996,9,85 - 89,243,221
"2370",1996,9,90 - 94,0,0
"2370",1996,9,95+,0,0
"2370",1996,9,UNK,12,41
"2370",1996,10,Total,1463,1481
"2370",1996,10,0,26,24
"2370",1996,10,1,17,13
"2370",1996,10,2,6,9
"2370",1996,10,3,2,6
"2370",1996,10,4,3,4
"2370",1996,10,5 - 9,10,12
"2370",1996,10,10 - 14,12,8
"2370",1996,10,15 - 19,16,11
"2370",1996,10,20 - 24,26,30
"2370",1996,10,25 - 29,35,26
"2370",1996,10,30 - 34,24,24
"2370",1996,10,35 - 39,30,32
"2370",1996,10,40 - 44,39,28
"2370",1996,10,45 - 49,52,47
"2370",1996,10,50 - 54,59,49
"2370",1996,10,55 - 59,80,68
"2370",1996,10,60 - 64,107,115
"2370",1996,10,65 - 69,136,127
"2370",1996,10,70 - 74,161,162
"2370",1996,10,75 - 79,135,193
"2370",1996,10,80 - 84,157,182
"2370",1996,10,85 - 89,320,295
"2370",1996,10,90 - 94,0,0
"2370",1996,10,95+,0,0
"2370",1996,10,UNK,10,16
"2370",1996,11,Total,2014,2518
"2370",1996,11,0,1905,2402
"2370",1996,11,1,21,19
"2370",1996,11,2,5,9
"2370",1996,11,3,7,4
"2370",1996,11,4,3,4
"2370",1996,11,5 - 9,10,12
"2370",1996,11,10 - 14,5,7
"2370",1996,11,15 - 19,9,8
"2370",1996,11,20 - 24,9,6
"2370",1996,11,25 - 29,0,5
"2370",1996,11,30 - 34,7,1
"2370",1996,11,35 - 39,2,2
"2370",1996,11,40 - 44,1,3
"2370",1996,11,45 - 49,2,3
"2370",1996,11,50 - 54,0,1
"2370",1996,11,55 - 59,2,2
"2370",1996,11,60 - 64,2,4
"2370",1996,11,65 - 69,2,6
"2370",1996,11,70 - 74,6,5
"2370",1996,11,75 - 79,2,4
"2370",1996,11,80 - 84,3,4
"2370",1996,11,85 - 89,4,0
"2370",1996,11,90 - 94,0,0
"2370",1996,11,95+,0,0
"2370",1996,11,UNK,7,7
"2370",1996,12,Total,5301,6078
"2370",1996,12,0,795,998
"2370",1996,12,1,188,175
"2370",1996,12,2,57,85
"2370",1996,12,3,42,36
"2370",1996,12,4,22,24
"2370",1996,12,5 - 9,65,85
"2370",1996,12,10 - 14,43,55
"2370",1996,12,15 - 19,59,68
"2370",1996,12,20 - 24,55,74
"2370",1996,12,25 - 29,59,68
"2370",1996,12,30 - 34,54,99
"2370",1996,12,35 - 39,58,99
"2370",1996,12,40 - 44,57,135
"2370",1996,12,45 - 49,86,135
"2370",1996,12,50 - 54,90,152
"2370",1996,12,55 - 59,138,180
"2370",1996,12,60 - 64,217,288
"2370",1996,12,65 - 69,273,373
"2370",1996,12,70 - 74,350,470
"2370",1996,12,75 - 79,502,600
"2370",1996,12,80 - 84,611,656
"2370",1996,12,85 - 89,1433,1159
"2370",1996,12,90 - 94,0,0
"2370",1996,12,95+,0,0
"2370",1996,12,UNK,47,64
"2370",1996,13,Total,2519,6427
"2370",1996,13,0,198,275
"2370",1996,13,1,84,112
"2370",1996,13,2,65,100
"2370",1996,13,3,47,76
"2370",1996,13,4,47,68
"2370",1996,13,5 - 9,118,236
"2370",1996,13,10 - 14,128,198
"2370",1996,13,15 - 19,229,429
"2370",1996,13,20 - 24,227,649
"2370",1996,13,25 - 29,164,638
"2370",1996,13,30 - 34,137,550
"2370",1996,13,35 - 39,150,502
"2370",1996,13,40 - 44,119,439
"2370",1996,13,45 - 49,90,400
"2370",1996,13,50 - 54,81,335
"2370",1996,13,55 - 59,86,315
"2370",1996,13,60 - 64,95,248
"2370",1996,13,65 - 69,84,236
"2370",1996,13,70 - 74,80,156
"2370",1996,13,75 - 79,73,150
"2370",1996,13,80 - 84,60,87
"2370",1996,13,85 - 89,120,142
"2370",1996,13,90 - 94,0,0
"2370",1996,13,95+,0,0
"2370",1996,13,UNK,37,86
"2370",1996,14,Total,92,549
"2370",1996,14,0,1,1
"2370",1996,14,1,0,0
"2370",1996,14,2,0,4
"2370",1996,14,3,2,0
"2370",1996,14,4,3,1
"2370",1996,14,5 - 9,0,8
"2370",1996,14,10 - 14,6,5
"2370",1996,14,15 - 19,8,64
"2370",1996,14,20 - 24,18,99
"2370",1996,14,25 - 29,6,67
"2370",1996,14,30 - 34,9,79
"2370",1996,14,35 - 39,5,60
"2370",1996,14,40 - 44,4,33
"2370",1996,14,45 - 49,7,45
"2370",1996,14,50 - 54,8,19
"2370",1996,14,55 - 59,6,19
"2370",1996,14,60 - 64,2,6
"2370",1996,14,65 - 69,4,13
"2370",1996,14,70 - 74,0,11
"2370",1996,14,75 - 79,0,4
"2370",1996,14,80 - 84,2,4
"2370",1996,14,85 - 89,0,4
"2370",1996,14,90 - 94,0,0
"2370",1996,14,95+,0,0
"2370",1996,14,UNK,1,3
"2370",1996,15,Total,851,361
"2370",1996,15,0,13,10
"2370",1996,15,1,5,7
"2370",1996,15,2,2,4
"2370",1996,15,3,7,3
"2370",1996,15,4,1,2
"2370",1996,15,5 - 9,10,14
"2370",1996,15,10 - 14,15,9
"2370",1996,15,15 - 19,50,10
"2370",1996,15,20 - 24,88,12
"2370",1996,15,25 - 29,82,9
"2370",1996,15,30 - 34,77,9
"2370",1996,15,35 - 39,68,8
"2370",1996,15,40 - 44,48,7
"2370",1996,15,45 - 49,31,8
"2370",1996,15,50 - 54,23,11
"2370",1996,15,55 - 59,16,21
"2370",1996,15,60 - 64,30,29
"2370",1996,15,65 - 69,37,23
"2370",1996,15,70 - 74,38,47
"2370",1996,15,75 - 79,50,39
"2370",1996,15,80 - 84,48,29
"2370",1996,15,85 - 89,103,47
"2370",1996,15,90 - 94,0,0
"2370",1996,15,95+,0,0
"2370",1996,15,UNK,9,3
"2370",1997,1,Total,41141,48649
"2370",1997,1,0,5205,6427
"2370",1997,1,1,1112,1197
"2370",1997,1,2,423,507
"2370",1997,1,3,223,288
"2370",1997,1,4,169,211
"2370",1997,1,5 - 9,581,768
"2370",1997,1,10 - 14,447,637
"2370",1997,1,15 - 19,744,1086
"2370",1997,1,20 - 24,990,1528
"2370",1997,1,25 - 29,887,1721
"2370",1997,1,30 - 34,914,1556
"2370",1997,1,35 - 39,1049,1679
"2370",1997,1,40 - 44,1158,1663
"2370",1997,1,45 - 49,1292,1755
"2370",1997,1,50 - 54,1475,1975
"2370",1997,1,55 - 59,1749,2251
"2370",1997,1,60 - 64,2245,2882
"2370",1997,1,65 - 69,2826,3439
"2370",1997,1,70 - 74,3056,3741
"2370",1997,1,75 - 79,3452,3977
"2370",1997,1,80 - 84,3533,3481
"2370",1997,1,85 - 89,7072,5203
"2370",1997,1,90 - 94,0,0
"2370",1997,1,95+,0,0
"2370",1997,1,UNK,539,677
"2370",1997,2,Total,2502,3126
"2370",1997,2,0,299,414
"2370",1997,2,1,194,196
"2370",1997,2,2,58,60
"2370",1997,2,3,20,21
"2370",1997,2,4,20,26
"2370",1997,2,5 - 9,56,60
"2370",1997,2,10 - 14,38,50
"2370",1997,2,15 - 19,79,84
"2370",1997,2,20 - 24,124,153
"2370",1997,2,25 - 29,102,165
"2370",1997,2,30 - 34,102,158
"2370",1997,2,35 - 39,91,125
"2370",1997,2,40 - 44,95,141
"2370",1997,2,45 - 49,84,99
"2370",1997,2,50 - 54,68,126
"2370",1997,2,55 - 59,86,143
"2370",1997,2,60 - 64,102,147
"2370",1997,2,65 - 69,125,174
"2370",1997,2,70 - 74,166,199
"2370",1997,2,75 - 79,149,205
"2370",1997,2,80 - 84,147,148
"2370",1997,2,85 - 89,267,201
"2370",1997,2,90 - 94,0,0
"2370",1997,2,95+,0,0
"2370",1997,2,UNK,30,31
"2370",1997,3,Total,6176,5348
"2370",1997,3,0,3,6
"2370",1997,3,1,9,15
"2370",1997,3,2,6,7
"2370",1997,3,3,6,15
"2370",1997,3,4,8,11
"2370",1997,3,5 - 9,49,67
"2370",1997,3,10 - 14,38,65
"2370",1997,3,15 - 19,61,61
"2370",1997,3,20 - 24,81,75
"2370",1997,3,25 - 29,96,103
"2370",1997,3,30 - 34,161,93
"2370",1997,3,35 - 39,240,134
"2370",1997,3,40 - 44,304,145
"2370",1997,3,45 - 49,387,193
"2370",1997,3,50 - 54,506,250
"2370",1997,3,55 - 59,532,364
"2370",1997,3,60 - 64,638,525
"2370",1997,3,65 - 69,750,674
"2370",1997,3,70 - 74,648,723
"2370",1997,3,75 - 79,602,705
"2370",1997,3,80 - 84,490,514
"2370",1997,3,85 - 89,517,564
"2370",1997,3,90 - 94,0,0
"2370",1997,3,95+,0,0
"2370",1997,3,UNK,44,39
"2370",1997,4,Total,5770,5684
"2370",1997,4,0,77,70
"2370",1997,4,1,42,46
"2370",1997,4,2,10,3
"2370",1997,4,3,1,8
"2370",1997,4,4,3,5
"2370",1997,4,5 - 9,12,15
"2370",1997,4,10 - 14,22,25
"2370",1997,4,15 - 19,42,48
"2370",1997,4,20 - 24,66,68
"2370",1997,4,25 - 29,52,72
"2370",1997,4,30 - 34,71,71
"2370",1997,4,35 - 39,73,109
"2370",1997,4,40 - 44,123,140
"2370",1997,4,45 - 49,113,151
"2370",1997,4,50 - 54,196,216
"2370",1997,4,55 - 59,214,308
"2370",1997,4,60 - 64,294,429
"2370",1997,4,65 - 69,437,571
"2370",1997,4,70 - 74,569,640
"2370",1997,4,75 - 79,750,739
"2370",1997,4,80 - 84,790,731
"2370",1997,4,85 - 89,1781,1167
"2370",1997,4,90 - 94,0,0
"2370",1997,4,95+,0,0
"2370",1997,4,UNK,32,52
"2370",1997,5,Total,10247,11214
"2370",1997,5,0,1907,2237
"2370",1997,5,1,387,427
"2370",1997,5,2,146,163
"2370",1997,5,3,72,85
"2370",1997,5,4,48,48
"2370",1997,5,5 - 9,160,207
"2370",1997,5,10 - 14,117,148
"2370",1997,5,15 - 19,147,182
"2370",1997,5,20 - 24,214,201
"2370",1997,5,25 - 29,207,263
"2370",1997,5,30 - 34,196,244
"2370",1997,5,35 - 39,252,291
"2370",1997,5,40 - 44,260,316
"2370",1997,5,45 - 49,268,357
"2370",1997,5,50 - 54,283,412
"2370",1997,5,55 - 59,330,453
"2370",1997,5,60 - 64,483,619
"2370",1997,5,65 - 69,579,711
"2370",1997,5,70 - 74,603,747
"2370",1997,5,75 - 79,736,878
"2370",1997,5,80 - 84,773,731
"2370",1997,5,85 - 89,1816,1203
"2370",1997,5,90 - 94,0,0
"2370",1997,5,95+,0,0
"2370",1997,5,UNK,263,291
"2370",1997,6,Total,62,240
"2370",1997,6,0,0,0
"2370",1997,6,1,0,0
"2370",1997,6,2,0,1
"2370",1997,6,3,0,0
"2370",1997,6,4,0,0
"2370",1997,6,5 - 9,1,0
"2370",1997,6,10 - 14,0,0
"2370",1997,6,15 - 19,0,4
"2370",1997,6,20 - 24,2,6
"2370",1997,6,25 - 29,0,11
"2370",1997,6,30 - 34,2,15
"2370",1997,6,35 - 39,1,24
"2370",1997,6,40 - 44,3,25
"2370",1997,6,45 - 49,2,30
"2370",1997,6,50 - 54,6,15
"2370",1997,6,55 - 59,10,25
"2370",1997,6,60 - 64,3,21
"2370",1997,6,65 - 69,6,19
"2370",1997,6,70 - 74,1,9
"2370",1997,6,75 - 79,6,15
"2370",1997,6,80 - 84,5,5
"2370",1997,6,85 - 89,14,13
"2370",1997,6,90 - 94,0,0
"2370",1997,6,95+,0,0
"2370",1997,6,UNK,0,2
"2370",1997,7,Total,598,757
"2370",1997,7,0,59,110
"2370",1997,7,1,37,30
"2370",1997,7,2,8,20
"2370",1997,7,3,5,6
"2370",1997,7,4,5,4
"2370",1997,7,5 - 9,21,32
"2370",1997,7,10 - 14,20,34
"2370",1997,7,15 - 19,38,36
"2370",1997,7,20 - 24,43,37
"2370",1997,7,25 - 29,29,34
"2370",1997,7,30 - 34,30,28
"2370",1997,7,35 - 39,14,31
"2370",1997,7,40 - 44,20,30
"2370",1997,7,45 - 49,26,31
"2370",1997,7,50 - 54,16,28
"2370",1997,7,55 - 59,17,33
"2370",1997,7,60 - 64,28,36
"2370",1997,7,65 - 69,26,40
"2370",1997,7,70 - 74,33,41
"2370",1997,7,75 - 79,38,38
"2370",1997,7,80 - 84,30,34
"2370",1997,7,85 - 89,50,34
"2370",1997,7,90 - 94,0,0
"2370",1997,7,95+,0,0
"2370",1997,7,UNK,5,10
"2370",1997,8,Total,2089,2298
"2370",1997,8,0,173,152
"2370",1997,8,1,137,103
"2370",1997,8,2,36,39
"2370",1997,8,3,23,6
"2370",1997,8,4,10,8
"2370",1997,8,5 - 9,28,22
"2370",1997,8,10 - 14,11,13
"2370",1997,8,15 - 19,15,22
"2370",1997,8,20 - 24,46,92
"2370",1997,8,25 - 29,40,135
"2370",1997,8,30 - 34,38,131
"2370",1997,8,35 - 39,42,137
"2370",1997,8,40 - 44,41,95
"2370",1997,8,45 - 49,52,100
"2370",1997,8,50 - 54,51,84
"2370",1997,8,55 - 59,83,119
"2370",1997,8,60 - 64,130,129
"2370",1997,8,65 - 69,156,164
"2370",1997,8,70 - 74,182,157
"2370",1997,8,75 - 79,185,178
"2370",1997,8,80 - 84,221,152
"2370",1997,8,85 - 89,377,241
"2370",1997,8,90 - 94,0,0
"2370",1997,8,95+,0,0
"2370",1997,8,UNK,12,19
"2370",1997,9,Total,1955,3117
"2370",1997,9,0,45,62
"2370",1997,9,1,14,27
"2370",1997,9,2,8,10
"2370",1997,9,3,8,11
"2370",1997,9,4,5,9
"2370",1997,9,5 - 9,14,19
"2370",1997,9,10 - 14,16,28
"2370",1997,9,15 - 19,26,33
"2370",1997,9,20 - 24,36,53
"2370",1997,9,25 - 29,37,70
"2370",1997,9,30 - 34,42,90
"2370",1997,9,35 - 39,66,131
"2370",1997,9,40 - 44,56,157
"2370",1997,9,45 - 49,125,217
"2370",1997,9,50 - 54,129,262
"2370",1997,9,55 - 59,166,284
"2370",1997,9,60 - 64,174,321
"2370",1997,9,65 - 69,212,377
"2370",1997,9,70 - 74,199,300
"2370",1997,9,75 - 79,176,254
"2370",1997,9,80 - 84,153,209
"2370",1997,9,85 - 89,232,173
"2370",1997,9,90 - 94,0,0
"2370",1997,9,95+,0,0
"2370",1997,9,UNK,16,20
"2370",1997,10,Total,1388,1363
"2370",1997,10,0,29,28
"2370",1997,10,1,25,20
"2370",1997,10,2,5,9
"2370",1997,10,3,2,2
"2370",1997,10,4,2,3
"2370",1997,10,5 - 9,7,13
"2370",1997,10,10 - 14,6,11
"2370",1997,10,15 - 19,19,9
"2370",1997,10,20 - 24,22,23
"2370",1997,10,25 - 29,31,26
"2370",1997,10,30 - 34,26,19
"2370",1997,10,35 - 39,20,20
"2370",1997,10,40 - 44,30,35
"2370",1997,10,45 - 49,47,30
"2370",1997,10,50 - 54,55,44
"2370",1997,10,55 - 59,58,54
"2370",1997,10,60 - 64,101,110
"2370",1997,10,65 - 69,123,128
"2370",1997,10,70 - 74,126,156
"2370",1997,10,75 - 79,151,162
"2370",1997,10,80 - 84,170,179
"2370",1997,10,85 - 89,321,271
"2370",1997,10,90 - 94,0,0
"2370",1997,10,95+,0,0
"2370",1997,10,UNK,12,11
"2370",1997,11,Total,1755,2283
"2370",1997,11,0,1666,2161
"2370",1997,11,1,16,17
"2370",1997,11,2,4,10
"2370",1997,11,3,5,5
"2370",1997,11,4,3,4
"2370",1997,11,5 - 9,8,11
"2370",1997,11,10 - 14,3,8
"2370",1997,11,15 - 19,3,10
"2370",1997,11,20 - 24,7,8
"2370",1997,11,25 - 29,5,3
"2370",1997,11,30 - 34,2,3
"2370",1997,11,35 - 39,0,4
"2370",1997,11,40 - 44,0,5
"2370",1997,11,45 - 49,3,3
"2370",1997,11,50 - 54,1,0
"2370",1997,11,55 - 59,2,3
"2370",1997,11,60 - 64,2,3
"2370",1997,11,65 - 69,7,6
"2370",1997,11,70 - 74,1,2
"2370",1997,11,75 - 79,5,3
"2370",1997,11,80 - 84,2,4
"2370",1997,11,85 - 89,2,1
"2370",1997,11,90 - 94,0,0
"2370",1997,11,95+,0,0
"2370",1997,11,UNK,8,9
"2370",1997,12,Total,5328,5999
"2370",1997,12,0,683,882
"2370",1997,12,1,144,181
"2370",1997,12,2,64,74
"2370",1997,12,3,28,42
"2370",1997,12,4,22,28
"2370",1997,12,5 - 9,71,76
"2370",1997,12,10 - 14,45,48
"2370",1997,12,15 - 19,65,63
"2370",1997,12,20 - 24,63,89
"2370",1997,12,25 - 29,57,99
"2370",1997,12,30 - 34,62,99
"2370",1997,12,35 - 39,71,103
"2370",1997,12,40 - 44,84,124
"2370",1997,12,45 - 49,77,135
"2370",1997,12,50 - 54,81,174
"2370",1997,12,55 - 59,147,177
"2370",1997,12,60 - 64,183,259
"2370",1997,12,65 - 69,294,343
"2370",1997,12,70 - 74,394,549
"2370",1997,12,75 - 79,519,619
"2370",1997,12,80 - 84,646,599
"2370",1997,12,85 - 89,1474,1169
"2370",1997,12,90 - 94,0,0
"2370",1997,12,95+,0,0
"2370",1997,12,UNK,54,67
"2370",1997,13,Total,2381,6318
"2370",1997,13,0,240,283
"2370",1997,13,1,97,125
"2370",1997,13,2,71,107
"2370",1997,13,3,51,83
"2370",1997,13,4,39,61
"2370",1997,13,5 - 9,137,237
"2370",1997,13,10 - 14,119,184
"2370",1997,13,15 - 19,196,463
"2370",1997,13,20 - 24,213,635
"2370",1997,13,25 - 29,149,647
"2370",1997,13,30 - 34,118,537
"2370",1997,13,35 - 39,109,500
"2370",1997,13,40 - 44,90,405
"2370",1997,13,45 - 49,86,363
"2370",1997,13,50 - 54,61,325
"2370",1997,13,55 - 59,70,257
"2370",1997,13,60 - 64,72,246
"2370",1997,13,65 - 69,70,195
"2370",1997,13,70 - 74,85,181
"2370",1997,13,75 - 79,76,129
"2370",1997,13,80 - 84,52,124
"2370",1997,13,85 - 89,124,115
"2370",1997,13,90 - 94,0,0
"2370",1997,13,95+,0,0
"2370",1997,13,UNK,56,116
"2370",1997,14,Total,84,498
"2370",1997,14,0,4,7
"2370",1997,14,1,1,1
"2370",1997,14,2,0,0
"2370",1997,14,3,0,1
"2370",1997,14,4,1,0
"2370",1997,14,5 - 9,4,5
"2370",1997,14,10 - 14,2,11
"2370",1997,14,15 - 19,5,49
"2370",1997,14,20 - 24,9,76
"2370",1997,14,25 - 29,9,80
"2370",1997,14,30 - 34,6,60
"2370",1997,14,35 - 39,12,61
"2370",1997,14,40 - 44,5,33
"2370",1997,14,45 - 49,5,28
"2370",1997,14,50 - 54,3,24
"2370",1997,14,55 - 59,4,15
"2370",1997,14,60 - 64,2,15
"2370",1997,14,65 - 69,1,11
"2370",1997,14,70 - 74,3,3
"2370",1997,14,75 - 79,4,4
"2370",1997,14,80 - 84,1,4
"2370",1997,14,85 - 89,3,4
"2370",1997,14,90 - 94,0,0
"2370",1997,14,95+,0,0
"2370",1997,14,UNK,0,6
"2370",1997,15,Total,806,404
"2370",1997,15,0,20,15
"2370",1997,15,1,9,9
"2370",1997,15,2,7,4
"2370",1997,15,3,2,3
"2370",1997,15,4,3,4
"2370",1997,15,5 - 9,13,4
"2370",1997,15,10 - 14,10,12
"2370",1997,15,15 - 19,48,22
"2370",1997,15,20 - 24,64,12
"2370",1997,15,25 - 29,73,13
"2370",1997,15,30 - 34,58,8
"2370",1997,15,35 - 39,58,9
"2370",1997,15,40 - 44,47,12
"2370",1997,15,45 - 49,17,18
"2370",1997,15,50 - 54,19,15
"2370",1997,15,55 - 59,30,16
"2370",1997,15,60 - 64,33,22
"2370",1997,15,65 - 69,40,26
"2370",1997,15,70 - 74,46,34
"2370",1997,15,75 - 79,55,48
"2370",1997,15,80 - 84,53,47
"2370",1997,15,85 - 89,94,47
"2370",1997,15,90 - 94,0,0
"2370",1997,15,95+,0,0
"2370",1997,15,UNK,7,4
"2370",1998,1,Total,41796,49673
"2370",1998,1,0,4487,5595
"2370",1998,1,1,1039,1171
"2370",1998,1,2,438,491
"2370",1998,1,3,213,258
"2370",1998,1,4,177,211
"2370",1998,1,5 - 9,565,709
"2370",1998,1,10 - 14,446,604
"2370",1998,1,15 - 19,768,1044
"2370",1998,1,20 - 24,883,1559
"2370",1998,1,25 - 29,809,1589
"2370",1998,1,30 - 34,917,1612
"2370",1998,1,35 - 39,1026,1627
"2370",1998,1,40 - 44,1172,1659
"2370",1998,1,45 - 49,1339,1838
"2370",1998,1,50 - 54,1561,2127
"2370",1998,1,55 - 59,1750,2398
"2370",1998,1,60 - 64,2239,2883
"2370",1998,1,65 - 69,2831,3648
"2370",1998,1,70 - 74,3184,4078
"2370",1998,1,75 - 79,3771,4422
"2370",1998,1,80 - 84,3860,3810
"2370",1998,1,85 - 89,7913,5850
"2370",1998,1,90 - 94,0,0
"2370",1998,1,95+,0,0
"2370",1998,1,UNK,408,490
"2370",1998,2,Total,2778,3595
"2370",1998,2,0,291,381
"2370",1998,2,1,213,238
"2370",1998,2,2,70,56
"2370",1998,2,3,26,26
"2370",1998,2,4,24,25
"2370",1998,2,5 - 9,62,72
"2370",1998,2,10 - 14,45,56
"2370",1998,2,15 - 19,94,92
"2370",1998,2,20 - 24,103,144
"2370",1998,2,25 - 29,111,173
"2370",1998,2,30 - 34,117,171
"2370",1998,2,35 - 39,85,155
"2370",1998,2,40 - 44,84,162
"2370",1998,2,45 - 49,74,158
"2370",1998,2,50 - 54,85,149
"2370",1998,2,55 - 59,112,143
"2370",1998,2,60 - 64,120,173
"2370",1998,2,65 - 69,154,227
"2370",1998,2,70 - 74,156,226
"2370",1998,2,75 - 79,210,259
"2370",1998,2,80 - 84,200,200
"2370",1998,2,85 - 89,315,278
"2370",1998,2,90 - 94,0,0
"2370",1998,2,95+,0,0
"2370",1998,2,UNK,27,31
"2370",1998,3,Total,6373,5624
"2370",1998,3,0,11,6
"2370",1998,3,1,7,7
"2370",1998,3,2,4,8
"2370",1998,3,3,19,15
"2370",1998,3,4,9,15
"2370",1998,3,5 - 9,49,62
"2370",1998,3,10 - 14,44,60
"2370",1998,3,15 - 19,54,77
"2370",1998,3,20 - 24,61,92
"2370",1998,3,25 - 29,83,88
"2370",1998,3,30 - 34,135,114
"2370",1998,3,35 - 39,246,129
"2370",1998,3,40 - 44,342,165
"2370",1998,3,45 - 49,468,207
"2370",1998,3,50 - 54,501,305
"2370",1998,3,55 - 59,509,398
"2370",1998,3,60 - 64,645,522
"2370",1998,3,65 - 69,694,707
"2370",1998,3,70 - 74,683,759
"2370",1998,3,75 - 79,668,780
"2370",1998,3,80 - 84,492,514
"2370",1998,3,85 - 89,602,570
"2370",1998,3,90 - 94,0,0
"2370",1998,3,95+,0,0
"2370",1998,3,UNK,47,24
"2370",1998,4,Total,6483,6446
"2370",1998,4,0,107,125
"2370",1998,4,1,20,30
"2370",1998,4,2,9,17
"2370",1998,4,3,2,5
"2370",1998,4,4,5,6
"2370",1998,4,5 - 9,29,29
"2370",1998,4,10 - 14,34,35
"2370",1998,4,15 - 19,55,61
"2370",1998,4,20 - 24,56,60
"2370",1998,4,25 - 29,70,84
"2370",1998,4,30 - 34,62,92
"2370",1998,4,35 - 39,93,121
"2370",1998,4,40 - 44,121,128
"2370",1998,4,45 - 49,148,148
"2370",1998,4,50 - 54,226,240
"2370",1998,4,55 - 59,247,344
"2370",1998,4,60 - 64,325,479
"2370",1998,4,65 - 69,465,610
"2370",1998,4,70 - 74,615,783
"2370",1998,4,75 - 79,809,851
"2370",1998,4,80 - 84,891,828
"2370",1998,4,85 - 89,2055,1309
"2370",1998,4,90 - 94,0,0
"2370",1998,4,95+,0,0
"2370",1998,4,UNK,39,61
"2370",1998,5,Total,8590,9414
"2370",1998,5,0,1381,1719
"2370",1998,5,1,278,322
"2370",1998,5,2,147,149
"2370",1998,5,3,58,61
"2370",1998,5,4,46,51
"2370",1998,5,5 - 9,116,131
"2370",1998,5,10 - 14,82,91
"2370",1998,5,15 - 19,150,132
"2370",1998,5,20 - 24,169,213
"2370",1998,5,25 - 29,146,171
"2370",1998,5,30 - 34,163,210
"2370",1998,5,35 - 39,189,211
"2370",1998,5,40 - 44,190,260
"2370",1998,5,45 - 49,190,297
"2370",1998,5,50 - 54,244,370
"2370",1998,5,55 - 59,273,424
"2370",1998,5,60 - 64,430,466
"2370",1998,5,65 - 69,475,646
"2370",1998,5,70 - 74,564,707
"2370",1998,5,75 - 79,664,816
"2370",1998,5,80 - 84,743,692
"2370",1998,5,85 - 89,1728,1101
"2370",1998,5,90 - 94,0,0
"2370",1998,5,95+,0,0
"2370",1998,5,UNK,164,174
"2370",1998,6,Total,113,362
"2370",1998,6,0,0,0
"2370",1998,6,1,0,0
"2370",1998,6,2,0,0
"2370",1998,6,3,0,0
"2370",1998,6,4,0,0
"2370",1998,6,5 - 9,0,0
"2370",1998,6,10 - 14,0,2
"2370",1998,6,15 - 19,0,2
"2370",1998,6,20 - 24,1,4
"2370",1998,6,25 - 29,0,7
"2370",1998,6,30 - 34,1,14
"2370",1998,6,35 - 39,5,23
"2370",1998,6,40 - 44,6,23
"2370",1998,6,45 - 49,12,42
"2370",1998,6,50 - 54,9,33
"2370",1998,6,55 - 59,7,49
"2370",1998,6,60 - 64,4,39
"2370",1998,6,65 - 69,6,42
"2370",1998,6,70 - 74,5,24
"2370",1998,6,75 - 79,11,23
"2370",1998,6,80 - 84,18,11
"2370",1998,6,85 - 89,28,23
"2370",1998,6,90 - 94,0,0
"2370",1998,6,95+,0,0
"2370",1998,6,UNK,0,1
"2370",1998,7,Total,632,786
"2370",1998,7,0,88,119
"2370",1998,7,1,41,39
"2370",1998,7,2,15,15
"2370",1998,7,3,11,13
"2370",1998,7,4,10,9
"2370",1998,7,5 - 9,27,29
"2370",1998,7,10 - 14,26,21
"2370",1998,7,15 - 19,43,30
"2370",1998,7,20 - 24,42,44
"2370",1998,7,25 - 29,20,44
"2370",1998,7,30 - 34,22,34
"2370",1998,7,35 - 39,19,38
"2370",1998,7,40 - 44,17,28
"2370",1998,7,45 - 49,20,33
"2370",1998,7,50 - 54,26,29
"2370",1998,7,55 - 59,22,34
"2370",1998,7,60 - 64,25,29
"2370",1998,7,65 - 69,24,31
"2370",1998,7,70 - 74,40,44
"2370",1998,7,75 - 79,20,36
"2370",1998,7,80 - 84,25,39
"2370",1998,7,85 - 89,45,43
"2370",1998,7,90 - 94,0,0
"2370",1998,7,95+,0,0
"2370",1998,7,UNK,4,5
"2370",1998,8,Total,1923,2150
"2370",1998,8,0,128,138
"2370",1998,8,1,123,107
"2370",1998,8,2,36,43
"2370",1998,8,3,12,12
"2370",1998,8,4,11,6
"2370",1998,8,5 - 9,21,21
"2370",1998,8,10 - 14,17,8
"2370",1998,8,15 - 19,12,12
"2370",1998,8,20 - 24,43,71
"2370",1998,8,25 - 29,47,169
"2370",1998,8,30 - 34,57,155
"2370",1998,8,35 - 39,33,113
"2370",1998,8,40 - 44,50,104
"2370",1998,8,45 - 49,56,80
"2370",1998,8,50 - 54,59,122
"2370",1998,8,55 - 59,90,100
"2370",1998,8,60 - 64,96,118
"2370",1998,8,65 - 69,159,143
"2370",1998,8,70 - 74,156,155
"2370",1998,8,75 - 79,189,144
"2370",1998,8,80 - 84,181,115
"2370",1998,8,85 - 89,330,202
"2370",1998,8,90 - 94,0,0
"2370",1998,8,95+,0,0
"2370",1998,8,UNK,17,12
"2370",1998,9,Total,2115,3362
"2370",1998,9,0,34,49
"2370",1998,9,1,11,16
"2370",1998,9,2,5,8
"2370",1998,9,3,3,1
"2370",1998,9,4,4,6
"2370",1998,9,5 - 9,17,31
"2370",1998,9,10 - 14,12,12
"2370",1998,9,15 - 19,23,31
"2370",1998,9,20 - 24,47,78
"2370",1998,9,25 - 29,41,44
"2370",1998,9,30 - 34,42,63
"2370",1998,9,35 - 39,52,111
"2370",1998,9,40 - 44,80,186
"2370",1998,9,45 - 49,107,247
"2370",1998,9,50 - 54,123,263
"2370",1998,9,55 - 59,166,333
"2370",1998,9,60 - 64,175,357
"2370",1998,9,65 - 69,231,395
"2370",1998,9,70 - 74,219,368
"2370",1998,9,75 - 79,247,309
"2370",1998,9,80 - 84,180,201
"2370",1998,9,85 - 89,282,233
"2370",1998,9,90 - 94,0,0
"2370",1998,9,95+,0,0
"2370",1998,9,UNK,14,20
"2370",1998,10,Total,1461,1514
"2370",1998,10,0,22,23
"2370",1998,10,1,14,11
"2370",1998,10,2,9,7
"2370",1998,10,3,1,1
"2370",1998,10,4,1,2
"2370",1998,10,5 - 9,10,15
"2370",1998,10,10 - 14,12,5
"2370",1998,10,15 - 19,20,18
"2370",1998,10,20 - 24,23,19
"2370",1998,10,25 - 29,24,18
"2370",1998,10,30 - 34,21,20
"2370",1998,10,35 - 39,29,27
"2370",1998,10,40 - 44,42,25
"2370",1998,10,45 - 49,43,39
"2370",1998,10,50 - 54,57,62
"2370",1998,10,55 - 59,59,67
"2370",1998,10,60 - 64,79,102
"2370",1998,10,65 - 69,134,147
"2370",1998,10,70 - 74,141,183
"2370",1998,10,75 - 79,187,204
"2370",1998,10,80 - 84,185,200
"2370",1998,10,85 - 89,338,309
"2370",1998,10,90 - 94,0,0
"2370",1998,10,95+,0,0
"2370",1998,10,UNK,10,10
"2370",1998,11,Total,1453,1936
"2370",1998,11,0,1350,1810
"2370",1998,11,1,16,23
"2370",1998,11,2,9,9
"2370",1998,11,3,0,3
"2370",1998,11,4,5,3
"2370",1998,11,5 - 9,9,9
"2370",1998,11,10 - 14,8,13
"2370",1998,11,15 - 19,4,5
"2370",1998,11,20 - 24,4,5
"2370",1998,11,25 - 29,7,6
"2370",1998,11,30 - 34,6,4
"2370",1998,11,35 - 39,7,3
"2370",1998,11,40 - 44,1,3
"2370",1998,11,45 - 49,4,7
"2370",1998,11,50 - 54,2,4
"2370",1998,11,55 - 59,0,1
"2370",1998,11,60 - 64,2,1
"2370",1998,11,65 - 69,0,2
"2370",1998,11,70 - 74,5,6
"2370",1998,11,75 - 79,4,8
"2370",1998,11,80 - 84,2,3
"2370",1998,11,85 - 89,1,2
"2370",1998,11,90 - 94,0,0
"2370",1998,11,95+,0,0
"2370",1998,11,UNK,7,6
"2370",1998,12,Total,6500,7161
"2370",1998,12,0,800,934
"2370",1998,12,1,210,239
"2370",1998,12,2,61,83
"2370",1998,12,3,35,37
"2370",1998,12,4,20,25
"2370",1998,12,5 - 9,75,68
"2370",1998,12,10 - 14,43,61
"2370",1998,12,15 - 19,60,70
"2370",1998,12,20 - 24,63,86
"2370",1998,12,25 - 29,54,90
"2370",1998,12,30 - 34,60,107
"2370",1998,12,35 - 39,72,117
"2370",1998,12,40 - 44,73,128
"2370",1998,12,45 - 49,92,136
"2370",1998,12,50 - 54,109,190
"2370",1998,12,55 - 59,176,201
"2370",1998,12,60 - 64,235,310
"2370",1998,12,65 - 69,354,455
"2370",1998,12,70 - 74,474,603
"2370",1998,12,75 - 79,638,769
"2370",1998,12,80 - 84,799,860
"2370",1998,12,85 - 89,1947,1542
"2370",1998,12,90 - 94,0,0
"2370",1998,12,95+,0,0
"2370",1998,12,UNK,50,50
"2370",1998,13,Total,2454,6267
"2370",1998,13,0,254,267
"2370",1998,13,1,98,133
"2370",1998,13,2,69,92
"2370",1998,13,3,44,83
"2370",1998,13,4,40,60
"2370",1998,13,5 - 9,144,227
"2370",1998,13,10 - 14,110,222
"2370",1998,13,15 - 19,191,436
"2370",1998,13,20 - 24,184,614
"2370",1998,13,25 - 29,145,578
"2370",1998,13,30 - 34,150,524
"2370",1998,13,35 - 39,108,493
"2370",1998,13,40 - 44,109,394
"2370",1998,13,45 - 49,98,404
"2370",1998,13,50 - 54,91,310
"2370",1998,13,55 - 59,72,269
"2370",1998,13,60 - 64,76,248
"2370",1998,13,65 - 69,101,214
"2370",1998,13,70 - 74,84,174
"2370",1998,13,75 - 79,70,166
"2370",1998,13,80 - 84,75,109
"2370",1998,13,85 - 89,118,164
"2370",1998,13,90 - 94,0,0
"2370",1998,13,95+,0,0
"2370",1998,13,UNK,23,86
"2370",1998,14,Total,91,670
"2370",1998,14,0,1,2
"2370",1998,14,1,1,0
"2370",1998,14,2,1,0
"2370",1998,14,3,1,0
"2370",1998,14,4,1,3
"2370",1998,14,5 - 9,3,8
"2370",1998,14,10 - 14,2,12
"2370",1998,14,15 - 19,10,64
"2370",1998,14,20 - 24,15,120
"2370",1998,14,25 - 29,6,106
"2370",1998,14,30 - 34,11,83
"2370",1998,14,35 - 39,9,73
"2370",1998,14,40 - 44,6,43
"2370",1998,14,45 - 49,5,33
"2370",1998,14,50 - 54,4,34
"2370",1998,14,55 - 59,5,23
"2370",1998,14,60 - 64,1,25
"2370",1998,14,65 - 69,3,5
"2370",1998,14,70 - 74,2,13
"2370",1998,14,75 - 79,2,6
"2370",1998,14,80 - 84,0,3
"2370",1998,14,85 - 89,1,7
"2370",1998,14,90 - 94,0,0
"2370",1998,14,95+,0,0
"2370",1998,14,UNK,1,7
"2370",1998,15,Total,830,386
"2370",1998,15,0,20,22
"2370",1998,15,1,7,6
"2370",1998,15,2,3,4
"2370",1998,15,3,1,1
"2370",1998,15,4,1,0
"2370",1998,15,5 - 9,3,7
"2370",1998,15,10 - 14,11,6
"2370",1998,15,15 - 19,52,14
"2370",1998,15,20 - 24,72,9
"2370",1998,15,25 - 29,55,11
"2370",1998,15,30 - 34,70,21
"2370",1998,15,35 - 39,79,13
"2370",1998,15,40 - 44,51,10
"2370",1998,15,45 - 49,22,7
"2370",1998,15,50 - 54,25,16
"2370",1998,15,55 - 59,12,12
"2370",1998,15,60 - 64,26,14
"2370",1998,15,65 - 69,31,24
"2370",1998,15,70 - 74,40,33
"2370",1998,15,75 - 79,52,51
"2370",1998,15,80 - 84,69,35
"2370",1998,15,85 - 89,123,67
"2370",1998,15,90 - 94,0,0
"2370",1998,15,95+,0,0
"2370",1998,15,UNK,5,3
