"","Year","Cause","Age","Female","Male"
"2190",1990,1,Total,11512,16712
"2190",1990,1,0,1624,2078
"2190",1990,1,1,307,357
"2190",1990,1,2,136,147
"2190",1990,1,3,75,92
"2190",1990,1,4,61,59
"2190",1990,1,5 - 9,160,203
"2190",1990,1,10 - 14,162,221
"2190",1990,1,15 - 19,259,716
"2190",1990,1,20 - 24,269,1023
"2190",1990,1,25 - 29,221,922
"2190",1990,1,30 - 34,226,765
"2190",1990,1,35 - 39,274,702
"2190",1990,1,40 - 44,306,690
"2190",1990,1,45 - 49,373,695
"2190",1990,1,50 - 54,433,770
"2190",1990,1,55 - 59,523,770
"2190",1990,1,60 - 64,658,903
"2190",1990,1,65 - 69,760,975
"2190",1990,1,70 - 74,850,1020
"2190",1990,1,75 - 79,999,1118
"2190",1990,1,80 - 84,1010,1011
"2190",1990,1,85 - 89,1724,1255
"2190",1990,1,90 - 94,0,0
"2190",1990,1,95+,0,0
"2190",1990,1,UNK,102,220
"2190",1990,2,Total,897,1185
"2190",1990,2,0,356,457
"2190",1990,2,1,107,113
"2190",1990,2,2,40,35
"2190",1990,2,3,26,18
"2190",1990,2,4,16,8
"2190",1990,2,5 - 9,28,30
"2190",1990,2,10 - 14,15,17
"2190",1990,2,15 - 19,17,13
"2190",1990,2,20 - 24,17,17
"2190",1990,2,25 - 29,10,17
"2190",1990,2,30 - 34,3,15
"2190",1990,2,35 - 39,12,20
"2190",1990,2,40 - 44,5,17
"2190",1990,2,45 - 49,13,17
"2190",1990,2,50 - 54,15,28
"2190",1990,2,55 - 59,21,40
"2190",1990,2,60 - 64,22,45
"2190",1990,2,65 - 69,27,51
"2190",1990,2,70 - 74,25,53
"2190",1990,2,75 - 79,40,68
"2190",1990,2,80 - 84,39,46
"2190",1990,2,85 - 89,42,49
"2190",1990,2,90 - 94,0,0
"2190",1990,2,95+,0,0
"2190",1990,2,UNK,1,11
"2190",1990,3,Total,1152,720
"2190",1990,3,0,3,4
"2190",1990,3,1,1,1
"2190",1990,3,2,3,2
"2190",1990,3,3,2,5
"2190",1990,3,4,0,1
"2190",1990,3,5 - 9,9,4
"2190",1990,3,10 - 14,3,15
"2190",1990,3,15 - 19,11,14
"2190",1990,3,20 - 24,17,12
"2190",1990,3,25 - 29,19,12
"2190",1990,3,30 - 34,41,10
"2190",1990,3,35 - 39,58,21
"2190",1990,3,40 - 44,68,16
"2190",1990,3,45 - 49,99,33
"2190",1990,3,50 - 54,113,42
"2190",1990,3,55 - 59,114,48
"2190",1990,3,60 - 64,122,81
"2190",1990,3,65 - 69,105,98
"2190",1990,3,70 - 74,110,93
"2190",1990,3,75 - 79,109,83
"2190",1990,3,80 - 84,68,67
"2190",1990,3,85 - 89,62,50
"2190",1990,3,90 - 94,0,0
"2190",1990,3,95+,0,0
"2190",1990,3,UNK,15,8
"2190",1990,4,Total,2362,2411
"2190",1990,4,0,21,38
"2190",1990,4,1,11,10
"2190",1990,4,2,4,2
"2190",1990,4,3,4,2
"2190",1990,4,4,2,1
"2190",1990,4,5 - 9,11,12
"2190",1990,4,10 - 14,19,17
"2190",1990,4,15 - 19,29,32
"2190",1990,4,20 - 24,27,32
"2190",1990,4,25 - 29,37,43
"2190",1990,4,30 - 34,47,63
"2190",1990,4,35 - 39,29,67
"2190",1990,4,40 - 44,58,77
"2190",1990,4,45 - 49,88,84
"2190",1990,4,50 - 54,96,128
"2190",1990,4,55 - 59,136,133
"2190",1990,4,60 - 64,163,198
"2190",1990,4,65 - 69,215,269
"2190",1990,4,70 - 74,256,273
"2190",1990,4,75 - 79,301,339
"2190",1990,4,80 - 84,325,273
"2190",1990,4,85 - 89,459,293
"2190",1990,4,90 - 94,0,0
"2190",1990,4,95+,0,0
"2190",1990,4,UNK,24,25
"2190",1990,5,Total,2562,2466
"2190",1990,5,0,35,44
"2190",1990,5,1,75,88
"2190",1990,5,2,34,37
"2190",1990,5,3,18,26
"2190",1990,5,4,14,15
"2190",1990,5,5 - 9,29,38
"2190",1990,5,10 - 14,25,30
"2190",1990,5,15 - 19,33,45
"2190",1990,5,20 - 24,41,48
"2190",1990,5,25 - 29,33,58
"2190",1990,5,30 - 34,31,60
"2190",1990,5,35 - 39,44,51
"2190",1990,5,40 - 44,43,68
"2190",1990,5,45 - 49,58,71
"2190",1990,5,50 - 54,75,77
"2190",1990,5,55 - 59,85,95
"2190",1990,5,60 - 64,119,143
"2190",1990,5,65 - 69,161,151
"2190",1990,5,70 - 74,206,204
"2190",1990,5,75 - 79,262,262
"2190",1990,5,80 - 84,319,311
"2190",1990,5,85 - 89,795,507
"2190",1990,5,90 - 94,0,0
"2190",1990,5,95+,0,0
"2190",1990,5,UNK,27,37
"2190",1990,6,Total,55,1008
"2190",1990,6,0,0,0
"2190",1990,6,1,0,0
"2190",1990,6,2,0,0
"2190",1990,6,3,0,0
"2190",1990,6,4,0,0
"2190",1990,6,5 - 9,0,0
"2190",1990,6,10 - 14,1,1
"2190",1990,6,15 - 19,0,4
"2190",1990,6,20 - 24,2,19
"2190",1990,6,25 - 29,3,64
"2190",1990,6,30 - 34,2,99
"2190",1990,6,35 - 39,5,103
"2190",1990,6,40 - 44,2,132
"2190",1990,6,45 - 49,12,120
"2190",1990,6,50 - 54,9,123
"2190",1990,6,55 - 59,5,101
"2190",1990,6,60 - 64,4,74
"2190",1990,6,65 - 69,5,51
"2190",1990,6,70 - 74,0,50
"2190",1990,6,75 - 79,2,24
"2190",1990,6,80 - 84,1,10
"2190",1990,6,85 - 89,1,8
"2190",1990,6,90 - 94,0,0
"2190",1990,6,95+,0,0
"2190",1990,6,UNK,1,25
"2190",1990,7,Total,200,282
"2190",1990,7,0,28,38
"2190",1990,7,1,4,2
"2190",1990,7,2,5,5
"2190",1990,7,3,2,3
"2190",1990,7,4,1,1
"2190",1990,7,5 - 9,12,12
"2190",1990,7,10 - 14,8,14
"2190",1990,7,15 - 19,13,9
"2190",1990,7,20 - 24,9,12
"2190",1990,7,25 - 29,10,14
"2190",1990,7,30 - 34,5,7
"2190",1990,7,35 - 39,7,7
"2190",1990,7,40 - 44,7,13
"2190",1990,7,45 - 49,4,12
"2190",1990,7,50 - 54,9,10
"2190",1990,7,55 - 59,2,13
"2190",1990,7,60 - 64,8,13
"2190",1990,7,65 - 69,9,11
"2190",1990,7,70 - 74,15,19
"2190",1990,7,75 - 79,17,25
"2190",1990,7,80 - 84,14,18
"2190",1990,7,85 - 89,11,16
"2190",1990,7,90 - 94,0,0
"2190",1990,7,95+,0,0
"2190",1990,7,UNK,0,8
"2190",1990,8,Total,458,456
"2190",1990,8,0,83,103
"2190",1990,8,1,29,38
"2190",1990,8,2,10,20
"2190",1990,8,3,5,6
"2190",1990,8,4,6,6
"2190",1990,8,5 - 9,9,7
"2190",1990,8,10 - 14,5,2
"2190",1990,8,15 - 19,4,5
"2190",1990,8,20 - 24,10,6
"2190",1990,8,25 - 29,3,9
"2190",1990,8,30 - 34,4,5
"2190",1990,8,35 - 39,4,10
"2190",1990,8,40 - 44,5,13
"2190",1990,8,45 - 49,10,15
"2190",1990,8,50 - 54,24,27
"2190",1990,8,55 - 59,26,17
"2190",1990,8,60 - 64,34,22
"2190",1990,8,65 - 69,41,26
"2190",1990,8,70 - 74,43,24
"2190",1990,8,75 - 79,40,28
"2190",1990,8,80 - 84,27,31
"2190",1990,8,85 - 89,32,30
"2190",1990,8,90 - 94,0,0
"2190",1990,8,95+,0,0
"2190",1990,8,UNK,4,6
"2190",1990,9,Total,570,930
"2190",1990,9,0,19,37
"2190",1990,9,1,7,8
"2190",1990,9,2,6,4
"2190",1990,9,3,0,0
"2190",1990,9,4,3,0
"2190",1990,9,5 - 9,3,9
"2190",1990,9,10 - 14,3,5
"2190",1990,9,15 - 19,10,9
"2190",1990,9,20 - 24,6,9
"2190",1990,9,25 - 29,11,29
"2190",1990,9,30 - 34,13,47
"2190",1990,9,35 - 39,16,54
"2190",1990,9,40 - 44,18,59
"2190",1990,9,45 - 49,22,85
"2190",1990,9,50 - 54,26,71
"2190",1990,9,55 - 59,51,81
"2190",1990,9,60 - 64,50,93
"2190",1990,9,65 - 69,56,74
"2190",1990,9,70 - 74,65,70
"2190",1990,9,75 - 79,59,61
"2190",1990,9,80 - 84,49,58
"2190",1990,9,85 - 89,70,56
"2190",1990,9,90 - 94,0,0
"2190",1990,9,95+,0,0
"2190",1990,9,UNK,7,11
"2190",1990,10,Total,156,313
"2190",1990,10,0,5,3
"2190",1990,10,1,0,2
"2190",1990,10,2,1,1
"2190",1990,10,3,1,0
"2190",1990,10,4,0,0
"2190",1990,10,5 - 9,1,1
"2190",1990,10,10 - 14,1,1
"2190",1990,10,15 - 19,7,5
"2190",1990,10,20 - 24,8,1
"2190",1990,10,25 - 29,6,7
"2190",1990,10,30 - 34,3,12
"2190",1990,10,35 - 39,10,18
"2190",1990,10,40 - 44,10,16
"2190",1990,10,45 - 49,6,22
"2190",1990,10,50 - 54,7,18
"2190",1990,10,55 - 59,7,18
"2190",1990,10,60 - 64,18,32
"2190",1990,10,65 - 69,13,34
"2190",1990,10,70 - 74,13,25
"2190",1990,10,75 - 79,13,36
"2190",1990,10,80 - 84,12,31
"2190",1990,10,85 - 89,12,28
"2190",1990,10,90 - 94,0,0
"2190",1990,10,95+,0,0
"2190",1990,10,UNK,2,2
"2190",1990,11,Total,853,1083
"2190",1990,11,0,830,1065
"2190",1990,11,1,6,6
"2190",1990,11,2,2,1
"2190",1990,11,3,1,1
"2190",1990,11,4,2,0
"2190",1990,11,5 - 9,4,2
"2190",1990,11,10 - 14,3,2
"2190",1990,11,15 - 19,1,3
"2190",1990,11,20 - 24,2,1
"2190",1990,11,25 - 29,1,0
"2190",1990,11,30 - 34,0,0
"2190",1990,11,35 - 39,1,2
"2190",1990,11,40 - 44,0,0
"2190",1990,11,45 - 49,0,0
"2190",1990,11,50 - 54,0,0
"2190",1990,11,55 - 59,0,0
"2190",1990,11,60 - 64,0,0
"2190",1990,11,65 - 69,0,0
"2190",1990,11,70 - 74,0,0
"2190",1990,11,75 - 79,0,0
"2190",1990,11,80 - 84,0,0
"2190",1990,11,85 - 89,0,0
"2190",1990,11,90 - 94,0,0
"2190",1990,11,95+,0,0
"2190",1990,11,UNK,0,0
"2190",1990,12,Total,942,1010
"2190",1990,12,0,217,258
"2190",1990,12,1,53,71
"2190",1990,12,2,22,28
"2190",1990,12,3,10,19
"2190",1990,12,4,6,13
"2190",1990,12,5 - 9,13,9
"2190",1990,12,10 - 14,12,9
"2190",1990,12,15 - 19,7,4
"2190",1990,12,20 - 24,6,11
"2190",1990,12,25 - 29,8,10
"2190",1990,12,30 - 34,11,8
"2190",1990,12,35 - 39,9,17
"2190",1990,12,40 - 44,12,16
"2190",1990,12,45 - 49,24,18
"2190",1990,12,50 - 54,16,34
"2190",1990,12,55 - 59,28,27
"2190",1990,12,60 - 64,50,28
"2190",1990,12,65 - 69,62,58
"2190",1990,12,70 - 74,53,78
"2190",1990,12,75 - 79,91,90
"2190",1990,12,80 - 84,84,76
"2190",1990,12,85 - 89,144,120
"2190",1990,12,90 - 94,0,0
"2190",1990,12,95+,0,0
"2190",1990,12,UNK,4,8
"2190",1990,13,Total,792,3184
"2190",1990,13,0,14,20
"2190",1990,13,1,10,13
"2190",1990,13,2,7,10
"2190",1990,13,3,4,8
"2190",1990,13,4,9,10
"2190",1990,13,5 - 9,37,77
"2190",1990,13,10 - 14,57,93
"2190",1990,13,15 - 19,102,414
"2190",1990,13,20 - 24,93,591
"2190",1990,13,25 - 29,57,445
"2190",1990,13,30 - 34,47,274
"2190",1990,13,35 - 39,46,197
"2190",1990,13,40 - 44,42,168
"2190",1990,13,45 - 49,19,135
"2190",1990,13,50 - 54,25,130
"2190",1990,13,55 - 59,31,125
"2190",1990,13,60 - 64,31,100
"2190",1990,13,65 - 69,28,99
"2190",1990,13,70 - 74,27,84
"2190",1990,13,75 - 79,25,54
"2190",1990,13,80 - 84,26,45
"2190",1990,13,85 - 89,45,49
"2190",1990,13,90 - 94,0,0
"2190",1990,13,95+,0,0
"2190",1990,13,UNK,10,43
"2190",1990,14,Total,110,1345
"2190",1990,14,0,2,1
"2190",1990,14,1,0,2
"2190",1990,14,2,0,0
"2190",1990,14,3,1,1
"2190",1990,14,4,0,1
"2190",1990,14,5 - 9,2,0
"2190",1990,14,10 - 14,5,14
"2190",1990,14,15 - 19,11,155
"2190",1990,14,20 - 24,14,261
"2190",1990,14,25 - 29,10,209
"2190",1990,14,30 - 34,9,162
"2190",1990,14,35 - 39,14,129
"2190",1990,14,40 - 44,12,88
"2190",1990,14,45 - 49,5,74
"2190",1990,14,50 - 54,7,62
"2190",1990,14,55 - 59,3,57
"2190",1990,14,60 - 64,3,37
"2190",1990,14,65 - 69,1,18
"2190",1990,14,70 - 74,2,17
"2190",1990,14,75 - 79,2,12
"2190",1990,14,80 - 84,1,6
"2190",1990,14,85 - 89,1,6
"2190",1990,14,90 - 94,0,0
"2190",1990,14,95+,0,0
"2190",1990,14,UNK,5,33
"2190",1990,15,Total,403,319
"2190",1990,15,0,11,10
"2190",1990,15,1,4,3
"2190",1990,15,2,2,2
"2190",1990,15,3,1,3
"2190",1990,15,4,2,3
"2190",1990,15,5 - 9,2,2
"2190",1990,15,10 - 14,5,1
"2190",1990,15,15 - 19,14,4
"2190",1990,15,20 - 24,17,3
"2190",1990,15,25 - 29,13,5
"2190",1990,15,30 - 34,10,3
"2190",1990,15,35 - 39,19,6
"2190",1990,15,40 - 44,24,7
"2190",1990,15,45 - 49,13,9
"2190",1990,15,50 - 54,11,20
"2190",1990,15,55 - 59,14,15
"2190",1990,15,60 - 64,34,37
"2190",1990,15,65 - 69,37,35
"2190",1990,15,70 - 74,35,30
"2190",1990,15,75 - 79,38,36
"2190",1990,15,80 - 84,45,39
"2190",1990,15,85 - 89,50,43
"2190",1990,15,90 - 94,0,0
"2190",1990,15,95+,0,0
"2190",1990,15,UNK,2,3
"2190",1991,1,Total,10727,16369
"2190",1991,1,0,1267,1651
"2190",1991,1,1,248,271
"2190",1991,1,2,72,83
"2190",1991,1,3,46,56
"2190",1991,1,4,24,42
"2190",1991,1,5 - 9,146,218
"2190",1991,1,10 - 14,173,238
"2190",1991,1,15 - 19,238,685
"2190",1991,1,20 - 24,235,1061
"2190",1991,1,25 - 29,266,882
"2190",1991,1,30 - 34,232,766
"2190",1991,1,35 - 39,269,719
"2190",1991,1,40 - 44,292,785
"2190",1991,1,45 - 49,349,746
"2190",1991,1,50 - 54,459,777
"2190",1991,1,55 - 59,506,778
"2190",1991,1,60 - 64,724,955
"2190",1991,1,65 - 69,797,1023
"2190",1991,1,70 - 74,870,1074
"2190",1991,1,75 - 79,925,1044
"2190",1991,1,80 - 84,1010,1014
"2190",1991,1,85 - 89,1576,1501
"2190",1991,1,90 - 94,0,0
"2190",1991,1,95+,0,0
"2190",1991,1,UNK,3,0
"2190",1991,2,Total,685,950
"2190",1991,2,0,212,284
"2190",1991,2,1,71,102
"2190",1991,2,2,15,20
"2190",1991,2,3,5,8
"2190",1991,2,4,7,4
"2190",1991,2,5 - 9,19,24
"2190",1991,2,10 - 14,18,20
"2190",1991,2,15 - 19,15,13
"2190",1991,2,20 - 24,19,13
"2190",1991,2,25 - 29,8,11
"2190",1991,2,30 - 34,13,24
"2190",1991,2,35 - 39,9,18
"2190",1991,2,40 - 44,14,22
"2190",1991,2,45 - 49,15,35
"2190",1991,2,50 - 54,21,24
"2190",1991,2,55 - 59,21,37
"2190",1991,2,60 - 64,32,35
"2190",1991,2,65 - 69,24,55
"2190",1991,2,70 - 74,36,53
"2190",1991,2,75 - 79,31,62
"2190",1991,2,80 - 84,30,41
"2190",1991,2,85 - 89,50,45
"2190",1991,2,90 - 94,0,0
"2190",1991,2,95+,0,0
"2190",1991,2,UNK,0,0
"2190",1991,3,Total,1160,805
"2190",1991,3,0,10,1
"2190",1991,3,1,0,2
"2190",1991,3,2,1,2
"2190",1991,3,3,3,3
"2190",1991,3,4,0,0
"2190",1991,3,5 - 9,8,10
"2190",1991,3,10 - 14,13,9
"2190",1991,3,15 - 19,16,11
"2190",1991,3,20 - 24,10,17
"2190",1991,3,25 - 29,33,13
"2190",1991,3,30 - 34,50,21
"2190",1991,3,35 - 39,45,20
"2190",1991,3,40 - 44,65,17
"2190",1991,3,45 - 49,73,28
"2190",1991,3,50 - 54,102,61
"2190",1991,3,55 - 59,113,58
"2190",1991,3,60 - 64,135,92
"2190",1991,3,65 - 69,136,118
"2190",1991,3,70 - 74,103,93
"2190",1991,3,75 - 79,84,87
"2190",1991,3,80 - 84,74,82
"2190",1991,3,85 - 89,86,60
"2190",1991,3,90 - 94,0,0
"2190",1991,3,95+,0,0
"2190",1991,3,UNK,0,0
"2190",1991,4,Total,2240,2366
"2190",1991,4,0,12,12
"2190",1991,4,1,5,7
"2190",1991,4,2,4,3
"2190",1991,4,3,0,2
"2190",1991,4,4,1,1
"2190",1991,4,5 - 9,4,6
"2190",1991,4,10 - 14,24,28
"2190",1991,4,15 - 19,18,23
"2190",1991,4,20 - 24,30,40
"2190",1991,4,25 - 29,28,42
"2190",1991,4,30 - 34,28,45
"2190",1991,4,35 - 39,43,47
"2190",1991,4,40 - 44,55,80
"2190",1991,4,45 - 49,68,85
"2190",1991,4,50 - 54,108,126
"2190",1991,4,55 - 59,143,165
"2190",1991,4,60 - 64,210,222
"2190",1991,4,65 - 69,230,240
"2190",1991,4,70 - 74,259,309
"2190",1991,4,75 - 79,305,266
"2190",1991,4,80 - 84,292,258
"2190",1991,4,85 - 89,373,359
"2190",1991,4,90 - 94,0,0
"2190",1991,4,95+,0,0
"2190",1991,4,UNK,0,0
"2190",1991,5,Total,2320,2382
"2190",1991,5,0,18,16
"2190",1991,5,1,59,73
"2190",1991,5,2,9,18
"2190",1991,5,3,11,10
"2190",1991,5,4,7,11
"2190",1991,5,5 - 9,32,35
"2190",1991,5,10 - 14,21,33
"2190",1991,5,15 - 19,36,34
"2190",1991,5,20 - 24,27,52
"2190",1991,5,25 - 29,38,53
"2190",1991,5,30 - 34,35,49
"2190",1991,5,35 - 39,44,53
"2190",1991,5,40 - 44,47,98
"2190",1991,5,45 - 49,56,72
"2190",1991,5,50 - 54,72,85
"2190",1991,5,55 - 59,70,91
"2190",1991,5,60 - 64,124,126
"2190",1991,5,65 - 69,145,155
"2190",1991,5,70 - 74,196,191
"2190",1991,5,75 - 79,232,263
"2190",1991,5,80 - 84,349,309
"2190",1991,5,85 - 89,692,555
"2190",1991,5,90 - 94,0,0
"2190",1991,5,95+,0,0
"2190",1991,5,UNK,0,0
"2190",1991,6,Total,41,1100
"2190",1991,6,0,0,0
"2190",1991,6,1,0,0
"2190",1991,6,2,0,1
"2190",1991,6,3,0,0
"2190",1991,6,4,0,0
"2190",1991,6,5 - 9,0,0
"2190",1991,6,10 - 14,0,0
"2190",1991,6,15 - 19,1,5
"2190",1991,6,20 - 24,2,28
"2190",1991,6,25 - 29,2,65
"2190",1991,6,30 - 34,2,104
"2190",1991,6,35 - 39,4,134
"2190",1991,6,40 - 44,5,141
"2190",1991,6,45 - 49,3,148
"2190",1991,6,50 - 54,6,112
"2190",1991,6,55 - 59,3,104
"2190",1991,6,60 - 64,5,95
"2190",1991,6,65 - 69,5,57
"2190",1991,6,70 - 74,2,40
"2190",1991,6,75 - 79,0,15
"2190",1991,6,80 - 84,0,15
"2190",1991,6,85 - 89,1,36
"2190",1991,6,90 - 94,0,0
"2190",1991,6,95+,0,0
"2190",1991,6,UNK,0,0
"2190",1991,7,Total,203,264
"2190",1991,7,0,11,22
"2190",1991,7,1,9,4
"2190",1991,7,2,6,2
"2190",1991,7,3,2,0
"2190",1991,7,4,1,3
"2190",1991,7,5 - 9,10,17
"2190",1991,7,10 - 14,12,11
"2190",1991,7,15 - 19,8,17
"2190",1991,7,20 - 24,14,8
"2190",1991,7,25 - 29,11,10
"2190",1991,7,30 - 34,4,9
"2190",1991,7,35 - 39,6,6
"2190",1991,7,40 - 44,8,5
"2190",1991,7,45 - 49,17,13
"2190",1991,7,50 - 54,4,7
"2190",1991,7,55 - 59,4,17
"2190",1991,7,60 - 64,4,18
"2190",1991,7,65 - 69,11,18
"2190",1991,7,70 - 74,8,16
"2190",1991,7,75 - 79,18,23
"2190",1991,7,80 - 84,17,19
"2190",1991,7,85 - 89,18,19
"2190",1991,7,90 - 94,0,0
"2190",1991,7,95+,0,0
"2190",1991,7,UNK,0,0
"2190",1991,8,Total,453,452
"2190",1991,8,0,48,67
"2190",1991,8,1,27,27
"2190",1991,8,2,13,7
"2190",1991,8,3,0,7
"2190",1991,8,4,0,1
"2190",1991,8,5 - 9,8,6
"2190",1991,8,10 - 14,4,4
"2190",1991,8,15 - 19,1,3
"2190",1991,8,20 - 24,5,5
"2190",1991,8,25 - 29,6,9
"2190",1991,8,30 - 34,8,12
"2190",1991,8,35 - 39,8,12
"2190",1991,8,40 - 44,9,23
"2190",1991,8,45 - 49,9,22
"2190",1991,8,50 - 54,25,19
"2190",1991,8,55 - 59,22,30
"2190",1991,8,60 - 64,49,37
"2190",1991,8,65 - 69,45,30
"2190",1991,8,70 - 74,48,41
"2190",1991,8,75 - 79,37,36
"2190",1991,8,80 - 84,45,23
"2190",1991,8,85 - 89,36,31
"2190",1991,8,90 - 94,0,0
"2190",1991,8,95+,0,0
"2190",1991,8,UNK,0,0
"2190",1991,9,Total,601,862
"2190",1991,9,0,14,19
"2190",1991,9,1,3,2
"2190",1991,9,2,3,2
"2190",1991,9,3,4,5
"2190",1991,9,4,0,2
"2190",1991,9,5 - 9,4,12
"2190",1991,9,10 - 14,6,4
"2190",1991,9,15 - 19,4,6
"2190",1991,9,20 - 24,12,16
"2190",1991,9,25 - 29,12,19
"2190",1991,9,30 - 34,13,44
"2190",1991,9,35 - 39,17,61
"2190",1991,9,40 - 44,20,71
"2190",1991,9,45 - 49,27,62
"2190",1991,9,50 - 54,44,65
"2190",1991,9,55 - 59,50,67
"2190",1991,9,60 - 64,53,87
"2190",1991,9,65 - 69,66,91
"2190",1991,9,70 - 74,83,69
"2190",1991,9,75 - 79,57,57
"2190",1991,9,80 - 84,54,52
"2190",1991,9,85 - 89,55,49
"2190",1991,9,90 - 94,0,0
"2190",1991,9,95+,0,0
"2190",1991,9,UNK,0,0
"2190",1991,10,Total,181,399
"2190",1991,10,0,2,3
"2190",1991,10,1,1,0
"2190",1991,10,2,2,0
"2190",1991,10,3,0,0
"2190",1991,10,4,0,0
"2190",1991,10,5 - 9,1,4
"2190",1991,10,10 - 14,5,2
"2190",1991,10,15 - 19,5,2
"2190",1991,10,20 - 24,5,9
"2190",1991,10,25 - 29,6,4
"2190",1991,10,30 - 34,4,7
"2190",1991,10,35 - 39,11,12
"2190",1991,10,40 - 44,7,26
"2190",1991,10,45 - 49,8,23
"2190",1991,10,50 - 54,16,30
"2190",1991,10,55 - 59,13,30
"2190",1991,10,60 - 64,12,35
"2190",1991,10,65 - 69,15,50
"2190",1991,10,70 - 74,16,51
"2190",1991,10,75 - 79,15,36
"2190",1991,10,80 - 84,13,33
"2190",1991,10,85 - 89,24,42
"2190",1991,10,90 - 94,0,0
"2190",1991,10,95+,0,0
"2190",1991,10,UNK,0,0
"2190",1991,11,Total,796,1052
"2190",1991,11,0,775,1027
"2190",1991,11,1,8,3
"2190",1991,11,2,0,3
"2190",1991,11,3,0,1
"2190",1991,11,4,0,0
"2190",1991,11,5 - 9,5,4
"2190",1991,11,10 - 14,5,3
"2190",1991,11,15 - 19,0,2
"2190",1991,11,20 - 24,0,1
"2190",1991,11,25 - 29,1,2
"2190",1991,11,30 - 34,0,2
"2190",1991,11,35 - 39,1,2
"2190",1991,11,40 - 44,0,0
"2190",1991,11,45 - 49,0,0
"2190",1991,11,50 - 54,0,0
"2190",1991,11,55 - 59,0,0
"2190",1991,11,60 - 64,0,0
"2190",1991,11,65 - 69,0,0
"2190",1991,11,70 - 74,0,0
"2190",1991,11,75 - 79,0,0
"2190",1991,11,80 - 84,0,0
"2190",1991,11,85 - 89,0,2
"2190",1991,11,90 - 94,0,0
"2190",1991,11,95+,0,0
"2190",1991,11,UNK,1,0
"2190",1991,12,Total,781,872
"2190",1991,12,0,149,182
"2190",1991,12,1,42,39
"2190",1991,12,2,13,18
"2190",1991,12,3,11,8
"2190",1991,12,4,2,3
"2190",1991,12,5 - 9,13,11
"2190",1991,12,10 - 14,6,3
"2190",1991,12,15 - 19,6,10
"2190",1991,12,20 - 24,4,15
"2190",1991,12,25 - 29,9,9
"2190",1991,12,30 - 34,14,10
"2190",1991,12,35 - 39,10,6
"2190",1991,12,40 - 44,12,17
"2190",1991,12,45 - 49,16,16
"2190",1991,12,50 - 54,20,30
"2190",1991,12,55 - 59,21,21
"2190",1991,12,60 - 64,42,47
"2190",1991,12,65 - 69,54,52
"2190",1991,12,70 - 74,63,68
"2190",1991,12,75 - 79,71,76
"2190",1991,12,80 - 84,67,92
"2190",1991,12,85 - 89,136,139
"2190",1991,12,90 - 94,0,0
"2190",1991,12,95+,0,0
"2190",1991,12,UNK,0,0
"2190",1991,13,Total,719,3223
"2190",1991,13,0,9,8
"2190",1991,13,1,20,12
"2190",1991,13,2,5,7
"2190",1991,13,3,9,12
"2190",1991,13,4,5,14
"2190",1991,13,5 - 9,35,78
"2190",1991,13,10 - 14,49,107
"2190",1991,13,15 - 19,106,410
"2190",1991,13,20 - 24,67,596
"2190",1991,13,25 - 29,61,449
"2190",1991,13,30 - 34,32,270
"2190",1991,13,35 - 39,41,199
"2190",1991,13,40 - 44,31,175
"2190",1991,13,45 - 49,32,152
"2190",1991,13,50 - 54,22,134
"2190",1991,13,55 - 59,20,108
"2190",1991,13,60 - 64,28,90
"2190",1991,13,65 - 69,25,95
"2190",1991,13,70 - 74,27,88
"2190",1991,13,75 - 79,28,72
"2190",1991,13,80 - 84,20,52
"2190",1991,13,85 - 89,47,95
"2190",1991,13,90 - 94,0,0
"2190",1991,13,95+,0,0
"2190",1991,13,UNK,0,0
"2190",1991,14,Total,116,1348
"2190",1991,14,0,0,2
"2190",1991,14,1,0,0
"2190",1991,14,2,0,0
"2190",1991,14,3,1,0
"2190",1991,14,4,0,0
"2190",1991,14,5 - 9,3,8
"2190",1991,14,10 - 14,8,11
"2190",1991,14,15 - 19,7,143
"2190",1991,14,20 - 24,10,257
"2190",1991,14,25 - 29,24,193
"2190",1991,14,30 - 34,8,167
"2190",1991,14,35 - 39,12,139
"2190",1991,14,40 - 44,8,104
"2190",1991,14,45 - 49,15,78
"2190",1991,14,50 - 54,5,71
"2190",1991,14,55 - 59,1,36
"2190",1991,14,60 - 64,2,43
"2190",1991,14,65 - 69,4,31
"2190",1991,14,70 - 74,1,18
"2190",1991,14,75 - 79,0,14
"2190",1991,14,80 - 84,5,7
"2190",1991,14,85 - 89,2,26
"2190",1991,14,90 - 94,0,0
"2190",1991,14,95+,0,0
"2190",1991,14,UNK,0,0
"2190",1991,15,Total,431,294
"2190",1991,15,0,7,8
"2190",1991,15,1,3,0
"2190",1991,15,2,1,0
"2190",1991,15,3,0,0
"2190",1991,15,4,1,3
"2190",1991,15,5 - 9,4,3
"2190",1991,15,10 - 14,2,3
"2190",1991,15,15 - 19,15,6
"2190",1991,15,20 - 24,30,4
"2190",1991,15,25 - 29,27,3
"2190",1991,15,30 - 34,21,2
"2190",1991,15,35 - 39,18,10
"2190",1991,15,40 - 44,11,6
"2190",1991,15,45 - 49,10,12
"2190",1991,15,50 - 54,14,13
"2190",1991,15,55 - 59,25,14
"2190",1991,15,60 - 64,28,28
"2190",1991,15,65 - 69,37,31
"2190",1991,15,70 - 74,28,37
"2190",1991,15,75 - 79,47,37
"2190",1991,15,80 - 84,44,31
"2190",1991,15,85 - 89,56,43
"2190",1991,15,90 - 94,0,0
"2190",1991,15,95+,0,0
"2190",1991,15,UNK,2,0
"2190",1992,1,Total,11211,16689
"2190",1992,1,0,1349,1730
"2190",1992,1,1,200,197
"2190",1992,1,2,70,80
"2190",1992,1,3,46,46
"2190",1992,1,4,34,57
"2190",1992,1,5 - 9,149,199
"2190",1992,1,10 - 14,158,236
"2190",1992,1,15 - 19,248,584
"2190",1992,1,20 - 24,227,790
"2190",1992,1,25 - 29,233,843
"2190",1992,1,30 - 34,270,838
"2190",1992,1,35 - 39,258,797
"2190",1992,1,40 - 44,328,809
"2190",1992,1,45 - 49,365,770
"2190",1992,1,50 - 54,427,861
"2190",1992,1,55 - 59,535,838
"2190",1992,1,60 - 64,728,1042
"2190",1992,1,65 - 69,768,1097
"2190",1992,1,70 - 74,994,1127
"2190",1992,1,75 - 79,983,1085
"2190",1992,1,80 - 84,1012,1039
"2190",1992,1,85 - 89,1689,1305
"2190",1992,1,90 - 94,0,0
"2190",1992,1,95+,0,0
"2190",1992,1,UNK,140,319
"2190",1992,2,Total,758,1056
"2190",1992,2,0,233,295
"2190",1992,2,1,60,61
"2190",1992,2,2,10,6
"2190",1992,2,3,7,9
"2190",1992,2,4,4,8
"2190",1992,2,5 - 9,16,17
"2190",1992,2,10 - 14,9,14
"2190",1992,2,15 - 19,5,14
"2190",1992,2,20 - 24,11,20
"2190",1992,2,25 - 29,12,14
"2190",1992,2,30 - 34,12,20
"2190",1992,2,35 - 39,10,22
"2190",1992,2,40 - 44,18,39
"2190",1992,2,45 - 49,19,33
"2190",1992,2,50 - 54,20,43
"2190",1992,2,55 - 59,30,39
"2190",1992,2,60 - 64,36,66
"2190",1992,2,65 - 69,36,60
"2190",1992,2,70 - 74,42,88
"2190",1992,2,75 - 79,50,61
"2190",1992,2,80 - 84,58,55
"2190",1992,2,85 - 89,53,61
"2190",1992,2,90 - 94,0,0
"2190",1992,2,95+,0,0
"2190",1992,2,UNK,7,11
"2190",1992,3,Total,1280,817
"2190",1992,3,0,10,6
"2190",1992,3,1,3,3
"2190",1992,3,2,3,0
"2190",1992,3,3,2,5
"2190",1992,3,4,3,8
"2190",1992,3,5 - 9,6,13
"2190",1992,3,10 - 14,17,21
"2190",1992,3,15 - 19,17,18
"2190",1992,3,20 - 24,17,15
"2190",1992,3,25 - 29,22,21
"2190",1992,3,30 - 34,38,16
"2190",1992,3,35 - 39,47,16
"2190",1992,3,40 - 44,73,27
"2190",1992,3,45 - 49,99,30
"2190",1992,3,50 - 54,122,51
"2190",1992,3,55 - 59,105,58
"2190",1992,3,60 - 64,149,73
"2190",1992,3,65 - 69,137,97
"2190",1992,3,70 - 74,128,101
"2190",1992,3,75 - 79,110,87
"2190",1992,3,80 - 84,78,80
"2190",1992,3,85 - 89,84,61
"2190",1992,3,90 - 94,0,0
"2190",1992,3,95+,0,0
"2190",1992,3,UNK,10,10
"2190",1992,4,Total,2426,2661
"2190",1992,4,0,30,29
"2190",1992,4,1,13,6
"2190",1992,4,2,3,2
"2190",1992,4,3,5,1
"2190",1992,4,4,6,3
"2190",1992,4,5 - 9,17,17
"2190",1992,4,10 - 14,22,26
"2190",1992,4,15 - 19,25,34
"2190",1992,4,20 - 24,49,34
"2190",1992,4,25 - 29,32,56
"2190",1992,4,30 - 34,53,58
"2190",1992,4,35 - 39,42,73
"2190",1992,4,40 - 44,59,86
"2190",1992,4,45 - 49,75,106
"2190",1992,4,50 - 54,111,134
"2190",1992,4,55 - 59,153,173
"2190",1992,4,60 - 64,192,227
"2190",1992,4,65 - 69,213,270
"2190",1992,4,70 - 74,267,282
"2190",1992,4,75 - 79,290,332
"2190",1992,4,80 - 84,313,292
"2190",1992,4,85 - 89,434,373
"2190",1992,4,90 - 94,0,0
"2190",1992,4,95+,0,0
"2190",1992,4,UNK,22,47
"2190",1992,5,Total,2441,2414
"2190",1992,5,0,40,52
"2190",1992,5,1,47,44
"2190",1992,5,2,20,25
"2190",1992,5,3,9,10
"2190",1992,5,4,13,12
"2190",1992,5,5 - 9,34,39
"2190",1992,5,10 - 14,17,26
"2190",1992,5,15 - 19,31,31
"2190",1992,5,20 - 24,17,47
"2190",1992,5,25 - 29,27,61
"2190",1992,5,30 - 34,37,60
"2190",1992,5,35 - 39,43,61
"2190",1992,5,40 - 44,46,76
"2190",1992,5,45 - 49,51,89
"2190",1992,5,50 - 54,48,86
"2190",1992,5,55 - 59,83,109
"2190",1992,5,60 - 64,111,146
"2190",1992,5,65 - 69,135,179
"2190",1992,5,70 - 74,228,208
"2190",1992,5,75 - 79,247,232
"2190",1992,5,80 - 84,331,278
"2190",1992,5,85 - 89,779,511
"2190",1992,5,90 - 94,0,0
"2190",1992,5,95+,0,0
"2190",1992,5,UNK,47,32
"2190",1992,6,Total,53,1179
"2190",1992,6,0,1,2
"2190",1992,6,1,1,0
"2190",1992,6,2,0,0
"2190",1992,6,3,0,0
"2190",1992,6,4,0,0
"2190",1992,6,5 - 9,0,0
"2190",1992,6,10 - 14,0,0
"2190",1992,6,15 - 19,1,6
"2190",1992,6,20 - 24,1,24
"2190",1992,6,25 - 29,8,56
"2190",1992,6,30 - 34,3,127
"2190",1992,6,35 - 39,5,126
"2190",1992,6,40 - 44,8,147
"2190",1992,6,45 - 49,4,129
"2190",1992,6,50 - 54,5,144
"2190",1992,6,55 - 59,3,106
"2190",1992,6,60 - 64,7,91
"2190",1992,6,65 - 69,0,82
"2190",1992,6,70 - 74,2,42
"2190",1992,6,75 - 79,2,42
"2190",1992,6,80 - 84,1,6
"2190",1992,6,85 - 89,0,7
"2190",1992,6,90 - 94,0,0
"2190",1992,6,95+,0,0
"2190",1992,6,UNK,1,42
"2190",1992,7,Total,196,220
"2190",1992,7,0,22,17
"2190",1992,7,1,6,3
"2190",1992,7,2,1,3
"2190",1992,7,3,1,1
"2190",1992,7,4,2,3
"2190",1992,7,5 - 9,12,11
"2190",1992,7,10 - 14,11,10
"2190",1992,7,15 - 19,8,17
"2190",1992,7,20 - 24,7,10
"2190",1992,7,25 - 29,4,8
"2190",1992,7,30 - 34,5,10
"2190",1992,7,35 - 39,5,7
"2190",1992,7,40 - 44,4,4
"2190",1992,7,45 - 49,9,5
"2190",1992,7,50 - 54,12,12
"2190",1992,7,55 - 59,9,8
"2190",1992,7,60 - 64,12,17
"2190",1992,7,65 - 69,9,13
"2190",1992,7,70 - 74,17,17
"2190",1992,7,75 - 79,14,17
"2190",1992,7,80 - 84,6,17
"2190",1992,7,85 - 89,17,10
"2190",1992,7,90 - 94,0,0
"2190",1992,7,95+,0,0
"2190",1992,7,UNK,3,0
"2190",1992,8,Total,439,465
"2190",1992,8,0,40,62
"2190",1992,8,1,18,18
"2190",1992,8,2,7,4
"2190",1992,8,3,5,2
"2190",1992,8,4,2,2
"2190",1992,8,5 - 9,3,6
"2190",1992,8,10 - 14,3,2
"2190",1992,8,15 - 19,1,3
"2190",1992,8,20 - 24,4,14
"2190",1992,8,25 - 29,5,12
"2190",1992,8,30 - 34,3,13
"2190",1992,8,35 - 39,7,18
"2190",1992,8,40 - 44,14,14
"2190",1992,8,45 - 49,13,20
"2190",1992,8,50 - 54,17,20
"2190",1992,8,55 - 59,25,19
"2190",1992,8,60 - 64,34,40
"2190",1992,8,65 - 69,54,40
"2190",1992,8,70 - 74,56,49
"2190",1992,8,75 - 79,47,34
"2190",1992,8,80 - 84,38,40
"2190",1992,8,85 - 89,32,19
"2190",1992,8,90 - 94,0,0
"2190",1992,8,95+,0,0
"2190",1992,8,UNK,11,14
"2190",1992,9,Total,580,1006
"2190",1992,9,0,19,32
"2190",1992,9,1,1,2
"2190",1992,9,2,0,3
"2190",1992,9,3,2,2
"2190",1992,9,4,0,1
"2190",1992,9,5 - 9,3,6
"2190",1992,9,10 - 14,6,5
"2190",1992,9,15 - 19,9,15
"2190",1992,9,20 - 24,4,16
"2190",1992,9,25 - 29,9,37
"2190",1992,9,30 - 34,10,51
"2190",1992,9,35 - 39,11,68
"2190",1992,9,40 - 44,15,71
"2190",1992,9,45 - 49,26,67
"2190",1992,9,50 - 54,34,90
"2190",1992,9,55 - 59,41,70
"2190",1992,9,60 - 64,70,89
"2190",1992,9,65 - 69,66,90
"2190",1992,9,70 - 74,72,90
"2190",1992,9,75 - 79,69,83
"2190",1992,9,80 - 84,37,60
"2190",1992,9,85 - 89,70,48
"2190",1992,9,90 - 94,0,0
"2190",1992,9,95+,0,0
"2190",1992,9,UNK,6,10
"2190",1992,10,Total,194,441
"2190",1992,10,0,5,5
"2190",1992,10,1,0,1
"2190",1992,10,2,1,2
"2190",1992,10,3,0,0
"2190",1992,10,4,0,2
"2190",1992,10,5 - 9,6,2
"2190",1992,10,10 - 14,3,4
"2190",1992,10,15 - 19,5,6
"2190",1992,10,20 - 24,5,7
"2190",1992,10,25 - 29,12,12
"2190",1992,10,30 - 34,4,21
"2190",1992,10,35 - 39,9,14
"2190",1992,10,40 - 44,5,18
"2190",1992,10,45 - 49,11,26
"2190",1992,10,50 - 54,6,31
"2190",1992,10,55 - 59,11,51
"2190",1992,10,60 - 64,29,41
"2190",1992,10,65 - 69,11,44
"2190",1992,10,70 - 74,23,40
"2190",1992,10,75 - 79,16,36
"2190",1992,10,80 - 84,14,44
"2190",1992,10,85 - 89,17,32
"2190",1992,10,90 - 94,0,0
"2190",1992,10,95+,0,0
"2190",1992,10,UNK,1,2
"2190",1992,11,Total,802,1005
"2190",1992,11,0,777,980
"2190",1992,11,1,6,8
"2190",1992,11,2,4,1
"2190",1992,11,3,0,0
"2190",1992,11,4,0,1
"2190",1992,11,5 - 9,4,2
"2190",1992,11,10 - 14,3,4
"2190",1992,11,15 - 19,1,3
"2190",1992,11,20 - 24,4,0
"2190",1992,11,25 - 29,1,0
"2190",1992,11,30 - 34,2,2
"2190",1992,11,35 - 39,0,0
"2190",1992,11,40 - 44,0,0
"2190",1992,11,45 - 49,0,0
"2190",1992,11,50 - 54,0,0
"2190",1992,11,55 - 59,0,0
"2190",1992,11,60 - 64,0,0
"2190",1992,11,65 - 69,0,0
"2190",1992,11,70 - 74,0,0
"2190",1992,11,75 - 79,0,0
"2190",1992,11,80 - 84,0,0
"2190",1992,11,85 - 89,0,1
"2190",1992,11,90 - 94,0,0
"2190",1992,11,95+,0,0
"2190",1992,11,UNK,0,3
"2190",1992,12,Total,755,861
"2190",1992,12,0,150,219
"2190",1992,12,1,33,42
"2190",1992,12,2,8,13
"2190",1992,12,3,6,6
"2190",1992,12,4,1,2
"2190",1992,12,5 - 9,10,10
"2190",1992,12,10 - 14,5,3
"2190",1992,12,15 - 19,3,8
"2190",1992,12,20 - 24,3,10
"2190",1992,12,25 - 29,12,13
"2190",1992,12,30 - 34,13,16
"2190",1992,12,35 - 39,11,10
"2190",1992,12,40 - 44,18,19
"2190",1992,12,45 - 49,14,18
"2190",1992,12,50 - 54,16,22
"2190",1992,12,55 - 59,28,34
"2190",1992,12,60 - 64,32,55
"2190",1992,12,65 - 69,59,42
"2190",1992,12,70 - 74,70,69
"2190",1992,12,75 - 79,66,62
"2190",1992,12,80 - 84,77,82
"2190",1992,12,85 - 89,114,91
"2190",1992,12,90 - 94,0,0
"2190",1992,12,95+,0,0
"2190",1992,12,UNK,6,15
"2190",1992,13,Total,736,2515
"2190",1992,13,0,8,17
"2190",1992,13,1,10,8
"2190",1992,13,2,12,17
"2190",1992,13,3,8,10
"2190",1992,13,4,3,13
"2190",1992,13,5 - 9,31,70
"2190",1992,13,10 - 14,50,103
"2190",1992,13,15 - 19,108,250
"2190",1992,13,20 - 24,72,307
"2190",1992,13,25 - 29,54,273
"2190",1992,13,30 - 34,55,226
"2190",1992,13,35 - 39,34,196
"2190",1992,13,40 - 44,37,166
"2190",1992,13,45 - 49,18,135
"2190",1992,13,50 - 54,20,125
"2190",1992,13,55 - 59,29,91
"2190",1992,13,60 - 64,27,111
"2190",1992,13,65 - 69,22,105
"2190",1992,13,70 - 74,34,79
"2190",1992,13,75 - 79,27,47
"2190",1992,13,80 - 84,20,43
"2190",1992,13,85 - 89,37,51
"2190",1992,13,90 - 94,0,0
"2190",1992,13,95+,0,0
"2190",1992,13,UNK,20,72
"2190",1992,14,Total,158,1755
"2190",1992,14,0,3,4
"2190",1992,14,1,0,0
"2190",1992,14,2,1,0
"2190",1992,14,3,0,0
"2190",1992,14,4,0,0
"2190",1992,14,5 - 9,4,4
"2190",1992,14,10 - 14,8,17
"2190",1992,14,15 - 19,21,174
"2190",1992,14,20 - 24,13,282
"2190",1992,14,25 - 29,17,278
"2190",1992,14,30 - 34,18,215
"2190",1992,14,35 - 39,17,177
"2190",1992,14,40 - 44,18,137
"2190",1992,14,45 - 49,11,103
"2190",1992,14,50 - 54,7,94
"2190",1992,14,55 - 59,7,65
"2190",1992,14,60 - 64,3,53
"2190",1992,14,65 - 69,1,42
"2190",1992,14,70 - 74,6,27
"2190",1992,14,75 - 79,0,11
"2190",1992,14,80 - 84,0,10
"2190",1992,14,85 - 89,1,5
"2190",1992,14,90 - 94,0,0
"2190",1992,14,95+,0,0
"2190",1992,14,UNK,2,57
"2190",1992,15,Total,393,294
"2190",1992,15,0,11,10
"2190",1992,15,1,2,1
"2190",1992,15,2,0,4
"2190",1992,15,3,1,0
"2190",1992,15,4,0,2
"2190",1992,15,5 - 9,3,2
"2190",1992,15,10 - 14,4,1
"2190",1992,15,15 - 19,13,5
"2190",1992,15,20 - 24,20,4
"2190",1992,15,25 - 29,18,2
"2190",1992,15,30 - 34,17,3
"2190",1992,15,35 - 39,17,9
"2190",1992,15,40 - 44,13,5
"2190",1992,15,45 - 49,15,9
"2190",1992,15,50 - 54,9,9
"2190",1992,15,55 - 59,11,15
"2190",1992,15,60 - 64,26,33
"2190",1992,15,65 - 69,25,33
"2190",1992,15,70 - 74,49,35
"2190",1992,15,75 - 79,45,41
"2190",1992,15,80 - 84,39,32
"2190",1992,15,85 - 89,51,35
"2190",1992,15,90 - 94,0,0
"2190",1992,15,95+,0,0
"2190",1992,15,UNK,4,4
"2190",1993,1,Total,11546,17237
"2190",1993,1,0,1258,1627
"2190",1993,1,1,195,233
"2190",1993,1,2,80,78
"2190",1993,1,3,36,65
"2190",1993,1,4,32,44
"2190",1993,1,5 - 9,97,187
"2190",1993,1,10 - 14,140,225
"2190",1993,1,15 - 19,251,622
"2190",1993,1,20 - 24,259,901
"2190",1993,1,25 - 29,237,967
"2190",1993,1,30 - 34,249,926
"2190",1993,1,35 - 39,316,842
"2190",1993,1,40 - 44,325,845
"2190",1993,1,45 - 49,379,861
"2190",1993,1,50 - 54,446,831
"2190",1993,1,55 - 59,568,872
"2190",1993,1,60 - 64,695,997
"2190",1993,1,65 - 69,816,1031
"2190",1993,1,70 - 74,1026,1161
"2190",1993,1,75 - 79,1071,1132
"2190",1993,1,80 - 84,1163,1045
"2190",1993,1,85 - 89,1730,1374
"2190",1993,1,90 - 94,0,0
"2190",1993,1,95+,0,0
"2190",1993,1,UNK,177,371
"2190",1993,2,Total,637,942
"2190",1993,2,0,166,245
"2190",1993,2,1,51,62
"2190",1993,2,2,15,22
"2190",1993,2,3,6,12
"2190",1993,2,4,11,7
"2190",1993,2,5 - 9,16,15
"2190",1993,2,10 - 14,8,18
"2190",1993,2,15 - 19,7,15
"2190",1993,2,20 - 24,21,10
"2190",1993,2,25 - 29,14,26
"2190",1993,2,30 - 34,10,18
"2190",1993,2,35 - 39,14,24
"2190",1993,2,40 - 44,10,26
"2190",1993,2,45 - 49,19,42
"2190",1993,2,50 - 54,11,25
"2190",1993,2,55 - 59,25,47
"2190",1993,2,60 - 64,31,38
"2190",1993,2,65 - 69,26,62
"2190",1993,2,70 - 74,46,61
"2190",1993,2,75 - 79,41,66
"2190",1993,2,80 - 84,44,36
"2190",1993,2,85 - 89,41,54
"2190",1993,2,90 - 94,0,0
"2190",1993,2,95+,0,0
"2190",1993,2,UNK,4,11
"2190",1993,3,Total,1247,891
"2190",1993,3,0,5,2
"2190",1993,3,1,2,2
"2190",1993,3,2,2,3
"2190",1993,3,3,3,2
"2190",1993,3,4,3,2
"2190",1993,3,5 - 9,2,10
"2190",1993,3,10 - 14,12,10
"2190",1993,3,15 - 19,9,20
"2190",1993,3,20 - 24,13,23
"2190",1993,3,25 - 29,17,23
"2190",1993,3,30 - 34,33,23
"2190",1993,3,35 - 39,71,27
"2190",1993,3,40 - 44,74,31
"2190",1993,3,45 - 49,107,43
"2190",1993,3,50 - 54,109,40
"2190",1993,3,55 - 59,119,70
"2190",1993,3,60 - 64,145,87
"2190",1993,3,65 - 69,134,90
"2190",1993,3,70 - 74,111,104
"2190",1993,3,75 - 79,103,114
"2190",1993,3,80 - 84,84,78
"2190",1993,3,85 - 89,71,70
"2190",1993,3,90 - 94,0,0
"2190",1993,3,95+,0,0
"2190",1993,3,UNK,18,17
"2190",1993,4,Total,2531,2670
"2190",1993,4,0,19,26
"2190",1993,4,1,5,3
"2190",1993,4,2,3,1
"2190",1993,4,3,1,3
"2190",1993,4,4,0,1
"2190",1993,4,5 - 9,7,12
"2190",1993,4,10 - 14,14,14
"2190",1993,4,15 - 19,24,29
"2190",1993,4,20 - 24,40,32
"2190",1993,4,25 - 29,39,62
"2190",1993,4,30 - 34,47,51
"2190",1993,4,35 - 39,54,67
"2190",1993,4,40 - 44,64,99
"2190",1993,4,45 - 49,64,119
"2190",1993,4,50 - 54,112,131
"2190",1993,4,55 - 59,134,160
"2190",1993,4,60 - 64,167,236
"2190",1993,4,65 - 69,249,232
"2190",1993,4,70 - 74,320,336
"2190",1993,4,75 - 79,318,331
"2190",1993,4,80 - 84,350,311
"2190",1993,4,85 - 89,464,373
"2190",1993,4,90 - 94,0,0
"2190",1993,4,95+,0,0
"2190",1993,4,UNK,36,41
"2190",1993,5,Total,2513,2518
"2190",1993,5,0,43,55
"2190",1993,5,1,50,60
"2190",1993,5,2,15,17
"2190",1993,5,3,6,19
"2190",1993,5,4,7,10
"2190",1993,5,5 - 9,22,34
"2190",1993,5,10 - 14,23,24
"2190",1993,5,15 - 19,31,51
"2190",1993,5,20 - 24,29,59
"2190",1993,5,25 - 29,42,68
"2190",1993,5,30 - 34,29,77
"2190",1993,5,35 - 39,42,65
"2190",1993,5,40 - 44,46,71
"2190",1993,5,45 - 49,58,80
"2190",1993,5,50 - 54,59,92
"2190",1993,5,55 - 59,85,100
"2190",1993,5,60 - 64,117,124
"2190",1993,5,65 - 69,141,159
"2190",1993,5,70 - 74,205,221
"2190",1993,5,75 - 79,271,238
"2190",1993,5,80 - 84,355,298
"2190",1993,5,85 - 89,790,537
"2190",1993,5,90 - 94,0,0
"2190",1993,5,95+,0,0
"2190",1993,5,UNK,47,59
"2190",1993,6,Total,58,1225
"2190",1993,6,0,0,0
"2190",1993,6,1,0,0
"2190",1993,6,2,0,0
"2190",1993,6,3,0,0
"2190",1993,6,4,0,0
"2190",1993,6,5 - 9,0,0
"2190",1993,6,10 - 14,0,0
"2190",1993,6,15 - 19,0,3
"2190",1993,6,20 - 24,2,20
"2190",1993,6,25 - 29,1,84
"2190",1993,6,30 - 34,5,127
"2190",1993,6,35 - 39,14,137
"2190",1993,6,40 - 44,5,155
"2190",1993,6,45 - 49,4,147
"2190",1993,6,50 - 54,5,133
"2190",1993,6,55 - 59,8,112
"2190",1993,6,60 - 64,6,94
"2190",1993,6,65 - 69,2,69
"2190",1993,6,70 - 74,2,45
"2190",1993,6,75 - 79,0,30
"2190",1993,6,80 - 84,0,11
"2190",1993,6,85 - 89,0,5
"2190",1993,6,90 - 94,0,0
"2190",1993,6,95+,0,0
"2190",1993,6,UNK,4,53
"2190",1993,7,Total,158,237
"2190",1993,7,0,15,18
"2190",1993,7,1,3,7
"2190",1993,7,2,4,3
"2190",1993,7,3,2,2
"2190",1993,7,4,0,3
"2190",1993,7,5 - 9,7,7
"2190",1993,7,10 - 14,11,13
"2190",1993,7,15 - 19,8,6
"2190",1993,7,20 - 24,6,10
"2190",1993,7,25 - 29,4,12
"2190",1993,7,30 - 34,6,11
"2190",1993,7,35 - 39,5,5
"2190",1993,7,40 - 44,3,7
"2190",1993,7,45 - 49,3,9
"2190",1993,7,50 - 54,2,5
"2190",1993,7,55 - 59,7,13
"2190",1993,7,60 - 64,5,17
"2190",1993,7,65 - 69,11,15
"2190",1993,7,70 - 74,12,17
"2190",1993,7,75 - 79,17,27
"2190",1993,7,80 - 84,12,15
"2190",1993,7,85 - 89,13,14
"2190",1993,7,90 - 94,0,0
"2190",1993,7,95+,0,0
"2190",1993,7,UNK,2,1
"2190",1993,8,Total,557,484
"2190",1993,8,0,49,61
"2190",1993,8,1,16,12
"2190",1993,8,2,3,5
"2190",1993,8,3,4,5
"2190",1993,8,4,1,1
"2190",1993,8,5 - 9,2,6
"2190",1993,8,10 - 14,2,5
"2190",1993,8,15 - 19,4,2
"2190",1993,8,20 - 24,6,9
"2190",1993,8,25 - 29,6,25
"2190",1993,8,30 - 34,7,21
"2190",1993,8,35 - 39,12,20
"2190",1993,8,40 - 44,15,17
"2190",1993,8,45 - 49,20,20
"2190",1993,8,50 - 54,25,21
"2190",1993,8,55 - 59,46,25
"2190",1993,8,60 - 64,42,37
"2190",1993,8,65 - 69,61,34
"2190",1993,8,70 - 74,80,46
"2190",1993,8,75 - 79,58,45
"2190",1993,8,80 - 84,53,23
"2190",1993,8,85 - 89,36,29
"2190",1993,8,90 - 94,0,0
"2190",1993,8,95+,0,0
"2190",1993,8,UNK,9,15
"2190",1993,9,Total,566,898
"2190",1993,9,0,16,16
"2190",1993,9,1,5,4
"2190",1993,9,2,1,1
"2190",1993,9,3,1,0
"2190",1993,9,4,0,0
"2190",1993,9,5 - 9,3,11
"2190",1993,9,10 - 14,2,3
"2190",1993,9,15 - 19,8,5
"2190",1993,9,20 - 24,10,12
"2190",1993,9,25 - 29,7,26
"2190",1993,9,30 - 34,11,45
"2190",1993,9,35 - 39,5,66
"2190",1993,9,40 - 44,14,54
"2190",1993,9,45 - 49,22,65
"2190",1993,9,50 - 54,25,78
"2190",1993,9,55 - 59,49,75
"2190",1993,9,60 - 64,59,86
"2190",1993,9,65 - 69,64,92
"2190",1993,9,70 - 74,61,85
"2190",1993,9,75 - 79,68,60
"2190",1993,9,80 - 84,69,50
"2190",1993,9,85 - 89,61,52
"2190",1993,9,90 - 94,0,0
"2190",1993,9,95+,0,0
"2190",1993,9,UNK,5,12
"2190",1993,10,Total,201,435
"2190",1993,10,0,2,5
"2190",1993,10,1,3,1
"2190",1993,10,2,1,0
"2190",1993,10,3,0,2
"2190",1993,10,4,0,2
"2190",1993,10,5 - 9,4,0
"2190",1993,10,10 - 14,4,3
"2190",1993,10,15 - 19,5,3
"2190",1993,10,20 - 24,1,10
"2190",1993,10,25 - 29,2,8
"2190",1993,10,30 - 34,9,14
"2190",1993,10,35 - 39,9,21
"2190",1993,10,40 - 44,14,25
"2190",1993,10,45 - 49,13,20
"2190",1993,10,50 - 54,16,31
"2190",1993,10,55 - 59,17,45
"2190",1993,10,60 - 64,17,32
"2190",1993,10,65 - 69,15,50
"2190",1993,10,70 - 74,25,38
"2190",1993,10,75 - 79,15,45
"2190",1993,10,80 - 84,13,31
"2190",1993,10,85 - 89,12,47
"2190",1993,10,90 - 94,0,0
"2190",1993,10,95+,0,0
"2190",1993,10,UNK,4,2
"2190",1993,11,Total,780,984
"2190",1993,11,0,745,944
"2190",1993,11,1,18,10
"2190",1993,11,2,5,3
"2190",1993,11,3,0,5
"2190",1993,11,4,0,1
"2190",1993,11,5 - 9,0,3
"2190",1993,11,10 - 14,2,6
"2190",1993,11,15 - 19,3,0
"2190",1993,11,20 - 24,0,1
"2190",1993,11,25 - 29,0,2
"2190",1993,11,30 - 34,0,2
"2190",1993,11,35 - 39,4,1
"2190",1993,11,40 - 44,0,1
"2190",1993,11,45 - 49,0,0
"2190",1993,11,50 - 54,1,2
"2190",1993,11,55 - 59,0,0
"2190",1993,11,60 - 64,0,0
"2190",1993,11,65 - 69,0,0
"2190",1993,11,70 - 74,0,0
"2190",1993,11,75 - 79,0,0
"2190",1993,11,80 - 84,0,0
"2190",1993,11,85 - 89,0,0
"2190",1993,11,90 - 94,0,0
"2190",1993,11,95+,0,0
"2190",1993,11,UNK,2,3
"2190",1993,12,Total,921,959
"2190",1993,12,0,178,231
"2190",1993,12,1,32,47
"2190",1993,12,2,22,13
"2190",1993,12,3,9,5
"2190",1993,12,4,2,4
"2190",1993,12,5 - 9,6,15
"2190",1993,12,10 - 14,4,12
"2190",1993,12,15 - 19,6,9
"2190",1993,12,20 - 24,8,9
"2190",1993,12,25 - 29,12,17
"2190",1993,12,30 - 34,10,20
"2190",1993,12,35 - 39,5,16
"2190",1993,12,40 - 44,13,23
"2190",1993,12,45 - 49,18,20
"2190",1993,12,50 - 54,14,20
"2190",1993,12,55 - 59,26,34
"2190",1993,12,60 - 64,52,45
"2190",1993,12,65 - 69,51,56
"2190",1993,12,70 - 74,83,73
"2190",1993,12,75 - 79,95,80
"2190",1993,12,80 - 84,112,90
"2190",1993,12,85 - 89,150,115
"2190",1993,12,90 - 94,0,0
"2190",1993,12,95+,0,0
"2190",1993,12,UNK,13,5
"2190",1993,13,Total,754,2406
"2190",1993,13,0,7,19
"2190",1993,13,1,9,19
"2190",1993,13,2,8,6
"2190",1993,13,3,3,8
"2190",1993,13,4,7,11
"2190",1993,13,5 - 9,27,65
"2190",1993,13,10 - 14,52,86
"2190",1993,13,15 - 19,120,224
"2190",1993,13,20 - 24,71,301
"2190",1993,13,25 - 29,54,258
"2190",1993,13,30 - 34,40,247
"2190",1993,13,35 - 39,39,193
"2190",1993,13,40 - 44,36,155
"2190",1993,13,45 - 49,24,141
"2190",1993,13,50 - 54,34,131
"2190",1993,13,55 - 59,28,94
"2190",1993,13,60 - 64,19,105
"2190",1993,13,65 - 69,31,67
"2190",1993,13,70 - 74,35,69
"2190",1993,13,75 - 79,29,49
"2190",1993,13,80 - 84,27,51
"2190",1993,13,85 - 89,35,39
"2190",1993,13,90 - 94,0,0
"2190",1993,13,95+,0,0
"2190",1993,13,UNK,19,68
"2190",1993,14,Total,190,2290
"2190",1993,14,0,1,1
"2190",1993,14,1,1,4
"2190",1993,14,2,1,1
"2190",1993,14,3,0,1
"2190",1993,14,4,0,1
"2190",1993,14,5 - 9,1,6
"2190",1993,14,10 - 14,3,28
"2190",1993,14,15 - 19,13,252
"2190",1993,14,20 - 24,33,402
"2190",1993,14,25 - 29,23,354
"2190",1993,14,30 - 34,19,270
"2190",1993,14,35 - 39,20,196
"2190",1993,14,40 - 44,15,171
"2190",1993,14,45 - 49,14,139
"2190",1993,14,50 - 54,12,115
"2190",1993,14,55 - 59,7,78
"2190",1993,14,60 - 64,5,68
"2190",1993,14,65 - 69,5,61
"2190",1993,14,70 - 74,2,33
"2190",1993,14,75 - 79,4,15
"2190",1993,14,80 - 84,3,13
"2190",1993,14,85 - 89,0,4
"2190",1993,14,90 - 94,0,0
"2190",1993,14,95+,0,0
"2190",1993,14,UNK,8,77
"2190",1993,15,Total,433,298
"2190",1993,15,0,12,4
"2190",1993,15,1,0,2
"2190",1993,15,2,0,3
"2190",1993,15,3,1,1
"2190",1993,15,4,1,1
"2190",1993,15,5 - 9,0,3
"2190",1993,15,10 - 14,3,3
"2190",1993,15,15 - 19,13,3
"2190",1993,15,20 - 24,19,3
"2190",1993,15,25 - 29,16,2
"2190",1993,15,30 - 34,23,0
"2190",1993,15,35 - 39,22,4
"2190",1993,15,40 - 44,16,10
"2190",1993,15,45 - 49,13,16
"2190",1993,15,50 - 54,21,7
"2190",1993,15,55 - 59,17,19
"2190",1993,15,60 - 64,30,28
"2190",1993,15,65 - 69,26,44
"2190",1993,15,70 - 74,44,33
"2190",1993,15,75 - 79,52,32
"2190",1993,15,80 - 84,41,38
"2190",1993,15,85 - 89,57,35
"2190",1993,15,90 - 94,0,0
"2190",1993,15,95+,0,0
"2190",1993,15,UNK,6,7
"2190",1995,1,Total,11489,17672
"2190",1995,1,0,1312,1804
"2190",1995,1,1,196,228
"2190",1995,1,2,61,71
"2190",1995,1,3,34,63
"2190",1995,1,4,31,42
"2190",1995,1,5 - 9,115,193
"2190",1995,1,10 - 14,129,214
"2190",1995,1,15 - 19,283,794
"2190",1995,1,20 - 24,236,1068
"2190",1995,1,25 - 29,239,951
"2190",1995,1,30 - 34,246,922
"2190",1995,1,35 - 39,261,927
"2190",1995,1,40 - 44,324,812
"2190",1995,1,45 - 49,395,849
"2190",1995,1,50 - 54,418,782
"2190",1995,1,55 - 59,544,858
"2190",1995,1,60 - 64,689,967
"2190",1995,1,65 - 69,833,1134
"2190",1995,1,70 - 74,950,1083
"2190",1995,1,75 - 79,1095,1097
"2190",1995,1,80 - 84,1094,1063
"2190",1995,1,85 - 89,1867,1404
"2190",1995,1,90 - 94,0,0
"2190",1995,1,95+,0,0
"2190",1995,1,UNK,137,346
"2190",1995,2,Total,720,967
"2190",1995,2,0,247,347
"2190",1995,2,1,59,70
"2190",1995,2,2,11,9
"2190",1995,2,3,7,7
"2190",1995,2,4,5,5
"2190",1995,2,5 - 9,16,18
"2190",1995,2,10 - 14,7,15
"2190",1995,2,15 - 19,7,13
"2190",1995,2,20 - 24,16,23
"2190",1995,2,25 - 29,12,19
"2190",1995,2,30 - 34,14,29
"2190",1995,2,35 - 39,15,25
"2190",1995,2,40 - 44,12,19
"2190",1995,2,45 - 49,11,21
"2190",1995,2,50 - 54,15,25
"2190",1995,2,55 - 59,12,28
"2190",1995,2,60 - 64,22,39
"2190",1995,2,65 - 69,32,55
"2190",1995,2,70 - 74,46,46
"2190",1995,2,75 - 79,45,48
"2190",1995,2,80 - 84,44,48
"2190",1995,2,85 - 89,62,50
"2190",1995,2,90 - 94,0,0
"2190",1995,2,95+,0,0
"2190",1995,2,UNK,3,8
"2190",1995,3,Total,1318,852
"2190",1995,3,0,4,4
"2190",1995,3,1,3,2
"2190",1995,3,2,1,2
"2190",1995,3,3,0,1
"2190",1995,3,4,0,1
"2190",1995,3,5 - 9,5,7
"2190",1995,3,10 - 14,16,22
"2190",1995,3,15 - 19,14,14
"2190",1995,3,20 - 24,14,20
"2190",1995,3,25 - 29,25,24
"2190",1995,3,30 - 34,40,35
"2190",1995,3,35 - 39,52,30
"2190",1995,3,40 - 44,85,26
"2190",1995,3,45 - 49,103,46
"2190",1995,3,50 - 54,106,54
"2190",1995,3,55 - 59,137,48
"2190",1995,3,60 - 64,130,74
"2190",1995,3,65 - 69,158,95
"2190",1995,3,70 - 74,125,103
"2190",1995,3,75 - 79,118,92
"2190",1995,3,80 - 84,91,60
"2190",1995,3,85 - 89,79,83
"2190",1995,3,90 - 94,0,0
"2190",1995,3,95+,0,0
"2190",1995,3,UNK,12,9
"2190",1995,4,Total,2625,2787
"2190",1995,4,0,16,31
"2190",1995,4,1,2,5
"2190",1995,4,2,1,0
"2190",1995,4,3,0,6
"2190",1995,4,4,0,4
"2190",1995,4,5 - 9,2,8
"2190",1995,4,10 - 14,14,10
"2190",1995,4,15 - 19,33,41
"2190",1995,4,20 - 24,32,38
"2190",1995,4,25 - 29,31,47
"2190",1995,4,30 - 34,32,60
"2190",1995,4,35 - 39,37,66
"2190",1995,4,40 - 44,59,81
"2190",1995,4,45 - 49,93,118
"2190",1995,4,50 - 54,87,114
"2190",1995,4,55 - 59,133,188
"2190",1995,4,60 - 64,188,207
"2190",1995,4,65 - 69,253,306
"2190",1995,4,70 - 74,295,339
"2190",1995,4,75 - 79,383,359
"2190",1995,4,80 - 84,382,343
"2190",1995,4,85 - 89,515,382
"2190",1995,4,90 - 94,0,0
"2190",1995,4,95+,0,0
"2190",1995,4,UNK,37,34
"2190",1995,5,Total,2203,2211
"2190",1995,5,0,35,58
"2190",1995,5,1,37,45
"2190",1995,5,2,17,20
"2190",1995,5,3,6,12
"2190",1995,5,4,5,9
"2190",1995,5,5 - 9,15,35
"2190",1995,5,10 - 14,17,19
"2190",1995,5,15 - 19,25,41
"2190",1995,5,20 - 24,28,53
"2190",1995,5,25 - 29,34,69
"2190",1995,5,30 - 34,30,60
"2190",1995,5,35 - 39,26,75
"2190",1995,5,40 - 44,37,61
"2190",1995,5,45 - 49,44,70
"2190",1995,5,50 - 54,54,82
"2190",1995,5,55 - 59,67,90
"2190",1995,5,60 - 64,85,125
"2190",1995,5,65 - 69,122,151
"2190",1995,5,70 - 74,184,147
"2190",1995,5,75 - 79,228,199
"2190",1995,5,80 - 84,294,248
"2190",1995,5,85 - 89,783,514
"2190",1995,5,90 - 94,0,0
"2190",1995,5,95+,0,0
"2190",1995,5,UNK,30,28
"2190",1995,6,Total,45,1124
"2190",1995,6,0,0,1
"2190",1995,6,1,0,0
"2190",1995,6,2,0,0
"2190",1995,6,3,0,0
"2190",1995,6,4,0,0
"2190",1995,6,5 - 9,0,1
"2190",1995,6,10 - 14,0,0
"2190",1995,6,15 - 19,1,6
"2190",1995,6,20 - 24,0,32
"2190",1995,6,25 - 29,5,61
"2190",1995,6,30 - 34,5,114
"2190",1995,6,35 - 39,9,154
"2190",1995,6,40 - 44,1,126
"2190",1995,6,45 - 49,4,131
"2190",1995,6,50 - 54,4,110
"2190",1995,6,55 - 59,6,90
"2190",1995,6,60 - 64,1,83
"2190",1995,6,65 - 69,2,82
"2190",1995,6,70 - 74,2,46
"2190",1995,6,75 - 79,0,16
"2190",1995,6,80 - 84,1,11
"2190",1995,6,85 - 89,0,3
"2190",1995,6,90 - 94,0,0
"2190",1995,6,95+,0,0
"2190",1995,6,UNK,4,57
"2190",1995,7,Total,183,259
"2190",1995,7,0,12,23
"2190",1995,7,1,4,5
"2190",1995,7,2,4,2
"2190",1995,7,3,0,7
"2190",1995,7,4,1,0
"2190",1995,7,5 - 9,12,11
"2190",1995,7,10 - 14,6,14
"2190",1995,7,15 - 19,11,19
"2190",1995,7,20 - 24,5,16
"2190",1995,7,25 - 29,9,9
"2190",1995,7,30 - 34,7,9
"2190",1995,7,35 - 39,7,14
"2190",1995,7,40 - 44,4,10
"2190",1995,7,45 - 49,4,4
"2190",1995,7,50 - 54,2,10
"2190",1995,7,55 - 59,5,13
"2190",1995,7,60 - 64,11,9
"2190",1995,7,65 - 69,11,21
"2190",1995,7,70 - 74,14,18
"2190",1995,7,75 - 79,18,15
"2190",1995,7,80 - 84,14,16
"2190",1995,7,85 - 89,20,14
"2190",1995,7,90 - 94,0,0
"2190",1995,7,95+,0,0
"2190",1995,7,UNK,2,0
"2190",1995,8,Total,530,599
"2190",1995,8,0,51,80
"2190",1995,8,1,16,17
"2190",1995,8,2,3,1
"2190",1995,8,3,4,1
"2190",1995,8,4,3,5
"2190",1995,8,5 - 9,3,4
"2190",1995,8,10 - 14,4,1
"2190",1995,8,15 - 19,5,6
"2190",1995,8,20 - 24,11,35
"2190",1995,8,25 - 29,6,40
"2190",1995,8,30 - 34,13,33
"2190",1995,8,35 - 39,12,36
"2190",1995,8,40 - 44,15,27
"2190",1995,8,45 - 49,20,35
"2190",1995,8,50 - 54,29,28
"2190",1995,8,55 - 59,45,29
"2190",1995,8,60 - 64,45,35
"2190",1995,8,65 - 69,51,50
"2190",1995,8,70 - 74,60,33
"2190",1995,8,75 - 79,46,40
"2190",1995,8,80 - 84,43,25
"2190",1995,8,85 - 89,37,25
"2190",1995,8,90 - 94,0,0
"2190",1995,8,95+,0,0
"2190",1995,8,UNK,8,13
"2190",1995,9,Total,606,992
"2190",1995,9,0,19,24
"2190",1995,9,1,3,5
"2190",1995,9,2,4,1
"2190",1995,9,3,3,2
"2190",1995,9,4,2,2
"2190",1995,9,5 - 9,4,3
"2190",1995,9,10 - 14,5,2
"2190",1995,9,15 - 19,4,8
"2190",1995,9,20 - 24,7,21
"2190",1995,9,25 - 29,10,22
"2190",1995,9,30 - 34,9,65
"2190",1995,9,35 - 39,12,65
"2190",1995,9,40 - 44,13,81
"2190",1995,9,45 - 49,27,81
"2190",1995,9,50 - 54,50,76
"2190",1995,9,55 - 59,40,74
"2190",1995,9,60 - 64,54,92
"2190",1995,9,65 - 69,74,87
"2190",1995,9,70 - 74,57,71
"2190",1995,9,75 - 79,77,57
"2190",1995,9,80 - 84,52,49
"2190",1995,9,85 - 89,74,72
"2190",1995,9,90 - 94,0,0
"2190",1995,9,95+,0,0
"2190",1995,9,UNK,6,32
"2190",1995,10,Total,238,527
"2190",1995,10,0,2,3
"2190",1995,10,1,2,1
"2190",1995,10,2,1,2
"2190",1995,10,3,0,1
"2190",1995,10,4,0,1
"2190",1995,10,5 - 9,1,2
"2190",1995,10,10 - 14,2,5
"2190",1995,10,15 - 19,4,3
"2190",1995,10,20 - 24,7,15
"2190",1995,10,25 - 29,6,10
"2190",1995,10,30 - 34,9,17
"2190",1995,10,35 - 39,10,19
"2190",1995,10,40 - 44,12,30
"2190",1995,10,45 - 49,12,39
"2190",1995,10,50 - 54,21,31
"2190",1995,10,55 - 59,15,49
"2190",1995,10,60 - 64,28,59
"2190",1995,10,65 - 69,22,54
"2190",1995,10,70 - 74,26,45
"2190",1995,10,75 - 79,18,44
"2190",1995,10,80 - 84,19,41
"2190",1995,10,85 - 89,19,48
"2190",1995,10,90 - 94,0,0
"2190",1995,10,95+,0,0
"2190",1995,10,UNK,2,8
"2190",1995,11,Total,732,992
"2190",1995,11,0,695,950
"2190",1995,11,1,13,9
"2190",1995,11,2,1,5
"2190",1995,11,3,0,3
"2190",1995,11,4,3,1
"2190",1995,11,5 - 9,5,7
"2190",1995,11,10 - 14,4,4
"2190",1995,11,15 - 19,4,2
"2190",1995,11,20 - 24,3,1
"2190",1995,11,25 - 29,0,1
"2190",1995,11,30 - 34,2,1
"2190",1995,11,35 - 39,2,5
"2190",1995,11,40 - 44,0,1
"2190",1995,11,45 - 49,0,0
"2190",1995,11,50 - 54,0,0
"2190",1995,11,55 - 59,0,0
"2190",1995,11,60 - 64,0,0
"2190",1995,11,65 - 69,0,0
"2190",1995,11,70 - 74,0,0
"2190",1995,11,75 - 79,0,0
"2190",1995,11,80 - 84,0,0
"2190",1995,11,85 - 89,0,0
"2190",1995,11,90 - 94,0,0
"2190",1995,11,95+,0,0
"2190",1995,11,UNK,0,2
"2190",1995,12,Total,1034,1132
"2190",1995,12,0,206,231
"2190",1995,12,1,40,46
"2190",1995,12,2,9,12
"2190",1995,12,3,4,6
"2190",1995,12,4,7,4
"2190",1995,12,5 - 9,14,18
"2190",1995,12,10 - 14,5,11
"2190",1995,12,15 - 19,12,16
"2190",1995,12,20 - 24,11,19
"2190",1995,12,25 - 29,9,29
"2190",1995,12,30 - 34,10,20
"2190",1995,12,35 - 39,13,30
"2190",1995,12,40 - 44,30,18
"2190",1995,12,45 - 49,18,29
"2190",1995,12,50 - 54,12,33
"2190",1995,12,55 - 59,33,39
"2190",1995,12,60 - 64,59,67
"2190",1995,12,65 - 69,66,63
"2190",1995,12,70 - 74,82,67
"2190",1995,12,75 - 79,100,111
"2190",1995,12,80 - 84,95,116
"2190",1995,12,85 - 89,189,127
"2190",1995,12,90 - 94,0,0
"2190",1995,12,95+,0,0
"2190",1995,12,UNK,10,20
"2190",1995,13,Total,703,2586
"2190",1995,13,0,11,20
"2190",1995,13,1,11,21
"2190",1995,13,2,8,14
"2190",1995,13,3,7,16
"2190",1995,13,4,5,8
"2190",1995,13,5 - 9,35,70
"2190",1995,13,10 - 14,37,81
"2190",1995,13,15 - 19,124,289
"2190",1995,13,20 - 24,60,321
"2190",1995,13,25 - 29,55,271
"2190",1995,13,30 - 34,36,230
"2190",1995,13,35 - 39,27,209
"2190",1995,13,40 - 44,32,154
"2190",1995,13,45 - 49,35,135
"2190",1995,13,50 - 54,24,116
"2190",1995,13,55 - 59,21,120
"2190",1995,13,60 - 64,28,88
"2190",1995,13,65 - 69,21,92
"2190",1995,13,70 - 74,17,86
"2190",1995,13,75 - 79,30,75
"2190",1995,13,80 - 84,29,51
"2190",1995,13,85 - 89,35,46
"2190",1995,13,90 - 94,0,0
"2190",1995,13,95+,0,0
"2190",1995,13,UNK,15,73
"2190",1995,14,Total,197,2337
"2190",1995,14,0,4,8
"2190",1995,14,1,0,1
"2190",1995,14,2,0,2
"2190",1995,14,3,2,1
"2190",1995,14,4,0,1
"2190",1995,14,5 - 9,2,7
"2190",1995,14,10 - 14,9,29
"2190",1995,14,15 - 19,28,331
"2190",1995,14,20 - 24,26,469
"2190",1995,14,25 - 29,19,342
"2190",1995,14,30 - 34,18,244
"2190",1995,14,35 - 39,17,196
"2190",1995,14,40 - 44,14,172
"2190",1995,14,45 - 49,14,131
"2190",1995,14,50 - 54,5,90
"2190",1995,14,55 - 59,10,75
"2190",1995,14,60 - 64,9,67
"2190",1995,14,65 - 69,3,43
"2190",1995,14,70 - 74,7,44
"2190",1995,14,75 - 79,2,12
"2190",1995,14,80 - 84,1,8
"2190",1995,14,85 - 89,3,2
"2190",1995,14,90 - 94,0,0
"2190",1995,14,95+,0,0
"2190",1995,14,UNK,4,62
"2190",1995,15,Total,355,307
"2190",1995,15,0,10,24
"2190",1995,15,1,6,1
"2190",1995,15,2,1,1
"2190",1995,15,3,1,0
"2190",1995,15,4,0,1
"2190",1995,15,5 - 9,1,2
"2190",1995,15,10 - 14,3,1
"2190",1995,15,15 - 19,11,5
"2190",1995,15,20 - 24,16,5
"2190",1995,15,25 - 29,18,7
"2190",1995,15,30 - 34,21,5
"2190",1995,15,35 - 39,22,3
"2190",1995,15,40 - 44,10,6
"2190",1995,15,45 - 49,10,9
"2190",1995,15,50 - 54,9,13
"2190",1995,15,55 - 59,20,15
"2190",1995,15,60 - 64,29,22
"2190",1995,15,65 - 69,18,35
"2190",1995,15,70 - 74,35,38
"2190",1995,15,75 - 79,30,29
"2190",1995,15,80 - 84,29,47
"2190",1995,15,85 - 89,51,38
"2190",1995,15,90 - 94,0,0
"2190",1995,15,95+,0,0
"2190",1995,15,UNK,4,0
"2190",1996,1,Total,11935,16969
"2190",1996,1,0,1271,1638
"2190",1996,1,1,168,220
"2190",1996,1,2,84,82
"2190",1996,1,3,36,40
"2190",1996,1,4,37,41
"2190",1996,1,5 - 9,120,163
"2190",1996,1,10 - 14,135,203
"2190",1996,1,15 - 19,281,763
"2190",1996,1,20 - 24,257,940
"2190",1996,1,25 - 29,215,910
"2190",1996,1,30 - 34,246,862
"2190",1996,1,35 - 39,331,834
"2190",1996,1,40 - 44,318,775
"2190",1996,1,45 - 49,365,777
"2190",1996,1,50 - 54,448,734
"2190",1996,1,55 - 59,578,837
"2190",1996,1,60 - 64,677,957
"2190",1996,1,65 - 69,847,1090
"2190",1996,1,70 - 74,1069,1085
"2190",1996,1,75 - 79,1142,1202
"2190",1996,1,80 - 84,1200,1093
"2190",1996,1,85 - 89,2024,1479
"2190",1996,1,90 - 94,0,0
"2190",1996,1,95+,0,0
"2190",1996,1,UNK,86,244
"2190",1996,2,Total,731,927
"2190",1996,2,0,260,347
"2190",1996,2,1,60,71
"2190",1996,2,2,9,8
"2190",1996,2,3,5,2
"2190",1996,2,4,4,3
"2190",1996,2,5 - 9,12,16
"2190",1996,2,10 - 14,15,11
"2190",1996,2,15 - 19,7,11
"2190",1996,2,20 - 24,16,24
"2190",1996,2,25 - 29,8,20
"2190",1996,2,30 - 34,10,31
"2190",1996,2,35 - 39,13,21
"2190",1996,2,40 - 44,13,20
"2190",1996,2,45 - 49,10,24
"2190",1996,2,50 - 54,23,29
"2190",1996,2,55 - 59,24,23
"2190",1996,2,60 - 64,27,29
"2190",1996,2,65 - 69,29,43
"2190",1996,2,70 - 74,32,42
"2190",1996,2,75 - 79,43,50
"2190",1996,2,80 - 84,41,45
"2190",1996,2,85 - 89,67,50
"2190",1996,2,90 - 94,0,0
"2190",1996,2,95+,0,0
"2190",1996,2,UNK,3,7
"2190",1996,3,Total,1570,1045
"2190",1996,3,0,0,5
"2190",1996,3,1,1,2
"2190",1996,3,2,4,2
"2190",1996,3,3,2,2
"2190",1996,3,4,0,2
"2190",1996,3,5 - 9,4,9
"2190",1996,3,10 - 14,8,20
"2190",1996,3,15 - 19,15,16
"2190",1996,3,20 - 24,16,21
"2190",1996,3,25 - 29,37,23
"2190",1996,3,30 - 34,44,37
"2190",1996,3,35 - 39,66,27
"2190",1996,3,40 - 44,104,30
"2190",1996,3,45 - 49,111,42
"2190",1996,3,50 - 54,124,58
"2190",1996,3,55 - 59,159,63
"2190",1996,3,60 - 64,166,110
"2190",1996,3,65 - 69,160,124
"2190",1996,3,70 - 74,161,124
"2190",1996,3,75 - 79,143,129
"2190",1996,3,80 - 84,117,91
"2190",1996,3,85 - 89,116,99
"2190",1996,3,90 - 94,0,0
"2190",1996,3,95+,0,0
"2190",1996,3,UNK,12,9
"2190",1996,4,Total,3109,2987
"2190",1996,4,0,16,16
"2190",1996,4,1,2,2
"2190",1996,4,2,2,2
"2190",1996,4,3,1,1
"2190",1996,4,4,3,2
"2190",1996,4,5 - 9,4,5
"2190",1996,4,10 - 14,13,10
"2190",1996,4,15 - 19,16,29
"2190",1996,4,20 - 24,28,28
"2190",1996,4,25 - 29,22,48
"2190",1996,4,30 - 34,37,61
"2190",1996,4,35 - 39,69,62
"2190",1996,4,40 - 44,56,66
"2190",1996,4,45 - 49,72,113
"2190",1996,4,50 - 54,116,133
"2190",1996,4,55 - 59,161,186
"2190",1996,4,60 - 64,177,245
"2190",1996,4,65 - 69,285,303
"2190",1996,4,70 - 74,414,336
"2190",1996,4,75 - 79,438,417
"2190",1996,4,80 - 84,445,396
"2190",1996,4,85 - 89,708,495
"2190",1996,4,90 - 94,0,0
"2190",1996,4,95+,0,0
"2190",1996,4,UNK,24,31
"2190",1996,5,Total,1788,1737
"2190",1996,5,0,29,44
"2190",1996,5,1,27,35
"2190",1996,5,2,15,13
"2190",1996,5,3,9,7
"2190",1996,5,4,7,4
"2190",1996,5,5 - 9,13,18
"2190",1996,5,10 - 14,15,18
"2190",1996,5,15 - 19,17,39
"2190",1996,5,20 - 24,31,45
"2190",1996,5,25 - 29,20,49
"2190",1996,5,30 - 34,24,57
"2190",1996,5,35 - 39,43,61
"2190",1996,5,40 - 44,33,66
"2190",1996,5,45 - 49,51,40
"2190",1996,5,50 - 54,32,49
"2190",1996,5,55 - 59,51,62
"2190",1996,5,60 - 64,69,86
"2190",1996,5,65 - 69,89,117
"2190",1996,5,70 - 74,130,124
"2190",1996,5,75 - 79,171,153
"2190",1996,5,80 - 84,237,193
"2190",1996,5,85 - 89,660,426
"2190",1996,5,90 - 94,0,0
"2190",1996,5,95+,0,0
"2190",1996,5,UNK,15,31
"2190",1996,6,Total,45,848
"2190",1996,6,0,0,0
"2190",1996,6,1,0,0
"2190",1996,6,2,0,0
"2190",1996,6,3,0,0
"2190",1996,6,4,0,0
"2190",1996,6,5 - 9,0,0
"2190",1996,6,10 - 14,0,0
"2190",1996,6,15 - 19,0,6
"2190",1996,6,20 - 24,1,15
"2190",1996,6,25 - 29,3,50
"2190",1996,6,30 - 34,3,82
"2190",1996,6,35 - 39,4,112
"2190",1996,6,40 - 44,12,98
"2190",1996,6,45 - 49,3,90
"2190",1996,6,50 - 54,5,74
"2190",1996,6,55 - 59,3,88
"2190",1996,6,60 - 64,4,70
"2190",1996,6,65 - 69,3,70
"2190",1996,6,70 - 74,3,28
"2190",1996,6,75 - 79,1,24
"2190",1996,6,80 - 84,0,4
"2190",1996,6,85 - 89,0,5
"2190",1996,6,90 - 94,0,0
"2190",1996,6,95+,0,0
"2190",1996,6,UNK,0,32
"2190",1996,7,Total,163,221
"2190",1996,7,0,17,20
"2190",1996,7,1,3,6
"2190",1996,7,2,3,9
"2190",1996,7,3,1,1
"2190",1996,7,4,1,2
"2190",1996,7,5 - 9,5,5
"2190",1996,7,10 - 14,5,10
"2190",1996,7,15 - 19,12,10
"2190",1996,7,20 - 24,11,12
"2190",1996,7,25 - 29,4,12
"2190",1996,7,30 - 34,9,13
"2190",1996,7,35 - 39,6,9
"2190",1996,7,40 - 44,6,9
"2190",1996,7,45 - 49,6,8
"2190",1996,7,50 - 54,2,5
"2190",1996,7,55 - 59,6,6
"2190",1996,7,60 - 64,8,8
"2190",1996,7,65 - 69,10,15
"2190",1996,7,70 - 74,9,20
"2190",1996,7,75 - 79,13,13
"2190",1996,7,80 - 84,9,10
"2190",1996,7,85 - 89,16,14
"2190",1996,7,90 - 94,0,0
"2190",1996,7,95+,0,0
"2190",1996,7,UNK,1,4
"2190",1996,8,Total,623,659
"2190",1996,8,0,54,60
"2190",1996,8,1,16,22
"2190",1996,8,2,6,4
"2190",1996,8,3,2,4
"2190",1996,8,4,2,2
"2190",1996,8,5 - 9,8,6
"2190",1996,8,10 - 14,1,1
"2190",1996,8,15 - 19,6,4
"2190",1996,8,20 - 24,11,24
"2190",1996,8,25 - 29,14,40
"2190",1996,8,30 - 34,22,40
"2190",1996,8,35 - 39,17,32
"2190",1996,8,40 - 44,12,33
"2190",1996,8,45 - 49,18,40
"2190",1996,8,50 - 54,30,34
"2190",1996,8,55 - 59,50,41
"2190",1996,8,60 - 64,63,36
"2190",1996,8,65 - 69,58,52
"2190",1996,8,70 - 74,56,46
"2190",1996,8,75 - 79,60,56
"2190",1996,8,80 - 84,58,47
"2190",1996,8,85 - 89,54,30
"2190",1996,8,90 - 94,0,0
"2190",1996,8,95+,0,0
"2190",1996,8,UNK,5,5
"2190",1996,9,Total,525,970
"2190",1996,9,0,12,18
"2190",1996,9,1,2,4
"2190",1996,9,2,2,2
"2190",1996,9,3,0,2
"2190",1996,9,4,0,3
"2190",1996,9,5 - 9,6,5
"2190",1996,9,10 - 14,0,2
"2190",1996,9,15 - 19,8,10
"2190",1996,9,20 - 24,10,16
"2190",1996,9,25 - 29,14,37
"2190",1996,9,30 - 34,13,60
"2190",1996,9,35 - 39,13,79
"2190",1996,9,40 - 44,16,86
"2190",1996,9,45 - 49,18,81
"2190",1996,9,50 - 54,30,73
"2190",1996,9,55 - 59,30,87
"2190",1996,9,60 - 64,45,75
"2190",1996,9,65 - 69,50,90
"2190",1996,9,70 - 74,68,72
"2190",1996,9,75 - 79,61,50
"2190",1996,9,80 - 84,59,61
"2190",1996,9,85 - 89,64,47
"2190",1996,9,90 - 94,0,0
"2190",1996,9,95+,0,0
"2190",1996,9,UNK,4,10
"2190",1996,10,Total,293,616
"2190",1996,10,0,4,7
"2190",1996,10,1,1,0
"2190",1996,10,2,2,0
"2190",1996,10,3,1,0
"2190",1996,10,4,1,0
"2190",1996,10,5 - 9,3,2
"2190",1996,10,10 - 14,2,4
"2190",1996,10,15 - 19,7,7
"2190",1996,10,20 - 24,8,11
"2190",1996,10,25 - 29,12,16
"2190",1996,10,30 - 34,12,15
"2190",1996,10,35 - 39,7,20
"2190",1996,10,40 - 44,8,31
"2190",1996,10,45 - 49,17,46
"2190",1996,10,50 - 54,19,44
"2190",1996,10,55 - 59,16,58
"2190",1996,10,60 - 64,26,69
"2190",1996,10,65 - 69,30,67
"2190",1996,10,70 - 74,31,63
"2190",1996,10,75 - 79,29,70
"2190",1996,10,80 - 84,24,32
"2190",1996,10,85 - 89,31,53
"2190",1996,10,90 - 94,0,0
"2190",1996,10,95+,0,0
"2190",1996,10,UNK,2,1
"2190",1996,11,Total,752,966
"2190",1996,11,0,686,898
"2190",1996,11,1,12,10
"2190",1996,11,2,10,10
"2190",1996,11,3,3,5
"2190",1996,11,4,3,5
"2190",1996,11,5 - 9,6,12
"2190",1996,11,10 - 14,7,6
"2190",1996,11,15 - 19,6,6
"2190",1996,11,20 - 24,5,5
"2190",1996,11,25 - 29,4,4
"2190",1996,11,30 - 34,6,2
"2190",1996,11,35 - 39,4,2
"2190",1996,11,40 - 44,0,1
"2190",1996,11,45 - 49,0,0
"2190",1996,11,50 - 54,0,0
"2190",1996,11,55 - 59,0,0
"2190",1996,11,60 - 64,0,0
"2190",1996,11,65 - 69,0,0
"2190",1996,11,70 - 74,0,0
"2190",1996,11,75 - 79,0,0
"2190",1996,11,80 - 84,0,0
"2190",1996,11,85 - 89,0,0
"2190",1996,11,90 - 94,0,0
"2190",1996,11,95+,0,0
"2190",1996,11,UNK,0,0
"2190",1996,12,Total,1115,1181
"2190",1996,12,0,173,208
"2190",1996,12,1,33,51
"2190",1996,12,2,14,17
"2190",1996,12,3,7,5
"2190",1996,12,4,5,4
"2190",1996,12,5 - 9,13,13
"2190",1996,12,10 - 14,14,11
"2190",1996,12,15 - 19,14,14
"2190",1996,12,20 - 24,13,23
"2190",1996,12,25 - 29,9,16
"2190",1996,12,30 - 34,9,26
"2190",1996,12,35 - 39,9,25
"2190",1996,12,40 - 44,9,38
"2190",1996,12,45 - 49,14,23
"2190",1996,12,50 - 54,24,39
"2190",1996,12,55 - 59,35,46
"2190",1996,12,60 - 64,43,50
"2190",1996,12,65 - 69,80,57
"2190",1996,12,70 - 74,102,89
"2190",1996,12,75 - 79,118,115
"2190",1996,12,80 - 84,153,122
"2190",1996,12,85 - 89,215,179
"2190",1996,12,90 - 94,0,0
"2190",1996,12,95+,0,0
"2190",1996,12,UNK,9,10
"2190",1996,13,Total,668,2298
"2190",1996,13,0,10,9
"2190",1996,13,1,9,14
"2190",1996,13,2,14,12
"2190",1996,13,3,3,11
"2190",1996,13,4,7,10
"2190",1996,13,5 - 9,34,58
"2190",1996,13,10 - 14,37,74
"2190",1996,13,15 - 19,118,250
"2190",1996,13,20 - 24,61,280
"2190",1996,13,25 - 29,31,260
"2190",1996,13,30 - 34,27,224
"2190",1996,13,35 - 39,46,186
"2190",1996,13,40 - 44,25,142
"2190",1996,13,45 - 49,21,129
"2190",1996,13,50 - 54,18,88
"2190",1996,13,55 - 59,26,89
"2190",1996,13,60 - 64,19,100
"2190",1996,13,65 - 69,27,75
"2190",1996,13,70 - 74,29,74
"2190",1996,13,75 - 79,33,66
"2190",1996,13,80 - 84,24,52
"2190",1996,13,85 - 89,41,49
"2190",1996,13,90 - 94,0,0
"2190",1996,13,95+,0,0
"2190",1996,13,UNK,8,46
"2190",1996,14,Total,234,2301
"2190",1996,14,0,2,3
"2190",1996,14,1,1,0
"2190",1996,14,2,2,3
"2190",1996,14,3,1,0
"2190",1996,14,4,1,3
"2190",1996,14,5 - 9,11,11
"2190",1996,14,10 - 14,15,34
"2190",1996,14,15 - 19,36,358
"2190",1996,14,20 - 24,37,431
"2190",1996,14,25 - 29,20,332
"2190",1996,14,30 - 34,20,209
"2190",1996,14,35 - 39,13,193
"2190",1996,14,40 - 44,11,152
"2190",1996,14,45 - 49,13,132
"2190",1996,14,50 - 54,11,101
"2190",1996,14,55 - 59,10,81
"2190",1996,14,60 - 64,9,65
"2190",1996,14,65 - 69,7,53
"2190",1996,14,70 - 74,6,39
"2190",1996,14,75 - 79,4,29
"2190",1996,14,80 - 84,2,12
"2190",1996,14,85 - 89,1,3
"2190",1996,14,90 - 94,0,0
"2190",1996,14,95+,0,0
"2190",1996,14,UNK,1,57
"2190",1996,15,Total,319,213
"2190",1996,15,0,8,3
"2190",1996,15,1,1,3
"2190",1996,15,2,1,0
"2190",1996,15,3,1,0
"2190",1996,15,4,3,1
"2190",1996,15,5 - 9,1,3
"2190",1996,15,10 - 14,3,2
"2190",1996,15,15 - 19,19,3
"2190",1996,15,20 - 24,9,5
"2190",1996,15,25 - 29,17,3
"2190",1996,15,30 - 34,10,5
"2190",1996,15,35 - 39,21,5
"2190",1996,15,40 - 44,13,3
"2190",1996,15,45 - 49,11,9
"2190",1996,15,50 - 54,14,7
"2190",1996,15,55 - 59,7,7
"2190",1996,15,60 - 64,21,14
"2190",1996,15,65 - 69,19,24
"2190",1996,15,70 - 74,28,28
"2190",1996,15,75 - 79,28,30
"2190",1996,15,80 - 84,31,28
"2190",1996,15,85 - 89,51,29
"2190",1996,15,90 - 94,0,0
"2190",1996,15,95+,0,0
"2190",1996,15,UNK,2,1
