"","Year","Cause","Age","Female","Male"
"2270",1997,1,Total,2537,2557
"2270",1997,1,0,253,309
"2270",1997,1,1,76,93
"2270",1997,1,2,38,38
"2270",1997,1,3,21,24
"2270",1997,1,4,16,28
"2270",1997,1,5 - 9,63,68
"2270",1997,1,10 - 14,40,49
"2270",1997,1,15 - 19,54,48
"2270",1997,1,20 - 24,102,77
"2270",1997,1,25 - 29,138,98
"2270",1997,1,30 - 34,144,135
"2270",1997,1,35 - 39,142,137
"2270",1997,1,40 - 44,93,140
"2270",1997,1,45 - 49,90,78
"2270",1997,1,50 - 54,66,80
"2270",1997,1,55 - 59,70,80
"2270",1997,1,60 - 64,100,105
"2270",1997,1,65 - 69,125,99
"2270",1997,1,70 - 74,137,145
"2270",1997,1,75 - 79,115,122
"2270",1997,1,80 - 84,95,110
"2270",1997,1,85 - 89,91,57
"2270",1997,1,90 - 94,67,27
"2270",1997,1,95+,66,16
"2270",1997,1,UNK,335,394
"2270",1997,2,Total,465,579
"2270",1997,2,0,62,86
"2270",1997,2,1,15,14
"2270",1997,2,2,6,8
"2270",1997,2,3,4,7
"2270",1997,2,4,4,9
"2270",1997,2,5 - 9,16,16
"2270",1997,2,10 - 14,11,13
"2270",1997,2,15 - 19,15,13
"2270",1997,2,20 - 24,29,29
"2270",1997,2,25 - 29,60,40
"2270",1997,2,30 - 34,60,77
"2270",1997,2,35 - 39,46,64
"2270",1997,2,40 - 44,20,58
"2270",1997,2,45 - 49,31,22
"2270",1997,2,50 - 54,11,27
"2270",1997,2,55 - 59,7,15
"2270",1997,2,60 - 64,14,16
"2270",1997,2,65 - 69,7,6
"2270",1997,2,70 - 74,5,7
"2270",1997,2,75 - 79,10,6
"2270",1997,2,80 - 84,3,10
"2270",1997,2,85 - 89,4,3
"2270",1997,2,90 - 94,0,2
"2270",1997,2,95+,3,1
"2270",1997,2,UNK,22,30
"2270",1997,3,Total,95,117
"2270",1997,3,0,0,2
"2270",1997,3,1,0,1
"2270",1997,3,2,0,0
"2270",1997,3,3,1,1
"2270",1997,3,4,1,2
"2270",1997,3,5 - 9,0,1
"2270",1997,3,10 - 14,0,1
"2270",1997,3,15 - 19,2,1
"2270",1997,3,20 - 24,1,2
"2270",1997,3,25 - 29,0,2
"2270",1997,3,30 - 34,1,1
"2270",1997,3,35 - 39,2,4
"2270",1997,3,40 - 44,5,5
"2270",1997,3,45 - 49,7,5
"2270",1997,3,50 - 54,6,4
"2270",1997,3,55 - 59,9,5
"2270",1997,3,60 - 64,5,8
"2270",1997,3,65 - 69,14,11
"2270",1997,3,70 - 74,14,22
"2270",1997,3,75 - 79,6,16
"2270",1997,3,80 - 84,5,9
"2270",1997,3,85 - 89,3,7
"2270",1997,3,90 - 94,1,2
"2270",1997,3,95+,3,1
"2270",1997,3,UNK,9,4
"2270",1997,4,Total,314,268
"2270",1997,4,0,3,2
"2270",1997,4,1,1,1
"2270",1997,4,2,0,0
"2270",1997,4,3,0,0
"2270",1997,4,4,0,0
"2270",1997,4,5 - 9,3,1
"2270",1997,4,10 - 14,1,7
"2270",1997,4,15 - 19,2,2
"2270",1997,4,20 - 24,6,5
"2270",1997,4,25 - 29,5,4
"2270",1997,4,30 - 34,11,3
"2270",1997,4,35 - 39,9,11
"2270",1997,4,40 - 44,5,11
"2270",1997,4,45 - 49,6,7
"2270",1997,4,50 - 54,7,12
"2270",1997,4,55 - 59,17,16
"2270",1997,4,60 - 64,35,29
"2270",1997,4,65 - 69,37,34
"2270",1997,4,70 - 74,32,36
"2270",1997,4,75 - 79,37,31
"2270",1997,4,80 - 84,22,19
"2270",1997,4,85 - 89,27,12
"2270",1997,4,90 - 94,17,3
"2270",1997,4,95+,14,6
"2270",1997,4,UNK,17,16
"2270",1997,5,Total,991,952
"2270",1997,5,0,34,32
"2270",1997,5,1,4,11
"2270",1997,5,2,8,6
"2270",1997,5,3,5,7
"2270",1997,5,4,5,5
"2270",1997,5,5 - 9,21,21
"2270",1997,5,10 - 14,17,14
"2270",1997,5,15 - 19,17,24
"2270",1997,5,20 - 24,31,30
"2270",1997,5,25 - 29,40,36
"2270",1997,5,30 - 34,42,40
"2270",1997,5,35 - 39,47,38
"2270",1997,5,40 - 44,50,46
"2270",1997,5,45 - 49,28,26
"2270",1997,5,50 - 54,26,26
"2270",1997,5,55 - 59,22,31
"2270",1997,5,60 - 64,32,33
"2270",1997,5,65 - 69,52,32
"2270",1997,5,70 - 74,63,50
"2270",1997,5,75 - 79,38,48
"2270",1997,5,80 - 84,48,50
"2270",1997,5,85 - 89,42,27
"2270",1997,5,90 - 94,39,13
"2270",1997,5,95+,38,6
"2270",1997,5,UNK,242,300
"2270",1997,6,Total,6,8
"2270",1997,6,0,0,1
"2270",1997,6,1,0,0
"2270",1997,6,2,0,0
"2270",1997,6,3,0,0
"2270",1997,6,4,0,0
"2270",1997,6,5 - 9,1,0
"2270",1997,6,10 - 14,0,0
"2270",1997,6,15 - 19,1,0
"2270",1997,6,20 - 24,1,0
"2270",1997,6,25 - 29,0,0
"2270",1997,6,30 - 34,1,0
"2270",1997,6,35 - 39,0,1
"2270",1997,6,40 - 44,0,1
"2270",1997,6,45 - 49,0,0
"2270",1997,6,50 - 54,1,0
"2270",1997,6,55 - 59,0,0
"2270",1997,6,60 - 64,1,1
"2270",1997,6,65 - 69,0,0
"2270",1997,6,70 - 74,0,2
"2270",1997,6,75 - 79,0,0
"2270",1997,6,80 - 84,0,0
"2270",1997,6,85 - 89,0,0
"2270",1997,6,90 - 94,0,0
"2270",1997,6,95+,0,0
"2270",1997,6,UNK,0,2
"2270",1997,7,Total,63,58
"2270",1997,7,0,12,9
"2270",1997,7,1,10,5
"2270",1997,7,2,1,4
"2270",1997,7,3,1,1
"2270",1997,7,4,1,2
"2270",1997,7,5 - 9,2,6
"2270",1997,7,10 - 14,2,5
"2270",1997,7,15 - 19,1,2
"2270",1997,7,20 - 24,1,1
"2270",1997,7,25 - 29,1,0
"2270",1997,7,30 - 34,4,1
"2270",1997,7,35 - 39,5,1
"2270",1997,7,40 - 44,2,3
"2270",1997,7,45 - 49,1,3
"2270",1997,7,50 - 54,1,0
"2270",1997,7,55 - 59,1,1
"2270",1997,7,60 - 64,1,1
"2270",1997,7,65 - 69,1,1
"2270",1997,7,70 - 74,3,3
"2270",1997,7,75 - 79,2,2
"2270",1997,7,80 - 84,1,4
"2270",1997,7,85 - 89,2,0
"2270",1997,7,90 - 94,2,0
"2270",1997,7,95+,2,0
"2270",1997,7,UNK,3,3
"2270",1997,8,Total,159,187
"2270",1997,8,0,29,56
"2270",1997,8,1,37,40
"2270",1997,8,2,16,16
"2270",1997,8,3,6,5
"2270",1997,8,4,0,7
"2270",1997,8,5 - 9,8,12
"2270",1997,8,10 - 14,5,2
"2270",1997,8,15 - 19,3,1
"2270",1997,8,20 - 24,1,3
"2270",1997,8,25 - 29,3,1
"2270",1997,8,30 - 34,0,0
"2270",1997,8,35 - 39,4,2
"2270",1997,8,40 - 44,2,4
"2270",1997,8,45 - 49,2,4
"2270",1997,8,50 - 54,5,1
"2270",1997,8,55 - 59,4,1
"2270",1997,8,60 - 64,2,4
"2270",1997,8,65 - 69,5,3
"2270",1997,8,70 - 74,6,5
"2270",1997,8,75 - 79,7,4
"2270",1997,8,80 - 84,7,3
"2270",1997,8,85 - 89,1,0
"2270",1997,8,90 - 94,0,1
"2270",1997,8,95+,0,1
"2270",1997,8,UNK,6,11
"2270",1997,9,Total,59,65
"2270",1997,9,0,5,4
"2270",1997,9,1,0,1
"2270",1997,9,2,0,0
"2270",1997,9,3,0,0
"2270",1997,9,4,1,0
"2270",1997,9,5 - 9,3,1
"2270",1997,9,10 - 14,1,4
"2270",1997,9,15 - 19,1,3
"2270",1997,9,20 - 24,5,2
"2270",1997,9,25 - 29,1,6
"2270",1997,9,30 - 34,1,4
"2270",1997,9,35 - 39,1,5
"2270",1997,9,40 - 44,1,3
"2270",1997,9,45 - 49,4,0
"2270",1997,9,50 - 54,6,3
"2270",1997,9,55 - 59,3,6
"2270",1997,9,60 - 64,2,3
"2270",1997,9,65 - 69,3,1
"2270",1997,9,70 - 74,5,5
"2270",1997,9,75 - 79,8,1
"2270",1997,9,80 - 84,3,4
"2270",1997,9,85 - 89,2,3
"2270",1997,9,90 - 94,1,3
"2270",1997,9,95+,0,0
"2270",1997,9,UNK,2,3
"2270",1997,10,Total,31,32
"2270",1997,10,0,1,4
"2270",1997,10,1,1,0
"2270",1997,10,2,0,0
"2270",1997,10,3,0,1
"2270",1997,10,4,0,0
"2270",1997,10,5 - 9,2,1
"2270",1997,10,10 - 14,0,0
"2270",1997,10,15 - 19,0,0
"2270",1997,10,20 - 24,2,0
"2270",1997,10,25 - 29,5,2
"2270",1997,10,30 - 34,1,0
"2270",1997,10,35 - 39,3,0
"2270",1997,10,40 - 44,0,4
"2270",1997,10,45 - 49,1,0
"2270",1997,10,50 - 54,0,2
"2270",1997,10,55 - 59,1,0
"2270",1997,10,60 - 64,2,1
"2270",1997,10,65 - 69,0,2
"2270",1997,10,70 - 74,2,4
"2270",1997,10,75 - 79,3,2
"2270",1997,10,80 - 84,0,4
"2270",1997,10,85 - 89,2,2
"2270",1997,10,90 - 94,2,0
"2270",1997,10,95+,1,0
"2270",1997,10,UNK,2,3
"2270",1997,11,Total,85,85
"2270",1997,11,0,71,75
"2270",1997,11,1,1,1
"2270",1997,11,2,1,0
"2270",1997,11,3,0,0
"2270",1997,11,4,0,0
"2270",1997,11,5 - 9,0,1
"2270",1997,11,10 - 14,0,1
"2270",1997,11,15 - 19,0,0
"2270",1997,11,20 - 24,0,0
"2270",1997,11,25 - 29,0,0
"2270",1997,11,30 - 34,0,0
"2270",1997,11,35 - 39,0,0
"2270",1997,11,40 - 44,2,0
"2270",1997,11,45 - 49,0,1
"2270",1997,11,50 - 54,0,0
"2270",1997,11,55 - 59,0,0
"2270",1997,11,60 - 64,0,0
"2270",1997,11,65 - 69,0,0
"2270",1997,11,70 - 74,0,0
"2270",1997,11,75 - 79,0,0
"2270",1997,11,80 - 84,0,0
"2270",1997,11,85 - 89,0,0
"2270",1997,11,90 - 94,0,0
"2270",1997,11,95+,0,0
"2270",1997,11,UNK,10,6
"2270",1997,12,Total,128,156
"2270",1997,12,0,27,30
"2270",1997,12,1,4,17
"2270",1997,12,2,4,4
"2270",1997,12,3,4,1
"2270",1997,12,4,3,3
"2270",1997,12,5 - 9,4,5
"2270",1997,12,10 - 14,1,1
"2270",1997,12,15 - 19,3,1
"2270",1997,12,20 - 24,6,2
"2270",1997,12,25 - 29,7,6
"2270",1997,12,30 - 34,6,5
"2270",1997,12,35 - 39,6,7
"2270",1997,12,40 - 44,3,4
"2270",1997,12,45 - 49,6,5
"2270",1997,12,50 - 54,1,4
"2270",1997,12,55 - 59,2,3
"2270",1997,12,60 - 64,5,6
"2270",1997,12,65 - 69,4,7
"2270",1997,12,70 - 74,6,11
"2270",1997,12,75 - 79,2,10
"2270",1997,12,80 - 84,5,6
"2270",1997,12,85 - 89,7,3
"2270",1997,12,90 - 94,4,2
"2270",1997,12,95+,3,1
"2270",1997,12,UNK,5,12
"2270",1997,13,Total,16,21
"2270",1997,13,0,1,2
"2270",1997,13,1,2,0
"2270",1997,13,2,0,0
"2270",1997,13,3,0,1
"2270",1997,13,4,1,0
"2270",1997,13,5 - 9,2,0
"2270",1997,13,10 - 14,0,0
"2270",1997,13,15 - 19,0,1
"2270",1997,13,20 - 24,1,2
"2270",1997,13,25 - 29,1,1
"2270",1997,13,30 - 34,1,1
"2270",1997,13,35 - 39,0,2
"2270",1997,13,40 - 44,0,1
"2270",1997,13,45 - 49,2,1
"2270",1997,13,50 - 54,1,1
"2270",1997,13,55 - 59,1,2
"2270",1997,13,60 - 64,1,2
"2270",1997,13,65 - 69,1,0
"2270",1997,13,70 - 74,0,0
"2270",1997,13,75 - 79,0,1
"2270",1997,13,80 - 84,0,0
"2270",1997,13,85 - 89,0,0
"2270",1997,13,90 - 94,0,0
"2270",1997,13,95+,0,0
"2270",1997,13,UNK,1,3
"2270",0,14,Total,0,0
"2270",0,14,0,0,0
"2270",0,14,1,0,0
"2270",0,14,2,0,0
"2270",0,14,3,0,0
"2270",0,14,4,0,0
"2270",0,14,5 - 9,0,0
"2270",0,14,10 - 14,0,0
"2270",0,14,15 - 19,0,0
"2270",0,14,20 - 24,0,0
"2270",0,14,25 - 29,0,0
"2270",0,14,30 - 34,0,0
"2270",0,14,35 - 39,0,0
"2270",0,14,40 - 44,0,0
"2270",0,14,45 - 49,0,0
"2270",0,14,50 - 54,0,0
"2270",0,14,55 - 59,0,0
"2270",0,14,60 - 64,0,0
"2270",0,14,65 - 69,0,0
"2270",0,14,70 - 74,0,0
"2270",0,14,75 - 79,0,0
"2270",0,14,80 - 84,0,0
"2270",0,14,85 - 89,0,0
"2270",0,14,90 - 94,0,0
"2270",0,14,95+,0,0
"2270",0,14,UNK,0,0
"2270",1997,15,Total,125,29
"2270",1997,15,0,8,6
"2270",1997,15,1,1,2
"2270",1997,15,2,2,0
"2270",1997,15,3,0,0
"2270",1997,15,4,0,0
"2270",1997,15,5 - 9,1,3
"2270",1997,15,10 - 14,2,1
"2270",1997,15,15 - 19,9,0
"2270",1997,15,20 - 24,18,1
"2270",1997,15,25 - 29,15,0
"2270",1997,15,30 - 34,16,3
"2270",1997,15,35 - 39,19,2
"2270",1997,15,40 - 44,3,0
"2270",1997,15,45 - 49,2,4
"2270",1997,15,50 - 54,1,0
"2270",1997,15,55 - 59,3,0
"2270",1997,15,60 - 64,0,1
"2270",1997,15,65 - 69,1,2
"2270",1997,15,70 - 74,1,0
"2270",1997,15,75 - 79,2,1
"2270",1997,15,80 - 84,1,1
"2270",1997,15,85 - 89,1,0
"2270",1997,15,90 - 94,1,1
"2270",1997,15,95+,2,0
"2270",1997,15,UNK,16,1
"2270",1999,1,Total,3934,3986
"2270",1999,1,0,354,381
"2270",1999,1,1,98,106
"2270",1999,1,2,59,76
"2270",1999,1,3,40,37
"2270",1999,1,4,26,27
"2270",1999,1,5 - 9,95,81
"2270",1999,1,10 - 14,70,72
"2270",1999,1,15 - 19,109,102
"2270",1999,1,20 - 24,150,172
"2270",1999,1,25 - 29,223,209
"2270",1999,1,30 - 34,254,235
"2270",1999,1,35 - 39,253,258
"2270",1999,1,40 - 44,167,245
"2270",1999,1,45 - 49,158,180
"2270",1999,1,50 - 54,162,145
"2270",1999,1,55 - 59,133,139
"2270",1999,1,60 - 64,157,186
"2270",1999,1,65 - 69,169,179
"2270",1999,1,70 - 74,202,244
"2270",1999,1,75 - 79,205,174
"2270",1999,1,80 - 84,166,103
"2270",1999,1,85 - 89,126,80
"2270",1999,1,90 - 94,67,61
"2270",1999,1,95+,63,46
"2270",1999,1,UNK,428,448
"2270",1999,2,Total,590,695
"2270",1999,2,0,76,98
"2270",1999,2,1,25,33
"2270",1999,2,2,15,18
"2270",1999,2,3,4,7
"2270",1999,2,4,6,6
"2270",1999,2,5 - 9,25,18
"2270",1999,2,10 - 14,15,20
"2270",1999,2,15 - 19,17,24
"2270",1999,2,20 - 24,46,39
"2270",1999,2,25 - 29,64,63
"2270",1999,2,30 - 34,68,67
"2270",1999,2,35 - 39,63,71
"2270",1999,2,40 - 44,28,53
"2270",1999,2,45 - 49,30,33
"2270",1999,2,50 - 54,17,29
"2270",1999,2,55 - 59,13,14
"2270",1999,2,60 - 64,9,20
"2270",1999,2,65 - 69,15,14
"2270",1999,2,70 - 74,4,15
"2270",1999,2,75 - 79,9,9
"2270",1999,2,80 - 84,9,7
"2270",1999,2,85 - 89,1,2
"2270",1999,2,90 - 94,2,2
"2270",1999,2,95+,2,1
"2270",1999,2,UNK,27,32
"2270",1999,3,Total,119,95
"2270",1999,3,0,1,0
"2270",1999,3,1,0,1
"2270",1999,3,2,0,1
"2270",1999,3,3,0,1
"2270",1999,3,4,0,1
"2270",1999,3,5 - 9,2,0
"2270",1999,3,10 - 14,0,0
"2270",1999,3,15 - 19,1,1
"2270",1999,3,20 - 24,2,3
"2270",1999,3,25 - 29,2,1
"2270",1999,3,30 - 34,2,3
"2270",1999,3,35 - 39,2,2
"2270",1999,3,40 - 44,13,1
"2270",1999,3,45 - 49,8,5
"2270",1999,3,50 - 54,6,2
"2270",1999,3,55 - 59,9,7
"2270",1999,3,60 - 64,11,9
"2270",1999,3,65 - 69,14,12
"2270",1999,3,70 - 74,13,18
"2270",1999,3,75 - 79,17,14
"2270",1999,3,80 - 84,8,9
"2270",1999,3,85 - 89,2,3
"2270",1999,3,90 - 94,1,0
"2270",1999,3,95+,0,1
"2270",1999,3,UNK,5,0
"2270",1999,4,Total,371,292
"2270",1999,4,0,2,0
"2270",1999,4,1,2,0
"2270",1999,4,2,0,0
"2270",1999,4,3,0,1
"2270",1999,4,4,1,1
"2270",1999,4,5 - 9,4,2
"2270",1999,4,10 - 14,1,2
"2270",1999,4,15 - 19,4,2
"2270",1999,4,20 - 24,8,5
"2270",1999,4,25 - 29,12,4
"2270",1999,4,30 - 34,11,6
"2270",1999,4,35 - 39,9,9
"2270",1999,4,40 - 44,17,15
"2270",1999,4,45 - 49,11,15
"2270",1999,4,50 - 54,23,11
"2270",1999,4,55 - 59,18,21
"2270",1999,4,60 - 64,35,26
"2270",1999,4,65 - 69,31,29
"2270",1999,4,70 - 74,39,51
"2270",1999,4,75 - 79,45,32
"2270",1999,4,80 - 84,30,13
"2270",1999,4,85 - 89,21,15
"2270",1999,4,90 - 94,12,8
"2270",1999,4,95+,5,4
"2270",1999,4,UNK,30,20
"2270",1999,5,Total,1879,1978
"2270",1999,5,0,42,56
"2270",1999,5,1,23,30
"2270",1999,5,2,19,27
"2270",1999,5,3,21,15
"2270",1999,5,4,9,10
"2270",1999,5,5 - 9,29,34
"2270",1999,5,10 - 14,30,27
"2270",1999,5,15 - 19,50,52
"2270",1999,5,20 - 24,53,85
"2270",1999,5,25 - 29,92,105
"2270",1999,5,30 - 34,119,121
"2270",1999,5,35 - 39,122,135
"2270",1999,5,40 - 44,74,135
"2270",1999,5,45 - 49,86,103
"2270",1999,5,50 - 54,89,80
"2270",1999,5,55 - 59,65,68
"2270",1999,5,60 - 64,71,92
"2270",1999,5,65 - 69,80,91
"2270",1999,5,70 - 74,113,114
"2270",1999,5,75 - 79,116,94
"2270",1999,5,80 - 84,98,60
"2270",1999,5,85 - 89,88,47
"2270",1999,5,90 - 94,41,42
"2270",1999,5,95+,49,38
"2270",1999,5,UNK,300,317
"2270",1999,6,Total,9,19
"2270",1999,6,0,0,0
"2270",1999,6,1,0,0
"2270",1999,6,2,0,0
"2270",1999,6,3,0,0
"2270",1999,6,4,0,1
"2270",1999,6,5 - 9,0,0
"2270",1999,6,10 - 14,1,0
"2270",1999,6,15 - 19,0,0
"2270",1999,6,20 - 24,0,0
"2270",1999,6,25 - 29,1,0
"2270",1999,6,30 - 34,0,1
"2270",1999,6,35 - 39,1,0
"2270",1999,6,40 - 44,0,0
"2270",1999,6,45 - 49,1,2
"2270",1999,6,50 - 54,0,2
"2270",1999,6,55 - 59,0,2
"2270",1999,6,60 - 64,1,2
"2270",1999,6,65 - 69,1,2
"2270",1999,6,70 - 74,1,3
"2270",1999,6,75 - 79,0,1
"2270",1999,6,80 - 84,0,0
"2270",1999,6,85 - 89,1,1
"2270",1999,6,90 - 94,0,0
"2270",1999,6,95+,1,0
"2270",1999,6,UNK,0,2
"2270",1999,7,Total,75,66
"2270",1999,7,0,10,18
"2270",1999,7,1,8,7
"2270",1999,7,2,6,2
"2270",1999,7,3,5,4
"2270",1999,7,4,2,1
"2270",1999,7,5 - 9,3,2
"2270",1999,7,10 - 14,1,3
"2270",1999,7,15 - 19,1,2
"2270",1999,7,20 - 24,1,0
"2270",1999,7,25 - 29,4,0
"2270",1999,7,30 - 34,4,2
"2270",1999,7,35 - 39,1,3
"2270",1999,7,40 - 44,1,2
"2270",1999,7,45 - 49,1,2
"2270",1999,7,50 - 54,0,1
"2270",1999,7,55 - 59,4,3
"2270",1999,7,60 - 64,5,2
"2270",1999,7,65 - 69,3,3
"2270",1999,7,70 - 74,2,1
"2270",1999,7,75 - 79,0,2
"2270",1999,7,80 - 84,2,2
"2270",1999,7,85 - 89,1,1
"2270",1999,7,90 - 94,2,2
"2270",1999,7,95+,2,0
"2270",1999,7,UNK,6,1
"2270",1999,8,Total,191,135
"2270",1999,8,0,40,31
"2270",1999,8,1,21,20
"2270",1999,8,2,10,13
"2270",1999,8,3,4,2
"2270",1999,8,4,1,4
"2270",1999,8,5 - 9,8,3
"2270",1999,8,10 - 14,2,0
"2270",1999,8,15 - 19,4,1
"2270",1999,8,20 - 24,3,2
"2270",1999,8,25 - 29,0,2
"2270",1999,8,30 - 34,1,1
"2270",1999,8,35 - 39,5,2
"2270",1999,8,40 - 44,4,1
"2270",1999,8,45 - 49,6,5
"2270",1999,8,50 - 54,9,1
"2270",1999,8,55 - 59,9,4
"2270",1999,8,60 - 64,13,7
"2270",1999,8,65 - 69,14,5
"2270",1999,8,70 - 74,10,11
"2270",1999,8,75 - 79,6,6
"2270",1999,8,80 - 84,8,3
"2270",1999,8,85 - 89,2,2
"2270",1999,8,90 - 94,5,1
"2270",1999,8,95+,0,0
"2270",1999,8,UNK,6,8
"2270",1999,9,Total,72,110
"2270",1999,9,0,9,3
"2270",1999,9,1,2,1
"2270",1999,9,2,0,0
"2270",1999,9,3,0,1
"2270",1999,9,4,1,0
"2270",1999,9,5 - 9,5,2
"2270",1999,9,10 - 14,1,11
"2270",1999,9,15 - 19,2,1
"2270",1999,9,20 - 24,3,5
"2270",1999,9,25 - 29,0,7
"2270",1999,9,30 - 34,2,5
"2270",1999,9,35 - 39,7,9
"2270",1999,9,40 - 44,6,10
"2270",1999,9,45 - 49,3,3
"2270",1999,9,50 - 54,4,4
"2270",1999,9,55 - 59,1,7
"2270",1999,9,60 - 64,2,7
"2270",1999,9,65 - 69,7,9
"2270",1999,9,70 - 74,6,10
"2270",1999,9,75 - 79,0,1
"2270",1999,9,80 - 84,2,4
"2270",1999,9,85 - 89,2,2
"2270",1999,9,90 - 94,1,0
"2270",1999,9,95+,0,0
"2270",1999,9,UNK,6,8
"2270",1999,10,Total,26,33
"2270",1999,10,0,0,4
"2270",1999,10,1,2,0
"2270",1999,10,2,0,0
"2270",1999,10,3,0,1
"2270",1999,10,4,1,0
"2270",1999,10,5 - 9,3,3
"2270",1999,10,10 - 14,0,1
"2270",1999,10,15 - 19,2,0
"2270",1999,10,20 - 24,1,0
"2270",1999,10,25 - 29,1,2
"2270",1999,10,30 - 34,5,0
"2270",1999,10,35 - 39,1,3
"2270",1999,10,40 - 44,2,0
"2270",1999,10,45 - 49,0,2
"2270",1999,10,50 - 54,2,0
"2270",1999,10,55 - 59,1,0
"2270",1999,10,60 - 64,1,4
"2270",1999,10,65 - 69,1,3
"2270",1999,10,70 - 74,1,2
"2270",1999,10,75 - 79,0,3
"2270",1999,10,80 - 84,1,1
"2270",1999,10,85 - 89,1,2
"2270",1999,10,90 - 94,0,2
"2270",1999,10,95+,0,0
"2270",1999,10,UNK,0,0
"2270",1999,11,Total,154,133
"2270",1999,11,0,139,121
"2270",1999,11,1,2,3
"2270",1999,11,2,0,1
"2270",1999,11,3,1,1
"2270",1999,11,4,1,0
"2270",1999,11,5 - 9,0,2
"2270",1999,11,10 - 14,0,0
"2270",1999,11,15 - 19,1,1
"2270",1999,11,20 - 24,0,0
"2270",1999,11,25 - 29,0,0
"2270",1999,11,30 - 34,0,0
"2270",1999,11,35 - 39,0,0
"2270",1999,11,40 - 44,1,0
"2270",1999,11,45 - 49,0,0
"2270",1999,11,50 - 54,1,0
"2270",1999,11,55 - 59,0,0
"2270",1999,11,60 - 64,0,0
"2270",1999,11,65 - 69,0,0
"2270",1999,11,70 - 74,0,0
"2270",1999,11,75 - 79,0,0
"2270",1999,11,80 - 84,0,0
"2270",1999,11,85 - 89,0,0
"2270",1999,11,90 - 94,0,0
"2270",1999,11,95+,0,0
"2270",1999,11,UNK,8,4
"2270",1999,12,Total,159,144
"2270",1999,12,0,28,41
"2270",1999,12,1,10,9
"2270",1999,12,2,7,11
"2270",1999,12,3,3,1
"2270",1999,12,4,1,2
"2270",1999,12,5 - 9,5,4
"2270",1999,12,10 - 14,2,0
"2270",1999,12,15 - 19,6,3
"2270",1999,12,20 - 24,4,3
"2270",1999,12,25 - 29,8,1
"2270",1999,12,30 - 34,8,5
"2270",1999,12,35 - 39,9,5
"2270",1999,12,40 - 44,7,5
"2270",1999,12,45 - 49,3,4
"2270",1999,12,50 - 54,2,5
"2270",1999,12,55 - 59,4,3
"2270",1999,12,60 - 64,6,7
"2270",1999,12,65 - 69,2,6
"2270",1999,12,70 - 74,8,9
"2270",1999,12,75 - 79,9,8
"2270",1999,12,80 - 84,8,3
"2270",1999,12,85 - 89,6,3
"2270",1999,12,90 - 94,3,1
"2270",1999,12,95+,3,2
"2270",1999,12,UNK,7,3
"2270",1999,13,Total,91,153
"2270",1999,13,0,3,3
"2270",1999,13,1,1,2
"2270",1999,13,2,2,3
"2270",1999,13,3,2,1
"2270",1999,13,4,1,0
"2270",1999,13,5 - 9,5,8
"2270",1999,13,10 - 14,8,5
"2270",1999,13,15 - 19,3,8
"2270",1999,13,20 - 24,6,14
"2270",1999,13,25 - 29,6,12
"2270",1999,13,30 - 34,5,16
"2270",1999,13,35 - 39,5,9
"2270",1999,13,40 - 44,3,11
"2270",1999,13,45 - 49,3,4
"2270",1999,13,50 - 54,6,6
"2270",1999,13,55 - 59,7,4
"2270",1999,13,60 - 64,3,4
"2270",1999,13,65 - 69,1,4
"2270",1999,13,70 - 74,3,6
"2270",1999,13,75 - 79,3,3
"2270",1999,13,80 - 84,0,0
"2270",1999,13,85 - 89,1,1
"2270",1999,13,90 - 94,0,2
"2270",1999,13,95+,1,0
"2270",1999,13,UNK,13,27
"2270",1999,14,Total,19,87
"2270",1999,14,0,0,0
"2270",1999,14,1,0,0
"2270",1999,14,2,0,0
"2270",1999,14,3,0,0
"2270",1999,14,4,1,0
"2270",1999,14,5 - 9,0,1
"2270",1999,14,10 - 14,0,1
"2270",1999,14,15 - 19,1,7
"2270",1999,14,20 - 24,1,11
"2270",1999,14,25 - 29,3,10
"2270",1999,14,30 - 34,2,6
"2270",1999,14,35 - 39,4,8
"2270",1999,14,40 - 44,1,10
"2270",1999,14,45 - 49,1,1
"2270",1999,14,50 - 54,2,4
"2270",1999,14,55 - 59,0,3
"2270",1999,14,60 - 64,0,3
"2270",1999,14,65 - 69,0,1
"2270",1999,14,70 - 74,0,1
"2270",1999,14,75 - 79,0,0
"2270",1999,14,80 - 84,0,1
"2270",1999,14,85 - 89,0,0
"2270",1999,14,90 - 94,0,0
"2270",1999,14,95+,0,0
"2270",1999,14,UNK,3,19
"2270",1999,15,Total,179,46
"2270",1999,15,0,4,6
"2270",1999,15,1,2,0
"2270",1999,15,2,0,0
"2270",1999,15,3,0,2
"2270",1999,15,4,1,1
"2270",1999,15,5 - 9,6,2
"2270",1999,15,10 - 14,9,2
"2270",1999,15,15 - 19,17,0
"2270",1999,15,20 - 24,22,5
"2270",1999,15,25 - 29,30,2
"2270",1999,15,30 - 34,27,2
"2270",1999,15,35 - 39,24,2
"2270",1999,15,40 - 44,10,2
"2270",1999,15,45 - 49,5,1
"2270",1999,15,50 - 54,1,0
"2270",1999,15,55 - 59,2,3
"2270",1999,15,60 - 64,0,3
"2270",1999,15,65 - 69,0,0
"2270",1999,15,70 - 74,2,3
"2270",1999,15,75 - 79,0,1
"2270",1999,15,80 - 84,0,0
"2270",1999,15,85 - 89,0,1
"2270",1999,15,90 - 94,0,1
"2270",1999,15,95+,0,0
"2270",1999,15,UNK,17,7
"2270",2001,1,Total,4764,4787
"2270",2001,1,0,371,386
"2270",2001,1,1,123,135
"2270",2001,1,2,69,83
"2270",2001,1,3,42,37
"2270",2001,1,4,26,33
"2270",2001,1,5 - 9,74,89
"2270",2001,1,10 - 14,83,81
"2270",2001,1,15 - 19,142,118
"2270",2001,1,20 - 24,188,188
"2270",2001,1,25 - 29,251,224
"2270",2001,1,30 - 34,229,282
"2270",2001,1,35 - 39,273,280
"2270",2001,1,40 - 44,250,268
"2270",2001,1,45 - 49,236,221
"2270",2001,1,50 - 54,196,212
"2270",2001,1,55 - 59,170,171
"2270",2001,1,60 - 64,201,203
"2270",2001,1,65 - 69,211,221
"2270",2001,1,70 - 74,257,324
"2270",2001,1,75 - 79,287,281
"2270",2001,1,80 - 84,233,207
"2270",2001,1,85 - 89,202,126
"2270",2001,1,90 - 94,130,88
"2270",2001,1,95+,124,66
"2270",2001,1,UNK,396,463
"2270",2001,2,Total,834,828
"2270",2001,2,0,80,116
"2270",2001,2,1,26,37
"2270",2001,2,2,22,28
"2270",2001,2,3,11,9
"2270",2001,2,4,8,11
"2270",2001,2,5 - 9,20,21
"2270",2001,2,10 - 14,26,24
"2270",2001,2,15 - 19,39,21
"2270",2001,2,20 - 24,52,33
"2270",2001,2,25 - 29,74,41
"2270",2001,2,30 - 34,75,61
"2270",2001,2,35 - 39,85,85
"2270",2001,2,40 - 44,63,60
"2270",2001,2,45 - 49,46,46
"2270",2001,2,50 - 54,19,34
"2270",2001,2,55 - 59,12,20
"2270",2001,2,60 - 64,13,18
"2270",2001,2,65 - 69,16,18
"2270",2001,2,70 - 74,15,31
"2270",2001,2,75 - 79,16,20
"2270",2001,2,80 - 84,14,7
"2270",2001,2,85 - 89,9,3
"2270",2001,2,90 - 94,2,2
"2270",2001,2,95+,6,1
"2270",2001,2,UNK,85,81
"2270",2001,3,Total,181,147
"2270",2001,3,0,0,0
"2270",2001,3,1,0,0
"2270",2001,3,2,1,0
"2270",2001,3,3,0,0
"2270",2001,3,4,1,0
"2270",2001,3,5 - 9,0,2
"2270",2001,3,10 - 14,1,0
"2270",2001,3,15 - 19,4,2
"2270",2001,3,20 - 24,3,1
"2270",2001,3,25 - 29,3,1
"2270",2001,3,30 - 34,4,3
"2270",2001,3,35 - 39,5,4
"2270",2001,3,40 - 44,14,5
"2270",2001,3,45 - 49,13,4
"2270",2001,3,50 - 54,18,13
"2270",2001,3,55 - 59,11,8
"2270",2001,3,60 - 64,15,11
"2270",2001,3,65 - 69,11,9
"2270",2001,3,70 - 74,22,27
"2270",2001,3,75 - 79,20,22
"2270",2001,3,80 - 84,16,13
"2270",2001,3,85 - 89,9,6
"2270",2001,3,90 - 94,1,6
"2270",2001,3,95+,2,1
"2270",2001,3,UNK,7,9
"2270",2001,4,Total,730,520
"2270",2001,4,0,1,2
"2270",2001,4,1,1,1
"2270",2001,4,2,0,0
"2270",2001,4,3,2,0
"2270",2001,4,4,1,1
"2270",2001,4,5 - 9,6,5
"2270",2001,4,10 - 14,4,0
"2270",2001,4,15 - 19,5,6
"2270",2001,4,20 - 24,7,7
"2270",2001,4,25 - 29,8,2
"2270",2001,4,30 - 34,21,9
"2270",2001,4,35 - 39,14,7
"2270",2001,4,40 - 44,22,21
"2270",2001,4,45 - 49,34,27
"2270",2001,4,50 - 54,44,22
"2270",2001,4,55 - 59,45,33
"2270",2001,4,60 - 64,60,30
"2270",2001,4,65 - 69,54,44
"2270",2001,4,70 - 74,83,68
"2270",2001,4,75 - 79,92,71
"2270",2001,4,80 - 84,59,46
"2270",2001,4,85 - 89,55,20
"2270",2001,4,90 - 94,27,17
"2270",2001,4,95+,25,16
"2270",2001,4,UNK,60,65
"2270",2001,5,Total,1793,2019
"2270",2001,5,0,22,36
"2270",2001,5,1,27,18
"2270",2001,5,2,17,17
"2270",2001,5,3,9,14
"2270",2001,5,4,5,9
"2270",2001,5,5 - 9,16,27
"2270",2001,5,10 - 14,26,25
"2270",2001,5,15 - 19,50,46
"2270",2001,5,20 - 24,67,100
"2270",2001,5,25 - 29,102,129
"2270",2001,5,30 - 34,75,145
"2270",2001,5,35 - 39,120,131
"2270",2001,5,40 - 44,95,131
"2270",2001,5,45 - 49,93,111
"2270",2001,5,50 - 54,80,95
"2270",2001,5,55 - 59,84,73
"2270",2001,5,60 - 64,78,98
"2270",2001,5,65 - 69,87,107
"2270",2001,5,70 - 74,96,142
"2270",2001,5,75 - 79,119,118
"2270",2001,5,80 - 84,116,95
"2270",2001,5,85 - 89,108,71
"2270",2001,5,90 - 94,82,49
"2270",2001,5,95+,78,40
"2270",2001,5,UNK,141,192
"2270",2001,6,Total,4,15
"2270",2001,6,0,0,0
"2270",2001,6,1,0,0
"2270",2001,6,2,0,0
"2270",2001,6,3,0,0
"2270",2001,6,4,0,0
"2270",2001,6,5 - 9,0,0
"2270",2001,6,10 - 14,0,0
"2270",2001,6,15 - 19,0,0
"2270",2001,6,20 - 24,0,0
"2270",2001,6,25 - 29,0,0
"2270",2001,6,30 - 34,0,0
"2270",2001,6,35 - 39,0,0
"2270",2001,6,40 - 44,0,1
"2270",2001,6,45 - 49,0,0
"2270",2001,6,50 - 54,0,3
"2270",2001,6,55 - 59,0,1
"2270",2001,6,60 - 64,1,2
"2270",2001,6,65 - 69,0,1
"2270",2001,6,70 - 74,0,2
"2270",2001,6,75 - 79,2,0
"2270",2001,6,80 - 84,1,3
"2270",2001,6,85 - 89,0,1
"2270",2001,6,90 - 94,0,0
"2270",2001,6,95+,0,0
"2270",2001,6,UNK,0,1
"2270",2001,7,Total,82,92
"2270",2001,7,0,7,12
"2270",2001,7,1,5,10
"2270",2001,7,2,5,5
"2270",2001,7,3,5,1
"2270",2001,7,4,1,1
"2270",2001,7,5 - 9,6,10
"2270",2001,7,10 - 14,2,5
"2270",2001,7,15 - 19,3,3
"2270",2001,7,20 - 24,2,2
"2270",2001,7,25 - 29,5,1
"2270",2001,7,30 - 34,3,3
"2270",2001,7,35 - 39,3,0
"2270",2001,7,40 - 44,2,5
"2270",2001,7,45 - 49,2,0
"2270",2001,7,50 - 54,2,4
"2270",2001,7,55 - 59,2,2
"2270",2001,7,60 - 64,4,2
"2270",2001,7,65 - 69,5,0
"2270",2001,7,70 - 74,5,7
"2270",2001,7,75 - 79,2,5
"2270",2001,7,80 - 84,1,2
"2270",2001,7,85 - 89,2,4
"2270",2001,7,90 - 94,1,0
"2270",2001,7,95+,0,0
"2270",2001,7,UNK,7,8
"2270",2001,8,Total,261,246
"2270",2001,8,0,37,29
"2270",2001,8,1,42,46
"2270",2001,8,2,21,20
"2270",2001,8,3,9,8
"2270",2001,8,4,4,4
"2270",2001,8,5 - 9,9,4
"2270",2001,8,10 - 14,2,4
"2270",2001,8,15 - 19,5,5
"2270",2001,8,20 - 24,6,2
"2270",2001,8,25 - 29,1,3
"2270",2001,8,30 - 34,3,7
"2270",2001,8,35 - 39,0,2
"2270",2001,8,40 - 44,5,2
"2270",2001,8,45 - 49,5,5
"2270",2001,8,50 - 54,10,7
"2270",2001,8,55 - 59,7,9
"2270",2001,8,60 - 64,8,9
"2270",2001,8,65 - 69,16,10
"2270",2001,8,70 - 74,16,14
"2270",2001,8,75 - 79,16,12
"2270",2001,8,80 - 84,10,9
"2270",2001,8,85 - 89,5,9
"2270",2001,8,90 - 94,4,3
"2270",2001,8,95+,5,3
"2270",2001,8,UNK,15,20
"2270",2001,9,Total,95,142
"2270",2001,9,0,2,4
"2270",2001,9,1,1,0
"2270",2001,9,2,2,0
"2270",2001,9,3,1,1
"2270",2001,9,4,0,2
"2270",2001,9,5 - 9,2,3
"2270",2001,9,10 - 14,2,0
"2270",2001,9,15 - 19,4,10
"2270",2001,9,20 - 24,5,3
"2270",2001,9,25 - 29,4,2
"2270",2001,9,30 - 34,3,9
"2270",2001,9,35 - 39,3,10
"2270",2001,9,40 - 44,5,7
"2270",2001,9,45 - 49,8,5
"2270",2001,9,50 - 54,4,12
"2270",2001,9,55 - 59,2,7
"2270",2001,9,60 - 64,6,8
"2270",2001,9,65 - 69,9,6
"2270",2001,9,70 - 74,8,13
"2270",2001,9,75 - 79,4,10
"2270",2001,9,80 - 84,4,10
"2270",2001,9,85 - 89,5,2
"2270",2001,9,90 - 94,1,2
"2270",2001,9,95+,1,0
"2270",2001,9,UNK,9,16
"2270",2001,10,Total,27,34
"2270",2001,10,0,0,0
"2270",2001,10,1,0,0
"2270",2001,10,2,0,0
"2270",2001,10,3,0,0
"2270",2001,10,4,0,1
"2270",2001,10,5 - 9,1,2
"2270",2001,10,10 - 14,0,0
"2270",2001,10,15 - 19,0,1
"2270",2001,10,20 - 24,2,1
"2270",2001,10,25 - 29,2,1
"2270",2001,10,30 - 34,1,2
"2270",2001,10,35 - 39,2,0
"2270",2001,10,40 - 44,2,1
"2270",2001,10,45 - 49,0,1
"2270",2001,10,50 - 54,1,1
"2270",2001,10,55 - 59,3,2
"2270",2001,10,60 - 64,3,0
"2270",2001,10,65 - 69,0,1
"2270",2001,10,70 - 74,2,1
"2270",2001,10,75 - 79,2,3
"2270",2001,10,80 - 84,2,6
"2270",2001,10,85 - 89,0,3
"2270",2001,10,90 - 94,0,3
"2270",2001,10,95+,1,2
"2270",2001,10,UNK,3,2
"2270",2001,11,Total,194,148
"2270",2001,11,0,188,145
"2270",2001,11,1,2,1
"2270",2001,11,2,0,1
"2270",2001,11,3,0,0
"2270",2001,11,4,0,0
"2270",2001,11,5 - 9,0,1
"2270",2001,11,10 - 14,1,0
"2270",2001,11,15 - 19,1,0
"2270",2001,11,20 - 24,0,0
"2270",2001,11,25 - 29,0,0
"2270",2001,11,30 - 34,0,0
"2270",2001,11,35 - 39,1,0
"2270",2001,11,40 - 44,0,0
"2270",2001,11,45 - 49,0,0
"2270",2001,11,50 - 54,0,0
"2270",2001,11,55 - 59,0,0
"2270",2001,11,60 - 64,1,0
"2270",2001,11,65 - 69,0,0
"2270",2001,11,70 - 74,0,0
"2270",2001,11,75 - 79,0,0
"2270",2001,11,80 - 84,0,0
"2270",2001,11,85 - 89,0,0
"2270",2001,11,90 - 94,0,0
"2270",2001,11,95+,0,0
"2270",2001,11,UNK,0,0
"2270",2001,12,Total,193,205
"2270",2001,12,0,29,32
"2270",2001,12,1,16,20
"2270",2001,12,2,1,8
"2270",2001,12,3,4,1
"2270",2001,12,4,4,3
"2270",2001,12,5 - 9,7,6
"2270",2001,12,10 - 14,8,1
"2270",2001,12,15 - 19,3,5
"2270",2001,12,20 - 24,7,3
"2270",2001,12,25 - 29,6,9
"2270",2001,12,30 - 34,9,9
"2270",2001,12,35 - 39,9,7
"2270",2001,12,40 - 44,11,7
"2270",2001,12,45 - 49,8,9
"2270",2001,12,50 - 54,4,10
"2270",2001,12,55 - 59,2,6
"2270",2001,12,60 - 64,5,5
"2270",2001,12,65 - 69,5,9
"2270",2001,12,70 - 74,4,12
"2270",2001,12,75 - 79,9,9
"2270",2001,12,80 - 84,6,8
"2270",2001,12,85 - 89,6,5
"2270",2001,12,90 - 94,8,5
"2270",2001,12,95+,1,1
"2270",2001,12,UNK,21,15
"2270",2001,13,Total,142,225
"2270",2001,13,0,4,6
"2270",2001,13,1,1,2
"2270",2001,13,2,0,3
"2270",2001,13,3,0,2
"2270",2001,13,4,1,1
"2270",2001,13,5 - 9,4,7
"2270",2001,13,10 - 14,10,15
"2270",2001,13,15 - 19,9,9
"2270",2001,13,20 - 24,10,17
"2270",2001,13,25 - 29,10,21
"2270",2001,13,30 - 34,8,13
"2270",2001,13,35 - 39,9,15
"2270",2001,13,40 - 44,9,16
"2270",2001,13,45 - 49,14,9
"2270",2001,13,50 - 54,5,6
"2270",2001,13,55 - 59,2,7
"2270",2001,13,60 - 64,1,14
"2270",2001,13,65 - 69,6,8
"2270",2001,13,70 - 74,5,5
"2270",2001,13,75 - 79,5,6
"2270",2001,13,80 - 84,4,4
"2270",2001,13,85 - 89,1,1
"2270",2001,13,90 - 94,2,1
"2270",2001,13,95+,4,2
"2270",2001,13,UNK,18,35
"2270",2001,14,Total,30,122
"2270",2001,14,0,0,0
"2270",2001,14,1,0,0
"2270",2001,14,2,0,1
"2270",2001,14,3,1,0
"2270",2001,14,4,0,0
"2270",2001,14,5 - 9,0,0
"2270",2001,14,10 - 14,0,3
"2270",2001,14,15 - 19,3,7
"2270",2001,14,20 - 24,4,19
"2270",2001,14,25 - 29,3,12
"2270",2001,14,30 - 34,2,20
"2270",2001,14,35 - 39,3,15
"2270",2001,14,40 - 44,3,10
"2270",2001,14,45 - 49,2,3
"2270",2001,14,50 - 54,1,5
"2270",2001,14,55 - 59,0,2
"2270",2001,14,60 - 64,3,3
"2270",2001,14,65 - 69,1,2
"2270",2001,14,70 - 74,0,1
"2270",2001,14,75 - 79,0,2
"2270",2001,14,80 - 84,0,0
"2270",2001,14,85 - 89,0,0
"2270",2001,14,90 - 94,1,0
"2270",2001,14,95+,0,0
"2270",2001,14,UNK,3,17
"2270",2001,15,Total,198,44
"2270",2001,15,0,1,4
"2270",2001,15,1,2,0
"2270",2001,15,2,0,0
"2270",2001,15,3,0,1
"2270",2001,15,4,1,0
"2270",2001,15,5 - 9,3,1
"2270",2001,15,10 - 14,1,4
"2270",2001,15,15 - 19,16,3
"2270",2001,15,20 - 24,23,0
"2270",2001,15,25 - 29,33,2
"2270",2001,15,30 - 34,25,1
"2270",2001,15,35 - 39,19,4
"2270",2001,15,40 - 44,19,2
"2270",2001,15,45 - 49,11,1
"2270",2001,15,50 - 54,8,0
"2270",2001,15,55 - 59,0,1
"2270",2001,15,60 - 64,3,3
"2270",2001,15,65 - 69,1,6
"2270",2001,15,70 - 74,1,1
"2270",2001,15,75 - 79,0,3
"2270",2001,15,80 - 84,0,4
"2270",2001,15,85 - 89,2,1
"2270",2001,15,90 - 94,1,0
"2270",2001,15,95+,1,0
"2270",2001,15,UNK,27,2
"2270",2002,1,Total,3854,3775
"2270",2002,1,0,222,216
"2270",2002,1,1,103,113
"2270",2002,1,2,56,75
"2270",2002,1,3,37,33
"2270",2002,1,4,30,20
"2270",2002,1,5 - 9,86,95
"2270",2002,1,10 - 14,81,83
"2270",2002,1,15 - 19,94,96
"2270",2002,1,20 - 24,160,140
"2270",2002,1,25 - 29,185,187
"2270",2002,1,30 - 34,198,184
"2270",2002,1,35 - 39,212,210
"2270",2002,1,40 - 44,169,198
"2270",2002,1,45 - 49,155,162
"2270",2002,1,50 - 54,167,186
"2270",2002,1,55 - 59,118,136
"2270",2002,1,60 - 64,188,153
"2270",2002,1,65 - 69,180,211
"2270",2002,1,70 - 74,240,192
"2270",2002,1,75 - 79,168,177
"2270",2002,1,80 - 84,195,171
"2270",2002,1,85 - 89,128,96
"2270",2002,1,90 - 94,92,54
"2270",2002,1,95+,70,34
"2270",2002,1,UNK,520,553
"2270",2002,2,Total,790,814
"2270",2002,2,0,73,72
"2270",2002,2,1,28,38
"2270",2002,2,2,20,28
"2270",2002,2,3,8,14
"2270",2002,2,4,9,8
"2270",2002,2,5 - 9,25,32
"2270",2002,2,10 - 14,26,28
"2270",2002,2,15 - 19,26,20
"2270",2002,2,20 - 24,52,38
"2270",2002,2,25 - 29,68,45
"2270",2002,2,30 - 34,69,62
"2270",2002,2,35 - 39,65,76
"2270",2002,2,40 - 44,50,65
"2270",2002,2,45 - 49,33,44
"2270",2002,2,50 - 54,27,39
"2270",2002,2,55 - 59,18,23
"2270",2002,2,60 - 64,17,19
"2270",2002,2,65 - 69,25,23
"2270",2002,2,70 - 74,25,20
"2270",2002,2,75 - 79,13,11
"2270",2002,2,80 - 84,13,15
"2270",2002,2,85 - 89,6,6
"2270",2002,2,90 - 94,4,5
"2270",2002,2,95+,7,3
"2270",2002,2,UNK,83,80
"2270",2002,3,Total,193,162
"2270",2002,3,0,0,0
"2270",2002,3,1,1,0
"2270",2002,3,2,0,0
"2270",2002,3,3,0,0
"2270",2002,3,4,2,0
"2270",2002,3,5 - 9,1,1
"2270",2002,3,10 - 14,3,6
"2270",2002,3,15 - 19,1,5
"2270",2002,3,20 - 24,0,3
"2270",2002,3,25 - 29,5,2
"2270",2002,3,30 - 34,10,1
"2270",2002,3,35 - 39,14,3
"2270",2002,3,40 - 44,11,8
"2270",2002,3,45 - 49,13,8
"2270",2002,3,50 - 54,18,13
"2270",2002,3,55 - 59,8,7
"2270",2002,3,60 - 64,16,15
"2270",2002,3,65 - 69,12,13
"2270",2002,3,70 - 74,24,17
"2270",2002,3,75 - 79,13,17
"2270",2002,3,80 - 84,18,19
"2270",2002,3,85 - 89,7,10
"2270",2002,3,90 - 94,3,2
"2270",2002,3,95+,2,1
"2270",2002,3,UNK,11,11
"2270",2002,4,Total,768,430
"2270",2002,4,0,2,3
"2270",2002,4,1,1,0
"2270",2002,4,2,1,0
"2270",2002,4,3,0,0
"2270",2002,4,4,1,0
"2270",2002,4,5 - 9,2,2
"2270",2002,4,10 - 14,7,2
"2270",2002,4,15 - 19,5,3
"2270",2002,4,20 - 24,13,3
"2270",2002,4,25 - 29,21,5
"2270",2002,4,30 - 34,29,7
"2270",2002,4,35 - 39,23,11
"2270",2002,4,40 - 44,29,18
"2270",2002,4,45 - 49,40,17
"2270",2002,4,50 - 54,49,30
"2270",2002,4,55 - 59,39,31
"2270",2002,4,60 - 64,61,30
"2270",2002,4,65 - 69,54,55
"2270",2002,4,70 - 74,93,43
"2270",2002,4,75 - 79,77,48
"2270",2002,4,80 - 84,65,37
"2270",2002,4,85 - 89,49,17
"2270",2002,4,90 - 94,36,12
"2270",2002,4,95+,15,4
"2270",2002,4,UNK,56,52
"2270",2002,5,Total,926,1083
"2270",2002,5,0,13,12
"2270",2002,5,1,12,9
"2270",2002,5,2,8,3
"2270",2002,5,3,7,5
"2270",2002,5,4,7,3
"2270",2002,5,5 - 9,19,21
"2270",2002,5,10 - 14,22,17
"2270",2002,5,15 - 19,23,35
"2270",2002,5,20 - 24,36,46
"2270",2002,5,25 - 29,38,65
"2270",2002,5,30 - 34,38,60
"2270",2002,5,35 - 39,59,65
"2270",2002,5,40 - 44,43,55
"2270",2002,5,45 - 49,41,47
"2270",2002,5,50 - 54,38,51
"2270",2002,5,55 - 59,28,46
"2270",2002,5,60 - 64,56,46
"2270",2002,5,65 - 69,53,72
"2270",2002,5,70 - 74,57,60
"2270",2002,5,75 - 79,45,56
"2270",2002,5,80 - 84,59,69
"2270",2002,5,85 - 89,39,34
"2270",2002,5,90 - 94,33,30
"2270",2002,5,95+,33,21
"2270",2002,5,UNK,119,155
"2270",2002,6,Total,8,20
"2270",2002,6,0,0,1
"2270",2002,6,1,0,0
"2270",2002,6,2,0,0
"2270",2002,6,3,0,0
"2270",2002,6,4,0,0
"2270",2002,6,5 - 9,0,0
"2270",2002,6,10 - 14,0,0
"2270",2002,6,15 - 19,0,0
"2270",2002,6,20 - 24,0,0
"2270",2002,6,25 - 29,1,0
"2270",2002,6,30 - 34,0,1
"2270",2002,6,35 - 39,2,2
"2270",2002,6,40 - 44,0,4
"2270",2002,6,45 - 49,0,1
"2270",2002,6,50 - 54,1,0
"2270",2002,6,55 - 59,1,1
"2270",2002,6,60 - 64,0,1
"2270",2002,6,65 - 69,1,2
"2270",2002,6,70 - 74,0,1
"2270",2002,6,75 - 79,0,2
"2270",2002,6,80 - 84,0,1
"2270",2002,6,85 - 89,1,0
"2270",2002,6,90 - 94,0,1
"2270",2002,6,95+,1,0
"2270",2002,6,UNK,0,2
"2270",2002,7,Total,64,50
"2270",2002,7,0,7,4
"2270",2002,7,1,2,6
"2270",2002,7,2,2,4
"2270",2002,7,3,4,1
"2270",2002,7,4,1,1
"2270",2002,7,5 - 9,5,4
"2270",2002,7,10 - 14,1,2
"2270",2002,7,15 - 19,3,3
"2270",2002,7,20 - 24,2,0
"2270",2002,7,25 - 29,3,0
"2270",2002,7,30 - 34,6,1
"2270",2002,7,35 - 39,5,3
"2270",2002,7,40 - 44,4,1
"2270",2002,7,45 - 49,1,1
"2270",2002,7,50 - 54,1,3
"2270",2002,7,55 - 59,1,2
"2270",2002,7,60 - 64,4,1
"2270",2002,7,65 - 69,1,3
"2270",2002,7,70 - 74,1,1
"2270",2002,7,75 - 79,1,4
"2270",2002,7,80 - 84,2,1
"2270",2002,7,85 - 89,1,1
"2270",2002,7,90 - 94,0,0
"2270",2002,7,95+,0,0
"2270",2002,7,UNK,6,3
"2270",2002,8,Total,267,229
"2270",2002,8,0,33,26
"2270",2002,8,1,46,44
"2270",2002,8,2,13,23
"2270",2002,8,3,11,6
"2270",2002,8,4,2,3
"2270",2002,8,5 - 9,10,8
"2270",2002,8,10 - 14,4,3
"2270",2002,8,15 - 19,1,2
"2270",2002,8,20 - 24,6,4
"2270",2002,8,25 - 29,6,6
"2270",2002,8,30 - 34,1,2
"2270",2002,8,35 - 39,4,3
"2270",2002,8,40 - 44,9,7
"2270",2002,8,45 - 49,2,4
"2270",2002,8,50 - 54,10,7
"2270",2002,8,55 - 59,13,3
"2270",2002,8,60 - 64,13,7
"2270",2002,8,65 - 69,19,11
"2270",2002,8,70 - 74,10,11
"2270",2002,8,75 - 79,7,6
"2270",2002,8,80 - 84,7,5
"2270",2002,8,85 - 89,8,5
"2270",2002,8,90 - 94,4,1
"2270",2002,8,95+,1,2
"2270",2002,8,UNK,27,30
"2270",2002,9,Total,89,119
"2270",2002,9,0,5,5
"2270",2002,9,1,1,0
"2270",2002,9,2,0,4
"2270",2002,9,3,1,1
"2270",2002,9,4,1,0
"2270",2002,9,5 - 9,1,3
"2270",2002,9,10 - 14,4,2
"2270",2002,9,15 - 19,1,2
"2270",2002,9,20 - 24,6,3
"2270",2002,9,25 - 29,5,3
"2270",2002,9,30 - 34,1,6
"2270",2002,9,35 - 39,7,5
"2270",2002,9,40 - 44,5,9
"2270",2002,9,45 - 49,9,11
"2270",2002,9,50 - 54,5,7
"2270",2002,9,55 - 59,1,9
"2270",2002,9,60 - 64,6,8
"2270",2002,9,65 - 69,5,8
"2270",2002,9,70 - 74,9,14
"2270",2002,9,75 - 79,2,7
"2270",2002,9,80 - 84,5,2
"2270",2002,9,85 - 89,1,4
"2270",2002,9,90 - 94,3,0
"2270",2002,9,95+,2,0
"2270",2002,9,UNK,3,6
"2270",2002,10,Total,27,37
"2270",2002,10,0,1,1
"2270",2002,10,1,0,0
"2270",2002,10,2,2,1
"2270",2002,10,3,0,0
"2270",2002,10,4,0,0
"2270",2002,10,5 - 9,0,2
"2270",2002,10,10 - 14,1,2
"2270",2002,10,15 - 19,0,0
"2270",2002,10,20 - 24,1,1
"2270",2002,10,25 - 29,0,0
"2270",2002,10,30 - 34,3,3
"2270",2002,10,35 - 39,3,1
"2270",2002,10,40 - 44,0,0
"2270",2002,10,45 - 49,2,2
"2270",2002,10,50 - 54,1,3
"2270",2002,10,55 - 59,1,1
"2270",2002,10,60 - 64,3,4
"2270",2002,10,65 - 69,2,4
"2270",2002,10,70 - 74,0,4
"2270",2002,10,75 - 79,1,3
"2270",2002,10,80 - 84,2,3
"2270",2002,10,85 - 89,2,2
"2270",2002,10,90 - 94,1,0
"2270",2002,10,95+,1,0
"2270",2002,10,UNK,0,0
"2270",2002,11,Total,235,200
"2270",2002,11,0,59,53
"2270",2002,11,1,2,1
"2270",2002,11,2,1,0
"2270",2002,11,3,0,1
"2270",2002,11,4,1,0
"2270",2002,11,5 - 9,1,4
"2270",2002,11,10 - 14,0,2
"2270",2002,11,15 - 19,1,0
"2270",2002,11,20 - 24,1,0
"2270",2002,11,25 - 29,1,0
"2270",2002,11,30 - 34,0,0
"2270",2002,11,35 - 39,0,0
"2270",2002,11,40 - 44,0,0
"2270",2002,11,45 - 49,0,0
"2270",2002,11,50 - 54,0,0
"2270",2002,11,55 - 59,0,0
"2270",2002,11,60 - 64,0,0
"2270",2002,11,65 - 69,0,0
"2270",2002,11,70 - 74,0,0
"2270",2002,11,75 - 79,0,0
"2270",2002,11,80 - 84,0,0
"2270",2002,11,85 - 89,0,0
"2270",2002,11,90 - 94,0,0
"2270",2002,11,95+,0,0
"2270",2002,11,UNK,168,139
"2270",2002,12,Total,156,197
"2270",2002,12,0,18,27
"2270",2002,12,1,9,10
"2270",2002,12,2,7,9
"2270",2002,12,3,4,4
"2270",2002,12,4,2,0
"2270",2002,12,5 - 9,4,5
"2270",2002,12,10 - 14,1,0
"2270",2002,12,15 - 19,3,1
"2270",2002,12,20 - 24,2,2
"2270",2002,12,25 - 29,2,5
"2270",2002,12,30 - 34,5,7
"2270",2002,12,35 - 39,12,6
"2270",2002,12,40 - 44,3,8
"2270",2002,12,45 - 49,5,9
"2270",2002,12,50 - 54,7,9
"2270",2002,12,55 - 59,4,2
"2270",2002,12,60 - 64,6,7
"2270",2002,12,65 - 69,2,12
"2270",2002,12,70 - 74,11,17
"2270",2002,12,75 - 79,5,13
"2270",2002,12,80 - 84,16,7
"2270",2002,12,85 - 89,6,12
"2270",2002,12,90 - 94,4,2
"2270",2002,12,95+,7,3
"2270",2002,12,UNK,11,20
"2270",2002,13,Total,124,229
"2270",2002,13,0,1,5
"2270",2002,13,1,1,2
"2270",2002,13,2,1,2
"2270",2002,13,3,1,0
"2270",2002,13,4,1,2
"2270",2002,13,5 - 9,9,9
"2270",2002,13,10 - 14,7,9
"2270",2002,13,15 - 19,5,10
"2270",2002,13,20 - 24,6,19
"2270",2002,13,25 - 29,12,31
"2270",2002,13,30 - 34,7,17
"2270",2002,13,35 - 39,4,20
"2270",2002,13,40 - 44,9,9
"2270",2002,13,45 - 49,5,14
"2270",2002,13,50 - 54,7,13
"2270",2002,13,55 - 59,3,6
"2270",2002,13,60 - 64,1,8
"2270",2002,13,65 - 69,3,6
"2270",2002,13,70 - 74,7,2
"2270",2002,13,75 - 79,1,6
"2270",2002,13,80 - 84,6,6
"2270",2002,13,85 - 89,5,5
"2270",2002,13,90 - 94,1,0
"2270",2002,13,95+,1,0
"2270",2002,13,UNK,20,28
"2270",2002,14,Total,25,128
"2270",2002,14,0,0,1
"2270",2002,14,1,0,0
"2270",2002,14,2,0,0
"2270",2002,14,3,1,0
"2270",2002,14,4,0,0
"2270",2002,14,5 - 9,1,0
"2270",2002,14,10 - 14,1,4
"2270",2002,14,15 - 19,1,10
"2270",2002,14,20 - 24,3,18
"2270",2002,14,25 - 29,4,23
"2270",2002,14,30 - 34,2,15
"2270",2002,14,35 - 39,2,14
"2270",2002,14,40 - 44,0,11
"2270",2002,14,45 - 49,0,2
"2270",2002,14,50 - 54,1,4
"2270",2002,14,55 - 59,0,3
"2270",2002,14,60 - 64,2,5
"2270",2002,14,65 - 69,1,0
"2270",2002,14,70 - 74,0,0
"2270",2002,14,75 - 79,1,0
"2270",2002,14,80 - 84,0,0
"2270",2002,14,85 - 89,0,0
"2270",2002,14,90 - 94,0,0
"2270",2002,14,95+,0,0
"2270",2002,14,UNK,5,18
"2270",2002,15,Total,182,77
"2270",2002,15,0,10,6
"2270",2002,15,1,0,3
"2270",2002,15,2,1,1
"2270",2002,15,3,0,1
"2270",2002,15,4,3,3
"2270",2002,15,5 - 9,8,4
"2270",2002,15,10 - 14,4,6
"2270",2002,15,15 - 19,24,5
"2270",2002,15,20 - 24,32,3
"2270",2002,15,25 - 29,19,2
"2270",2002,15,30 - 34,27,2
"2270",2002,15,35 - 39,12,1
"2270",2002,15,40 - 44,6,3
"2270",2002,15,45 - 49,4,2
"2270",2002,15,50 - 54,2,7
"2270",2002,15,55 - 59,1,2
"2270",2002,15,60 - 64,3,2
"2270",2002,15,65 - 69,2,2
"2270",2002,15,70 - 74,3,2
"2270",2002,15,75 - 79,2,4
"2270",2002,15,80 - 84,2,6
"2270",2002,15,85 - 89,3,0
"2270",2002,15,90 - 94,3,1
"2270",2002,15,95+,0,0
"2270",2002,15,UNK,11,9
"2270",2003,1,Total,3839,4135
"2270",2003,1,0,336,388
"2270",2003,1,1,115,120
"2270",2003,1,2,60,76
"2270",2003,1,3,34,44
"2270",2003,1,4,22,30
"2270",2003,1,5 - 9,75,85
"2270",2003,1,10 - 14,69,66
"2270",2003,1,15 - 19,99,114
"2270",2003,1,20 - 24,160,158
"2270",2003,1,25 - 29,186,179
"2270",2003,1,30 - 34,206,229
"2270",2003,1,35 - 39,175,215
"2270",2003,1,40 - 44,197,234
"2270",2003,1,45 - 49,173,190
"2270",2003,1,50 - 54,169,177
"2270",2003,1,55 - 59,140,176
"2270",2003,1,60 - 64,192,205
"2270",2003,1,65 - 69,182,196
"2270",2003,1,70 - 74,215,245
"2270",2003,1,75 - 79,193,223
"2270",2003,1,80 - 84,209,208
"2270",2003,1,85 - 89,156,110
"2270",2003,1,90 - 94,105,57
"2270",2003,1,95+,84,48
"2270",2003,1,UNK,287,362
"2270",2003,2,Total,719,862
"2270",2003,2,0,89,120
"2270",2003,2,1,50,61
"2270",2003,2,2,20,25
"2270",2003,2,3,12,12
"2270",2003,2,4,4,9
"2270",2003,2,5 - 9,21,27
"2270",2003,2,10 - 14,22,17
"2270",2003,2,15 - 19,20,26
"2270",2003,2,20 - 24,51,37
"2270",2003,2,25 - 29,57,46
"2270",2003,2,30 - 34,65,61
"2270",2003,2,35 - 39,45,65
"2270",2003,2,40 - 44,42,77
"2270",2003,2,45 - 49,29,46
"2270",2003,2,50 - 54,32,38
"2270",2003,2,55 - 59,15,29
"2270",2003,2,60 - 64,18,24
"2270",2003,2,65 - 69,25,20
"2270",2003,2,70 - 74,23,20
"2270",2003,2,75 - 79,15,21
"2270",2003,2,80 - 84,15,16
"2270",2003,2,85 - 89,3,11
"2270",2003,2,90 - 94,8,3
"2270",2003,2,95+,4,5
"2270",2003,2,UNK,34,46
"2270",2003,3,Total,171,154
"2270",2003,3,0,2,1
"2270",2003,3,1,0,0
"2270",2003,3,2,0,1
"2270",2003,3,3,0,0
"2270",2003,3,4,0,2
"2270",2003,3,5 - 9,4,0
"2270",2003,3,10 - 14,1,2
"2270",2003,3,15 - 19,5,2
"2270",2003,3,20 - 24,5,0
"2270",2003,3,25 - 29,4,1
"2270",2003,3,30 - 34,5,1
"2270",2003,3,35 - 39,2,5
"2270",2003,3,40 - 44,4,6
"2270",2003,3,45 - 49,16,9
"2270",2003,3,50 - 54,12,9
"2270",2003,3,55 - 59,14,12
"2270",2003,3,60 - 64,14,10
"2270",2003,3,65 - 69,12,16
"2270",2003,3,70 - 74,18,22
"2270",2003,3,75 - 79,10,19
"2270",2003,3,80 - 84,14,15
"2270",2003,3,85 - 89,9,13
"2270",2003,3,90 - 94,4,2
"2270",2003,3,95+,2,1
"2270",2003,3,UNK,14,5
"2270",2003,4,Total,841,570
"2270",2003,4,0,1,1
"2270",2003,4,1,1,0
"2270",2003,4,2,1,1
"2270",2003,4,3,1,1
"2270",2003,4,4,1,0
"2270",2003,4,5 - 9,5,1
"2270",2003,4,10 - 14,5,1
"2270",2003,4,15 - 19,17,5
"2270",2003,4,20 - 24,27,8
"2270",2003,4,25 - 29,32,9
"2270",2003,4,30 - 34,37,10
"2270",2003,4,35 - 39,31,14
"2270",2003,4,40 - 44,48,18
"2270",2003,4,45 - 49,42,21
"2270",2003,4,50 - 54,49,27
"2270",2003,4,55 - 59,46,32
"2270",2003,4,60 - 64,78,74
"2270",2003,4,65 - 69,69,59
"2270",2003,4,70 - 74,72,76
"2270",2003,4,75 - 79,74,63
"2270",2003,4,80 - 84,64,59
"2270",2003,4,85 - 89,52,28
"2270",2003,4,90 - 94,30,18
"2270",2003,4,95+,22,11
"2270",2003,4,UNK,36,33
"2270",2003,5,Total,1043,1273
"2270",2003,5,0,13,14
"2270",2003,5,1,12,10
"2270",2003,5,2,13,11
"2270",2003,5,3,7,12
"2270",2003,5,4,6,6
"2270",2003,5,5 - 9,18,26
"2270",2003,5,10 - 14,18,18
"2270",2003,5,15 - 19,26,44
"2270",2003,5,20 - 24,34,54
"2270",2003,5,25 - 29,51,76
"2270",2003,5,30 - 34,57,83
"2270",2003,5,35 - 39,47,76
"2270",2003,5,40 - 44,52,91
"2270",2003,5,45 - 49,51,63
"2270",2003,5,50 - 54,52,52
"2270",2003,5,55 - 59,40,54
"2270",2003,5,60 - 64,41,61
"2270",2003,5,65 - 69,45,50
"2270",2003,5,70 - 74,57,64
"2270",2003,5,75 - 79,47,61
"2270",2003,5,80 - 84,74,68
"2270",2003,5,85 - 89,57,44
"2270",2003,5,90 - 94,43,20
"2270",2003,5,95+,44,25
"2270",2003,5,UNK,138,190
"2270",2003,6,Total,4,11
"2270",2003,6,0,0,0
"2270",2003,6,1,0,0
"2270",2003,6,2,0,0
"2270",2003,6,3,0,0
"2270",2003,6,4,0,0
"2270",2003,6,5 - 9,0,1
"2270",2003,6,10 - 14,1,0
"2270",2003,6,15 - 19,0,0
"2270",2003,6,20 - 24,0,0
"2270",2003,6,25 - 29,0,0
"2270",2003,6,30 - 34,0,0
"2270",2003,6,35 - 39,0,0
"2270",2003,6,40 - 44,0,1
"2270",2003,6,45 - 49,0,0
"2270",2003,6,50 - 54,0,2
"2270",2003,6,55 - 59,0,1
"2270",2003,6,60 - 64,0,1
"2270",2003,6,65 - 69,0,3
"2270",2003,6,70 - 74,2,1
"2270",2003,6,75 - 79,0,0
"2270",2003,6,80 - 84,0,1
"2270",2003,6,85 - 89,0,0
"2270",2003,6,90 - 94,0,0
"2270",2003,6,95+,1,0
"2270",2003,6,UNK,0,0
"2270",2003,7,Total,61,89
"2270",2003,7,0,7,14
"2270",2003,7,1,3,4
"2270",2003,7,2,3,3
"2270",2003,7,3,2,2
"2270",2003,7,4,2,1
"2270",2003,7,5 - 9,2,6
"2270",2003,7,10 - 14,3,8
"2270",2003,7,15 - 19,0,3
"2270",2003,7,20 - 24,4,5
"2270",2003,7,25 - 29,1,2
"2270",2003,7,30 - 34,2,3
"2270",2003,7,35 - 39,4,5
"2270",2003,7,40 - 44,4,3
"2270",2003,7,45 - 49,2,3
"2270",2003,7,50 - 54,0,3
"2270",2003,7,55 - 59,0,5
"2270",2003,7,60 - 64,2,1
"2270",2003,7,65 - 69,1,1
"2270",2003,7,70 - 74,5,5
"2270",2003,7,75 - 79,4,4
"2270",2003,7,80 - 84,3,1
"2270",2003,7,85 - 89,1,0
"2270",2003,7,90 - 94,3,1
"2270",2003,7,95+,0,1
"2270",2003,7,UNK,3,5
"2270",2003,8,Total,239,206
"2270",2003,8,0,32,46
"2270",2003,8,1,29,29
"2270",2003,8,2,14,21
"2270",2003,8,3,6,8
"2270",2003,8,4,2,5
"2270",2003,8,5 - 9,7,3
"2270",2003,8,10 - 14,3,1
"2270",2003,8,15 - 19,3,1
"2270",2003,8,20 - 24,6,2
"2270",2003,8,25 - 29,3,0
"2270",2003,8,30 - 34,2,2
"2270",2003,8,35 - 39,6,2
"2270",2003,8,40 - 44,7,5
"2270",2003,8,45 - 49,5,6
"2270",2003,8,50 - 54,4,7
"2270",2003,8,55 - 59,8,6
"2270",2003,8,60 - 64,11,5
"2270",2003,8,65 - 69,4,14
"2270",2003,8,70 - 74,15,10
"2270",2003,8,75 - 79,19,13
"2270",2003,8,80 - 84,14,10
"2270",2003,8,85 - 89,11,2
"2270",2003,8,90 - 94,4,1
"2270",2003,8,95+,6,2
"2270",2003,8,UNK,18,5
"2270",2003,9,Total,91,136
"2270",2003,9,0,3,6
"2270",2003,9,1,2,0
"2270",2003,9,2,1,2
"2270",2003,9,3,0,0
"2270",2003,9,4,1,1
"2270",2003,9,5 - 9,3,3
"2270",2003,9,10 - 14,4,0
"2270",2003,9,15 - 19,1,5
"2270",2003,9,20 - 24,2,6
"2270",2003,9,25 - 29,3,6
"2270",2003,9,30 - 34,7,5
"2270",2003,9,35 - 39,3,9
"2270",2003,9,40 - 44,4,11
"2270",2003,9,45 - 49,7,9
"2270",2003,9,50 - 54,4,9
"2270",2003,9,55 - 59,7,10
"2270",2003,9,60 - 64,5,8
"2270",2003,9,65 - 69,7,9
"2270",2003,9,70 - 74,2,6
"2270",2003,9,75 - 79,7,13
"2270",2003,9,80 - 84,4,9
"2270",2003,9,85 - 89,8,3
"2270",2003,9,90 - 94,3,0
"2270",2003,9,95+,0,1
"2270",2003,9,UNK,3,5
"2270",2003,10,Total,30,40
"2270",2003,10,0,0,3
"2270",2003,10,1,0,0
"2270",2003,10,2,1,1
"2270",2003,10,3,0,0
"2270",2003,10,4,0,0
"2270",2003,10,5 - 9,2,2
"2270",2003,10,10 - 14,1,1
"2270",2003,10,15 - 19,2,2
"2270",2003,10,20 - 24,0,1
"2270",2003,10,25 - 29,0,1
"2270",2003,10,30 - 34,1,3
"2270",2003,10,35 - 39,0,1
"2270",2003,10,40 - 44,2,0
"2270",2003,10,45 - 49,0,2
"2270",2003,10,50 - 54,4,3
"2270",2003,10,55 - 59,0,2
"2270",2003,10,60 - 64,3,1
"2270",2003,10,65 - 69,2,0
"2270",2003,10,70 - 74,1,2
"2270",2003,10,75 - 79,2,4
"2270",2003,10,80 - 84,5,5
"2270",2003,10,85 - 89,2,1
"2270",2003,10,90 - 94,1,2
"2270",2003,10,95+,0,0
"2270",2003,10,UNK,1,3
"2270",2003,11,Total,158,146
"2270",2003,11,0,151,139
"2270",2003,11,1,2,2
"2270",2003,11,2,1,1
"2270",2003,11,3,1,0
"2270",2003,11,4,0,0
"2270",2003,11,5 - 9,0,1
"2270",2003,11,10 - 14,1,1
"2270",2003,11,15 - 19,0,1
"2270",2003,11,20 - 24,0,0
"2270",2003,11,25 - 29,0,0
"2270",2003,11,30 - 34,0,0
"2270",2003,11,35 - 39,0,0
"2270",2003,11,40 - 44,0,0
"2270",2003,11,45 - 49,0,0
"2270",2003,11,50 - 54,0,1
"2270",2003,11,55 - 59,0,0
"2270",2003,11,60 - 64,0,0
"2270",2003,11,65 - 69,0,0
"2270",2003,11,70 - 74,0,0
"2270",2003,11,75 - 79,0,0
"2270",2003,11,80 - 84,0,0
"2270",2003,11,85 - 89,0,0
"2270",2003,11,90 - 94,0,0
"2270",2003,11,95+,0,0
"2270",2003,11,UNK,2,0
"2270",2003,12,Total,205,211
"2270",2003,12,0,28,30
"2270",2003,12,1,12,8
"2270",2003,12,2,5,7
"2270",2003,12,3,3,5
"2270",2003,12,4,4,3
"2270",2003,12,5 - 9,6,4
"2270",2003,12,10 - 14,3,4
"2270",2003,12,15 - 19,5,4
"2270",2003,12,20 - 24,6,3
"2270",2003,12,25 - 29,6,5
"2270",2003,12,30 - 34,5,8
"2270",2003,12,35 - 39,10,8
"2270",2003,12,40 - 44,9,5
"2270",2003,12,45 - 49,6,5
"2270",2003,12,50 - 54,7,12
"2270",2003,12,55 - 59,7,9
"2270",2003,12,60 - 64,11,9
"2270",2003,12,65 - 69,6,7
"2270",2003,12,70 - 74,15,26
"2270",2003,12,75 - 79,8,14
"2270",2003,12,80 - 84,11,17
"2270",2003,12,85 - 89,12,6
"2270",2003,12,90 - 94,5,6
"2270",2003,12,95+,3,1
"2270",2003,12,UNK,12,5
"2270",2003,13,Total,103,228
"2270",2003,13,0,4,2
"2270",2003,13,1,3,4
"2270",2003,13,2,1,1
"2270",2003,13,3,2,2
"2270",2003,13,4,2,2
"2270",2003,13,5 - 9,5,8
"2270",2003,13,10 - 14,1,8
"2270",2003,13,15 - 19,9,9
"2270",2003,13,20 - 24,6,20
"2270",2003,13,25 - 29,6,12
"2270",2003,13,30 - 34,6,30
"2270",2003,13,35 - 39,5,11
"2270",2003,13,40 - 44,9,9
"2270",2003,13,45 - 49,4,16
"2270",2003,13,50 - 54,2,9
"2270",2003,13,55 - 59,2,13
"2270",2003,13,60 - 64,4,4
"2270",2003,13,65 - 69,7,13
"2270",2003,13,70 - 74,3,9
"2270",2003,13,75 - 79,3,10
"2270",2003,13,80 - 84,4,4
"2270",2003,13,85 - 89,1,0
"2270",2003,13,90 - 94,3,2
"2270",2003,13,95+,1,0
"2270",2003,13,UNK,10,30
"2270",2003,14,Total,28,145
"2270",2003,14,0,0,0
"2270",2003,14,1,0,0
"2270",2003,14,2,0,0
"2270",2003,14,3,0,0
"2270",2003,14,4,0,0
"2270",2003,14,5 - 9,0,0
"2270",2003,14,10 - 14,1,2
"2270",2003,14,15 - 19,3,10
"2270",2003,14,20 - 24,3,20
"2270",2003,14,25 - 29,2,20
"2270",2003,14,30 - 34,5,22
"2270",2003,14,35 - 39,1,17
"2270",2003,14,40 - 44,4,6
"2270",2003,14,45 - 49,2,7
"2270",2003,14,50 - 54,0,4
"2270",2003,14,55 - 59,0,2
"2270",2003,14,60 - 64,2,3
"2270",2003,14,65 - 69,0,2
"2270",2003,14,70 - 74,0,1
"2270",2003,14,75 - 79,0,0
"2270",2003,14,80 - 84,0,1
"2270",2003,14,85 - 89,0,0
"2270",2003,14,90 - 94,0,0
"2270",2003,14,95+,0,0
"2270",2003,14,UNK,5,28
"2270",2003,15,Total,146,64
"2270",2003,15,0,6,12
"2270",2003,15,1,1,2
"2270",2003,15,2,0,2
"2270",2003,15,3,0,2
"2270",2003,15,4,0,1
"2270",2003,15,5 - 9,2,3
"2270",2003,15,10 - 14,5,3
"2270",2003,15,15 - 19,8,2
"2270",2003,15,20 - 24,16,2
"2270",2003,15,25 - 29,21,1
"2270",2003,15,30 - 34,14,1
"2270",2003,15,35 - 39,21,2
"2270",2003,15,40 - 44,12,2
"2270",2003,15,45 - 49,9,3
"2270",2003,15,50 - 54,3,1
"2270",2003,15,55 - 59,1,1
"2270",2003,15,60 - 64,3,4
"2270",2003,15,65 - 69,4,2
"2270",2003,15,70 - 74,2,3
"2270",2003,15,75 - 79,4,1
"2270",2003,15,80 - 84,1,2
"2270",2003,15,85 - 89,0,2
"2270",2003,15,90 - 94,1,2
"2270",2003,15,95+,1,1
"2270",2003,15,UNK,11,7
"2270",2004,1,Total,1125,1169
"2270",2004,1,0,78,81
"2270",2004,1,1,22,20
"2270",2004,1,2,13,15
"2270",2004,1,3,5,6
"2270",2004,1,4,5,3
"2270",2004,1,5 - 9,15,15
"2270",2004,1,10 - 14,17,17
"2270",2004,1,15 - 19,17,28
"2270",2004,1,20 - 24,58,50
"2270",2004,1,25 - 29,47,49
"2270",2004,1,30 - 34,52,85
"2270",2004,1,35 - 39,46,63
"2270",2004,1,40 - 44,63,57
"2270",2004,1,45 - 49,61,78
"2270",2004,1,50 - 54,53,68
"2270",2004,1,55 - 59,50,43
"2270",2004,1,60 - 64,55,51
"2270",2004,1,65 - 69,58,44
"2270",2004,1,70 - 74,53,69
"2270",2004,1,75 - 79,74,69
"2270",2004,1,80 - 84,72,49
"2270",2004,1,85 - 89,41,31
"2270",2004,1,90 - 94,34,17
"2270",2004,1,95+,28,12
"2270",2004,1,UNK,108,149
"2270",2004,2,Total,132,168
"2270",2004,2,0,21,21
"2270",2004,2,1,7,8
"2270",2004,2,2,2,5
"2270",2004,2,3,1,3
"2270",2004,2,4,1,1
"2270",2004,2,5 - 9,2,4
"2270",2004,2,10 - 14,5,4
"2270",2004,2,15 - 19,3,3
"2270",2004,2,20 - 24,7,5
"2270",2004,2,25 - 29,12,7
"2270",2004,2,30 - 34,8,15
"2270",2004,2,35 - 39,7,9
"2270",2004,2,40 - 44,14,13
"2270",2004,2,45 - 49,8,16
"2270",2004,2,50 - 54,2,8
"2270",2004,2,55 - 59,6,6
"2270",2004,2,60 - 64,2,6
"2270",2004,2,65 - 69,4,3
"2270",2004,2,70 - 74,1,6
"2270",2004,2,75 - 79,2,8
"2270",2004,2,80 - 84,3,8
"2270",2004,2,85 - 89,2,1
"2270",2004,2,90 - 94,1,0
"2270",2004,2,95+,1,0
"2270",2004,2,UNK,10,8
"2270",2004,3,Total,47,53
"2270",2004,3,0,0,0
"2270",2004,3,1,1,1
"2270",2004,3,2,1,0
"2270",2004,3,3,0,0
"2270",2004,3,4,0,1
"2270",2004,3,5 - 9,0,0
"2270",2004,3,10 - 14,0,0
"2270",2004,3,15 - 19,0,0
"2270",2004,3,20 - 24,1,0
"2270",2004,3,25 - 29,1,1
"2270",2004,3,30 - 34,0,0
"2270",2004,3,35 - 39,3,1
"2270",2004,3,40 - 44,3,3
"2270",2004,3,45 - 49,3,2
"2270",2004,3,50 - 54,4,6
"2270",2004,3,55 - 59,3,4
"2270",2004,3,60 - 64,4,4
"2270",2004,3,65 - 69,3,4
"2270",2004,3,70 - 74,6,2
"2270",2004,3,75 - 79,4,6
"2270",2004,3,80 - 84,2,6
"2270",2004,3,85 - 89,6,7
"2270",2004,3,90 - 94,1,1
"2270",2004,3,95+,1,2
"2270",2004,3,UNK,0,2
"2270",2004,4,Total,254,198
"2270",2004,4,0,0,0
"2270",2004,4,1,0,0
"2270",2004,4,2,0,0
"2270",2004,4,3,0,0
"2270",2004,4,4,0,0
"2270",2004,4,5 - 9,0,0
"2270",2004,4,10 - 14,2,1
"2270",2004,4,15 - 19,3,1
"2270",2004,4,20 - 24,16,5
"2270",2004,4,25 - 29,9,4
"2270",2004,4,30 - 34,8,8
"2270",2004,4,35 - 39,10,11
"2270",2004,4,40 - 44,10,8
"2270",2004,4,45 - 49,11,15
"2270",2004,4,50 - 54,18,10
"2270",2004,4,55 - 59,18,9
"2270",2004,4,60 - 64,20,14
"2270",2004,4,65 - 69,15,17
"2270",2004,4,70 - 74,21,22
"2270",2004,4,75 - 79,25,23
"2270",2004,4,80 - 84,24,14
"2270",2004,4,85 - 89,13,12
"2270",2004,4,90 - 94,8,4
"2270",2004,4,95+,4,3
"2270",2004,4,UNK,19,17
"2270",2004,5,Total,353,455
"2270",2004,5,0,2,5
"2270",2004,5,1,2,2
"2270",2004,5,2,0,1
"2270",2004,5,3,2,1
"2270",2004,5,4,0,0
"2270",2004,5,5 - 9,3,7
"2270",2004,5,10 - 14,7,7
"2270",2004,5,15 - 19,6,13
"2270",2004,5,20 - 24,13,27
"2270",2004,5,25 - 29,15,25
"2270",2004,5,30 - 34,23,45
"2270",2004,5,35 - 39,14,28
"2270",2004,5,40 - 44,19,15
"2270",2004,5,45 - 49,24,30
"2270",2004,5,50 - 54,17,25
"2270",2004,5,55 - 59,11,15
"2270",2004,5,60 - 64,11,19
"2270",2004,5,65 - 69,20,8
"2270",2004,5,70 - 74,12,29
"2270",2004,5,75 - 79,25,23
"2270",2004,5,80 - 84,30,17
"2270",2004,5,85 - 89,15,9
"2270",2004,5,90 - 94,15,8
"2270",2004,5,95+,17,4
"2270",2004,5,UNK,50,92
"2270",2004,6,Total,2,5
"2270",2004,6,0,0,0
"2270",2004,6,1,0,0
"2270",2004,6,2,0,0
"2270",2004,6,3,0,0
"2270",2004,6,4,0,0
"2270",2004,6,5 - 9,0,0
"2270",2004,6,10 - 14,0,0
"2270",2004,6,15 - 19,0,0
"2270",2004,6,20 - 24,0,0
"2270",2004,6,25 - 29,0,0
"2270",2004,6,30 - 34,0,1
"2270",2004,6,35 - 39,0,0
"2270",2004,6,40 - 44,0,1
"2270",2004,6,45 - 49,1,0
"2270",2004,6,50 - 54,0,1
"2270",2004,6,55 - 59,0,0
"2270",2004,6,60 - 64,0,0
"2270",2004,6,65 - 69,0,0
"2270",2004,6,70 - 74,0,0
"2270",2004,6,75 - 79,0,1
"2270",2004,6,80 - 84,1,0
"2270",2004,6,85 - 89,0,0
"2270",2004,6,90 - 94,0,0
"2270",2004,6,95+,0,0
"2270",2004,6,UNK,0,1
"2270",2004,7,Total,27,14
"2270",2004,7,0,0,1
"2270",2004,7,1,1,1
"2270",2004,7,2,4,2
"2270",2004,7,3,0,0
"2270",2004,7,4,1,0
"2270",2004,7,5 - 9,2,1
"2270",2004,7,10 - 14,0,0
"2270",2004,7,15 - 19,0,1
"2270",2004,7,20 - 24,0,1
"2270",2004,7,25 - 29,0,0
"2270",2004,7,30 - 34,2,2
"2270",2004,7,35 - 39,0,0
"2270",2004,7,40 - 44,2,1
"2270",2004,7,45 - 49,0,0
"2270",2004,7,50 - 54,1,1
"2270",2004,7,55 - 59,1,0
"2270",2004,7,60 - 64,1,0
"2270",2004,7,65 - 69,2,0
"2270",2004,7,70 - 74,0,2
"2270",2004,7,75 - 79,2,0
"2270",2004,7,80 - 84,4,0
"2270",2004,7,85 - 89,0,0
"2270",2004,7,90 - 94,0,1
"2270",2004,7,95+,1,0
"2270",2004,7,UNK,3,0
"2270",2004,8,Total,89,60
"2270",2004,8,0,13,12
"2270",2004,8,1,5,5
"2270",2004,8,2,2,4
"2270",2004,8,3,0,1
"2270",2004,8,4,0,1
"2270",2004,8,5 - 9,2,1
"2270",2004,8,10 - 14,3,0
"2270",2004,8,15 - 19,1,1
"2270",2004,8,20 - 24,2,0
"2270",2004,8,25 - 29,0,0
"2270",2004,8,30 - 34,1,1
"2270",2004,8,35 - 39,2,2
"2270",2004,8,40 - 44,3,1
"2270",2004,8,45 - 49,1,2
"2270",2004,8,50 - 54,4,8
"2270",2004,8,55 - 59,6,2
"2270",2004,8,60 - 64,7,0
"2270",2004,8,65 - 69,7,7
"2270",2004,8,70 - 74,7,5
"2270",2004,8,75 - 79,6,3
"2270",2004,8,80 - 84,5,0
"2270",2004,8,85 - 89,0,0
"2270",2004,8,90 - 94,6,2
"2270",2004,8,95+,2,1
"2270",2004,8,UNK,4,1
"2270",2004,9,Total,30,32
"2270",2004,9,0,2,1
"2270",2004,9,1,0,0
"2270",2004,9,2,1,0
"2270",2004,9,3,0,0
"2270",2004,9,4,1,0
"2270",2004,9,5 - 9,3,2
"2270",2004,9,10 - 14,0,0
"2270",2004,9,15 - 19,0,0
"2270",2004,9,20 - 24,2,4
"2270",2004,9,25 - 29,1,1
"2270",2004,9,30 - 34,0,1
"2270",2004,9,35 - 39,1,1
"2270",2004,9,40 - 44,1,5
"2270",2004,9,45 - 49,1,6
"2270",2004,9,50 - 54,2,2
"2270",2004,9,55 - 59,0,2
"2270",2004,9,60 - 64,5,3
"2270",2004,9,65 - 69,1,1
"2270",2004,9,70 - 74,1,0
"2270",2004,9,75 - 79,2,0
"2270",2004,9,80 - 84,0,1
"2270",2004,9,85 - 89,0,0
"2270",2004,9,90 - 94,1,0
"2270",2004,9,95+,1,1
"2270",2004,9,UNK,4,1
"2270",2004,10,Total,9,11
"2270",2004,10,0,0,0
"2270",2004,10,1,0,0
"2270",2004,10,2,0,0
"2270",2004,10,3,0,0
"2270",2004,10,4,0,0
"2270",2004,10,5 - 9,0,0
"2270",2004,10,10 - 14,0,0
"2270",2004,10,15 - 19,1,0
"2270",2004,10,20 - 24,0,0
"2270",2004,10,25 - 29,0,0
"2270",2004,10,30 - 34,0,1
"2270",2004,10,35 - 39,1,1
"2270",2004,10,40 - 44,1,0
"2270",2004,10,45 - 49,2,1
"2270",2004,10,50 - 54,1,1
"2270",2004,10,55 - 59,0,1
"2270",2004,10,60 - 64,0,1
"2270",2004,10,65 - 69,0,1
"2270",2004,10,70 - 74,0,0
"2270",2004,10,75 - 79,2,2
"2270",2004,10,80 - 84,0,1
"2270",2004,10,85 - 89,1,1
"2270",2004,10,90 - 94,0,0
"2270",2004,10,95+,0,0
"2270",2004,10,UNK,0,0
"2270",2004,11,Total,46,31
"2270",2004,11,0,33,27
"2270",2004,11,1,0,1
"2270",2004,11,2,2,0
"2270",2004,11,3,1,0
"2270",2004,11,4,1,0
"2270",2004,11,5 - 9,0,0
"2270",2004,11,10 - 14,0,0
"2270",2004,11,15 - 19,0,1
"2270",2004,11,20 - 24,0,0
"2270",2004,11,25 - 29,0,0
"2270",2004,11,30 - 34,0,0
"2270",2004,11,35 - 39,0,0
"2270",2004,11,40 - 44,0,0
"2270",2004,11,45 - 49,0,0
"2270",2004,11,50 - 54,0,0
"2270",2004,11,55 - 59,0,0
"2270",2004,11,60 - 64,0,0
"2270",2004,11,65 - 69,0,0
"2270",2004,11,70 - 74,0,0
"2270",2004,11,75 - 79,0,0
"2270",2004,11,80 - 84,0,0
"2270",2004,11,85 - 89,0,0
"2270",2004,11,90 - 94,0,0
"2270",2004,11,95+,0,0
"2270",2004,11,UNK,9,2
"2270",2004,12,Total,48,29
"2270",2004,12,0,6,4
"2270",2004,12,1,4,1
"2270",2004,12,2,0,1
"2270",2004,12,3,1,0
"2270",2004,12,4,1,0
"2270",2004,12,5 - 9,1,0
"2270",2004,12,10 - 14,0,2
"2270",2004,12,15 - 19,0,1
"2270",2004,12,20 - 24,2,0
"2270",2004,12,25 - 29,0,0
"2270",2004,12,30 - 34,3,2
"2270",2004,12,35 - 39,2,2
"2270",2004,12,40 - 44,2,2
"2270",2004,12,45 - 49,3,1
"2270",2004,12,50 - 54,1,1
"2270",2004,12,55 - 59,1,0
"2270",2004,12,60 - 64,2,1
"2270",2004,12,65 - 69,3,2
"2270",2004,12,70 - 74,2,1
"2270",2004,12,75 - 79,4,2
"2270",2004,12,80 - 84,1,0
"2270",2004,12,85 - 89,2,0
"2270",2004,12,90 - 94,2,1
"2270",2004,12,95+,1,1
"2270",2004,12,UNK,4,4
"2270",2004,13,Total,38,50
"2270",2004,13,0,1,3
"2270",2004,13,1,2,1
"2270",2004,13,2,1,2
"2270",2004,13,3,0,1
"2270",2004,13,4,0,0
"2270",2004,13,5 - 9,1,0
"2270",2004,13,10 - 14,0,3
"2270",2004,13,15 - 19,1,5
"2270",2004,13,20 - 24,2,4
"2270",2004,13,25 - 29,5,3
"2270",2004,13,30 - 34,1,2
"2270",2004,13,35 - 39,0,3
"2270",2004,13,40 - 44,2,1
"2270",2004,13,45 - 49,4,2
"2270",2004,13,50 - 54,2,2
"2270",2004,13,55 - 59,1,2
"2270",2004,13,60 - 64,1,2
"2270",2004,13,65 - 69,2,1
"2270",2004,13,70 - 74,3,2
"2270",2004,13,75 - 79,2,1
"2270",2004,13,80 - 84,1,2
"2270",2004,13,85 - 89,2,1
"2270",2004,13,90 - 94,0,0
"2270",2004,13,95+,0,0
"2270",2004,13,UNK,4,7
"2270",2004,14,Total,4,47
"2270",2004,14,0,0,0
"2270",2004,14,1,0,0
"2270",2004,14,2,0,0
"2270",2004,14,3,0,0
"2270",2004,14,4,0,0
"2270",2004,14,5 - 9,0,0
"2270",2004,14,10 - 14,0,0
"2270",2004,14,15 - 19,1,2
"2270",2004,14,20 - 24,0,3
"2270",2004,14,25 - 29,0,7
"2270",2004,14,30 - 34,2,6
"2270",2004,14,35 - 39,0,4
"2270",2004,14,40 - 44,1,6
"2270",2004,14,45 - 49,0,3
"2270",2004,14,50 - 54,0,1
"2270",2004,14,55 - 59,0,1
"2270",2004,14,60 - 64,0,1
"2270",2004,14,65 - 69,0,0
"2270",2004,14,70 - 74,0,0
"2270",2004,14,75 - 79,0,0
"2270",2004,14,80 - 84,0,0
"2270",2004,14,85 - 89,0,0
"2270",2004,14,90 - 94,0,0
"2270",2004,14,95+,0,0
"2270",2004,14,UNK,0,13
"2270",2004,15,Total,46,16
"2270",2004,15,0,0,7
"2270",2004,15,1,0,0
"2270",2004,15,2,0,0
"2270",2004,15,3,0,0
"2270",2004,15,4,0,0
"2270",2004,15,5 - 9,1,0
"2270",2004,15,10 - 14,0,0
"2270",2004,15,15 - 19,1,0
"2270",2004,15,20 - 24,13,1
"2270",2004,15,25 - 29,4,1
"2270",2004,15,30 - 34,4,1
"2270",2004,15,35 - 39,6,1
"2270",2004,15,40 - 44,5,1
"2270",2004,15,45 - 49,3,0
"2270",2004,15,50 - 54,1,2
"2270",2004,15,55 - 59,3,1
"2270",2004,15,60 - 64,2,0
"2270",2004,15,65 - 69,1,0
"2270",2004,15,70 - 74,0,0
"2270",2004,15,75 - 79,0,0
"2270",2004,15,80 - 84,1,0
"2270",2004,15,85 - 89,0,0
"2270",2004,15,90 - 94,0,0
"2270",2004,15,95+,0,0
"2270",2004,15,UNK,1,1
