"","Year","Cause","Age","Female","Male"
"4180",2003,1,Total,299071,289826
"4180",2003,1,0,988,1146
"4180",2003,1,1,67,73
"4180",2003,1,2,43,46
"4180",2003,1,3,44,43
"4180",2003,1,4,27,46
"4180",2003,1,5 - 9,118,158
"4180",2003,1,10 - 14,142,224
"4180",2003,1,15 - 19,272,859
"4180",2003,1,20 - 24,390,1375
"4180",2003,1,25 - 29,565,1824
"4180",2003,1,30 - 34,832,2074
"4180",2003,1,35 - 39,1365,2869
"4180",2003,1,40 - 44,2027,3569
"4180",2003,1,45 - 49,2904,4968
"4180",2003,1,50 - 54,4442,7825
"4180",2003,1,55 - 59,6445,12178
"4180",2003,1,60 - 64,9696,18640
"4180",2003,1,65 - 69,14915,26904
"4180",2003,1,70 - 74,24623,39105
"4180",2003,1,75 - 79,40788,50840
"4180",2003,1,80 - 84,55353,48917
"4180",2003,1,85 - 89,57825,35681
"4180",2003,1,90 - 94,53942,24282
"4180",2003,1,95+,21258,6180
"4180",2003,1,UNK,0,0
"4180",2003,2,Total,3463,3910
"4180",2003,2,0,12,18
"4180",2003,2,1,4,3
"4180",2003,2,2,3,0
"4180",2003,2,3,4,2
"4180",2003,2,4,2,1
"4180",2003,2,5 - 9,3,4
"4180",2003,2,10 - 14,7,5
"4180",2003,2,15 - 19,6,5
"4180",2003,2,20 - 24,7,9
"4180",2003,2,25 - 29,26,29
"4180",2003,2,30 - 34,45,84
"4180",2003,2,35 - 39,96,284
"4180",2003,2,40 - 44,94,369
"4180",2003,2,45 - 49,60,246
"4180",2003,2,50 - 54,60,191
"4180",2003,2,55 - 59,92,207
"4180",2003,2,60 - 64,168,273
"4180",2003,2,65 - 69,271,355
"4180",2003,2,70 - 74,416,451
"4180",2003,2,75 - 79,591,518
"4180",2003,2,80 - 84,618,444
"4180",2003,2,85 - 89,438,267
"4180",2003,2,90 - 94,331,122
"4180",2003,2,95+,109,23
"4180",2003,2,UNK,0,0
"4180",2003,3,Total,71017,96127
"4180",2003,3,0,6,5
"4180",2003,3,1,5,4
"4180",2003,3,2,12,8
"4180",2003,3,3,7,9
"4180",2003,3,4,10,13
"4180",2003,3,5 - 9,39,58
"4180",2003,3,10 - 14,42,48
"4180",2003,3,15 - 19,50,90
"4180",2003,3,20 - 24,69,108
"4180",2003,3,25 - 29,128,154
"4180",2003,3,30 - 34,311,265
"4180",2003,3,35 - 39,637,503
"4180",2003,3,40 - 44,1099,858
"4180",2003,3,45 - 49,1792,1684
"4180",2003,3,50 - 54,2751,3368
"4180",2003,3,55 - 59,3848,5824
"4180",2003,3,60 - 64,5509,9278
"4180",2003,3,65 - 69,7206,12969
"4180",2003,3,70 - 74,9530,16935
"4180",2003,3,75 - 79,11999,18502
"4180",2003,3,80 - 84,11759,14094
"4180",2003,3,85 - 89,7919,7165
"4180",2003,3,90 - 94,5098,3573
"4180",2003,3,95+,1191,612
"4180",2003,3,UNK,0,0
"4180",2003,4,Total,135884,105874
"4180",2003,4,0,29,37
"4180",2003,4,1,7,11
"4180",2003,4,2,3,1
"4180",2003,4,3,4,2
"4180",2003,4,4,0,2
"4180",2003,4,5 - 9,6,7
"4180",2003,4,10 - 14,13,16
"4180",2003,4,15 - 19,15,37
"4180",2003,4,20 - 24,25,75
"4180",2003,4,25 - 29,49,134
"4180",2003,4,30 - 34,82,244
"4180",2003,4,35 - 39,141,404
"4180",2003,4,40 - 44,247,724
"4180",2003,4,45 - 49,406,1230
"4180",2003,4,50 - 54,651,2090
"4180",2003,4,55 - 59,1095,3332
"4180",2003,4,60 - 64,1902,5064
"4180",2003,4,65 - 69,3755,7752
"4180",2003,4,70 - 74,8083,12585
"4180",2003,4,75 - 79,16410,18707
"4180",2003,4,80 - 84,26611,20343
"4180",2003,4,85 - 89,32045,17150
"4180",2003,4,90 - 94,31728,12623
"4180",2003,4,95+,12577,3304
"4180",2003,4,UNK,0,0
"4180",2003,5,Total,6448,4320
"4180",2003,5,0,21,31
"4180",2003,5,1,2,4
"4180",2003,5,2,1,6
"4180",2003,5,3,0,0
"4180",2003,5,4,1,4
"4180",2003,5,5 - 9,3,6
"4180",2003,5,10 - 14,2,7
"4180",2003,5,15 - 19,17,32
"4180",2003,5,20 - 24,23,67
"4180",2003,5,25 - 29,21,110
"4180",2003,5,30 - 34,28,132
"4180",2003,5,35 - 39,37,158
"4180",2003,5,40 - 44,45,126
"4180",2003,5,45 - 49,42,135
"4180",2003,5,50 - 54,48,148
"4180",2003,5,55 - 59,59,164
"4180",2003,5,60 - 64,74,173
"4180",2003,5,65 - 69,103,221
"4180",2003,5,70 - 74,198,262
"4180",2003,5,75 - 79,368,357
"4180",2003,5,80 - 84,706,447
"4180",2003,5,85 - 89,1180,573
"4180",2003,5,90 - 94,1983,747
"4180",2003,5,95+,1486,410
"4180",2003,5,UNK,0,0
"4180",2003,6,Total,6072,3230
"4180",2003,6,0,0,0
"4180",2003,6,1,1,0
"4180",2003,6,2,0,0
"4180",2003,6,3,0,0
"4180",2003,6,4,0,0
"4180",2003,6,5 - 9,1,0
"4180",2003,6,10 - 14,1,0
"4180",2003,6,15 - 19,4,8
"4180",2003,6,20 - 24,6,29
"4180",2003,6,25 - 29,10,72
"4180",2003,6,30 - 34,16,92
"4180",2003,6,35 - 39,20,108
"4180",2003,6,40 - 44,17,75
"4180",2003,6,45 - 49,21,52
"4180",2003,6,50 - 54,25,51
"4180",2003,6,55 - 59,22,58
"4180",2003,6,60 - 64,44,76
"4180",2003,6,65 - 69,90,110
"4180",2003,6,70 - 74,212,200
"4180",2003,6,75 - 79,559,436
"4180",2003,6,80 - 84,1186,632
"4180",2003,6,85 - 89,1576,617
"4180",2003,6,90 - 94,1628,490
"4180",2003,6,95+,633,124
"4180",2003,6,UNK,0,0
"4180",2003,7,Total,11168,8124
"4180",2003,7,0,18,24
"4180",2003,7,1,16,8
"4180",2003,7,2,4,2
"4180",2003,7,3,2,1
"4180",2003,7,4,2,3
"4180",2003,7,5 - 9,10,12
"4180",2003,7,10 - 14,8,25
"4180",2003,7,15 - 19,15,36
"4180",2003,7,20 - 24,14,47
"4180",2003,7,25 - 29,30,50
"4180",2003,7,30 - 34,40,48
"4180",2003,7,35 - 39,46,72
"4180",2003,7,40 - 44,59,93
"4180",2003,7,45 - 49,84,121
"4180",2003,7,50 - 54,131,176
"4180",2003,7,55 - 59,189,222
"4180",2003,7,60 - 64,272,357
"4180",2003,7,65 - 69,519,624
"4180",2003,7,70 - 74,994,1080
"4180",2003,7,75 - 79,1886,1608
"4180",2003,7,80 - 84,2602,1709
"4180",2003,7,85 - 89,2177,1097
"4180",2003,7,90 - 94,1518,586
"4180",2003,7,95+,532,123
"4180",2003,7,UNK,0,0
"4180",2003,8,Total,14591,9436
"4180",2003,8,0,16,8
"4180",2003,8,1,5,7
"4180",2003,8,2,4,5
"4180",2003,8,3,4,1
"4180",2003,8,4,1,2
"4180",2003,8,5 - 9,9,5
"4180",2003,8,10 - 14,11,5
"4180",2003,8,15 - 19,11,7
"4180",2003,8,20 - 24,15,11
"4180",2003,8,25 - 29,11,14
"4180",2003,8,30 - 34,20,26
"4180",2003,8,35 - 39,22,35
"4180",2003,8,40 - 44,43,80
"4180",2003,8,45 - 49,76,140
"4180",2003,8,50 - 54,132,223
"4180",2003,8,55 - 59,270,389
"4180",2003,8,60 - 64,402,627
"4180",2003,8,65 - 69,817,976
"4180",2003,8,70 - 74,1487,1380
"4180",2003,8,75 - 79,2466,1789
"4180",2003,8,80 - 84,2965,1620
"4180",2003,8,85 - 89,2857,1206
"4180",2003,8,90 - 94,2223,740
"4180",2003,8,95+,724,140
"4180",2003,8,UNK,0,0
"4180",2003,9,Total,11869,12139
"4180",2003,9,0,12,12
"4180",2003,9,1,0,4
"4180",2003,9,2,0,1
"4180",2003,9,3,1,1
"4180",2003,9,4,0,0
"4180",2003,9,5 - 9,1,0
"4180",2003,9,10 - 14,2,1
"4180",2003,9,15 - 19,0,7
"4180",2003,9,20 - 24,2,5
"4180",2003,9,25 - 29,12,16
"4180",2003,9,30 - 34,22,70
"4180",2003,9,35 - 39,56,186
"4180",2003,9,40 - 44,97,264
"4180",2003,9,45 - 49,106,408
"4180",2003,9,50 - 54,210,549
"4180",2003,9,55 - 59,295,738
"4180",2003,9,60 - 64,454,1024
"4180",2003,9,65 - 69,805,1362
"4180",2003,9,70 - 74,1301,1742
"4180",2003,9,75 - 79,1982,1998
"4180",2003,9,80 - 84,2316,1753
"4180",2003,9,85 - 89,1945,1176
"4180",2003,9,90 - 94,1662,663
"4180",2003,9,95+,588,159
"4180",2003,9,UNK,0,0
"4180",2003,10,Total,4812,4412
"4180",2003,10,0,3,5
"4180",2003,10,1,0,1
"4180",2003,10,2,0,0
"4180",2003,10,3,1,0
"4180",2003,10,4,0,0
"4180",2003,10,5 - 9,0,1
"4180",2003,10,10 - 14,1,0
"4180",2003,10,15 - 19,0,1
"4180",2003,10,20 - 24,2,1
"4180",2003,10,25 - 29,3,2
"4180",2003,10,30 - 34,3,3
"4180",2003,10,35 - 39,10,19
"4180",2003,10,40 - 44,15,17
"4180",2003,10,45 - 49,21,24
"4180",2003,10,50 - 54,46,52
"4180",2003,10,55 - 59,59,123
"4180",2003,10,60 - 64,121,161
"4180",2003,10,65 - 69,218,293
"4180",2003,10,70 - 74,384,496
"4180",2003,10,75 - 79,705,787
"4180",2003,10,80 - 84,945,892
"4180",2003,10,85 - 89,995,738
"4180",2003,10,90 - 94,906,610
"4180",2003,10,95+,374,186
"4180",2003,10,UNK,0,0
"4180",2003,11,Total,1443,1543
"4180",2003,11,0,838,960
"4180",2003,11,1,18,19
"4180",2003,11,2,7,11
"4180",2003,11,3,9,13
"4180",2003,11,4,3,6
"4180",2003,11,5 - 9,16,16
"4180",2003,11,10 - 14,12,19
"4180",2003,11,15 - 19,9,19
"4180",2003,11,20 - 24,13,18
"4180",2003,11,25 - 29,17,29
"4180",2003,11,30 - 34,15,21
"4180",2003,11,35 - 39,20,23
"4180",2003,11,40 - 44,22,28
"4180",2003,11,45 - 49,25,25
"4180",2003,11,50 - 54,38,31
"4180",2003,11,55 - 59,44,45
"4180",2003,11,60 - 64,46,46
"4180",2003,11,65 - 69,47,43
"4180",2003,11,70 - 74,42,49
"4180",2003,11,75 - 79,61,46
"4180",2003,11,80 - 84,63,37
"4180",2003,11,85 - 89,44,24
"4180",2003,11,90 - 94,28,11
"4180",2003,11,95+,6,4
"4180",2003,11,UNK,0,0
"4180",2003,12,Total,17835,23017
"4180",2003,12,0,12,18
"4180",2003,12,1,3,2
"4180",2003,12,2,2,3
"4180",2003,12,3,0,3
"4180",2003,12,4,3,0
"4180",2003,12,5 - 9,6,8
"4180",2003,12,10 - 14,4,2
"4180",2003,12,15 - 19,4,15
"4180",2003,12,20 - 24,14,15
"4180",2003,12,25 - 29,14,26
"4180",2003,12,30 - 34,26,40
"4180",2003,12,35 - 39,21,74
"4180",2003,12,40 - 44,43,62
"4180",2003,12,45 - 49,48,98
"4180",2003,12,50 - 54,84,175
"4180",2003,12,55 - 59,162,329
"4180",2003,12,60 - 64,285,677
"4180",2003,12,65 - 69,527,1207
"4180",2003,12,70 - 74,1114,2618
"4180",2003,12,75 - 79,2141,4386
"4180",2003,12,80 - 84,3268,5206
"4180",2003,12,85 - 89,3985,4287
"4180",2003,12,90 - 94,4129,2985
"4180",2003,12,95+,1940,781
"4180",2003,12,UNK,0,0
"4180",2003,13,Total,9945,15111
"4180",2003,13,0,16,17
"4180",2003,13,1,6,9
"4180",2003,13,2,4,6
"4180",2003,13,3,11,11
"4180",2003,13,4,5,12
"4180",2003,13,5 - 9,20,36
"4180",2003,13,10 - 14,34,91
"4180",2003,13,15 - 19,128,590
"4180",2003,13,20 - 24,183,930
"4180",2003,13,25 - 29,206,1100
"4180",2003,13,30 - 34,179,979
"4180",2003,13,35 - 39,202,913
"4180",2003,13,40 - 44,191,806
"4180",2003,13,45 - 49,166,734
"4180",2003,13,50 - 54,198,692
"4180",2003,13,55 - 59,234,661
"4180",2003,13,60 - 64,283,767
"4180",2003,13,65 - 69,368,829
"4180",2003,13,70 - 74,526,1056
"4180",2003,13,75 - 79,994,1341
"4180",2003,13,80 - 84,1546,1371
"4180",2003,13,85 - 89,1830,1075
"4180",2003,13,90 - 94,1899,846
"4180",2003,13,95+,716,239
"4180",2003,13,UNK,0,0
"4180",2003,14,Total,178,470
"4180",2003,14,0,3,5
"4180",2003,14,1,0,0
"4180",2003,14,2,1,1
"4180",2003,14,3,1,0
"4180",2003,14,4,0,1
"4180",2003,14,5 - 9,1,3
"4180",2003,14,10 - 14,3,0
"4180",2003,14,15 - 19,7,9
"4180",2003,14,20 - 24,11,51
"4180",2003,14,25 - 29,13,74
"4180",2003,14,30 - 34,16,54
"4180",2003,14,35 - 39,21,62
"4180",2003,14,40 - 44,15,44
"4180",2003,14,45 - 49,18,47
"4180",2003,14,50 - 54,8,35
"4180",2003,14,55 - 59,8,17
"4180",2003,14,60 - 64,11,21
"4180",2003,14,65 - 69,7,15
"4180",2003,14,70 - 74,12,16
"4180",2003,14,75 - 79,9,7
"4180",2003,14,80 - 84,6,4
"4180",2003,14,85 - 89,4,2
"4180",2003,14,90 - 94,3,2
"4180",2003,14,95+,0,0
"4180",2003,14,UNK,0,0
"4180",2006,1,Total,282231,276383
"4180",2006,1,0,867,1164
"4180",2006,1,1,59,82
"4180",2006,1,2,39,42
"4180",2006,1,3,27,40
"4180",2006,1,4,46,42
"4180",2006,1,5 - 9,107,154
"4180",2006,1,10 - 14,130,160
"4180",2006,1,15 - 19,290,711
"4180",2006,1,20 - 24,331,1160
"4180",2006,1,25 - 29,421,1494
"4180",2006,1,30 - 34,719,1898
"4180",2006,1,35 - 39,1152,2482
"4180",2006,1,40 - 44,1951,3661
"4180",2006,1,45 - 49,2771,4921
"4180",2006,1,50 - 54,4035,6989
"4180",2006,1,55 - 59,6377,11849
"4180",2006,1,60 - 64,8307,15766
"4180",2006,1,65 - 69,13631,24968
"4180",2006,1,70 - 74,21364,34323
"4180",2006,1,75 - 79,36195,47237
"4180",2006,1,80 - 84,57330,52754
"4180",2006,1,85 - 89,50213,33110
"4180",2006,1,90 - 94,51472,23952
"4180",2006,1,95+,24391,7401
"4180",2006,1,UNK,6,23
"4180",2006,2,Total,3474,3887
"4180",2006,2,0,14,17
"4180",2006,2,1,4,7
"4180",2006,2,2,2,2
"4180",2006,2,3,1,3
"4180",2006,2,4,0,2
"4180",2006,2,5 - 9,3,6
"4180",2006,2,10 - 14,6,3
"4180",2006,2,15 - 19,11,8
"4180",2006,2,20 - 24,1,7
"4180",2006,2,25 - 29,11,24
"4180",2006,2,30 - 34,42,44
"4180",2006,2,35 - 39,48,132
"4180",2006,2,40 - 44,87,294
"4180",2006,2,45 - 49,56,256
"4180",2006,2,50 - 54,56,211
"4180",2006,2,55 - 59,80,220
"4180",2006,2,60 - 64,125,244
"4180",2006,2,65 - 69,225,364
"4180",2006,2,70 - 74,378,470
"4180",2006,2,75 - 79,564,543
"4180",2006,2,80 - 84,763,552
"4180",2006,2,85 - 89,485,258
"4180",2006,2,90 - 94,374,171
"4180",2006,2,95+,138,49
"4180",2006,2,UNK,0,0
"4180",2006,3,Total,72248,96416
"4180",2006,3,0,7,13
"4180",2006,3,1,4,7
"4180",2006,3,2,7,9
"4180",2006,3,3,6,18
"4180",2006,3,4,16,19
"4180",2006,3,5 - 9,39,65
"4180",2006,3,10 - 14,45,52
"4180",2006,3,15 - 19,55,80
"4180",2006,3,20 - 24,75,101
"4180",2006,3,25 - 29,117,165
"4180",2006,3,30 - 34,268,235
"4180",2006,3,35 - 39,565,455
"4180",2006,3,40 - 44,1096,928
"4180",2006,3,45 - 49,1692,1630
"4180",2006,3,50 - 54,2561,3058
"4180",2006,3,55 - 59,4021,5821
"4180",2006,3,60 - 64,4869,8294
"4180",2006,3,65 - 69,7160,12779
"4180",2006,3,70 - 74,9146,15735
"4180",2006,3,75 - 79,11970,18455
"4180",2006,3,80 - 84,13362,16241
"4180",2006,3,85 - 89,8228,7734
"4180",2006,3,90 - 94,5381,3775
"4180",2006,3,95+,1558,747
"4180",2006,3,UNK,0,0
"4180",2006,4,Total,123636,96438
"4180",2006,4,0,12,28
"4180",2006,4,1,4,1
"4180",2006,4,2,5,3
"4180",2006,4,3,1,2
"4180",2006,4,4,3,2
"4180",2006,4,5 - 9,8,6
"4180",2006,4,10 - 14,10,8
"4180",2006,4,15 - 19,15,26
"4180",2006,4,20 - 24,26,71
"4180",2006,4,25 - 29,34,108
"4180",2006,4,30 - 34,74,205
"4180",2006,4,35 - 39,140,389
"4180",2006,4,40 - 44,233,734
"4180",2006,4,45 - 49,395,1143
"4180",2006,4,50 - 54,551,1732
"4180",2006,4,55 - 59,1005,3016
"4180",2006,4,60 - 64,1591,3936
"4180",2006,4,65 - 69,3166,6487
"4180",2006,4,70 - 74,6357,10255
"4180",2006,4,75 - 79,13428,16140
"4180",2006,4,80 - 84,26079,20951
"4180",2006,4,85 - 89,26201,15130
"4180",2006,4,90 - 94,29835,12110
"4180",2006,4,95+,14463,3952
"4180",2006,4,UNK,0,3
"4180",2006,5,Total,5546,3855
"4180",2006,5,0,30,29
"4180",2006,5,1,4,3
"4180",2006,5,2,0,3
"4180",2006,5,3,1,1
"4180",2006,5,4,2,1
"4180",2006,5,5 - 9,2,9
"4180",2006,5,10 - 14,2,6
"4180",2006,5,15 - 19,10,34
"4180",2006,5,20 - 24,17,60
"4180",2006,5,25 - 29,22,108
"4180",2006,5,30 - 34,30,119
"4180",2006,5,35 - 39,31,170
"4180",2006,5,40 - 44,35,156
"4180",2006,5,45 - 49,40,145
"4180",2006,5,50 - 54,44,125
"4180",2006,5,55 - 59,52,161
"4180",2006,5,60 - 64,72,135
"4180",2006,5,65 - 69,88,165
"4180",2006,5,70 - 74,151,220
"4180",2006,5,75 - 79,271,306
"4180",2006,5,80 - 84,620,432
"4180",2006,5,85 - 89,902,410
"4180",2006,5,90 - 94,1623,666
"4180",2006,5,95+,1494,386
"4180",2006,5,UNK,3,5
"4180",2006,6,Total,5775,2960
"4180",2006,6,0,0,0
"4180",2006,6,1,0,0
"4180",2006,6,2,1,0
"4180",2006,6,3,0,0
"4180",2006,6,4,0,0
"4180",2006,6,5 - 9,1,0
"4180",2006,6,10 - 14,1,0
"4180",2006,6,15 - 19,2,3
"4180",2006,6,20 - 24,5,17
"4180",2006,6,25 - 29,8,38
"4180",2006,6,30 - 34,10,69
"4180",2006,6,35 - 39,15,78
"4180",2006,6,40 - 44,16,79
"4180",2006,6,45 - 49,20,56
"4180",2006,6,50 - 54,24,48
"4180",2006,6,55 - 59,28,64
"4180",2006,6,60 - 64,36,76
"4180",2006,6,65 - 69,60,92
"4180",2006,6,70 - 74,169,187
"4180",2006,6,75 - 79,444,383
"4180",2006,6,80 - 84,1196,624
"4180",2006,6,85 - 89,1286,541
"4180",2006,6,90 - 94,1577,462
"4180",2006,6,95+,876,143
"4180",2006,6,UNK,0,0
"4180",2006,7,Total,10967,8319
"4180",2006,7,0,12,29
"4180",2006,7,1,6,6
"4180",2006,7,2,5,3
"4180",2006,7,3,4,4
"4180",2006,7,4,6,1
"4180",2006,7,5 - 9,9,12
"4180",2006,7,10 - 14,12,18
"4180",2006,7,15 - 19,7,28
"4180",2006,7,20 - 24,19,47
"4180",2006,7,25 - 29,14,36
"4180",2006,7,30 - 34,24,44
"4180",2006,7,35 - 39,32,62
"4180",2006,7,40 - 44,42,86
"4180",2006,7,45 - 49,68,120
"4180",2006,7,50 - 54,94,141
"4180",2006,7,55 - 59,179,223
"4180",2006,7,60 - 64,219,322
"4180",2006,7,65 - 69,445,606
"4180",2006,7,70 - 74,826,925
"4180",2006,7,75 - 79,1681,1633
"4180",2006,7,80 - 84,2843,1996
"4180",2006,7,85 - 89,2243,1157
"4180",2006,7,90 - 94,1588,657
"4180",2006,7,95+,589,163
"4180",2006,7,UNK,0,0
"4180",2006,8,Total,13865,9691
"4180",2006,8,0,13,12
"4180",2006,8,1,4,4
"4180",2006,8,2,1,3
"4180",2006,8,3,0,1
"4180",2006,8,4,4,2
"4180",2006,8,5 - 9,6,4
"4180",2006,8,10 - 14,12,4
"4180",2006,8,15 - 19,5,9
"4180",2006,8,20 - 24,10,8
"4180",2006,8,25 - 29,9,21
"4180",2006,8,30 - 34,13,23
"4180",2006,8,35 - 39,26,40
"4180",2006,8,40 - 44,50,77
"4180",2006,8,45 - 49,68,133
"4180",2006,8,50 - 54,116,212
"4180",2006,8,55 - 59,224,389
"4180",2006,8,60 - 64,332,562
"4180",2006,8,65 - 69,682,949
"4180",2006,8,70 - 74,1279,1344
"4180",2006,8,75 - 79,2102,1876
"4180",2006,8,80 - 84,3178,1910
"4180",2006,8,85 - 89,2548,1130
"4180",2006,8,90 - 94,2277,795
"4180",2006,8,95+,906,182
"4180",2006,8,UNK,0,1
"4180",2006,9,Total,11452,11682
"4180",2006,9,0,18,13
"4180",2006,9,1,2,4
"4180",2006,9,2,0,1
"4180",2006,9,3,1,0
"4180",2006,9,4,1,2
"4180",2006,9,5 - 9,1,4
"4180",2006,9,10 - 14,1,2
"4180",2006,9,15 - 19,1,2
"4180",2006,9,20 - 24,2,5
"4180",2006,9,25 - 29,3,22
"4180",2006,9,30 - 34,17,50
"4180",2006,9,35 - 39,44,146
"4180",2006,9,40 - 44,80,266
"4180",2006,9,45 - 49,131,404
"4180",2006,9,50 - 54,176,472
"4180",2006,9,55 - 59,277,706
"4180",2006,9,60 - 64,400,838
"4180",2006,9,65 - 69,681,1249
"4180",2006,9,70 - 74,1078,1576
"4180",2006,9,75 - 79,1826,1923
"4180",2006,9,80 - 84,2457,1970
"4180",2006,9,85 - 89,1918,1080
"4180",2006,9,90 - 94,1679,724
"4180",2006,9,95+,658,222
"4180",2006,9,UNK,0,1
"4180",2006,10,Total,4730,4358
"4180",2006,10,0,2,3
"4180",2006,10,1,0,1
"4180",2006,10,2,0,0
"4180",2006,10,3,1,0
"4180",2006,10,4,0,1
"4180",2006,10,5 - 9,0,0
"4180",2006,10,10 - 14,0,1
"4180",2006,10,15 - 19,0,1
"4180",2006,10,20 - 24,2,1
"4180",2006,10,25 - 29,2,3
"4180",2006,10,30 - 34,3,2
"4180",2006,10,35 - 39,6,10
"4180",2006,10,40 - 44,16,18
"4180",2006,10,45 - 49,21,22
"4180",2006,10,50 - 54,36,42
"4180",2006,10,55 - 59,64,101
"4180",2006,10,60 - 64,94,139
"4180",2006,10,65 - 69,151,256
"4180",2006,10,70 - 74,306,429
"4180",2006,10,75 - 79,592,701
"4180",2006,10,80 - 84,1077,1006
"4180",2006,10,85 - 89,942,734
"4180",2006,10,90 - 94,959,647
"4180",2006,10,95+,456,240
"4180",2006,10,UNK,0,0
"4180",2006,11,Total,1159,1387
"4180",2006,11,0,728,984
"4180",2006,11,1,19,26
"4180",2006,11,2,11,7
"4180",2006,11,3,6,3
"4180",2006,11,4,3,4
"4180",2006,11,5 - 9,11,8
"4180",2006,11,10 - 14,8,10
"4180",2006,11,15 - 19,16,14
"4180",2006,11,20 - 24,6,15
"4180",2006,11,25 - 29,12,17
"4180",2006,11,30 - 34,14,25
"4180",2006,11,35 - 39,17,16
"4180",2006,11,40 - 44,22,25
"4180",2006,11,45 - 49,21,29
"4180",2006,11,50 - 54,31,27
"4180",2006,11,55 - 59,45,32
"4180",2006,11,60 - 64,29,24
"4180",2006,11,65 - 69,28,30
"4180",2006,11,70 - 74,30,31
"4180",2006,11,75 - 79,36,21
"4180",2006,11,80 - 84,36,16
"4180",2006,11,85 - 89,17,8
"4180",2006,11,90 - 94,12,13
"4180",2006,11,95+,1,2
"4180",2006,11,UNK,0,0
"4180",2006,12,Total,15333,20418
"4180",2006,12,0,11,18
"4180",2006,12,1,2,6
"4180",2006,12,2,0,1
"4180",2006,12,3,0,0
"4180",2006,12,4,0,0
"4180",2006,12,5 - 9,4,1
"4180",2006,12,10 - 14,4,4
"4180",2006,12,15 - 19,4,11
"4180",2006,12,20 - 24,2,12
"4180",2006,12,25 - 29,10,22
"4180",2006,12,30 - 34,24,38
"4180",2006,12,35 - 39,16,56
"4180",2006,12,40 - 44,30,73
"4180",2006,12,45 - 49,39,110
"4180",2006,12,50 - 54,85,132
"4180",2006,12,55 - 59,126,318
"4180",2006,12,60 - 64,213,443
"4180",2006,12,65 - 69,443,1038
"4180",2006,12,70 - 74,843,1972
"4180",2006,12,75 - 79,1824,3664
"4180",2006,12,80 - 84,3215,5142
"4180",2006,12,85 - 89,3019,3613
"4180",2006,12,90 - 94,3538,2814
"4180",2006,12,95+,1881,930
"4180",2006,12,UNK,0,0
"4180",2006,13,Total,9456,14436
"4180",2006,13,0,12,10
"4180",2006,13,1,9,14
"4180",2006,13,2,6,7
"4180",2006,13,3,5,7
"4180",2006,13,4,10,7
"4180",2006,13,5 - 9,16,30
"4180",2006,13,10 - 14,24,49
"4180",2006,13,15 - 19,152,473
"4180",2006,13,20 - 24,152,780
"4180",2006,13,25 - 29,155,873
"4180",2006,13,30 - 34,172,987
"4180",2006,13,35 - 39,171,866
"4180",2006,13,40 - 44,201,853
"4180",2006,13,45 - 49,170,795
"4180",2006,13,50 - 54,196,713
"4180",2006,13,55 - 59,185,728
"4180",2006,13,60 - 64,223,668
"4180",2006,13,65 - 69,301,804
"4180",2006,13,70 - 74,491,943
"4180",2006,13,75 - 79,900,1264
"4180",2006,13,80 - 84,1595,1468
"4180",2006,13,85 - 89,1629,1006
"4180",2006,13,90 - 94,1767,800
"4180",2006,13,95+,912,279
"4180",2006,13,UNK,2,12
"4180",2006,14,Total,154,378
"4180",2006,14,0,2,4
"4180",2006,14,1,0,1
"4180",2006,14,2,0,1
"4180",2006,14,3,1,0
"4180",2006,14,4,0,0
"4180",2006,14,5 - 9,3,2
"4180",2006,14,10 - 14,0,0
"4180",2006,14,15 - 19,5,12
"4180",2006,14,20 - 24,8,29
"4180",2006,14,25 - 29,15,48
"4180",2006,14,30 - 34,10,46
"4180",2006,14,35 - 39,17,46
"4180",2006,14,40 - 44,16,48
"4180",2006,14,45 - 49,14,36
"4180",2006,14,50 - 54,8,32
"4180",2006,14,55 - 59,10,19
"4180",2006,14,60 - 64,9,11
"4180",2006,14,65 - 69,6,13
"4180",2006,14,70 - 74,4,18
"4180",2006,14,75 - 79,9,6
"4180",2006,14,80 - 84,10,4
"4180",2006,14,85 - 89,2,1
"4180",2006,14,90 - 94,3,0
"4180",2006,14,95+,1,0
"4180",2006,14,UNK,1,1
"4180",2007,1,Total,292030,280851
"4180",2007,1,0,889,1070
"4180",2007,1,1,59,80
"4180",2007,1,2,43,49
"4180",2007,1,3,35,35
"4180",2007,1,4,27,33
"4180",2007,1,5 - 9,113,153
"4180",2007,1,10 - 14,139,198
"4180",2007,1,15 - 19,299,758
"4180",2007,1,20 - 24,316,1152
"4180",2007,1,25 - 29,423,1472
"4180",2007,1,30 - 34,656,1734
"4180",2007,1,35 - 39,1155,2467
"4180",2007,1,40 - 44,1970,3627
"4180",2007,1,45 - 49,2864,4994
"4180",2007,1,50 - 54,4066,6987
"4180",2007,1,55 - 59,6142,11074
"4180",2007,1,60 - 64,8628,16019
"4180",2007,1,65 - 69,13873,24318
"4180",2007,1,70 - 74,20980,33991
"4180",2007,1,75 - 79,36275,47015
"4180",2007,1,80 - 84,57517,53982
"4180",2007,1,85 - 89,58470,38492
"4180",2007,1,90 - 94,49733,22885
"4180",2007,1,95+,27355,8233
"4180",2007,1,UNK,3,33
"4180",2007,2,Total,3721,4215
"4180",2007,2,0,24,25
"4180",2007,2,1,3,3
"4180",2007,2,2,3,2
"4180",2007,2,3,3,1
"4180",2007,2,4,2,2
"4180",2007,2,5 - 9,2,4
"4180",2007,2,10 - 14,3,1
"4180",2007,2,15 - 19,7,5
"4180",2007,2,20 - 24,5,8
"4180",2007,2,25 - 29,14,33
"4180",2007,2,30 - 34,21,39
"4180",2007,2,35 - 39,41,125
"4180",2007,2,40 - 44,89,313
"4180",2007,2,45 - 49,77,304
"4180",2007,2,50 - 54,62,218
"4180",2007,2,55 - 59,87,212
"4180",2007,2,60 - 64,146,264
"4180",2007,2,65 - 69,261,359
"4180",2007,2,70 - 74,386,471
"4180",2007,2,75 - 79,636,643
"4180",2007,2,80 - 84,767,568
"4180",2007,2,85 - 89,585,404
"4180",2007,2,90 - 94,354,166
"4180",2007,2,95+,143,45
"4180",2007,2,UNK,0,0
"4180",2007,3,Total,74270,97355
"4180",2007,3,0,9,9
"4180",2007,3,1,4,16
"4180",2007,3,2,7,13
"4180",2007,3,3,5,8
"4180",2007,3,4,9,8
"4180",2007,3,5 - 9,45,59
"4180",2007,3,10 - 14,40,51
"4180",2007,3,15 - 19,58,70
"4180",2007,3,20 - 24,71,107
"4180",2007,3,25 - 29,133,167
"4180",2007,3,30 - 34,252,263
"4180",2007,3,35 - 39,582,456
"4180",2007,3,40 - 44,1101,860
"4180",2007,3,45 - 49,1751,1652
"4180",2007,3,50 - 54,2585,3004
"4180",2007,3,55 - 59,3913,5484
"4180",2007,3,60 - 64,5099,8314
"4180",2007,3,65 - 69,7457,12495
"4180",2007,3,70 - 74,9073,15890
"4180",2007,3,75 - 79,12060,18560
"4180",2007,3,80 - 84,13458,16557
"4180",2007,3,85 - 89,9575,8930
"4180",2007,3,90 - 94,5180,3523
"4180",2007,3,95+,1803,857
"4180",2007,3,UNK,0,2
"4180",2007,4,Total,126945,97366
"4180",2007,4,0,15,25
"4180",2007,4,1,7,6
"4180",2007,4,2,5,2
"4180",2007,4,3,4,0
"4180",2007,4,4,2,2
"4180",2007,4,5 - 9,12,10
"4180",2007,4,10 - 14,11,12
"4180",2007,4,15 - 19,16,27
"4180",2007,4,20 - 24,25,62
"4180",2007,4,25 - 29,44,106
"4180",2007,4,30 - 34,81,176
"4180",2007,4,35 - 39,138,394
"4180",2007,4,40 - 44,215,707
"4180",2007,4,45 - 49,367,1162
"4180",2007,4,50 - 54,573,1728
"4180",2007,4,55 - 59,943,2711
"4180",2007,4,60 - 64,1567,3958
"4180",2007,4,65 - 69,3019,6343
"4180",2007,4,70 - 74,6165,9802
"4180",2007,4,75 - 79,13199,15714
"4180",2007,4,80 - 84,25777,21346
"4180",2007,4,85 - 89,30252,17191
"4180",2007,4,90 - 94,28466,11478
"4180",2007,4,95+,16040,4401
"4180",2007,4,UNK,2,3
"4180",2007,5,Total,5801,3993
"4180",2007,5,0,24,40
"4180",2007,5,1,3,1
"4180",2007,5,2,0,3
"4180",2007,5,3,2,0
"4180",2007,5,4,2,3
"4180",2007,5,5 - 9,3,3
"4180",2007,5,10 - 14,6,5
"4180",2007,5,15 - 19,9,39
"4180",2007,5,20 - 24,14,61
"4180",2007,5,25 - 29,17,104
"4180",2007,5,30 - 34,19,124
"4180",2007,5,35 - 39,34,158
"4180",2007,5,40 - 44,38,171
"4180",2007,5,45 - 49,52,141
"4180",2007,5,50 - 54,40,141
"4180",2007,5,55 - 59,47,155
"4180",2007,5,60 - 64,61,155
"4180",2007,5,65 - 69,85,169
"4180",2007,5,70 - 74,135,214
"4180",2007,5,75 - 79,271,290
"4180",2007,5,80 - 84,646,434
"4180",2007,5,85 - 89,988,513
"4180",2007,5,90 - 94,1614,643
"4180",2007,5,95+,1690,420
"4180",2007,5,UNK,1,6
"4180",2007,6,Total,6143,3157
"4180",2007,6,0,0,0
"4180",2007,6,1,0,0
"4180",2007,6,2,0,0
"4180",2007,6,3,0,0
"4180",2007,6,4,0,0
"4180",2007,6,5 - 9,0,0
"4180",2007,6,10 - 14,0,2
"4180",2007,6,15 - 19,1,1
"4180",2007,6,20 - 24,4,22
"4180",2007,6,25 - 29,3,33
"4180",2007,6,30 - 34,13,55
"4180",2007,6,35 - 39,11,83
"4180",2007,6,40 - 44,16,64
"4180",2007,6,45 - 49,18,59
"4180",2007,6,50 - 54,16,62
"4180",2007,6,55 - 59,26,56
"4180",2007,6,60 - 64,36,77
"4180",2007,6,65 - 69,74,89
"4180",2007,6,70 - 74,146,156
"4180",2007,6,75 - 79,466,403
"4180",2007,6,80 - 84,1161,661
"4180",2007,6,85 - 89,1578,687
"4180",2007,6,90 - 94,1643,455
"4180",2007,6,95+,931,191
"4180",2007,6,UNK,0,1
"4180",2007,7,Total,12011,8691
"4180",2007,7,0,24,26
"4180",2007,7,1,8,7
"4180",2007,7,2,3,1
"4180",2007,7,3,3,7
"4180",2007,7,4,3,5
"4180",2007,7,5 - 9,9,9
"4180",2007,7,10 - 14,19,15
"4180",2007,7,15 - 19,16,42
"4180",2007,7,20 - 24,14,39
"4180",2007,7,25 - 29,16,42
"4180",2007,7,30 - 34,24,39
"4180",2007,7,35 - 39,36,68
"4180",2007,7,40 - 44,69,77
"4180",2007,7,45 - 49,68,112
"4180",2007,7,50 - 54,100,116
"4180",2007,7,55 - 59,154,208
"4180",2007,7,60 - 64,268,346
"4180",2007,7,65 - 69,482,570
"4180",2007,7,70 - 74,880,975
"4180",2007,7,75 - 79,1816,1589
"4180",2007,7,80 - 84,2958,2153
"4180",2007,7,85 - 89,2698,1432
"4180",2007,7,90 - 94,1600,644
"4180",2007,7,95+,743,169
"4180",2007,7,UNK,0,0
"4180",2007,8,Total,14337,10147
"4180",2007,8,0,12,14
"4180",2007,8,1,4,5
"4180",2007,8,2,6,3
"4180",2007,8,3,2,2
"4180",2007,8,4,0,1
"4180",2007,8,5 - 9,4,5
"4180",2007,8,10 - 14,7,7
"4180",2007,8,15 - 19,6,11
"4180",2007,8,20 - 24,7,13
"4180",2007,8,25 - 29,16,12
"4180",2007,8,30 - 34,11,19
"4180",2007,8,35 - 39,23,40
"4180",2007,8,40 - 44,29,91
"4180",2007,8,45 - 49,75,140
"4180",2007,8,50 - 54,114,257
"4180",2007,8,55 - 59,230,399
"4180",2007,8,60 - 64,354,638
"4180",2007,8,65 - 69,686,918
"4180",2007,8,70 - 74,1162,1392
"4180",2007,8,75 - 79,2145,1854
"4180",2007,8,80 - 84,3203,1954
"4180",2007,8,85 - 89,2944,1320
"4180",2007,8,90 - 94,2251,798
"4180",2007,8,95+,1046,254
"4180",2007,8,UNK,0,0
"4180",2007,9,Total,11684,11519
"4180",2007,9,0,14,25
"4180",2007,9,1,3,7
"4180",2007,9,2,1,3
"4180",2007,9,3,1,2
"4180",2007,9,4,0,0
"4180",2007,9,5 - 9,3,2
"4180",2007,9,10 - 14,2,0
"4180",2007,9,15 - 19,2,6
"4180",2007,9,20 - 24,2,4
"4180",2007,9,25 - 29,4,13
"4180",2007,9,30 - 34,15,33
"4180",2007,9,35 - 39,36,135
"4180",2007,9,40 - 44,81,283
"4180",2007,9,45 - 49,123,398
"4180",2007,9,50 - 54,194,497
"4180",2007,9,55 - 59,272,654
"4180",2007,9,60 - 64,412,832
"4180",2007,9,65 - 69,643,1164
"4180",2007,9,70 - 74,1021,1479
"4180",2007,9,75 - 79,1783,1876
"4180",2007,9,80 - 84,2485,1889
"4180",2007,9,85 - 89,2223,1256
"4180",2007,9,90 - 94,1630,739
"4180",2007,9,95+,734,222
"4180",2007,9,UNK,0,0
"4180",2007,10,Total,5110,4710
"4180",2007,10,0,1,4
"4180",2007,10,1,0,0
"4180",2007,10,2,0,0
"4180",2007,10,3,1,0
"4180",2007,10,4,0,0
"4180",2007,10,5 - 9,1,0
"4180",2007,10,10 - 14,0,1
"4180",2007,10,15 - 19,1,0
"4180",2007,10,20 - 24,0,2
"4180",2007,10,25 - 29,2,2
"4180",2007,10,30 - 34,5,7
"4180",2007,10,35 - 39,8,10
"4180",2007,10,40 - 44,13,15
"4180",2007,10,45 - 49,22,27
"4180",2007,10,50 - 54,42,41
"4180",2007,10,55 - 59,58,77
"4180",2007,10,60 - 64,84,130
"4180",2007,10,65 - 69,178,250
"4180",2007,10,70 - 74,310,445
"4180",2007,10,75 - 79,630,774
"4180",2007,10,80 - 84,1136,1094
"4180",2007,10,85 - 89,1136,915
"4180",2007,10,90 - 94,974,674
"4180",2007,10,95+,508,242
"4180",2007,10,UNK,0,0
"4180",2007,11,Total,1156,1308
"4180",2007,11,0,735,857
"4180",2007,11,1,16,15
"4180",2007,11,2,9,6
"4180",2007,11,3,5,7
"4180",2007,11,4,5,2
"4180",2007,11,5 - 9,7,12
"4180",2007,11,10 - 14,10,17
"4180",2007,11,15 - 19,12,18
"4180",2007,11,20 - 24,17,16
"4180",2007,11,25 - 29,11,20
"4180",2007,11,30 - 34,20,18
"4180",2007,11,35 - 39,22,24
"4180",2007,11,40 - 44,19,32
"4180",2007,11,45 - 49,21,28
"4180",2007,11,50 - 54,21,25
"4180",2007,11,55 - 59,30,42
"4180",2007,11,60 - 64,33,32
"4180",2007,11,65 - 69,27,40
"4180",2007,11,70 - 74,30,22
"4180",2007,11,75 - 79,35,22
"4180",2007,11,80 - 84,36,27
"4180",2007,11,85 - 89,18,14
"4180",2007,11,90 - 94,9,10
"4180",2007,11,95+,8,2
"4180",2007,11,UNK,0,0
"4180",2007,12,Total,16423,21389
"4180",2007,12,0,14,15
"4180",2007,12,1,1,5
"4180",2007,12,2,3,4
"4180",2007,12,3,1,0
"4180",2007,12,4,1,0
"4180",2007,12,5 - 9,4,5
"4180",2007,12,10 - 14,4,3
"4180",2007,12,15 - 19,10,10
"4180",2007,12,20 - 24,8,12
"4180",2007,12,25 - 29,13,8
"4180",2007,12,30 - 34,20,26
"4180",2007,12,35 - 39,21,50
"4180",2007,12,40 - 44,44,97
"4180",2007,12,45 - 49,59,102
"4180",2007,12,50 - 54,77,155
"4180",2007,12,55 - 59,147,286
"4180",2007,12,60 - 64,212,532
"4180",2007,12,65 - 69,434,994
"4180",2007,12,70 - 74,851,1974
"4180",2007,12,75 - 79,1812,3696
"4180",2007,12,80 - 84,3296,5384
"4180",2007,12,85 - 89,3571,4245
"4180",2007,12,90 - 94,3559,2746
"4180",2007,12,95+,2261,1040
"4180",2007,12,UNK,0,0
"4180",2007,13,Total,9599,14320
"4180",2007,13,0,12,15
"4180",2007,13,1,10,14
"4180",2007,13,2,6,11
"4180",2007,13,3,7,8
"4180",2007,13,4,1,8
"4180",2007,13,5 - 9,16,35
"4180",2007,13,10 - 14,31,79
"4180",2007,13,15 - 19,147,511
"4180",2007,13,20 - 24,131,761
"4180",2007,13,25 - 29,136,866
"4180",2007,13,30 - 34,145,860
"4180",2007,13,35 - 39,158,856
"4180",2007,13,40 - 44,211,844
"4180",2007,13,45 - 49,188,802
"4180",2007,13,50 - 54,185,682
"4180",2007,13,55 - 59,162,694
"4180",2007,13,60 - 64,239,656
"4180",2007,13,65 - 69,324,766
"4180",2007,13,70 - 74,465,928
"4180",2007,13,75 - 79,835,1227
"4180",2007,13,80 - 84,1692,1455
"4180",2007,13,85 - 89,1919,1212
"4180",2007,13,90 - 94,1655,727
"4180",2007,13,95+,924,283
"4180",2007,13,UNK,0,20
"4180",2007,14,Total,141,418
"4180",2007,14,0,0,2
"4180",2007,14,1,0,1
"4180",2007,14,2,0,0
"4180",2007,14,3,0,0
"4180",2007,14,4,2,1
"4180",2007,14,5 - 9,4,3
"4180",2007,14,10 - 14,1,1
"4180",2007,14,15 - 19,5,10
"4180",2007,14,20 - 24,14,40
"4180",2007,14,25 - 29,7,56
"4180",2007,14,30 - 34,9,66
"4180",2007,14,35 - 39,13,47
"4180",2007,14,40 - 44,16,45
"4180",2007,14,45 - 49,7,36
"4180",2007,14,50 - 54,13,25
"4180",2007,14,55 - 59,5,26
"4180",2007,14,60 - 64,9,19
"4180",2007,14,65 - 69,6,12
"4180",2007,14,70 - 74,7,11
"4180",2007,14,75 - 79,8,7
"4180",2007,14,80 - 84,9,3
"4180",2007,14,85 - 89,5,5
"4180",2007,14,90 - 94,1,1
"4180",2007,14,95+,0,0
"4180",2007,14,UNK,0,1
"4180",2008,1,Total,297443,284027
"4180",2008,1,0,889,1108
"4180",2008,1,1,50,70
"4180",2008,1,2,47,54
"4180",2008,1,3,41,50
"4180",2008,1,4,25,31
"4180",2008,1,5 - 9,100,121
"4180",2008,1,10 - 14,113,197
"4180",2008,1,15 - 19,272,719
"4180",2008,1,20 - 24,293,1039
"4180",2008,1,25 - 29,381,1266
"4180",2008,1,30 - 34,670,1749
"4180",2008,1,35 - 39,1094,2276
"4180",2008,1,40 - 44,1879,3526
"4180",2008,1,45 - 49,2910,5029
"4180",2008,1,50 - 54,4086,6948
"4180",2008,1,55 - 59,6139,10855
"4180",2008,1,60 - 64,8811,16175
"4180",2008,1,65 - 69,13242,23723
"4180",2008,1,70 - 74,20870,33717
"4180",2008,1,75 - 79,35562,46594
"4180",2008,1,80 - 84,57782,54988
"4180",2008,1,85 - 89,66622,43722
"4180",2008,1,90 - 94,46104,20922
"4180",2008,1,95+,29455,9127
"4180",2008,1,UNK,6,21
"4180",2008,2,Total,4047,4346
"4180",2008,2,0,13,12
"4180",2008,2,1,3,2
"4180",2008,2,2,4,0
"4180",2008,2,3,3,1
"4180",2008,2,4,0,2
"4180",2008,2,5 - 9,2,1
"4180",2008,2,10 - 14,1,2
"4180",2008,2,15 - 19,3,7
"4180",2008,2,20 - 24,2,8
"4180",2008,2,25 - 29,14,25
"4180",2008,2,30 - 34,29,42
"4180",2008,2,35 - 39,44,98
"4180",2008,2,40 - 44,86,244
"4180",2008,2,45 - 49,88,328
"4180",2008,2,50 - 54,62,244
"4180",2008,2,55 - 59,92,249
"4180",2008,2,60 - 64,138,225
"4180",2008,2,65 - 69,230,370
"4180",2008,2,70 - 74,395,466
"4180",2008,2,75 - 79,645,658
"4180",2008,2,80 - 84,874,648
"4180",2008,2,85 - 89,752,479
"4180",2008,2,90 - 94,390,171
"4180",2008,2,95+,177,64
"4180",2008,2,UNK,0,0
"4180",2008,3,Total,75010,97773
"4180",2008,3,0,9,6
"4180",2008,3,1,8,2
"4180",2008,3,2,11,15
"4180",2008,3,3,10,16
"4180",2008,3,4,11,13
"4180",2008,3,5 - 9,33,48
"4180",2008,3,10 - 14,36,57
"4180",2008,3,15 - 19,71,95
"4180",2008,3,20 - 24,63,113
"4180",2008,3,25 - 29,125,137
"4180",2008,3,30 - 34,256,276
"4180",2008,3,35 - 39,582,438
"4180",2008,3,40 - 44,1042,880
"4180",2008,3,45 - 49,1756,1706
"4180",2008,3,50 - 54,2591,2903
"4180",2008,3,55 - 59,3879,5262
"4180",2008,3,60 - 64,5294,8420
"4180",2008,3,65 - 69,7082,12223
"4180",2008,3,70 - 74,9220,15664
"4180",2008,3,75 - 79,11874,18307
"4180",2008,3,80 - 84,13866,16935
"4180",2008,3,85 - 89,10769,10153
"4180",2008,3,90 - 94,4536,3161
"4180",2008,3,95+,1886,943
"4180",2008,3,UNK,0,0
"4180",2008,4,Total,126936,98652
"4180",2008,4,0,19,35
"4180",2008,4,1,4,11
"4180",2008,4,2,2,4
"4180",2008,4,3,1,3
"4180",2008,4,4,0,0
"4180",2008,4,5 - 9,10,4
"4180",2008,4,10 - 14,9,13
"4180",2008,4,15 - 19,16,36
"4180",2008,4,20 - 24,19,52
"4180",2008,4,25 - 29,27,105
"4180",2008,4,30 - 34,82,196
"4180",2008,4,35 - 39,136,373
"4180",2008,4,40 - 44,232,687
"4180",2008,4,45 - 49,382,1106
"4180",2008,4,50 - 54,586,1703
"4180",2008,4,55 - 59,901,2801
"4180",2008,4,60 - 64,1497,4089
"4180",2008,4,65 - 69,2795,6045
"4180",2008,4,70 - 74,5819,9701
"4180",2008,4,75 - 79,12693,15639
"4180",2008,4,80 - 84,25246,21398
"4180",2008,4,85 - 89,33736,19384
"4180",2008,4,90 - 94,25789,10441
"4180",2008,4,95+,16933,4823
"4180",2008,4,UNK,2,3
"4180",2008,5,Total,5664,3759
"4180",2008,5,0,32,32
"4180",2008,5,1,0,2
"4180",2008,5,2,2,3
"4180",2008,5,3,0,2
"4180",2008,5,4,0,0
"4180",2008,5,5 - 9,2,4
"4180",2008,5,10 - 14,2,5
"4180",2008,5,15 - 19,10,19
"4180",2008,5,20 - 24,12,52
"4180",2008,5,25 - 29,15,87
"4180",2008,5,30 - 34,20,130
"4180",2008,5,35 - 39,25,133
"4180",2008,5,40 - 44,29,134
"4180",2008,5,45 - 49,40,152
"4180",2008,5,50 - 54,36,128
"4180",2008,5,55 - 59,45,123
"4180",2008,5,60 - 64,54,143
"4180",2008,5,65 - 69,78,171
"4180",2008,5,70 - 74,122,190
"4180",2008,5,75 - 79,247,271
"4180",2008,5,80 - 84,567,425
"4180",2008,5,85 - 89,1074,531
"4180",2008,5,90 - 94,1493,560
"4180",2008,5,95+,1758,457
"4180",2008,5,UNK,1,5
"4180",2008,6,Total,9356,4559
"4180",2008,6,0,0,0
"4180",2008,6,1,0,0
"4180",2008,6,2,1,0
"4180",2008,6,3,0,0
"4180",2008,6,4,0,0
"4180",2008,6,5 - 9,0,1
"4180",2008,6,10 - 14,1,0
"4180",2008,6,15 - 19,0,2
"4180",2008,6,20 - 24,4,11
"4180",2008,6,25 - 29,5,16
"4180",2008,6,30 - 34,6,32
"4180",2008,6,35 - 39,10,47
"4180",2008,6,40 - 44,13,55
"4180",2008,6,45 - 49,16,36
"4180",2008,6,50 - 54,24,63
"4180",2008,6,55 - 59,26,66
"4180",2008,6,60 - 64,59,77
"4180",2008,6,65 - 69,101,124
"4180",2008,6,70 - 74,228,256
"4180",2008,6,75 - 79,655,568
"4180",2008,6,80 - 84,1733,1101
"4180",2008,6,85 - 89,2676,1120
"4180",2008,6,90 - 94,2252,692
"4180",2008,6,95+,1545,292
"4180",2008,6,UNK,1,0
"4180",2008,7,Total,12482,8963
"4180",2008,7,0,14,27
"4180",2008,7,1,2,5
"4180",2008,7,2,5,3
"4180",2008,7,3,7,3
"4180",2008,7,4,1,2
"4180",2008,7,5 - 9,9,9
"4180",2008,7,10 - 14,11,14
"4180",2008,7,15 - 19,12,32
"4180",2008,7,20 - 24,17,33
"4180",2008,7,25 - 29,11,40
"4180",2008,7,30 - 34,29,50
"4180",2008,7,35 - 39,34,63
"4180",2008,7,40 - 44,52,91
"4180",2008,7,45 - 49,84,115
"4180",2008,7,50 - 54,109,155
"4180",2008,7,55 - 59,177,201
"4180",2008,7,60 - 64,277,353
"4180",2008,7,65 - 69,471,568
"4180",2008,7,70 - 74,863,981
"4180",2008,7,75 - 79,1765,1656
"4180",2008,7,80 - 84,2943,2099
"4180",2008,7,85 - 89,3117,1666
"4180",2008,7,90 - 94,1666,589
"4180",2008,7,95+,806,207
"4180",2008,7,UNK,0,1
"4180",2008,8,Total,14624,10375
"4180",2008,8,0,13,18
"4180",2008,8,1,3,8
"4180",2008,8,2,2,3
"4180",2008,8,3,5,4
"4180",2008,8,4,1,1
"4180",2008,8,5 - 9,2,6
"4180",2008,8,10 - 14,5,5
"4180",2008,8,15 - 19,11,4
"4180",2008,8,20 - 24,11,12
"4180",2008,8,25 - 29,12,13
"4180",2008,8,30 - 34,14,25
"4180",2008,8,35 - 39,28,43
"4180",2008,8,40 - 44,43,83
"4180",2008,8,45 - 49,70,143
"4180",2008,8,50 - 54,113,232
"4180",2008,8,55 - 59,205,405
"4180",2008,8,60 - 64,345,600
"4180",2008,8,65 - 69,688,921
"4180",2008,8,70 - 74,1192,1382
"4180",2008,8,75 - 79,2040,1806
"4180",2008,8,80 - 84,3218,2103
"4180",2008,8,85 - 89,3456,1577
"4180",2008,8,90 - 94,2022,714
"4180",2008,8,95+,1125,266
"4180",2008,8,UNK,0,1
"4180",2008,9,Total,11922,11656
"4180",2008,9,0,10,23
"4180",2008,9,1,1,3
"4180",2008,9,2,1,1
"4180",2008,9,3,1,2
"4180",2008,9,4,0,1
"4180",2008,9,5 - 9,3,1
"4180",2008,9,10 - 14,4,1
"4180",2008,9,15 - 19,1,4
"4180",2008,9,20 - 24,3,10
"4180",2008,9,25 - 29,10,13
"4180",2008,9,30 - 34,16,34
"4180",2008,9,35 - 39,31,99
"4180",2008,9,40 - 44,77,276
"4180",2008,9,45 - 49,129,433
"4180",2008,9,50 - 54,175,524
"4180",2008,9,55 - 59,278,630
"4180",2008,9,60 - 64,429,847
"4180",2008,9,65 - 69,637,1123
"4180",2008,9,70 - 74,1124,1499
"4180",2008,9,75 - 79,1821,1875
"4180",2008,9,80 - 84,2469,1974
"4180",2008,9,85 - 89,2476,1443
"4180",2008,9,90 - 94,1438,614
"4180",2008,9,95+,787,226
"4180",2008,9,UNK,1,0
"4180",2008,10,Total,4977,4635
"4180",2008,10,0,2,8
"4180",2008,10,1,0,0
"4180",2008,10,2,0,0
"4180",2008,10,3,0,1
"4180",2008,10,4,0,0
"4180",2008,10,5 - 9,0,0
"4180",2008,10,10 - 14,1,1
"4180",2008,10,15 - 19,2,1
"4180",2008,10,20 - 24,1,1
"4180",2008,10,25 - 29,3,1
"4180",2008,10,30 - 34,4,5
"4180",2008,10,35 - 39,8,11
"4180",2008,10,40 - 44,13,21
"4180",2008,10,45 - 49,19,29
"4180",2008,10,50 - 54,33,49
"4180",2008,10,55 - 59,64,103
"4180",2008,10,60 - 64,89,141
"4180",2008,10,65 - 69,167,264
"4180",2008,10,70 - 74,318,449
"4180",2008,10,75 - 79,599,724
"4180",2008,10,80 - 84,1048,1047
"4180",2008,10,85 - 89,1226,983
"4180",2008,10,90 - 94,855,523
"4180",2008,10,95+,525,273
"4180",2008,10,UNK,0,0
"4180",2008,11,Total,1165,1333
"4180",2008,11,0,740,905
"4180",2008,11,1,18,19
"4180",2008,11,2,6,11
"4180",2008,11,3,6,4
"4180",2008,11,4,3,5
"4180",2008,11,5 - 9,11,19
"4180",2008,11,10 - 14,5,18
"4180",2008,11,15 - 19,12,12
"4180",2008,11,20 - 24,12,17
"4180",2008,11,25 - 29,15,13
"4180",2008,11,30 - 34,12,18
"4180",2008,11,35 - 39,18,23
"4180",2008,11,40 - 44,15,20
"4180",2008,11,45 - 49,25,26
"4180",2008,11,50 - 54,34,28
"4180",2008,11,55 - 59,39,33
"4180",2008,11,60 - 64,38,42
"4180",2008,11,65 - 69,21,28
"4180",2008,11,70 - 74,26,21
"4180",2008,11,75 - 79,27,30
"4180",2008,11,80 - 84,29,17
"4180",2008,11,85 - 89,31,15
"4180",2008,11,90 - 94,19,7
"4180",2008,11,95+,3,2
"4180",2008,11,UNK,0,0
"4180",2008,12,Total,16605,21166
"4180",2008,12,0,17,20
"4180",2008,12,1,0,4
"4180",2008,12,2,2,2
"4180",2008,12,3,3,2
"4180",2008,12,4,1,0
"4180",2008,12,5 - 9,2,3
"4180",2008,12,10 - 14,5,8
"4180",2008,12,15 - 19,3,7
"4180",2008,12,20 - 24,10,11
"4180",2008,12,25 - 29,7,28
"4180",2008,12,30 - 34,24,26
"4180",2008,12,35 - 39,17,42
"4180",2008,12,40 - 44,49,80
"4180",2008,12,45 - 49,54,111
"4180",2008,12,50 - 54,74,162
"4180",2008,12,55 - 59,157,258
"4180",2008,12,60 - 64,238,468
"4180",2008,12,65 - 69,456,996
"4180",2008,12,70 - 74,785,1932
"4180",2008,12,75 - 79,1716,3538
"4180",2008,12,80 - 84,3291,5266
"4180",2008,12,85 - 89,4074,4609
"4180",2008,12,90 - 94,3303,2499
"4180",2008,12,95+,2317,1094
"4180",2008,12,UNK,0,0
"4180",2008,13,Total,9729,14103
"4180",2008,13,0,11,11
"4180",2008,13,1,11,11
"4180",2008,13,2,11,11
"4180",2008,13,3,4,9
"4180",2008,13,4,5,6
"4180",2008,13,5 - 9,18,22
"4180",2008,13,10 - 14,29,67
"4180",2008,13,15 - 19,124,482
"4180",2008,13,20 - 24,124,683
"4180",2008,13,25 - 29,114,750
"4180",2008,13,30 - 34,154,853
"4180",2008,13,35 - 39,133,810
"4180",2008,13,40 - 44,186,872
"4180",2008,13,45 - 49,197,779
"4180",2008,13,50 - 54,193,694
"4180",2008,13,55 - 59,186,643
"4180",2008,13,60 - 64,219,659
"4180",2008,13,65 - 69,306,725
"4180",2008,13,70 - 74,455,939
"4180",2008,13,75 - 79,907,1199
"4180",2008,13,80 - 84,1596,1500
"4180",2008,13,85 - 89,2118,1330
"4180",2008,13,90 - 94,1589,697
"4180",2008,13,95+,1038,340
"4180",2008,13,UNK,1,11
"4180",2008,14,Total,127,384
"4180",2008,14,0,1,3
"4180",2008,14,1,0,0
"4180",2008,14,2,0,0
"4180",2008,14,3,0,2
"4180",2008,14,4,1,0
"4180",2008,14,5 - 9,4,2
"4180",2008,14,10 - 14,2,0
"4180",2008,14,15 - 19,5,11
"4180",2008,14,20 - 24,10,28
"4180",2008,14,25 - 29,10,27
"4180",2008,14,30 - 34,12,53
"4180",2008,14,35 - 39,8,69
"4180",2008,14,40 - 44,10,50
"4180",2008,14,45 - 49,8,32
"4180",2008,14,50 - 54,11,26
"4180",2008,14,55 - 59,5,18
"4180",2008,14,60 - 64,7,25
"4180",2008,14,65 - 69,5,12
"4180",2008,14,70 - 74,10,11
"4180",2008,14,75 - 79,10,7
"4180",2008,14,80 - 84,5,4
"4180",2008,14,85 - 89,2,3
"4180",2008,14,90 - 94,1,1
"4180",2008,14,95+,0,0
"4180",2008,14,UNK,0,0
"4180",2009,1,Total,301819,286619
"4180",2009,1,0,916,1130
"4180",2009,1,1,62,72
"4180",2009,1,2,33,50
"4180",2009,1,3,22,32
"4180",2009,1,4,25,38
"4180",2009,1,5 - 9,122,135
"4180",2009,1,10 - 14,109,206
"4180",2009,1,15 - 19,251,662
"4180",2009,1,20 - 24,359,1005
"4180",2009,1,25 - 29,388,1157
"4180",2009,1,30 - 34,617,1532
"4180",2009,1,35 - 39,1057,2152
"4180",2009,1,40 - 44,1889,3460
"4180",2009,1,45 - 49,3081,4954
"4180",2009,1,50 - 54,4339,7033
"4180",2009,1,55 - 59,5926,10479
"4180",2009,1,60 - 64,9046,16644
"4180",2009,1,65 - 69,13015,23097
"4180",2009,1,70 - 74,21256,33583
"4180",2009,1,75 - 79,35414,46602
"4180",2009,1,80 - 84,56757,55242
"4180",2009,1,85 - 89,74385,48724
"4180",2009,1,90 - 94,41946,18939
"4180",2009,1,95+,30799,9669
"4180",2009,1,UNK,5,22
"4180",2009,2,Total,4400,4607
"4180",2009,2,0,10,18
"4180",2009,2,1,3,3
"4180",2009,2,2,2,6
"4180",2009,2,3,0,3
"4180",2009,2,4,1,0
"4180",2009,2,5 - 9,3,1
"4180",2009,2,10 - 14,3,3
"4180",2009,2,15 - 19,7,5
"4180",2009,2,20 - 24,9,10
"4180",2009,2,25 - 29,13,15
"4180",2009,2,30 - 34,22,42
"4180",2009,2,35 - 39,28,91
"4180",2009,2,40 - 44,59,219
"4180",2009,2,45 - 49,96,301
"4180",2009,2,50 - 54,67,235
"4180",2009,2,55 - 59,102,214
"4180",2009,2,60 - 64,157,278
"4180",2009,2,65 - 69,242,380
"4180",2009,2,70 - 74,464,500
"4180",2009,2,75 - 79,731,667
"4180",2009,2,80 - 84,866,738
"4180",2009,2,85 - 89,970,607
"4180",2009,2,90 - 94,343,203
"4180",2009,2,95+,202,68
"4180",2009,2,UNK,0,0
"4180",2009,3,Total,76112,98566
"4180",2009,3,0,7,4
"4180",2009,3,1,8,10
"4180",2009,3,2,6,9
"4180",2009,3,3,7,10
"4180",2009,3,4,6,15
"4180",2009,3,5 - 9,42,51
"4180",2009,3,10 - 14,32,59
"4180",2009,3,15 - 19,57,81
"4180",2009,3,20 - 24,72,117
"4180",2009,3,25 - 29,112,139
"4180",2009,3,30 - 34,234,253
"4180",2009,3,35 - 39,508,408
"4180",2009,3,40 - 44,1015,845
"4180",2009,3,45 - 49,1845,1703
"4180",2009,3,50 - 54,2844,2917
"4180",2009,3,55 - 59,3767,5044
"4180",2009,3,60 - 64,5457,8591
"4180",2009,3,65 - 69,7037,11761
"4180",2009,3,70 - 74,9454,15722
"4180",2009,3,75 - 79,12016,18674
"4180",2009,3,80 - 84,13492,17088
"4180",2009,3,85 - 89,11856,11125
"4180",2009,3,90 - 94,4261,2943
"4180",2009,3,95+,1977,997
"4180",2009,3,UNK,0,0
"4180",2009,4,Total,127060,97770
"4180",2009,4,0,22,28
"4180",2009,4,1,2,7
"4180",2009,4,2,1,7
"4180",2009,4,3,3,2
"4180",2009,4,4,2,1
"4180",2009,4,5 - 9,8,9
"4180",2009,4,10 - 14,10,19
"4180",2009,4,15 - 19,19,29
"4180",2009,4,20 - 24,25,49
"4180",2009,4,25 - 29,35,86
"4180",2009,4,30 - 34,63,179
"4180",2009,4,35 - 39,121,350
"4180",2009,4,40 - 44,233,718
"4180",2009,4,45 - 49,388,1035
"4180",2009,4,50 - 54,546,1738
"4180",2009,4,55 - 59,823,2596
"4180",2009,4,60 - 64,1520,4135
"4180",2009,4,65 - 69,2732,5940
"4180",2009,4,70 - 74,5747,9378
"4180",2009,4,75 - 79,12417,15044
"4180",2009,4,80 - 84,24262,20990
"4180",2009,4,85 - 89,37022,21294
"4180",2009,4,90 - 94,23281,9115
"4180",2009,4,95+,17776,5016
"4180",2009,4,UNK,2,5
"4180",2009,5,Total,5450,3761
"4180",2009,5,0,35,36
"4180",2009,5,1,6,6
"4180",2009,5,2,5,2
"4180",2009,5,3,0,0
"4180",2009,5,4,2,0
"4180",2009,5,5 - 9,3,4
"4180",2009,5,10 - 14,4,5
"4180",2009,5,15 - 19,9,19
"4180",2009,5,20 - 24,18,67
"4180",2009,5,25 - 29,20,93
"4180",2009,5,30 - 34,21,98
"4180",2009,5,35 - 39,40,146
"4180",2009,5,40 - 44,33,170
"4180",2009,5,45 - 49,45,149
"4180",2009,5,50 - 54,39,142
"4180",2009,5,55 - 59,44,174
"4180",2009,5,60 - 64,60,150
"4180",2009,5,65 - 69,72,166
"4180",2009,5,70 - 74,130,199
"4180",2009,5,75 - 79,245,282
"4180",2009,5,80 - 84,566,368
"4180",2009,5,85 - 89,1107,521
"4180",2009,5,90 - 94,1259,482
"4180",2009,5,95+,1686,475
"4180",2009,5,UNK,1,7
"4180",2009,6,Total,9825,4838
"4180",2009,6,0,0,0
"4180",2009,6,1,0,0
"4180",2009,6,2,0,0
"4180",2009,6,3,0,0
"4180",2009,6,4,0,0
"4180",2009,6,5 - 9,1,0
"4180",2009,6,10 - 14,0,0
"4180",2009,6,15 - 19,1,2
"4180",2009,6,20 - 24,8,6
"4180",2009,6,25 - 29,3,8
"4180",2009,6,30 - 34,6,21
"4180",2009,6,35 - 39,12,45
"4180",2009,6,40 - 44,19,44
"4180",2009,6,45 - 49,16,56
"4180",2009,6,50 - 54,20,45
"4180",2009,6,55 - 59,37,61
"4180",2009,6,60 - 64,45,87
"4180",2009,6,65 - 69,85,130
"4180",2009,6,70 - 74,234,234
"4180",2009,6,75 - 79,634,600
"4180",2009,6,80 - 84,1735,1138
"4180",2009,6,85 - 89,3199,1420
"4180",2009,6,90 - 94,2056,625
"4180",2009,6,95+,1714,316
"4180",2009,6,UNK,0,0
"4180",2009,7,Total,12893,9317
"4180",2009,7,0,26,32
"4180",2009,7,1,7,10
"4180",2009,7,2,1,5
"4180",2009,7,3,4,2
"4180",2009,7,4,5,3
"4180",2009,7,5 - 9,17,11
"4180",2009,7,10 - 14,7,28
"4180",2009,7,15 - 19,18,33
"4180",2009,7,20 - 24,13,35
"4180",2009,7,25 - 29,22,37
"4180",2009,7,30 - 34,27,50
"4180",2009,7,35 - 39,37,55
"4180",2009,7,40 - 44,54,97
"4180",2009,7,45 - 49,85,110
"4180",2009,7,50 - 54,130,155
"4180",2009,7,55 - 59,197,221
"4180",2009,7,60 - 64,261,355
"4180",2009,7,65 - 69,470,582
"4180",2009,7,70 - 74,902,981
"4180",2009,7,75 - 79,1722,1719
"4180",2009,7,80 - 84,3036,2196
"4180",2009,7,85 - 89,3638,1844
"4180",2009,7,90 - 94,1404,563
"4180",2009,7,95+,810,193
"4180",2009,7,UNK,0,0
"4180",2009,8,Total,15060,10780
"4180",2009,8,0,12,14
"4180",2009,8,1,7,5
"4180",2009,8,2,4,3
"4180",2009,8,3,1,2
"4180",2009,8,4,0,2
"4180",2009,8,5 - 9,6,4
"4180",2009,8,10 - 14,3,6
"4180",2009,8,15 - 19,7,15
"4180",2009,8,20 - 24,16,12
"4180",2009,8,25 - 29,14,18
"4180",2009,8,30 - 34,17,30
"4180",2009,8,35 - 39,22,37
"4180",2009,8,40 - 44,47,101
"4180",2009,8,45 - 49,85,153
"4180",2009,8,50 - 54,125,251
"4180",2009,8,55 - 59,231,373
"4180",2009,8,60 - 64,390,664
"4180",2009,8,65 - 69,628,898
"4180",2009,8,70 - 74,1164,1376
"4180",2009,8,75 - 79,2080,1892
"4180",2009,8,80 - 84,3219,2217
"4180",2009,8,85 - 89,3826,1739
"4180",2009,8,90 - 94,1934,678
"4180",2009,8,95+,1222,290
"4180",2009,8,UNK,0,0
"4180",2009,9,Total,12095,11610
"4180",2009,9,0,14,14
"4180",2009,9,1,3,2
"4180",2009,9,2,1,1
"4180",2009,9,3,0,0
"4180",2009,9,4,0,1
"4180",2009,9,5 - 9,0,1
"4180",2009,9,10 - 14,0,4
"4180",2009,9,15 - 19,2,6
"4180",2009,9,20 - 24,6,4
"4180",2009,9,25 - 29,9,13
"4180",2009,9,30 - 34,10,38
"4180",2009,9,35 - 39,29,99
"4180",2009,9,40 - 44,98,259
"4180",2009,9,45 - 49,145,417
"4180",2009,9,50 - 54,172,513
"4180",2009,9,55 - 59,243,636
"4180",2009,9,60 - 64,387,833
"4180",2009,9,65 - 69,645,1071
"4180",2009,9,70 - 74,1027,1513
"4180",2009,9,75 - 79,1692,1861
"4180",2009,9,80 - 84,2552,1965
"4180",2009,9,85 - 89,2920,1569
"4180",2009,9,90 - 94,1313,544
"4180",2009,9,95+,827,245
"4180",2009,9,UNK,0,1
"4180",2009,10,Total,5282,4901
"4180",2009,10,0,3,10
"4180",2009,10,1,0,0
"4180",2009,10,2,0,0
"4180",2009,10,3,1,0
"4180",2009,10,4,0,0
"4180",2009,10,5 - 9,2,0
"4180",2009,10,10 - 14,1,1
"4180",2009,10,15 - 19,0,0
"4180",2009,10,20 - 24,0,0
"4180",2009,10,25 - 29,2,5
"4180",2009,10,30 - 34,3,6
"4180",2009,10,35 - 39,5,12
"4180",2009,10,40 - 44,9,24
"4180",2009,10,45 - 49,22,29
"4180",2009,10,50 - 54,29,54
"4180",2009,10,55 - 59,73,73
"4180",2009,10,60 - 64,118,162
"4180",2009,10,65 - 69,170,229
"4180",2009,10,70 - 74,350,447
"4180",2009,10,75 - 79,610,735
"4180",2009,10,80 - 84,1034,1100
"4180",2009,10,85 - 89,1447,1142
"4180",2009,10,90 - 94,837,563
"4180",2009,10,95+,566,309
"4180",2009,10,UNK,0,0
"4180",2009,11,Total,1174,1371
"4180",2009,11,0,753,915
"4180",2009,11,1,14,20
"4180",2009,11,2,2,6
"4180",2009,11,3,0,3
"4180",2009,11,4,2,3
"4180",2009,11,5 - 9,12,10
"4180",2009,11,10 - 14,6,12
"4180",2009,11,15 - 19,11,23
"4180",2009,11,20 - 24,11,17
"4180",2009,11,25 - 29,12,9
"4180",2009,11,30 - 34,12,17
"4180",2009,11,35 - 39,17,19
"4180",2009,11,40 - 44,16,23
"4180",2009,11,45 - 49,32,27
"4180",2009,11,50 - 54,34,32
"4180",2009,11,55 - 59,36,42
"4180",2009,11,60 - 64,29,55
"4180",2009,11,65 - 69,33,17
"4180",2009,11,70 - 74,40,31
"4180",2009,11,75 - 79,15,39
"4180",2009,11,80 - 84,39,22
"4180",2009,11,85 - 89,31,22
"4180",2009,11,90 - 94,12,4
"4180",2009,11,95+,5,3
"4180",2009,11,UNK,0,0
"4180",2009,12,Total,17620,22329
"4180",2009,12,0,12,31
"4180",2009,12,1,4,0
"4180",2009,12,2,1,0
"4180",2009,12,3,1,0
"4180",2009,12,4,0,2
"4180",2009,12,5 - 9,5,3
"4180",2009,12,10 - 14,5,7
"4180",2009,12,15 - 19,7,14
"4180",2009,12,20 - 24,6,14
"4180",2009,12,25 - 29,12,23
"4180",2009,12,30 - 34,27,33
"4180",2009,12,35 - 39,31,56
"4180",2009,12,40 - 44,48,81
"4180",2009,12,45 - 49,63,114
"4180",2009,12,50 - 54,91,179
"4180",2009,12,55 - 59,133,280
"4180",2009,12,60 - 64,263,562
"4180",2009,12,65 - 69,414,999
"4180",2009,12,70 - 74,917,1999
"4180",2009,12,75 - 79,1786,3481
"4180",2009,12,80 - 84,3481,5416
"4180",2009,12,85 - 89,4732,5479
"4180",2009,12,90 - 94,3107,2296
"4180",2009,12,95+,2474,1260
"4180",2009,12,UNK,0,0
"4180",2009,13,Total,10083,14072
"4180",2009,13,0,14,18
"4180",2009,13,1,6,6
"4180",2009,13,2,7,8
"4180",2009,13,3,3,9
"4180",2009,13,4,4,10
"4180",2009,13,5 - 9,20,31
"4180",2009,13,10 - 14,31,54
"4180",2009,13,15 - 19,103,416
"4180",2009,13,20 - 24,162,629
"4180",2009,13,25 - 29,113,669
"4180",2009,13,30 - 34,140,702
"4180",2009,13,35 - 39,170,787
"4180",2009,13,40 - 44,194,814
"4180",2009,13,45 - 49,211,798
"4180",2009,13,50 - 54,188,703
"4180",2009,13,55 - 59,166,693
"4180",2009,13,60 - 64,228,668
"4180",2009,13,65 - 69,297,756
"4180",2009,13,70 - 74,514,961
"4180",2009,13,75 - 79,896,1250
"4180",2009,13,80 - 84,1651,1539
"4180",2009,13,85 - 89,2487,1520
"4180",2009,13,90 - 94,1428,671
"4180",2009,13,95+,1048,354
"4180",2009,13,UNK,2,6
"4180",2009,14,Total,151,359
"4180",2009,14,0,4,1
"4180",2009,14,1,1,0
"4180",2009,14,2,1,1
"4180",2009,14,3,1,0
"4180",2009,14,4,2,2
"4180",2009,14,5 - 9,1,4
"4180",2009,14,10 - 14,0,3
"4180",2009,14,15 - 19,5,11
"4180",2009,14,20 - 24,10,39
"4180",2009,14,25 - 29,6,37
"4180",2009,14,30 - 34,14,49
"4180",2009,14,35 - 39,16,33
"4180",2009,14,40 - 44,14,38
"4180",2009,14,45 - 49,12,28
"4180",2009,14,50 - 54,9,29
"4180",2009,14,55 - 59,9,17
"4180",2009,14,60 - 64,6,16
"4180",2009,14,65 - 69,5,15
"4180",2009,14,70 - 74,13,14
"4180",2009,14,75 - 79,8,8
"4180",2009,14,80 - 84,10,6
"4180",2009,14,85 - 89,2,3
"4180",2009,14,90 - 94,2,3
"4180",2009,14,95+,0,0
"4180",2009,14,UNK,0,2
"4180",2010,1,Total,299547,285068
"4180",2010,1,0,823,1040
"4180",2010,1,1,58,66
"4180",2010,1,2,40,39
"4180",2010,1,3,40,39
"4180",2010,1,4,25,36
"4180",2010,1,5 - 9,99,129
"4180",2010,1,10 - 14,129,163
"4180",2010,1,15 - 19,240,581
"4180",2010,1,20 - 24,277,888
"4180",2010,1,25 - 29,336,1065
"4180",2010,1,30 - 34,571,1470
"4180",2010,1,35 - 39,1066,2070
"4180",2010,1,40 - 44,1900,3191
"4180",2010,1,45 - 49,2984,4959
"4180",2010,1,50 - 54,4247,6894
"4180",2010,1,55 - 59,5739,10159
"4180",2010,1,60 - 64,8990,16626
"4180",2010,1,65 - 69,12104,21693
"4180",2010,1,70 - 74,20334,33478
"4180",2010,1,75 - 79,34427,44751
"4180",2010,1,80 - 84,55939,55578
"4180",2010,1,85 - 89,73908,49807
"4180",2010,1,90 - 94,43380,20327
"4180",2010,1,95+,31888,10005
"4180",2010,1,UNK,3,14
"4180",2010,2,Total,4855,4766
"4180",2010,2,0,14,22
"4180",2010,2,1,3,5
"4180",2010,2,2,2,2
"4180",2010,2,3,1,0
"4180",2010,2,4,2,0
"4180",2010,2,5 - 9,4,7
"4180",2010,2,10 - 14,1,2
"4180",2010,2,15 - 19,2,6
"4180",2010,2,20 - 24,5,7
"4180",2010,2,25 - 29,10,16
"4180",2010,2,30 - 34,23,48
"4180",2010,2,35 - 39,39,69
"4180",2010,2,40 - 44,71,166
"4180",2010,2,45 - 49,65,291
"4180",2010,2,50 - 54,79,223
"4180",2010,2,55 - 59,97,208
"4180",2010,2,60 - 64,161,289
"4180",2010,2,65 - 69,249,376
"4180",2010,2,70 - 74,440,562
"4180",2010,2,75 - 79,809,699
"4180",2010,2,80 - 84,1024,835
"4180",2010,2,85 - 89,1044,627
"4180",2010,2,90 - 94,446,223
"4180",2010,2,95+,264,82
"4180",2010,2,UNK,0,1
"4180",2010,3,Total,76199,98847
"4180",2010,3,0,7,12
"4180",2010,3,1,10,11
"4180",2010,3,2,13,3
"4180",2010,3,3,12,14
"4180",2010,3,4,9,11
"4180",2010,3,5 - 9,46,44
"4180",2010,3,10 - 14,54,43
"4180",2010,3,15 - 19,61,72
"4180",2010,3,20 - 24,63,100
"4180",2010,3,25 - 29,103,131
"4180",2010,3,30 - 34,225,218
"4180",2010,3,35 - 39,514,421
"4180",2010,3,40 - 44,1096,829
"4180",2010,3,45 - 49,1835,1602
"4180",2010,3,50 - 54,2781,2904
"4180",2010,3,55 - 59,3653,4900
"4180",2010,3,60 - 64,5393,8656
"4180",2010,3,65 - 69,6723,11167
"4180",2010,3,70 - 74,9323,15935
"4180",2010,3,75 - 79,11838,18046
"4180",2010,3,80 - 84,13700,17809
"4180",2010,3,85 - 89,12162,11632
"4180",2010,3,90 - 94,4557,3284
"4180",2010,3,95+,2021,1002
"4180",2010,3,UNK,0,1
"4180",2010,4,Total,124970,96647
"4180",2010,4,0,24,28
"4180",2010,4,1,9,4
"4180",2010,4,2,5,0
"4180",2010,4,3,4,2
"4180",2010,4,4,1,1
"4180",2010,4,5 - 9,6,6
"4180",2010,4,10 - 14,13,12
"4180",2010,4,15 - 19,23,25
"4180",2010,4,20 - 24,21,48
"4180",2010,4,25 - 29,21,84
"4180",2010,4,30 - 34,62,174
"4180",2010,4,35 - 39,125,319
"4180",2010,4,40 - 44,223,640
"4180",2010,4,45 - 49,374,1169
"4180",2010,4,50 - 54,549,1634
"4180",2010,4,55 - 59,780,2483
"4180",2010,4,60 - 64,1496,3930
"4180",2010,4,65 - 69,2444,5474
"4180",2010,4,70 - 74,5307,9169
"4180",2010,4,75 - 79,11636,14390
"4180",2010,4,80 - 84,23745,20559
"4180",2010,4,85 - 89,36385,21498
"4180",2010,4,90 - 94,23576,9805
"4180",2010,4,95+,18141,5193
"4180",2010,4,UNK,0,0
"4180",2010,5,Total,5588,3632
"4180",2010,5,0,31,35
"4180",2010,5,1,1,3
"4180",2010,5,2,0,3
"4180",2010,5,3,0,4
"4180",2010,5,4,1,2
"4180",2010,5,5 - 9,2,3
"4180",2010,5,10 - 14,2,8
"4180",2010,5,15 - 19,7,29
"4180",2010,5,20 - 24,10,49
"4180",2010,5,25 - 29,17,80
"4180",2010,5,30 - 34,14,95
"4180",2010,5,35 - 39,27,135
"4180",2010,5,40 - 44,48,152
"4180",2010,5,45 - 49,61,150
"4180",2010,5,50 - 54,39,140
"4180",2010,5,55 - 59,51,143
"4180",2010,5,60 - 64,56,176
"4180",2010,5,65 - 69,66,153
"4180",2010,5,70 - 74,112,222
"4180",2010,5,75 - 79,243,272
"4180",2010,5,80 - 84,497,343
"4180",2010,5,85 - 89,1213,519
"4180",2010,5,90 - 94,1252,463
"4180",2010,5,95+,1836,449
"4180",2010,5,UNK,2,4
"4180",2010,6,Total,9799,4860
"4180",2010,6,0,0,0
"4180",2010,6,1,0,0
"4180",2010,6,2,0,0
"4180",2010,6,3,0,0
"4180",2010,6,4,0,0
"4180",2010,6,5 - 9,0,0
"4180",2010,6,10 - 14,0,0
"4180",2010,6,15 - 19,1,0
"4180",2010,6,20 - 24,2,7
"4180",2010,6,25 - 29,5,14
"4180",2010,6,30 - 34,3,23
"4180",2010,6,35 - 39,13,48
"4180",2010,6,40 - 44,16,45
"4180",2010,6,45 - 49,23,57
"4180",2010,6,50 - 54,26,48
"4180",2010,6,55 - 59,29,67
"4180",2010,6,60 - 64,53,86
"4180",2010,6,65 - 69,73,123
"4180",2010,6,70 - 74,210,244
"4180",2010,6,75 - 79,686,574
"4180",2010,6,80 - 84,1695,1077
"4180",2010,6,85 - 89,3122,1407
"4180",2010,6,90 - 94,2177,722
"4180",2010,6,95+,1665,318
"4180",2010,6,UNK,0,0
"4180",2010,7,Total,13017,9381
"4180",2010,7,0,13,20
"4180",2010,7,1,7,7
"4180",2010,7,2,2,1
"4180",2010,7,3,5,0
"4180",2010,7,4,1,7
"4180",2010,7,5 - 9,8,10
"4180",2010,7,10 - 14,10,17
"4180",2010,7,15 - 19,17,27
"4180",2010,7,20 - 24,13,24
"4180",2010,7,25 - 29,21,39
"4180",2010,7,30 - 34,20,53
"4180",2010,7,35 - 39,40,70
"4180",2010,7,40 - 44,61,92
"4180",2010,7,45 - 49,104,129
"4180",2010,7,50 - 54,121,126
"4180",2010,7,55 - 59,164,238
"4180",2010,7,60 - 64,291,382
"4180",2010,7,65 - 69,462,520
"4180",2010,7,70 - 74,841,1077
"4180",2010,7,75 - 79,1766,1692
"4180",2010,7,80 - 84,2914,2174
"4180",2010,7,85 - 89,3653,1941
"4180",2010,7,90 - 94,1655,541
"4180",2010,7,95+,828,194
"4180",2010,7,UNK,0,0
"4180",2010,8,Total,14801,10965
"4180",2010,8,0,11,17
"4180",2010,8,1,1,5
"4180",2010,8,2,4,2
"4180",2010,8,3,2,2
"4180",2010,8,4,0,1
"4180",2010,8,5 - 9,4,6
"4180",2010,8,10 - 14,8,5
"4180",2010,8,15 - 19,4,8
"4180",2010,8,20 - 24,15,13
"4180",2010,8,25 - 29,8,13
"4180",2010,8,30 - 34,15,27
"4180",2010,8,35 - 39,24,37
"4180",2010,8,40 - 44,43,98
"4180",2010,8,45 - 49,71,153
"4180",2010,8,50 - 54,115,241
"4180",2010,8,55 - 59,195,376
"4180",2010,8,60 - 64,389,686
"4180",2010,8,65 - 69,540,836
"4180",2010,8,70 - 74,1126,1394
"4180",2010,8,75 - 79,2015,1864
"4180",2010,8,80 - 84,3118,2278
"4180",2010,8,85 - 89,3752,1859
"4180",2010,8,90 - 94,2043,729
"4180",2010,8,95+,1298,315
"4180",2010,8,UNK,0,0
"4180",2010,9,Total,12182,11626
"4180",2010,9,0,16,20
"4180",2010,9,1,4,1
"4180",2010,9,2,0,0
"4180",2010,9,3,1,2
"4180",2010,9,4,0,1
"4180",2010,9,5 - 9,0,2
"4180",2010,9,10 - 14,1,2
"4180",2010,9,15 - 19,2,5
"4180",2010,9,20 - 24,2,7
"4180",2010,9,25 - 29,4,17
"4180",2010,9,30 - 34,12,56
"4180",2010,9,35 - 39,32,110
"4180",2010,9,40 - 44,79,224
"4180",2010,9,45 - 49,104,420
"4180",2010,9,50 - 54,176,513
"4180",2010,9,55 - 59,250,596
"4180",2010,9,60 - 64,384,872
"4180",2010,9,65 - 69,516,1032
"4180",2010,9,70 - 74,1052,1416
"4180",2010,9,75 - 79,1694,1771
"4180",2010,9,80 - 84,2524,2024
"4180",2010,9,85 - 89,2913,1673
"4180",2010,9,90 - 94,1486,590
"4180",2010,9,95+,930,272
"4180",2010,9,UNK,0,0
"4180",2010,10,Total,5326,5079
"4180",2010,10,0,1,3
"4180",2010,10,1,0,1
"4180",2010,10,2,1,1
"4180",2010,10,3,0,0
"4180",2010,10,4,1,0
"4180",2010,10,5 - 9,1,0
"4180",2010,10,10 - 14,1,0
"4180",2010,10,15 - 19,0,1
"4180",2010,10,20 - 24,1,1
"4180",2010,10,25 - 29,1,0
"4180",2010,10,30 - 34,3,2
"4180",2010,10,35 - 39,11,11
"4180",2010,10,40 - 44,10,15
"4180",2010,10,45 - 49,19,21
"4180",2010,10,50 - 54,28,60
"4180",2010,10,55 - 59,58,92
"4180",2010,10,60 - 64,114,181
"4180",2010,10,65 - 69,159,230
"4180",2010,10,70 - 74,300,474
"4180",2010,10,75 - 79,590,719
"4180",2010,10,80 - 84,1100,1156
"4180",2010,10,85 - 89,1362,1206
"4180",2010,10,90 - 94,924,558
"4180",2010,10,95+,641,347
"4180",2010,10,UNK,0,0
"4180",2010,11,Total,1096,1356
"4180",2010,11,0,680,844
"4180",2010,11,1,12,18
"4180",2010,11,2,7,6
"4180",2010,11,3,1,4
"4180",2010,11,4,2,5
"4180",2010,11,5 - 9,8,11
"4180",2010,11,10 - 14,12,10
"4180",2010,11,15 - 19,12,15
"4180",2010,11,20 - 24,16,18
"4180",2010,11,25 - 29,14,19
"4180",2010,11,30 - 34,19,10
"4180",2010,11,35 - 39,17,33
"4180",2010,11,40 - 44,12,32
"4180",2010,11,45 - 49,22,29
"4180",2010,11,50 - 54,21,36
"4180",2010,11,55 - 59,42,62
"4180",2010,11,60 - 64,37,59
"4180",2010,11,65 - 69,22,27
"4180",2010,11,70 - 74,29,36
"4180",2010,11,75 - 79,29,22
"4180",2010,11,80 - 84,36,28
"4180",2010,11,85 - 89,28,21
"4180",2010,11,90 - 94,14,10
"4180",2010,11,95+,4,1
"4180",2010,11,UNK,0,0
"4180",2010,12,Total,17077,21721
"4180",2010,12,0,10,18
"4180",2010,12,1,2,2
"4180",2010,12,2,2,2
"4180",2010,12,3,4,3
"4180",2010,12,4,2,1
"4180",2010,12,5 - 9,2,5
"4180",2010,12,10 - 14,3,6
"4180",2010,12,15 - 19,10,13
"4180",2010,12,20 - 24,6,20
"4180",2010,12,25 - 29,7,29
"4180",2010,12,30 - 34,18,27
"4180",2010,12,35 - 39,26,52
"4180",2010,12,40 - 44,29,63
"4180",2010,12,45 - 49,57,100
"4180",2010,12,50 - 54,86,175
"4180",2010,12,55 - 59,139,241
"4180",2010,12,60 - 64,256,508
"4180",2010,12,65 - 69,428,915
"4180",2010,12,70 - 74,851,1827
"4180",2010,12,75 - 79,1730,3234
"4180",2010,12,80 - 84,3169,5273
"4180",2010,12,85 - 89,4702,5422
"4180",2010,12,90 - 94,2969,2475
"4180",2010,12,95+,2569,1309
"4180",2010,12,UNK,0,1
"4180",2010,13,Total,9988,13596
"4180",2010,13,0,9,9
"4180",2010,13,1,6,9
"4180",2010,13,2,3,13
"4180",2010,13,3,8,8
"4180",2010,13,4,4,6
"4180",2010,13,5 - 9,15,30
"4180",2010,13,10 - 14,17,54
"4180",2010,13,15 - 19,91,364
"4180",2010,13,20 - 24,113,563
"4180",2010,13,25 - 29,110,581
"4180",2010,13,30 - 34,126,687
"4180",2010,13,35 - 39,151,703
"4180",2010,13,40 - 44,174,775
"4180",2010,13,45 - 49,190,770
"4180",2010,13,50 - 54,174,720
"4180",2010,13,55 - 59,198,649
"4180",2010,13,60 - 64,226,674
"4180",2010,13,65 - 69,251,713
"4180",2010,13,70 - 74,445,930
"4180",2010,13,75 - 79,865,1135
"4180",2010,13,80 - 84,1603,1568
"4180",2010,13,85 - 89,2447,1534
"4180",2010,13,90 - 94,1611,710
"4180",2010,13,95+,1150,385
"4180",2010,13,UNK,1,6
"4180",2010,14,Total,130,334
"4180",2010,14,0,2,1
"4180",2010,14,1,0,0
"4180",2010,14,2,0,2
"4180",2010,14,3,1,0
"4180",2010,14,4,0,1
"4180",2010,14,5 - 9,0,1
"4180",2010,14,10 - 14,1,1
"4180",2010,14,15 - 19,5,11
"4180",2010,14,20 - 24,4,28
"4180",2010,14,25 - 29,9,32
"4180",2010,14,30 - 34,10,42
"4180",2010,14,35 - 39,14,43
"4180",2010,14,40 - 44,11,38
"4180",2010,14,45 - 49,16,32
"4180",2010,14,50 - 54,8,24
"4180",2010,14,55 - 59,4,29
"4180",2010,14,60 - 64,6,20
"4180",2010,14,65 - 69,5,6
"4180",2010,14,70 - 74,9,10
"4180",2010,14,75 - 79,4,6
"4180",2010,14,80 - 84,13,4
"4180",2010,14,85 - 89,6,2
"4180",2010,14,90 - 94,1,0
"4180",2010,14,95+,1,0
"4180",2010,14,UNK,0,1
"4180",2011,1,Total,305631,288522
"4180",2011,1,0,795,979
"4180",2011,1,1,43,74
"4180",2011,1,2,38,35
"4180",2011,1,3,33,32
"4180",2011,1,4,26,29
"4180",2011,1,5 - 9,118,136
"4180",2011,1,10 - 14,99,185
"4180",2011,1,15 - 19,208,550
"4180",2011,1,20 - 24,329,910
"4180",2011,1,25 - 29,309,1053
"4180",2011,1,30 - 34,579,1311
"4180",2011,1,35 - 39,1023,1931
"4180",2011,1,40 - 44,1808,3100
"4180",2011,1,45 - 49,3062,5057
"4180",2011,1,50 - 54,4347,6999
"4180",2011,1,55 - 59,5950,10174
"4180",2011,1,60 - 64,9260,16547
"4180",2011,1,65 - 69,12183,21688
"4180",2011,1,70 - 74,20622,33033
"4180",2011,1,75 - 79,33548,44608
"4180",2011,1,80 - 84,55933,56098
"4180",2011,1,85 - 89,75205,51145
"4180",2011,1,90 - 94,48048,22808
"4180",2011,1,95+,32064,10026
"4180",2011,1,UNK,1,14
"4180",2011,2,Total,5720,5355
"4180",2011,2,0,8,19
"4180",2011,2,1,2,3
"4180",2011,2,2,3,1
"4180",2011,2,3,0,1
"4180",2011,2,4,1,2
"4180",2011,2,5 - 9,3,3
"4180",2011,2,10 - 14,2,6
"4180",2011,2,15 - 19,5,2
"4180",2011,2,20 - 24,11,10
"4180",2011,2,25 - 29,7,11
"4180",2011,2,30 - 34,10,32
"4180",2011,2,35 - 39,36,83
"4180",2011,2,40 - 44,59,174
"4180",2011,2,45 - 49,106,300
"4180",2011,2,50 - 54,106,288
"4180",2011,2,55 - 59,92,213
"4180",2011,2,60 - 64,169,286
"4180",2011,2,65 - 69,278,374
"4180",2011,2,70 - 74,494,594
"4180",2011,2,75 - 79,856,821
"4180",2011,2,80 - 84,1226,940
"4180",2011,2,85 - 89,1313,792
"4180",2011,2,90 - 94,648,307
"4180",2011,2,95+,285,93
"4180",2011,2,UNK,0,0
"4180",2011,3,Total,76917,99055
"4180",2011,3,0,7,8
"4180",2011,3,1,4,11
"4180",2011,3,2,10,7
"4180",2011,3,3,10,9
"4180",2011,3,4,13,8
"4180",2011,3,5 - 9,41,58
"4180",2011,3,10 - 14,35,61
"4180",2011,3,15 - 19,53,81
"4180",2011,3,20 - 24,70,113
"4180",2011,3,25 - 29,92,124
"4180",2011,3,30 - 34,259,221
"4180",2011,3,35 - 39,496,392
"4180",2011,3,40 - 44,1031,811
"4180",2011,3,45 - 49,1856,1702
"4180",2011,3,50 - 54,2727,2865
"4180",2011,3,55 - 59,3717,4880
"4180",2011,3,60 - 64,5548,8496
"4180",2011,3,65 - 69,6705,11105
"4180",2011,3,70 - 74,9386,15729
"4180",2011,3,75 - 79,11735,18075
"4180",2011,3,80 - 84,13793,17872
"4180",2011,3,85 - 89,12262,11869
"4180",2011,3,90 - 94,5033,3598
"4180",2011,3,95+,2034,959
"4180",2011,3,UNK,0,1
"4180",2011,4,Total,125942,97168
"4180",2011,4,0,24,29
"4180",2011,4,1,5,4
"4180",2011,4,2,2,3
"4180",2011,4,3,2,1
"4180",2011,4,4,2,1
"4180",2011,4,5 - 9,8,6
"4180",2011,4,10 - 14,10,17
"4180",2011,4,15 - 19,18,30
"4180",2011,4,20 - 24,24,60
"4180",2011,4,25 - 29,27,79
"4180",2011,4,30 - 34,57,146
"4180",2011,4,35 - 39,105,300
"4180",2011,4,40 - 44,218,623
"4180",2011,4,45 - 49,373,1040
"4180",2011,4,50 - 54,625,1672
"4180",2011,4,55 - 59,873,2502
"4180",2011,4,60 - 64,1562,4129
"4180",2011,4,65 - 69,2451,5411
"4180",2011,4,70 - 74,5366,8905
"4180",2011,4,75 - 79,11145,13991
"4180",2011,4,80 - 84,23071,20638
"4180",2011,4,85 - 89,36430,21688
"4180",2011,4,90 - 94,25728,10733
"4180",2011,4,95+,17816,5158
"4180",2011,4,UNK,0,2
"4180",2011,5,Total,6254,3917
"4180",2011,5,0,25,36
"4180",2011,5,1,1,6
"4180",2011,5,2,1,3
"4180",2011,5,3,2,0
"4180",2011,5,4,0,1
"4180",2011,5,5 - 9,7,5
"4180",2011,5,10 - 14,4,8
"4180",2011,5,15 - 19,8,29
"4180",2011,5,20 - 24,14,44
"4180",2011,5,25 - 29,17,73
"4180",2011,5,30 - 34,27,114
"4180",2011,5,35 - 39,36,118
"4180",2011,5,40 - 44,50,148
"4180",2011,5,45 - 49,63,154
"4180",2011,5,50 - 54,48,148
"4180",2011,5,55 - 59,56,176
"4180",2011,5,60 - 64,51,154
"4180",2011,5,65 - 69,97,163
"4180",2011,5,70 - 74,155,207
"4180",2011,5,75 - 79,263,265
"4180",2011,5,80 - 84,532,417
"4180",2011,5,85 - 89,1209,599
"4180",2011,5,90 - 94,1502,508
"4180",2011,5,95+,2086,538
"4180",2011,5,UNK,0,3
"4180",2011,6,Total,10671,5299
"4180",2011,6,0,0,1
"4180",2011,6,1,0,0
"4180",2011,6,2,0,0
"4180",2011,6,3,0,0
"4180",2011,6,4,0,0
"4180",2011,6,5 - 9,1,1
"4180",2011,6,10 - 14,2,0
"4180",2011,6,15 - 19,3,2
"4180",2011,6,20 - 24,6,7
"4180",2011,6,25 - 29,5,14
"4180",2011,6,30 - 34,8,28
"4180",2011,6,35 - 39,8,22
"4180",2011,6,40 - 44,18,58
"4180",2011,6,45 - 49,9,57
"4180",2011,6,50 - 54,30,71
"4180",2011,6,55 - 59,37,55
"4180",2011,6,60 - 64,57,96
"4180",2011,6,65 - 69,80,145
"4180",2011,6,70 - 74,221,288
"4180",2011,6,75 - 79,600,594
"4180",2011,6,80 - 84,1770,1136
"4180",2011,6,85 - 89,3340,1495
"4180",2011,6,90 - 94,2564,879
"4180",2011,6,95+,1912,350
"4180",2011,6,UNK,0,0
"4180",2011,7,Total,13493,9710
"4180",2011,7,0,16,27
"4180",2011,7,1,5,5
"4180",2011,7,2,3,4
"4180",2011,7,3,3,5
"4180",2011,7,4,2,1
"4180",2011,7,5 - 9,4,6
"4180",2011,7,10 - 14,7,13
"4180",2011,7,15 - 19,11,28
"4180",2011,7,20 - 24,12,37
"4180",2011,7,25 - 29,9,37
"4180",2011,7,30 - 34,25,43
"4180",2011,7,35 - 39,39,51
"4180",2011,7,40 - 44,67,91
"4180",2011,7,45 - 49,81,135
"4180",2011,7,50 - 54,126,144
"4180",2011,7,55 - 59,165,197
"4180",2011,7,60 - 64,320,364
"4180",2011,7,65 - 69,440,550
"4180",2011,7,70 - 74,934,1091
"4180",2011,7,75 - 79,1703,1676
"4180",2011,7,80 - 84,2969,2283
"4180",2011,7,85 - 89,3795,2001
"4180",2011,7,90 - 94,1898,709
"4180",2011,7,95+,859,211
"4180",2011,7,UNK,0,1
"4180",2011,8,Total,15529,11272
"4180",2011,8,0,15,11
"4180",2011,8,1,4,7
"4180",2011,8,2,4,2
"4180",2011,8,3,2,2
"4180",2011,8,4,0,2
"4180",2011,8,5 - 9,5,4
"4180",2011,8,10 - 14,6,7
"4180",2011,8,15 - 19,7,7
"4180",2011,8,20 - 24,8,8
"4180",2011,8,25 - 29,8,14
"4180",2011,8,30 - 34,20,20
"4180",2011,8,35 - 39,28,47
"4180",2011,8,40 - 44,38,72
"4180",2011,8,45 - 49,83,151
"4180",2011,8,50 - 54,125,247
"4180",2011,8,55 - 59,235,400
"4180",2011,8,60 - 64,409,674
"4180",2011,8,65 - 69,564,931
"4180",2011,8,70 - 74,1101,1374
"4180",2011,8,75 - 79,2035,1866
"4180",2011,8,80 - 84,3283,2293
"4180",2011,8,85 - 89,3978,1986
"4180",2011,8,90 - 94,2248,848
"4180",2011,8,95+,1323,299
"4180",2011,8,UNK,0,0
"4180",2011,9,Total,11608,11313
"4180",2011,9,0,10,15
"4180",2011,9,1,0,3
"4180",2011,9,2,0,2
"4180",2011,9,3,1,2
"4180",2011,9,4,1,0
"4180",2011,9,5 - 9,2,6
"4180",2011,9,10 - 14,2,1
"4180",2011,9,15 - 19,4,1
"4180",2011,9,20 - 24,4,9
"4180",2011,9,25 - 29,6,15
"4180",2011,9,30 - 34,12,41
"4180",2011,9,35 - 39,36,99
"4180",2011,9,40 - 44,52,222
"4180",2011,9,45 - 49,138,389
"4180",2011,9,50 - 54,161,488
"4180",2011,9,55 - 59,243,573
"4180",2011,9,60 - 64,341,820
"4180",2011,9,65 - 69,502,966
"4180",2011,9,70 - 74,937,1291
"4180",2011,9,75 - 79,1543,1674
"4180",2011,9,80 - 84,2366,2021
"4180",2011,9,85 - 89,2843,1696
"4180",2011,9,90 - 94,1536,722
"4180",2011,9,95+,868,257
"4180",2011,9,UNK,0,0
"4180",2011,10,Total,5832,5271
"4180",2011,10,0,7,2
"4180",2011,10,1,0,0
"4180",2011,10,2,0,0
"4180",2011,10,3,0,0
"4180",2011,10,4,0,1
"4180",2011,10,5 - 9,0,2
"4180",2011,10,10 - 14,1,0
"4180",2011,10,15 - 19,0,0
"4180",2011,10,20 - 24,1,2
"4180",2011,10,25 - 29,1,1
"4180",2011,10,30 - 34,3,5
"4180",2011,10,35 - 39,3,8
"4180",2011,10,40 - 44,9,19
"4180",2011,10,45 - 49,21,40
"4180",2011,10,50 - 54,22,51
"4180",2011,10,55 - 59,54,82
"4180",2011,10,60 - 64,89,138
"4180",2011,10,65 - 69,157,223
"4180",2011,10,70 - 74,327,427
"4180",2011,10,75 - 79,654,762
"4180",2011,10,80 - 84,1141,1189
"4180",2011,10,85 - 89,1584,1346
"4180",2011,10,90 - 94,1103,653
"4180",2011,10,95+,655,320
"4180",2011,10,UNK,0,0
"4180",2011,11,Total,1109,1337
"4180",2011,11,0,643,796
"4180",2011,11,1,9,17
"4180",2011,11,2,6,6
"4180",2011,11,3,5,3
"4180",2011,11,4,3,2
"4180",2011,11,5 - 9,11,9
"4180",2011,11,10 - 14,6,9
"4180",2011,11,15 - 19,5,17
"4180",2011,11,20 - 24,7,21
"4180",2011,11,25 - 29,13,16
"4180",2011,11,30 - 34,13,17
"4180",2011,11,35 - 39,23,20
"4180",2011,11,40 - 44,19,24
"4180",2011,11,45 - 49,28,34
"4180",2011,11,50 - 54,30,45
"4180",2011,11,55 - 59,36,55
"4180",2011,11,60 - 64,51,56
"4180",2011,11,65 - 69,35,39
"4180",2011,11,70 - 74,25,34
"4180",2011,11,75 - 79,37,44
"4180",2011,11,80 - 84,44,36
"4180",2011,11,85 - 89,39,22
"4180",2011,11,90 - 94,13,11
"4180",2011,11,95+,8,4
"4180",2011,11,UNK,0,0
"4180",2011,12,Total,18070,22489
"4180",2011,12,0,15,16
"4180",2011,12,1,7,4
"4180",2011,12,2,2,0
"4180",2011,12,3,3,2
"4180",2011,12,4,0,3
"4180",2011,12,5 - 9,6,4
"4180",2011,12,10 - 14,5,4
"4180",2011,12,15 - 19,2,10
"4180",2011,12,20 - 24,10,18
"4180",2011,12,25 - 29,14,31
"4180",2011,12,30 - 34,14,33
"4180",2011,12,35 - 39,26,53
"4180",2011,12,40 - 44,36,71
"4180",2011,12,45 - 49,69,127
"4180",2011,12,50 - 54,109,192
"4180",2011,12,55 - 59,170,291
"4180",2011,12,60 - 64,296,546
"4180",2011,12,65 - 69,437,940
"4180",2011,12,70 - 74,913,1901
"4180",2011,12,75 - 79,1686,3266
"4180",2011,12,80 - 84,3314,5320
"4180",2011,12,85 - 89,4925,5528
"4180",2011,12,90 - 94,3381,2781
"4180",2011,12,95+,2630,1348
"4180",2011,12,UNK,0,0
"4180",2011,13,Total,9629,13627
"4180",2011,13,0,12,11
"4180",2011,13,1,4,12
"4180",2011,13,2,5,6
"4180",2011,13,3,4,6
"4180",2011,13,4,2,8
"4180",2011,13,5 - 9,25,27
"4180",2011,13,10 - 14,14,51
"4180",2011,13,15 - 19,84,330
"4180",2011,13,20 - 24,140,548
"4180",2011,13,25 - 29,90,601
"4180",2011,13,30 - 34,99,559
"4180",2011,13,35 - 39,154,675
"4180",2011,13,40 - 44,167,718
"4180",2011,13,45 - 49,188,849
"4180",2011,13,50 - 54,179,726
"4180",2011,13,55 - 59,188,672
"4180",2011,13,60 - 64,234,664
"4180",2011,13,65 - 69,250,693
"4180",2011,13,70 - 74,464,933
"4180",2011,13,75 - 79,779,1234
"4180",2011,13,80 - 84,1525,1505
"4180",2011,13,85 - 89,2348,1649
"4180",2011,13,90 - 94,1614,798
"4180",2011,13,95+,1059,345
"4180",2011,13,UNK,1,7
"4180",2011,14,Total,123,328
"4180",2011,14,0,1,0
"4180",2011,14,1,0,0
"4180",2011,14,2,0,1
"4180",2011,14,3,0,1
"4180",2011,14,4,0,1
"4180",2011,14,5 - 9,1,0
"4180",2011,14,10 - 14,2,3
"4180",2011,14,15 - 19,2,8
"4180",2011,14,20 - 24,12,27
"4180",2011,14,25 - 29,9,32
"4180",2011,14,30 - 34,15,39
"4180",2011,14,35 - 39,10,45
"4180",2011,14,40 - 44,11,34
"4180",2011,14,45 - 49,14,33
"4180",2011,14,50 - 54,11,26
"4180",2011,14,55 - 59,7,19
"4180",2011,14,60 - 64,4,15
"4180",2011,14,65 - 69,9,11
"4180",2011,14,70 - 74,2,12
"4180",2011,14,75 - 79,3,14
"4180",2011,14,80 - 84,3,4
"4180",2011,14,85 - 89,5,1
"4180",2011,14,90 - 94,2,2
"4180",2011,14,95+,0,0
"4180",2011,14,UNK,0,0
"4180",2012,1,Total,317689,295831
"4180",2012,1,0,780,930
"4180",2012,1,1,61,67
"4180",2012,1,2,39,42
"4180",2012,1,3,23,31
"4180",2012,1,4,23,37
"4180",2012,1,5 - 9,96,118
"4180",2012,1,10 - 14,113,143
"4180",2012,1,15 - 19,201,490
"4180",2012,1,20 - 24,263,831
"4180",2012,1,25 - 29,337,964
"4180",2012,1,30 - 34,536,1239
"4180",2012,1,35 - 39,1018,1959
"4180",2012,1,40 - 44,1778,3092
"4180",2012,1,45 - 49,3113,5006
"4180",2012,1,50 - 54,4336,7141
"4180",2012,1,55 - 59,5993,10131
"4180",2012,1,60 - 64,9086,16134
"4180",2012,1,65 - 69,12767,22225
"4180",2012,1,70 - 74,20708,33173
"4180",2012,1,75 - 79,33724,44784
"4180",2012,1,80 - 84,57059,57665
"4180",2012,1,85 - 89,77438,53505
"4180",2012,1,90 - 94,56274,26583
"4180",2012,1,95+,31921,9530
"4180",2012,1,UNK,2,11
"4180",2012,2,Total,6388,6158
"4180",2012,2,0,14,15
"4180",2012,2,1,3,0
"4180",2012,2,2,6,3
"4180",2012,2,3,2,0
"4180",2012,2,4,0,1
"4180",2012,2,5 - 9,3,4
"4180",2012,2,10 - 14,2,2
"4180",2012,2,15 - 19,3,3
"4180",2012,2,20 - 24,8,13
"4180",2012,2,25 - 29,13,19
"4180",2012,2,30 - 34,19,36
"4180",2012,2,35 - 39,26,71
"4180",2012,2,40 - 44,52,163
"4180",2012,2,45 - 49,106,314
"4180",2012,2,50 - 54,96,331
"4180",2012,2,55 - 59,114,278
"4180",2012,2,60 - 64,186,353
"4180",2012,2,65 - 69,299,439
"4180",2012,2,70 - 74,532,666
"4180",2012,2,75 - 79,871,879
"4180",2012,2,80 - 84,1372,1144
"4180",2012,2,85 - 89,1453,918
"4180",2012,2,90 - 94,862,415
"4180",2012,2,95+,346,91
"4180",2012,2,UNK,0,0
"4180",2012,3,Total,77559,99794
"4180",2012,3,0,6,14
"4180",2012,3,1,8,9
"4180",2012,3,2,6,6
"4180",2012,3,3,11,6
"4180",2012,3,4,9,13
"4180",2012,3,5 - 9,37,47
"4180",2012,3,10 - 14,39,46
"4180",2012,3,15 - 19,45,73
"4180",2012,3,20 - 24,58,105
"4180",2012,3,25 - 29,110,126
"4180",2012,3,30 - 34,212,200
"4180",2012,3,35 - 39,550,432
"4180",2012,3,40 - 44,1025,792
"4180",2012,3,45 - 49,1921,1668
"4180",2012,3,50 - 54,2766,2925
"4180",2012,3,55 - 59,3788,4826
"4180",2012,3,60 - 64,5378,8106
"4180",2012,3,65 - 69,6898,11369
"4180",2012,3,70 - 74,9566,15694
"4180",2012,3,75 - 79,11749,17866
"4180",2012,3,80 - 84,13621,18195
"4180",2012,3,85 - 89,12203,12181
"4180",2012,3,90 - 94,5681,4161
"4180",2012,3,95+,1872,934
"4180",2012,3,UNK,0,0
"4180",2012,4,Total,130499,99661
"4180",2012,4,0,27,26
"4180",2012,4,1,6,3
"4180",2012,4,2,4,2
"4180",2012,4,3,0,3
"4180",2012,4,4,0,1
"4180",2012,4,5 - 9,7,8
"4180",2012,4,10 - 14,19,14
"4180",2012,4,15 - 19,13,35
"4180",2012,4,20 - 24,15,51
"4180",2012,4,25 - 29,37,73
"4180",2012,4,30 - 34,58,156
"4180",2012,4,35 - 39,121,290
"4180",2012,4,40 - 44,219,605
"4180",2012,4,45 - 49,387,1093
"4180",2012,4,50 - 54,563,1597
"4180",2012,4,55 - 59,874,2399
"4180",2012,4,60 - 64,1584,3962
"4180",2012,4,65 - 69,2601,5486
"4180",2012,4,70 - 74,5224,8986
"4180",2012,4,75 - 79,11028,13950
"4180",2012,4,80 - 84,23341,20948
"4180",2012,4,85 - 89,36944,22692
"4180",2012,4,90 - 94,29740,12429
"4180",2012,4,95+,17686,4850
"4180",2012,4,UNK,1,2
"4180",2012,5,Total,6984,4238
"4180",2012,5,0,30,35
"4180",2012,5,1,1,4
"4180",2012,5,2,0,0
"4180",2012,5,3,1,2
"4180",2012,5,4,0,1
"4180",2012,5,5 - 9,1,4
"4180",2012,5,10 - 14,2,5
"4180",2012,5,15 - 19,13,26
"4180",2012,5,20 - 24,14,66
"4180",2012,5,25 - 29,15,60
"4180",2012,5,30 - 34,24,93
"4180",2012,5,35 - 39,48,118
"4180",2012,5,40 - 44,34,185
"4180",2012,5,45 - 49,39,156
"4180",2012,5,50 - 54,52,159
"4180",2012,5,55 - 59,56,165
"4180",2012,5,60 - 64,70,166
"4180",2012,5,65 - 69,98,179
"4180",2012,5,70 - 74,137,213
"4180",2012,5,75 - 79,245,271
"4180",2012,5,80 - 84,647,450
"4180",2012,5,85 - 89,1401,694
"4180",2012,5,90 - 94,1856,649
"4180",2012,5,95+,2199,532
"4180",2012,5,UNK,1,5
"4180",2012,6,Total,11763,5593
"4180",2012,6,0,0,0
"4180",2012,6,1,0,1
"4180",2012,6,2,0,0
"4180",2012,6,3,0,0
"4180",2012,6,4,0,0
"4180",2012,6,5 - 9,0,0
"4180",2012,6,10 - 14,1,1
"4180",2012,6,15 - 19,1,3
"4180",2012,6,20 - 24,1,5
"4180",2012,6,25 - 29,4,20
"4180",2012,6,30 - 34,6,22
"4180",2012,6,35 - 39,6,41
"4180",2012,6,40 - 44,17,53
"4180",2012,6,45 - 49,31,67
"4180",2012,6,50 - 54,32,63
"4180",2012,6,55 - 59,43,56
"4180",2012,6,60 - 64,58,99
"4180",2012,6,65 - 69,97,131
"4180",2012,6,70 - 74,247,291
"4180",2012,6,75 - 79,619,611
"4180",2012,6,80 - 84,1921,1227
"4180",2012,6,85 - 89,3583,1613
"4180",2012,6,90 - 94,3167,958
"4180",2012,6,95+,1929,331
"4180",2012,6,UNK,0,0
"4180",2012,7,Total,14576,10379
"4180",2012,7,0,15,27
"4180",2012,7,1,12,5
"4180",2012,7,2,4,5
"4180",2012,7,3,1,7
"4180",2012,7,4,7,5
"4180",2012,7,5 - 9,11,11
"4180",2012,7,10 - 14,6,13
"4180",2012,7,15 - 19,15,31
"4180",2012,7,20 - 24,13,31
"4180",2012,7,25 - 29,13,43
"4180",2012,7,30 - 34,21,43
"4180",2012,7,35 - 39,32,56
"4180",2012,7,40 - 44,65,77
"4180",2012,7,45 - 49,94,125
"4180",2012,7,50 - 54,125,172
"4180",2012,7,55 - 59,189,238
"4180",2012,7,60 - 64,312,382
"4180",2012,7,65 - 69,486,609
"4180",2012,7,70 - 74,907,1076
"4180",2012,7,75 - 79,1915,1843
"4180",2012,7,80 - 84,3178,2426
"4180",2012,7,85 - 89,4011,2085
"4180",2012,7,90 - 94,2271,871
"4180",2012,7,95+,873,198
"4180",2012,7,UNK,0,0
"4180",2012,8,Total,15899,11734
"4180",2012,8,0,15,15
"4180",2012,8,1,2,5
"4180",2012,8,2,2,7
"4180",2012,8,3,3,1
"4180",2012,8,4,2,3
"4180",2012,8,5 - 9,4,4
"4180",2012,8,10 - 14,7,4
"4180",2012,8,15 - 19,8,13
"4180",2012,8,20 - 24,5,12
"4180",2012,8,25 - 29,9,19
"4180",2012,8,30 - 34,11,11
"4180",2012,8,35 - 39,20,49
"4180",2012,8,40 - 44,43,76
"4180",2012,8,45 - 49,63,140
"4180",2012,8,50 - 54,133,261
"4180",2012,8,55 - 59,190,418
"4180",2012,8,60 - 64,386,677
"4180",2012,8,65 - 69,610,901
"4180",2012,8,70 - 74,1110,1412
"4180",2012,8,75 - 79,1998,1899
"4180",2012,8,80 - 84,3263,2396
"4180",2012,8,85 - 89,4065,2165
"4180",2012,8,90 - 94,2710,943
"4180",2012,8,95+,1240,303
"4180",2012,8,UNK,0,0
"4180",2012,9,Total,11912,11504
"4180",2012,9,0,14,20
"4180",2012,9,1,1,1
"4180",2012,9,2,0,1
"4180",2012,9,3,0,0
"4180",2012,9,4,0,1
"4180",2012,9,5 - 9,3,1
"4180",2012,9,10 - 14,1,4
"4180",2012,9,15 - 19,4,3
"4180",2012,9,20 - 24,2,9
"4180",2012,9,25 - 29,8,18
"4180",2012,9,30 - 34,14,19
"4180",2012,9,35 - 39,25,87
"4180",2012,9,40 - 44,66,213
"4180",2012,9,45 - 49,131,375
"4180",2012,9,50 - 54,174,482
"4180",2012,9,55 - 59,226,587
"4180",2012,9,60 - 64,354,809
"4180",2012,9,65 - 69,548,1046
"4180",2012,9,70 - 74,933,1312
"4180",2012,9,75 - 79,1463,1710
"4180",2012,9,80 - 84,2454,2018
"4180",2012,9,85 - 89,2921,1752
"4180",2012,9,90 - 94,1738,778
"4180",2012,9,95+,832,258
"4180",2012,9,UNK,0,0
"4180",2012,10,Total,6364,5604
"4180",2012,10,0,4,3
"4180",2012,10,1,0,0
"4180",2012,10,2,2,1
"4180",2012,10,3,0,0
"4180",2012,10,4,0,0
"4180",2012,10,5 - 9,1,1
"4180",2012,10,10 - 14,1,0
"4180",2012,10,15 - 19,1,1
"4180",2012,10,20 - 24,0,0
"4180",2012,10,25 - 29,0,2
"4180",2012,10,30 - 34,3,9
"4180",2012,10,35 - 39,4,5
"4180",2012,10,40 - 44,13,17
"4180",2012,10,45 - 49,20,33
"4180",2012,10,50 - 54,28,54
"4180",2012,10,55 - 59,64,86
"4180",2012,10,60 - 64,98,146
"4180",2012,10,65 - 69,170,239
"4180",2012,10,70 - 74,332,447
"4180",2012,10,75 - 79,629,828
"4180",2012,10,80 - 84,1157,1258
"4180",2012,10,85 - 89,1837,1345
"4180",2012,10,90 - 94,1298,809
"4180",2012,10,95+,702,320
"4180",2012,10,UNK,0,0
"4180",2012,11,Total,1096,1249
"4180",2012,11,0,622,736
"4180",2012,11,1,17,18
"4180",2012,11,2,7,2
"4180",2012,11,3,1,7
"4180",2012,11,4,3,4
"4180",2012,11,5 - 9,6,8
"4180",2012,11,10 - 14,11,14
"4180",2012,11,15 - 19,14,16
"4180",2012,11,20 - 24,6,16
"4180",2012,11,25 - 29,9,8
"4180",2012,11,30 - 34,16,16
"4180",2012,11,35 - 39,14,14
"4180",2012,11,40 - 44,16,26
"4180",2012,11,45 - 49,25,33
"4180",2012,11,50 - 54,29,36
"4180",2012,11,55 - 59,31,49
"4180",2012,11,60 - 64,54,64
"4180",2012,11,65 - 69,41,49
"4180",2012,11,70 - 74,32,32
"4180",2012,11,75 - 79,33,29
"4180",2012,11,80 - 84,45,31
"4180",2012,11,85 - 89,35,24
"4180",2012,11,90 - 94,22,11
"4180",2012,11,95+,7,6
"4180",2012,11,UNK,0,0
"4180",2012,12,Total,19841,23603
"4180",2012,12,0,16,19
"4180",2012,12,1,3,5
"4180",2012,12,2,3,6
"4180",2012,12,3,1,0
"4180",2012,12,4,1,0
"4180",2012,12,5 - 9,3,5
"4180",2012,12,10 - 14,2,1
"4180",2012,12,15 - 19,5,4
"4180",2012,12,20 - 24,8,10
"4180",2012,12,25 - 29,5,19
"4180",2012,12,30 - 34,12,31
"4180",2012,12,35 - 39,18,44
"4180",2012,12,40 - 44,27,77
"4180",2012,12,45 - 49,52,102
"4180",2012,12,50 - 54,79,169
"4180",2012,12,55 - 59,151,279
"4180",2012,12,60 - 64,289,534
"4180",2012,12,65 - 69,461,968
"4180",2012,12,70 - 74,876,1850
"4180",2012,12,75 - 79,1843,3368
"4180",2012,12,80 - 84,3582,5536
"4180",2012,12,85 - 89,5418,5925
"4180",2012,12,90 - 94,4248,3362
"4180",2012,12,95+,2738,1289
"4180",2012,12,UNK,0,0
"4180",2012,13,Total,9864,13462
"4180",2012,13,0,4,8
"4180",2012,13,1,5,12
"4180",2012,13,2,5,5
"4180",2012,13,3,1,4
"4180",2012,13,4,0,7
"4180",2012,13,5 - 9,16,21
"4180",2012,13,10 - 14,19,36
"4180",2012,13,15 - 19,68,267
"4180",2012,13,20 - 24,117,479
"4180",2012,13,25 - 29,93,531
"4180",2012,13,30 - 34,114,554
"4180",2012,13,35 - 39,128,693
"4180",2012,13,40 - 44,162,743
"4180",2012,13,45 - 49,197,812
"4180",2012,13,50 - 54,196,816
"4180",2012,13,55 - 59,203,658
"4180",2012,13,60 - 64,205,705
"4180",2012,13,65 - 69,260,631
"4180",2012,13,70 - 74,512,953
"4180",2012,13,75 - 79,798,1204
"4180",2012,13,80 - 84,1583,1543
"4180",2012,13,85 - 89,2394,1568
"4180",2012,13,90 - 94,1819,906
"4180",2012,13,95+,965,302
"4180",2012,13,UNK,0,4
"4180",2012,14,Total,131,333
"4180",2012,14,0,1,0
"4180",2012,14,1,1,2
"4180",2012,14,2,0,1
"4180",2012,14,3,1,0
"4180",2012,14,4,0,1
"4180",2012,14,5 - 9,2,1
"4180",2012,14,10 - 14,1,0
"4180",2012,14,15 - 19,4,10
"4180",2012,14,20 - 24,9,27
"4180",2012,14,25 - 29,12,23
"4180",2012,14,30 - 34,7,34
"4180",2012,14,35 - 39,10,43
"4180",2012,14,40 - 44,10,36
"4180",2012,14,45 - 49,8,41
"4180",2012,14,50 - 54,8,28
"4180",2012,14,55 - 59,2,20
"4180",2012,14,60 - 64,11,25
"4180",2012,14,65 - 69,10,10
"4180",2012,14,70 - 74,11,8
"4180",2012,14,75 - 79,6,11
"4180",2012,14,80 - 84,6,8
"4180",2012,14,85 - 89,8,1
"4180",2012,14,90 - 94,3,1
"4180",2012,14,95+,0,2
"4180",2012,14,UNK,0,0
