Year          Age         mx       qx    ax      lx      dx      Lx       Tx     ex
 1981-1984        0      0.01270  0.01256  0.09  100000    1256   98856  7822701  78.23
1981-1984      1-4      0.00037  0.00150  1.63   98744     148  394627  7723846  78.22
1981-1984      5-9      0.00022  0.00111  2.35   98596     110  492692  7329218  74.34
1981-1984     10-14     0.00019  0.00097  2.73   98487      96  492215  6836527  69.42
1981-1984     15-19     0.00034  0.00171  2.57   98391     168  491545  6344311  64.48
1981-1984     20-24     0.00039  0.00197  2.44   98222     194  490617  5852767  59.59
1981-1984     25-29     0.00046  0.00229  2.59   98029     225  489602  5362150  54.70
1981-1984     30-34     0.00055  0.00276  2.58   97804     270  488365  4872548  49.82
1981-1984     35-39     0.00079  0.00392  2.57   97534     382  486743  4384183  44.95
1981-1984     40-44     0.00115  0.00575  2.65   97152     558  484450  3897440  40.12
1981-1984     45-49     0.00180  0.00896  2.69   96594     865  480972  3412990  35.33
1981-1984     50-54     0.00292  0.01450  2.65   95728    1388  475383  2932019  30.63
1981-1984     55-59     0.00481  0.02376  2.66   94340    2242  466465  2456635  26.04
1981-1984     60-64     0.00836  0.04104  2.73   92098    3780  451915  1990170  21.61
1981-1984     65-69     0.01480  0.07153  2.67   88318    6317  426887  1538255  17.42
1981-1984     70-74     0.02785  0.13096  2.73   82001   10739  385606  1111368  13.55
1981-1984     75-79     0.05259  0.23384  2.63   71262   16664  316846   725762  10.18
1981-1984     80-84     0.09192  0.37436  2.52   54598   20439  222355   408916   7.49
1981-1984     85-89     0.15168  0.54204  2.37   34158   18515  122068   186561   5.46
1981-1984     90-94     0.21491  0.66793  2.17   15643   10449   48619    64494   4.12
1981-1984     95-99     0.30907  0.80344  2.01    5195    4174   13504    15874   3.06
1981-1984    100-104    0.42020  0.89337  1.78    1021     912    2171     2371   2.32
1981-1984    105-109    0.54029  0.94528  1.56     109     103     190      200   1.84
1981-1984    110+       0.63784  1.00000  1.57       6       6       9        9   1.57
1985-1989        0      0.01032  0.01023  0.08  100000    1023   99061  7892321  78.92
1985-1989      1-4      0.00035  0.00140  1.67   98977     139  395585  7793259  78.74
1985-1989      5-9      0.00017  0.00085  2.39   98839      84  493975  7397674  74.85
1985-1989     10-14     0.00015  0.00077  2.47   98755      76  493583  6903699  69.91
1985-1989     15-19     0.00030  0.00151  2.69   98679     149  493051  6410116  64.96
1985-1989     20-24     0.00039  0.00196  2.51   98530     193  492169  5917065  60.05
1985-1989     25-29     0.00039  0.00197  2.57   98337     194  491214  5424896  55.17
1985-1989     30-34     0.00051  0.00257  2.63   98143     252  490120  4933682  50.27
1985-1989     35-39     0.00071  0.00354  2.58   97891     346  488619  4443562  45.39
1985-1989     40-44     0.00110  0.00551  2.67   97545     537  486472  3954943  40.54
1985-1989     45-49     0.00165  0.00821  2.64   97008     796  483162  3468472  35.75
1985-1989     50-54     0.00273  0.01358  2.67   96212    1306  478015  2985309  31.03
1985-1989     55-59     0.00437  0.02161  2.66   94905    2051  469737  2507294  26.42
1985-1989     60-64     0.00733  0.03605  2.70   92854    3348  456568  2037557  21.94
1985-1989     65-69     0.01394  0.06759  2.74   89507    6050  433855  1580988  17.66
1985-1989     70-74     0.02653  0.12493  2.67   83457   10426  393016  1147133  13.75
1985-1989     75-79     0.04984  0.22314  2.66   73031   16296  326963   754117  10.33
1985-1989     80-84     0.08967  0.36681  2.52   56735   20811  232071   427154   7.53
1985-1989     85-89     0.14924  0.53790  2.41   35924   19323  129479   195083   5.43
1985-1989     90-94     0.22675  0.68728  2.14   16600   11409   50316    65603   3.95
1985-1989     95-99     0.32180  0.81753  1.99    5191    4244   13188    15287   2.94
1985-1989    100-104    0.44154  0.90593  1.75     947     858    1944     2099   2.22
1985-1989    105-109    0.56893  0.95375  1.52      89      85     149      156   1.75
1985-1989    110+       0.67082  1.00000  1.49       4       4       6        6   1.49
1990-1994        0      0.00828  0.00822  0.08  100000     822   99241  7993794  79.94
1990-1994      1-4      0.00025  0.00099  1.74   99178      98  396491  7894554  79.60
1990-1994      5-9      0.00014  0.00071  2.44   99080      70  495220  7498063  75.68
1990-1994     10-14     0.00014  0.00070  2.57   99010      69  494880  7002842  70.73
1990-1994     15-19     0.00026  0.00132  2.78   98941     130  494412  6507962  65.78
1990-1994     20-24     0.00035  0.00173  2.52   98810     171  493627  6013550  60.86
1990-1994     25-29     0.00039  0.00197  2.54   98640     194  492720  5519923  55.96
1990-1994     30-34     0.00049  0.00246  2.66   98445     242  491659  5027203  51.07
1990-1994     35-39     0.00065  0.00327  2.60   98203     321  490242  4535545  46.19
1990-1994     40-44     0.00105  0.00526  2.68   97882     515  488212  4045302  41.33
1990-1994     45-49     0.00163  0.00813  2.65   97367     792  484978  3557090  36.53
1990-1994     50-54     0.00242  0.01205  2.66   96576    1164  480156  3072112  31.81
1990-1994     55-59     0.00388  0.01922  2.69   95412    1834  472814  2591955  27.17
1990-1994     60-64     0.00653  0.03219  2.71   93577    3012  461002  2119141  22.65
1990-1994     65-69     0.01163  0.05665  2.73   90565    5131  441167  1658140  18.31
1990-1994     70-74     0.02358  0.11186  2.72   85434    9557  405351  1216973  14.24
1990-1994     75-79     0.04577  0.20668  2.66   75878   15682  342664   811622  10.70
1990-1994     80-84     0.08330  0.34634  2.57   60195   20848  250289   468957   7.79
1990-1994     85-89     0.14239  0.52014  2.41   39347   20466  143729   218669   5.56
1990-1994     90-94     0.22331  0.68623  2.19   18881   12957   58022    74939   3.97
1990-1994     95-99     0.33236  0.82918  1.98    5924    4912   14780    16918   2.86
1990-1994    100-104    0.46444  0.91817  1.71    1012     929    2001     2137   2.11
1990-1994    105-109    0.60251  0.96219  1.46      83      80     132      137   1.65
1990-1994    110+       0.71030  1.00000  1.41       3       3       4        4   1.41
1995-1999        0      0.00634  0.00630  0.07  100000     630   99415  8075943  80.76
1995-1999      1-4      0.00025  0.00098  1.77   99370      98  397263  7976528  80.27
1995-1999      5-9      0.00013  0.00063  2.34   99272      63  496195  7579265  76.35
1995-1999     10-14     0.00015  0.00075  2.66   99209      75  495873  7083071  71.40
1995-1999     15-19     0.00027  0.00135  2.77   99135     134  495376  6587198  66.45
1995-1999     20-24     0.00032  0.00158  2.45   99001     156  494609  6091821  61.53
1995-1999     25-29     0.00037  0.00184  2.48   98845     182  493768  5597213  56.63
1995-1999     30-34     0.00047  0.00235  2.66   98663     232  492774  5103444  51.73
1995-1999     35-39     0.00066  0.00331  2.74   98432     326  491424  4610670  46.84
1995-1999     40-44     0.00103  0.00513  2.71   98106     504  489379  4119246  41.99
1995-1999     45-49     0.00158  0.00787  2.66   97602     768  486213  3629867  37.19
1995-1999     50-54     0.00237  0.01177  2.62   96834    1140  481463  3143654  32.46
1995-1999     55-59     0.00354  0.01757  2.67   95694    1681  474552  2662191  27.82
1995-1999     60-64     0.00576  0.02840  2.67   94013    2670  463836  2187640  23.27
1995-1999     65-69     0.01066  0.05207  2.75   91343    4756  446033  1723803  18.87
1995-1999     70-74     0.02077  0.09911  2.70   86587    8581  413220  1277770  14.76
1995-1999     75-79     0.04133  0.18879  2.71   78005   14727  356299   864550  11.08
1995-1999     80-84     0.07836  0.32911  2.57   63278   20826  265782   508251   8.03
1995-1999     85-89     0.13615  0.50496  2.44   42453   21437  157453   242469   5.71
1995-1999     90-94     0.21745  0.67674  2.21   21016   14222   65404    85016   4.05
1995-1999     95-99     0.32792  0.82535  1.99    6794    5607   17099    19612   2.89
1995-1999    100-104    0.46287  0.91776  1.71    1187    1089    2353     2513   2.12
1995-1999    105-109    0.60434  0.96274  1.46      98      94     155      161   1.65
1995-1999    110+       0.71456  1.00000  1.40       4       4       5        5   1.40
2000-2004        0      0.00418  0.00416  0.06  100000     416   99611  8178015  81.78
2000-2004      1-4      0.00017  0.00066  1.69   99584      66  398185  8078404  81.12
2000-2004      5-9      0.00011  0.00054  2.42   99518      53  497453  7680220  77.17
2000-2004     10-14     0.00010  0.00052  2.58   99465      52  497199  7182766  72.21
2000-2004     15-19     0.00024  0.00118  2.66   99413     118  496791  6685567  67.25
2000-2004     20-24     0.00028  0.00141  2.54   99296     140  496133  6188776  62.33
2000-2004     25-29     0.00030  0.00150  2.63   99155     149  495424  5692643  57.41
2000-2004     30-34     0.00040  0.00199  2.71   99006     197  494581  5197219  52.49
2000-2004     35-39     0.00059  0.00294  2.65   98810     291  493365  4702637  47.59
2000-2004     40-44     0.00092  0.00458  2.74   98519     451  491574  4209273  42.73
2000-2004     45-49     0.00152  0.00758  2.66   98067     743  488595  3717699  37.91
2000-2004     50-54     0.00224  0.01115  2.66   97324    1086  484075  3229104  33.18
2000-2004     55-59     0.00337  0.01671  2.60   96238    1608  477339  2745029  28.52
2000-2004     60-64     0.00517  0.02554  2.69   94630    2417  467579  2267690  23.96
2000-2004     65-69     0.00919  0.04500  2.73   92213    4149  451652  1800111  19.52
2000-2004     70-74     0.01808  0.08684  2.74   88064    7647  423058  1348459  15.31
2000-2004     75-79     0.03704  0.17066  2.70   80417   13724  370557   925401  11.51
2000-2004     80-84     0.07191  0.30710  2.62   66693   20481  284817   554843   8.32
2000-2004     85-89     0.13050  0.48992  2.46   46211   22640  173485   270026   5.84
2000-2004     90-94     0.21271  0.66949  2.23   23572   15781   74191    96542   4.10
2000-2004     95-99     0.32964  0.82797  1.99    7791    6450   19568    22351   2.87
2000-2004    100-104    0.47257  0.92278  1.70    1340    1237    2617     2783   2.08
2000-2004    105-109    0.62125  0.96643  1.44     103     100     161      166   1.60
2000-2004    110+       0.73520  1.00000  1.36       3       3       5        5   1.36
2005-2009        0      0.00324  0.00323  0.06  100000     323   99697  8274616  82.75
2005-2009      1-4      0.00018  0.00071  1.54   99677      71  398533  8174919  82.01
2005-2009      5-9      0.00010  0.00050  2.35   99606      50  497897  7776386  78.07
2005-2009     10-14     0.00010  0.00050  2.57   99556      50  497658  7278489  73.11
2005-2009     15-19     0.00018  0.00091  2.86   99506      91  497336  6780830  68.14
2005-2009     20-24     0.00026  0.00129  2.63   99415     128  496773  6283495  63.20
2005-2009     25-29     0.00032  0.00157  2.50   99288     156  496047  5786722  58.28
2005-2009     30-34     0.00039  0.00193  2.63   99131     192  495202  5290675  53.37
2005-2009     35-39     0.00054  0.00269  2.71   98939     266  494088  4795473  48.47
2005-2009     40-44     0.00086  0.00430  2.66   98674     425  492374  4301385  43.59
2005-2009     45-49     0.00142  0.00708  2.66   98249     696  489614  3809011  38.77
2005-2009     50-54     0.00223  0.01110  2.65   97553    1083  485225  3319397  34.03
2005-2009     55-59     0.00324  0.01608  2.66   96470    1551  478728  2834172  29.38
2005-2009     60-64     0.00485  0.02395  2.61   94919    2273  469157  2355444  24.82
2005-2009     65-69     0.00776  0.03813  2.72   92645    3533  455182  1886287  20.36
2005-2009     70-74     0.01486  0.07192  2.76   89113    6409  431195  1431104  16.06
2005-2009     75-79     0.03153  0.14720  2.75   82703   12174  386086   999909  12.09
2005-2009     80-84     0.06563  0.28387  2.62   70529   20021  305059   613823   8.70
2005-2009     85-89     0.12095  0.46413  2.50   50508   23443  193823   308765   6.11
2005-2009     90-94     0.20314  0.65304  2.27   27066   17675   87007   114942   4.25
2005-2009     95-99     0.31578  0.81448  2.03    9391    7648   24221    27935   2.97
2005-2009    100-104    0.45924  0.91700  1.72    1742    1598    3479     3714   2.13
2005-2009    105-109    0.61082  0.96453  1.45     145     139     228      235   1.63
2005-2009    110+       0.72800  1.00000  1.37       5       5       7        7   1.37
2010-2013        0      0.00309  0.00308  0.06  100000     308   99711  8334358  83.34
2010-2013      1-4      0.00016  0.00062  1.75   99692      62  398628  8234647  82.60
2010-2013      5-9      0.00009  0.00043  2.33   99630      43  498035  7836019  78.65
2010-2013     10-14     0.00010  0.00051  2.64   99587      51  497816  7337983  73.68
2010-2013     15-19     0.00018  0.00091  2.56   99536      90  497461  6840167  68.72
2010-2013     20-24     0.00025  0.00125  2.55   99446     125  496924  6342706  63.78
2010-2013     25-29     0.00024  0.00121  2.60   99321     120  496319  5845782  58.86
2010-2013     30-34     0.00037  0.00184  2.59   99202     182  495570  5349462  53.93
2010-2013     35-39     0.00052  0.00260  2.68   99019     258  494498  4853893  49.02
2010-2013     40-44     0.00083  0.00413  2.82   98762     408  492922  4359394  44.14
2010-2013     45-49     0.00138  0.00687  2.68   98354     676  490201  3866472  39.31
2010-2013     50-54     0.00219  0.01090  2.64   97678    1065  485885  3376271  34.57
2010-2013     55-59     0.00333  0.01650  2.64   96614    1595  479310  2890387  29.92
2010-2013     60-64     0.00476  0.02352  2.67   95019    2235  469889  2411076  25.37
2010-2013     65-69     0.00748  0.03672  2.62   92784    3407  455798  1941187  20.92
2010-2013     70-74     0.01295  0.06291  2.73   89377    5623  434110  1485389  16.62
2010-2013     75-79     0.02711  0.12779  2.76   83754   10703  394747  1051278  12.55
2010-2013     80-84     0.06048  0.26539  2.69   73052   19387  320547   656531   8.99
2010-2013     85-89     0.11673  0.45129  2.49   53665   24218  207469   335984   6.26
2010-2013     90-94     0.19448  0.63530  2.27   29446   18707   96191   128515   4.36
2010-2013     95-99     0.31107  0.81008  2.04   10739    8700   27967    32324   3.01
2010-2013    100-104    0.45802  0.91682  1.73    2040    1870    4083     4357   2.14
2010-2013    105-109    0.61378  0.96530  1.45     170     164     267      275   1.62
2010-2013    110+       0.73374  1.00000  1.36       6       6       8        8   1.36
