"","Year","Cause","Age","Female","Male"
"4070",1996,1,Total,24895,24266
"4070",1996,1,0,102,136
"4070",1996,1,1,4,8
"4070",1996,1,2,14,6
"4070",1996,1,3,5,5
"4070",1996,1,4,6,3
"4070",1996,1,5 - 9,23,28
"4070",1996,1,10 - 14,21,44
"4070",1996,1,15 - 19,41,102
"4070",1996,1,20 - 24,47,183
"4070",1996,1,25 - 29,48,236
"4070",1996,1,30 - 34,100,302
"4070",1996,1,35 - 39,158,454
"4070",1996,1,40 - 44,283,718
"4070",1996,1,45 - 49,420,1122
"4070",1996,1,50 - 54,441,1106
"4070",1996,1,55 - 59,589,1485
"4070",1996,1,60 - 64,801,1868
"4070",1996,1,65 - 69,1509,2958
"4070",1996,1,70 - 74,2536,3439
"4070",1996,1,75 - 79,3659,3377
"4070",1996,1,80 - 84,5220,3259
"4070",1996,1,85 - 89,5228,2297
"4070",1996,1,90 - 94,2794,917
"4070",1996,1,95+,846,213
"4070",1996,1,UNK,0,0
"4070",1996,2,Total,220,218
"4070",1996,2,0,1,4
"4070",1996,2,1,0,0
"4070",1996,2,2,0,0
"4070",1996,2,3,0,0
"4070",1996,2,4,0,0
"4070",1996,2,5 - 9,0,0
"4070",1996,2,10 - 14,0,2
"4070",1996,2,15 - 19,3,1
"4070",1996,2,20 - 24,1,0
"4070",1996,2,25 - 29,1,1
"4070",1996,2,30 - 34,3,13
"4070",1996,2,35 - 39,4,5
"4070",1996,2,40 - 44,3,9
"4070",1996,2,45 - 49,2,14
"4070",1996,2,50 - 54,4,7
"4070",1996,2,55 - 59,4,14
"4070",1996,2,60 - 64,4,14
"4070",1996,2,65 - 69,14,27
"4070",1996,2,70 - 74,24,24
"4070",1996,2,75 - 79,30,24
"4070",1996,2,80 - 84,45,26
"4070",1996,2,85 - 89,36,19
"4070",1996,2,90 - 94,30,10
"4070",1996,2,95+,11,4
"4070",1996,2,UNK,0,0
"4070",1996,3,Total,4849,5460
"4070",1996,3,0,0,1
"4070",1996,3,1,0,2
"4070",1996,3,2,2,3
"4070",1996,3,3,1,1
"4070",1996,3,4,2,0
"4070",1996,3,5 - 9,7,2
"4070",1996,3,10 - 14,5,7
"4070",1996,3,15 - 19,4,5
"4070",1996,3,20 - 24,6,10
"4070",1996,3,25 - 29,4,14
"4070",1996,3,30 - 34,21,28
"4070",1996,3,35 - 39,37,29
"4070",1996,3,40 - 44,89,91
"4070",1996,3,45 - 49,190,172
"4070",1996,3,50 - 54,198,247
"4070",1996,3,55 - 59,271,389
"4070",1996,3,60 - 64,360,536
"4070",1996,3,65 - 69,566,845
"4070",1996,3,70 - 74,757,973
"4070",1996,3,75 - 79,723,886
"4070",1996,3,80 - 84,780,663
"4070",1996,3,85 - 89,564,408
"4070",1996,3,90 - 94,211,128
"4070",1996,3,95+,51,20
"4070",1996,3,UNK,0,0
"4070",1996,4,Total,11728,10315
"4070",1996,4,0,2,2
"4070",1996,4,1,1,0
"4070",1996,4,2,0,1
"4070",1996,4,3,1,0
"4070",1996,4,4,0,1
"4070",1996,4,5 - 9,1,3
"4070",1996,4,10 - 14,1,3
"4070",1996,4,15 - 19,0,1
"4070",1996,4,20 - 24,6,7
"4070",1996,4,25 - 29,2,16
"4070",1996,4,30 - 34,5,23
"4070",1996,4,35 - 39,12,67
"4070",1996,4,40 - 44,42,141
"4070",1996,4,45 - 49,68,335
"4070",1996,4,50 - 54,84,380
"4070",1996,4,55 - 59,146,606
"4070",1996,4,60 - 64,232,856
"4070",1996,4,65 - 69,586,1428
"4070",1996,4,70 - 74,1186,1678
"4070",1996,4,75 - 79,1934,1625
"4070",1996,4,80 - 84,2796,1606
"4070",1996,4,85 - 89,2789,1035
"4070",1996,4,90 - 94,1420,405
"4070",1996,4,95+,414,96
"4070",1996,4,UNK,0,0
"4070",1996,5,Total,83,103
"4070",1996,5,0,7,10
"4070",1996,5,1,0,0
"4070",1996,5,2,0,0
"4070",1996,5,3,0,0
"4070",1996,5,4,0,0
"4070",1996,5,5 - 9,0,0
"4070",1996,5,10 - 14,0,1
"4070",1996,5,15 - 19,0,1
"4070",1996,5,20 - 24,1,1
"4070",1996,5,25 - 29,0,3
"4070",1996,5,30 - 34,1,6
"4070",1996,5,35 - 39,3,7
"4070",1996,5,40 - 44,5,12
"4070",1996,5,45 - 49,4,13
"4070",1996,5,50 - 54,4,9
"4070",1996,5,55 - 59,3,8
"4070",1996,5,60 - 64,3,8
"4070",1996,5,65 - 69,3,4
"4070",1996,5,70 - 74,3,6
"4070",1996,5,75 - 79,3,1
"4070",1996,5,80 - 84,5,1
"4070",1996,5,85 - 89,7,7
"4070",1996,5,90 - 94,14,1
"4070",1996,5,95+,17,4
"4070",1996,5,UNK,0,0
"4070",1996,6,Total,1840,838
"4070",1996,6,0,0,0
"4070",1996,6,1,0,0
"4070",1996,6,2,0,0
"4070",1996,6,3,0,0
"4070",1996,6,4,0,0
"4070",1996,6,5 - 9,0,0
"4070",1996,6,10 - 14,0,0
"4070",1996,6,15 - 19,0,1
"4070",1996,6,20 - 24,1,3
"4070",1996,6,25 - 29,0,8
"4070",1996,6,30 - 34,2,10
"4070",1996,6,35 - 39,3,26
"4070",1996,6,40 - 44,9,37
"4070",1996,6,45 - 49,6,43
"4070",1996,6,50 - 54,8,20
"4070",1996,6,55 - 59,1,29
"4070",1996,6,60 - 64,6,16
"4070",1996,6,65 - 69,14,36
"4070",1996,6,70 - 74,53,47
"4070",1996,6,75 - 79,158,111
"4070",1996,6,80 - 84,434,181
"4070",1996,6,85 - 89,610,171
"4070",1996,6,90 - 94,416,82
"4070",1996,6,95+,119,17
"4070",1996,6,UNK,0,0
"4070",1996,7,Total,748,521
"4070",1996,7,0,2,3
"4070",1996,7,1,0,2
"4070",1996,7,2,0,0
"4070",1996,7,3,0,0
"4070",1996,7,4,1,0
"4070",1996,7,5 - 9,1,1
"4070",1996,7,10 - 14,0,3
"4070",1996,7,15 - 19,2,1
"4070",1996,7,20 - 24,0,4
"4070",1996,7,25 - 29,0,8
"4070",1996,7,30 - 34,7,4
"4070",1996,7,35 - 39,11,13
"4070",1996,7,40 - 44,10,9
"4070",1996,7,45 - 49,13,20
"4070",1996,7,50 - 54,12,16
"4070",1996,7,55 - 59,29,25
"4070",1996,7,60 - 64,38,27
"4070",1996,7,65 - 69,59,70
"4070",1996,7,70 - 74,91,81
"4070",1996,7,75 - 79,124,85
"4070",1996,7,80 - 84,146,81
"4070",1996,7,85 - 89,127,48
"4070",1996,7,90 - 94,63,18
"4070",1996,7,95+,12,2
"4070",1996,7,UNK,0,0
"4070",1996,8,Total,408,262
"4070",1996,8,0,3,1
"4070",1996,8,1,0,0
"4070",1996,8,2,0,0
"4070",1996,8,3,1,0
"4070",1996,8,4,0,1
"4070",1996,8,5 - 9,3,2
"4070",1996,8,10 - 14,3,3
"4070",1996,8,15 - 19,0,3
"4070",1996,8,20 - 24,1,4
"4070",1996,8,25 - 29,4,1
"4070",1996,8,30 - 34,3,4
"4070",1996,8,35 - 39,9,11
"4070",1996,8,40 - 44,8,9
"4070",1996,8,45 - 49,8,19
"4070",1996,8,50 - 54,10,18
"4070",1996,8,55 - 59,5,16
"4070",1996,8,60 - 64,13,20
"4070",1996,8,65 - 69,36,36
"4070",1996,8,70 - 74,56,45
"4070",1996,8,75 - 79,78,32
"4070",1996,8,80 - 84,90,13
"4070",1996,8,85 - 89,55,16
"4070",1996,8,90 - 94,16,8
"4070",1996,8,95+,6,0
"4070",1996,8,UNK,0,0
"4070",1996,9,Total,968,1024
"4070",1996,9,0,1,0
"4070",1996,9,1,0,0
"4070",1996,9,2,0,0
"4070",1996,9,3,0,0
"4070",1996,9,4,0,0
"4070",1996,9,5 - 9,0,0
"4070",1996,9,10 - 14,0,0
"4070",1996,9,15 - 19,0,1
"4070",1996,9,20 - 24,1,1
"4070",1996,9,25 - 29,1,4
"4070",1996,9,30 - 34,2,12
"4070",1996,9,35 - 39,13,35
"4070",1996,9,40 - 44,25,67
"4070",1996,9,45 - 49,23,106
"4070",1996,9,50 - 54,32,108
"4070",1996,9,55 - 59,25,111
"4070",1996,9,60 - 64,30,100
"4070",1996,9,65 - 69,56,94
"4070",1996,9,70 - 74,67,75
"4070",1996,9,75 - 79,121,94
"4070",1996,9,80 - 84,224,93
"4070",1996,9,85 - 89,205,84
"4070",1996,9,90 - 94,116,31
"4070",1996,9,95+,26,8
"4070",1996,9,UNK,0,0
"4070",1996,10,Total,365,200
"4070",1996,10,0,0,0
"4070",1996,10,1,0,1
"4070",1996,10,2,0,0
"4070",1996,10,3,0,0
"4070",1996,10,4,0,0
"4070",1996,10,5 - 9,0,0
"4070",1996,10,10 - 14,0,0
"4070",1996,10,15 - 19,0,0
"4070",1996,10,20 - 24,0,1
"4070",1996,10,25 - 29,0,0
"4070",1996,10,30 - 34,0,0
"4070",1996,10,35 - 39,1,1
"4070",1996,10,40 - 44,3,2
"4070",1996,10,45 - 49,1,2
"4070",1996,10,50 - 54,2,4
"4070",1996,10,55 - 59,4,4
"4070",1996,10,60 - 64,8,5
"4070",1996,10,65 - 69,6,12
"4070",1996,10,70 - 74,32,34
"4070",1996,10,75 - 79,59,30
"4070",1996,10,80 - 84,69,36
"4070",1996,10,85 - 89,102,35
"4070",1996,10,90 - 94,59,31
"4070",1996,10,95+,19,2
"4070",1996,10,UNK,0,0
"4070",1996,11,Total,144,160
"4070",1996,11,0,81,110
"4070",1996,11,1,1,1
"4070",1996,11,2,5,1
"4070",1996,11,3,0,2
"4070",1996,11,4,1,0
"4070",1996,11,5 - 9,4,2
"4070",1996,11,10 - 14,1,3
"4070",1996,11,15 - 19,1,5
"4070",1996,11,20 - 24,2,2
"4070",1996,11,25 - 29,2,4
"4070",1996,11,30 - 34,3,5
"4070",1996,11,35 - 39,3,3
"4070",1996,11,40 - 44,5,2
"4070",1996,11,45 - 49,3,0
"4070",1996,11,50 - 54,2,3
"4070",1996,11,55 - 59,6,1
"4070",1996,11,60 - 64,5,3
"4070",1996,11,65 - 69,4,3
"4070",1996,11,70 - 74,8,3
"4070",1996,11,75 - 79,3,4
"4070",1996,11,80 - 84,2,1
"4070",1996,11,85 - 89,1,2
"4070",1996,11,90 - 94,0,0
"4070",1996,11,95+,1,0
"4070",1996,11,UNK,0,0
"4070",1996,12,Total,2034,2180
"4070",1996,12,0,1,0
"4070",1996,12,1,1,2
"4070",1996,12,2,0,0
"4070",1996,12,3,0,1
"4070",1996,12,4,0,0
"4070",1996,12,5 - 9,0,1
"4070",1996,12,10 - 14,1,3
"4070",1996,12,15 - 19,3,0
"4070",1996,12,20 - 24,2,2
"4070",1996,12,25 - 29,2,2
"4070",1996,12,30 - 34,1,1
"4070",1996,12,35 - 39,1,9
"4070",1996,12,40 - 44,14,15
"4070",1996,12,45 - 49,10,31
"4070",1996,12,50 - 54,11,33
"4070",1996,12,55 - 59,21,56
"4070",1996,12,60 - 64,32,105
"4070",1996,12,65 - 69,63,192
"4070",1996,12,70 - 74,138,318
"4070",1996,12,75 - 79,277,389
"4070",1996,12,80 - 84,447,448
"4070",1996,12,85 - 89,536,361
"4070",1996,12,90 - 94,342,162
"4070",1996,12,95+,131,49
"4070",1996,12,UNK,0,0
"4070",1996,13,Total,1186,2772
"4070",1996,13,0,1,3
"4070",1996,13,1,1,0
"4070",1996,13,2,7,1
"4070",1996,13,3,2,1
"4070",1996,13,4,1,1
"4070",1996,13,5 - 9,7,16
"4070",1996,13,10 - 14,8,18
"4070",1996,13,15 - 19,25,83
"4070",1996,13,20 - 24,21,134
"4070",1996,13,25 - 29,28,157
"4070",1996,13,30 - 34,46,177
"4070",1996,13,35 - 39,54,224
"4070",1996,13,40 - 44,63,308
"4070",1996,13,45 - 49,84,351
"4070",1996,13,50 - 54,64,253
"4070",1996,13,55 - 59,61,213
"4070",1996,13,60 - 64,60,164
"4070",1996,13,65 - 69,62,196
"4070",1996,13,70 - 74,86,141
"4070",1996,13,75 - 79,103,85
"4070",1996,13,80 - 84,125,104
"4070",1996,13,85 - 89,156,97
"4070",1996,13,90 - 94,89,36
"4070",1996,13,95+,32,9
"4070",1996,13,UNK,0,0
"4070",1996,14,Total,51,118
"4070",1996,14,0,3,2
"4070",1996,14,1,0,0
"4070",1996,14,2,0,0
"4070",1996,14,3,0,0
"4070",1996,14,4,1,0
"4070",1996,14,5 - 9,0,1
"4070",1996,14,10 - 14,1,1
"4070",1996,14,15 - 19,2,0
"4070",1996,14,20 - 24,3,14
"4070",1996,14,25 - 29,4,18
"4070",1996,14,30 - 34,5,18
"4070",1996,14,35 - 39,4,21
"4070",1996,14,40 - 44,3,13
"4070",1996,14,45 - 49,7,14
"4070",1996,14,50 - 54,6,7
"4070",1996,14,55 - 59,5,2
"4070",1996,14,60 - 64,2,5
"4070",1996,14,65 - 69,3,1
"4070",1996,14,70 - 74,1,1
"4070",1996,14,75 - 79,1,0
"4070",1996,14,80 - 84,0,0
"4070",1996,14,85 - 89,0,0
"4070",1996,14,90 - 94,0,0
"4070",1996,14,95+,0,0
"4070",1996,14,UNK,0,0
"4070",1997,1,Total,25169,23974
"4070",1997,1,0,103,130
"4070",1997,1,1,7,10
"4070",1997,1,2,10,10
"4070",1997,1,3,7,7
"4070",1997,1,4,3,6
"4070",1997,1,5 - 9,24,42
"4070",1997,1,10 - 14,25,30
"4070",1997,1,15 - 19,42,102
"4070",1997,1,20 - 24,44,183
"4070",1997,1,25 - 29,61,205
"4070",1997,1,30 - 34,104,256
"4070",1997,1,35 - 39,147,441
"4070",1997,1,40 - 44,291,688
"4070",1997,1,45 - 49,459,1041
"4070",1997,1,50 - 54,517,1292
"4070",1997,1,55 - 59,583,1470
"4070",1997,1,60 - 64,857,1788
"4070",1997,1,65 - 69,1493,2798
"4070",1997,1,70 - 74,2499,3445
"4070",1997,1,75 - 79,3727,3325
"4070",1997,1,80 - 84,5034,3151
"4070",1997,1,85 - 89,5320,2482
"4070",1997,1,90 - 94,2957,867
"4070",1997,1,95+,855,205
"4070",1997,1,UNK,0,0
"4070",1997,2,Total,201,156
"4070",1997,2,0,0,3
"4070",1997,2,1,1,0
"4070",1997,2,2,1,2
"4070",1997,2,3,0,0
"4070",1997,2,4,0,1
"4070",1997,2,5 - 9,0,1
"4070",1997,2,10 - 14,0,0
"4070",1997,2,15 - 19,0,0
"4070",1997,2,20 - 24,1,3
"4070",1997,2,25 - 29,1,1
"4070",1997,2,30 - 34,1,3
"4070",1997,2,35 - 39,3,5
"4070",1997,2,40 - 44,3,6
"4070",1997,2,45 - 49,2,5
"4070",1997,2,50 - 54,5,10
"4070",1997,2,55 - 59,0,10
"4070",1997,2,60 - 64,10,7
"4070",1997,2,65 - 69,17,20
"4070",1997,2,70 - 74,30,23
"4070",1997,2,75 - 79,32,15
"4070",1997,2,80 - 84,38,17
"4070",1997,2,85 - 89,36,14
"4070",1997,2,90 - 94,14,8
"4070",1997,2,95+,6,2
"4070",1997,2,UNK,0,0
"4070",1997,3,Total,5144,5271
"4070",1997,3,0,1,2
"4070",1997,3,1,1,1
"4070",1997,3,2,1,2
"4070",1997,3,3,0,0
"4070",1997,3,4,1,2
"4070",1997,3,5 - 9,9,6
"4070",1997,3,10 - 14,4,2
"4070",1997,3,15 - 19,4,9
"4070",1997,3,20 - 24,7,8
"4070",1997,3,25 - 29,14,8
"4070",1997,3,30 - 34,19,21
"4070",1997,3,35 - 39,55,32
"4070",1997,3,40 - 44,101,73
"4070",1997,3,45 - 49,180,166
"4070",1997,3,50 - 54,233,263
"4070",1997,3,55 - 59,285,381
"4070",1997,3,60 - 64,391,514
"4070",1997,3,65 - 69,587,787
"4070",1997,3,70 - 74,806,1027
"4070",1997,3,75 - 79,830,778
"4070",1997,3,80 - 84,772,663
"4070",1997,3,85 - 89,578,409
"4070",1997,3,90 - 94,224,99
"4070",1997,3,95+,41,18
"4070",1997,3,UNK,0,0
"4070",1997,4,Total,11540,10134
"4070",1997,4,0,0,0
"4070",1997,4,1,0,0
"4070",1997,4,2,0,1
"4070",1997,4,3,1,0
"4070",1997,4,4,0,0
"4070",1997,4,5 - 9,0,1
"4070",1997,4,10 - 14,1,6
"4070",1997,4,15 - 19,3,1
"4070",1997,4,20 - 24,6,3
"4070",1997,4,25 - 29,2,9
"4070",1997,4,30 - 34,13,19
"4070",1997,4,35 - 39,19,57
"4070",1997,4,40 - 44,49,147
"4070",1997,4,45 - 49,82,280
"4070",1997,4,50 - 54,73,422
"4070",1997,4,55 - 59,117,607
"4070",1997,4,60 - 64,237,776
"4070",1997,4,65 - 69,546,1335
"4070",1997,4,70 - 74,1080,1589
"4070",1997,4,75 - 79,1870,1616
"4070",1997,4,80 - 84,2674,1579
"4070",1997,4,85 - 89,2805,1183
"4070",1997,4,90 - 94,1542,411
"4070",1997,4,95+,420,92
"4070",1997,4,UNK,0,0
"4070",1997,5,Total,83,107
"4070",1997,5,0,8,15
"4070",1997,5,1,0,0
"4070",1997,5,2,0,0
"4070",1997,5,3,0,0
"4070",1997,5,4,0,0
"4070",1997,5,5 - 9,0,0
"4070",1997,5,10 - 14,0,0
"4070",1997,5,15 - 19,1,2
"4070",1997,5,20 - 24,0,4
"4070",1997,5,25 - 29,0,3
"4070",1997,5,30 - 34,2,4
"4070",1997,5,35 - 39,3,8
"4070",1997,5,40 - 44,2,5
"4070",1997,5,45 - 49,3,11
"4070",1997,5,50 - 54,8,13
"4070",1997,5,55 - 59,6,5
"4070",1997,5,60 - 64,2,10
"4070",1997,5,65 - 69,5,10
"4070",1997,5,70 - 74,5,6
"4070",1997,5,75 - 79,4,2
"4070",1997,5,80 - 84,6,1
"4070",1997,5,85 - 89,10,6
"4070",1997,5,90 - 94,7,2
"4070",1997,5,95+,11,0
"4070",1997,5,UNK,0,0
"4070",1997,6,Total,2029,862
"4070",1997,6,0,0,0
"4070",1997,6,1,0,0
"4070",1997,6,2,0,0
"4070",1997,6,3,0,0
"4070",1997,6,4,0,0
"4070",1997,6,5 - 9,0,0
"4070",1997,6,10 - 14,0,0
"4070",1997,6,15 - 19,1,0
"4070",1997,6,20 - 24,0,4
"4070",1997,6,25 - 29,2,7
"4070",1997,6,30 - 34,2,5
"4070",1997,6,35 - 39,0,24
"4070",1997,6,40 - 44,4,31
"4070",1997,6,45 - 49,6,42
"4070",1997,6,50 - 54,8,28
"4070",1997,6,55 - 59,14,22
"4070",1997,6,60 - 64,6,20
"4070",1997,6,65 - 69,17,39
"4070",1997,6,70 - 74,60,70
"4070",1997,6,75 - 79,166,123
"4070",1997,6,80 - 84,446,147
"4070",1997,6,85 - 89,689,198
"4070",1997,6,90 - 94,462,78
"4070",1997,6,95+,146,24
"4070",1997,6,UNK,0,0
"4070",1997,7,Total,853,599
"4070",1997,7,0,1,5
"4070",1997,7,1,0,1
"4070",1997,7,2,0,0
"4070",1997,7,3,0,1
"4070",1997,7,4,1,0
"4070",1997,7,5 - 9,1,4
"4070",1997,7,10 - 14,1,3
"4070",1997,7,15 - 19,4,6
"4070",1997,7,20 - 24,2,4
"4070",1997,7,25 - 29,3,3
"4070",1997,7,30 - 34,4,0
"4070",1997,7,35 - 39,5,13
"4070",1997,7,40 - 44,12,19
"4070",1997,7,45 - 49,18,19
"4070",1997,7,50 - 54,17,21
"4070",1997,7,55 - 59,21,26
"4070",1997,7,60 - 64,34,38
"4070",1997,7,65 - 69,74,68
"4070",1997,7,70 - 74,118,93
"4070",1997,7,75 - 79,139,112
"4070",1997,7,80 - 84,174,94
"4070",1997,7,85 - 89,146,55
"4070",1997,7,90 - 94,66,12
"4070",1997,7,95+,12,2
"4070",1997,7,UNK,0,0
"4070",1997,8,Total,378,266
"4070",1997,8,0,6,1
"4070",1997,8,1,0,0
"4070",1997,8,2,2,0
"4070",1997,8,3,0,0
"4070",1997,8,4,0,1
"4070",1997,8,5 - 9,1,2
"4070",1997,8,10 - 14,0,4
"4070",1997,8,15 - 19,1,0
"4070",1997,8,20 - 24,1,4
"4070",1997,8,25 - 29,3,4
"4070",1997,8,30 - 34,5,5
"4070",1997,8,35 - 39,4,11
"4070",1997,8,40 - 44,8,11
"4070",1997,8,45 - 49,12,21
"4070",1997,8,50 - 54,13,25
"4070",1997,8,55 - 59,10,13
"4070",1997,8,60 - 64,8,20
"4070",1997,8,65 - 69,23,30
"4070",1997,8,70 - 74,42,28
"4070",1997,8,75 - 79,78,36
"4070",1997,8,80 - 84,68,18
"4070",1997,8,85 - 89,61,25
"4070",1997,8,90 - 94,28,4
"4070",1997,8,95+,4,3
"4070",1997,8,UNK,0,0
"4070",1997,9,Total,978,1040
"4070",1997,9,0,0,0
"4070",1997,9,1,0,0
"4070",1997,9,2,0,0
"4070",1997,9,3,0,2
"4070",1997,9,4,0,0
"4070",1997,9,5 - 9,0,1
"4070",1997,9,10 - 14,1,0
"4070",1997,9,15 - 19,0,0
"4070",1997,9,20 - 24,0,1
"4070",1997,9,25 - 29,2,3
"4070",1997,9,30 - 34,3,9
"4070",1997,9,35 - 39,7,34
"4070",1997,9,40 - 44,16,79
"4070",1997,9,45 - 49,37,105
"4070",1997,9,50 - 54,39,125
"4070",1997,9,55 - 59,28,103
"4070",1997,9,60 - 64,43,93
"4070",1997,9,65 - 69,47,94
"4070",1997,9,70 - 74,73,94
"4070",1997,9,75 - 79,130,86
"4070",1997,9,80 - 84,196,99
"4070",1997,9,85 - 89,206,78
"4070",1997,9,90 - 94,119,25
"4070",1997,9,95+,31,9
"4070",1997,9,UNK,0,0
"4070",1997,10,Total,385,188
"4070",1997,10,0,0,0
"4070",1997,10,1,0,0
"4070",1997,10,2,0,0
"4070",1997,10,3,0,0
"4070",1997,10,4,0,0
"4070",1997,10,5 - 9,0,0
"4070",1997,10,10 - 14,1,0
"4070",1997,10,15 - 19,0,0
"4070",1997,10,20 - 24,0,1
"4070",1997,10,25 - 29,0,0
"4070",1997,10,30 - 34,0,0
"4070",1997,10,35 - 39,0,1
"4070",1997,10,40 - 44,1,2
"4070",1997,10,45 - 49,2,3
"4070",1997,10,50 - 54,3,5
"4070",1997,10,55 - 59,5,4
"4070",1997,10,60 - 64,4,1
"4070",1997,10,65 - 69,8,14
"4070",1997,10,70 - 74,24,21
"4070",1997,10,75 - 79,48,32
"4070",1997,10,80 - 84,85,41
"4070",1997,10,85 - 89,114,40
"4070",1997,10,90 - 94,73,18
"4070",1997,10,95+,17,5
"4070",1997,10,UNK,0,0
"4070",1997,11,Total,140,147
"4070",1997,11,0,82,100
"4070",1997,11,1,3,4
"4070",1997,11,2,2,2
"4070",1997,11,3,3,0
"4070",1997,11,4,0,0
"4070",1997,11,5 - 9,3,4
"4070",1997,11,10 - 14,5,2
"4070",1997,11,15 - 19,2,1
"4070",1997,11,20 - 24,3,4
"4070",1997,11,25 - 29,3,2
"4070",1997,11,30 - 34,4,3
"4070",1997,11,35 - 39,1,2
"4070",1997,11,40 - 44,3,3
"4070",1997,11,45 - 49,2,3
"4070",1997,11,50 - 54,5,4
"4070",1997,11,55 - 59,2,3
"4070",1997,11,60 - 64,4,2
"4070",1997,11,65 - 69,1,2
"4070",1997,11,70 - 74,1,2
"4070",1997,11,75 - 79,4,2
"4070",1997,11,80 - 84,6,1
"4070",1997,11,85 - 89,1,1
"4070",1997,11,90 - 94,0,0
"4070",1997,11,95+,0,0
"4070",1997,11,UNK,0,0
"4070",1997,12,Total,1887,2112
"4070",1997,12,0,2,1
"4070",1997,12,1,2,1
"4070",1997,12,2,0,1
"4070",1997,12,3,0,1
"4070",1997,12,4,0,0
"4070",1997,12,5 - 9,0,1
"4070",1997,12,10 - 14,1,0
"4070",1997,12,15 - 19,2,1
"4070",1997,12,20 - 24,1,3
"4070",1997,12,25 - 29,1,3
"4070",1997,12,30 - 34,3,6
"4070",1997,12,35 - 39,1,9
"4070",1997,12,40 - 44,10,21
"4070",1997,12,45 - 49,15,28
"4070",1997,12,50 - 54,16,51
"4070",1997,12,55 - 59,30,59
"4070",1997,12,60 - 64,43,87
"4070",1997,12,65 - 69,82,192
"4070",1997,12,70 - 74,153,325
"4070",1997,12,75 - 79,239,374
"4070",1997,12,80 - 84,376,372
"4070",1997,12,85 - 89,468,373
"4070",1997,12,90 - 94,312,163
"4070",1997,12,95+,130,40
"4070",1997,12,UNK,0,0
"4070",1997,13,Total,1245,2896
"4070",1997,13,0,2,3
"4070",1997,13,1,0,3
"4070",1997,13,2,3,1
"4070",1997,13,3,2,2
"4070",1997,13,4,1,2
"4070",1997,13,5 - 9,9,19
"4070",1997,13,10 - 14,10,13
"4070",1997,13,15 - 19,22,80
"4070",1997,13,20 - 24,21,137
"4070",1997,13,25 - 29,26,152
"4070",1997,13,30 - 34,44,171
"4070",1997,13,35 - 39,44,231
"4070",1997,13,40 - 44,74,278
"4070",1997,13,45 - 49,91,342
"4070",1997,13,50 - 54,88,312
"4070",1997,13,55 - 59,61,223
"4070",1997,13,60 - 64,60,206
"4070",1997,13,65 - 69,60,191
"4070",1997,13,70 - 74,74,148
"4070",1997,13,75 - 79,130,137
"4070",1997,13,80 - 84,139,102
"4070",1997,13,85 - 89,165,89
"4070",1997,13,90 - 94,90,45
"4070",1997,13,95+,29,9
"4070",1997,13,UNK,0,0
"4070",1997,14,Total,37,102
"4070",1997,14,0,0,0
"4070",1997,14,1,0,0
"4070",1997,14,2,1,0
"4070",1997,14,3,1,1
"4070",1997,14,4,0,0
"4070",1997,14,5 - 9,1,2
"4070",1997,14,10 - 14,0,0
"4070",1997,14,15 - 19,0,2
"4070",1997,14,20 - 24,1,7
"4070",1997,14,25 - 29,3,10
"4070",1997,14,30 - 34,3,9
"4070",1997,14,35 - 39,2,13
"4070",1997,14,40 - 44,6,11
"4070",1997,14,45 - 49,8,13
"4070",1997,14,50 - 54,4,10
"4070",1997,14,55 - 59,0,8
"4070",1997,14,60 - 64,3,6
"4070",1997,14,65 - 69,3,5
"4070",1997,14,70 - 74,1,4
"4070",1997,14,75 - 79,0,0
"4070",1997,14,80 - 84,0,1
"4070",1997,14,85 - 89,0,0
"4070",1997,14,90 - 94,0,0
"4070",1997,14,95+,0,0
"4070",1997,14,UNK,0,0
"4070",1998,1,Total,24766,24471
"4070",1998,1,0,106,130
"4070",1998,1,1,7,11
"4070",1998,1,2,2,7
"4070",1998,1,3,5,4
"4070",1998,1,4,4,5
"4070",1998,1,5 - 9,15,19
"4070",1998,1,10 - 14,21,28
"4070",1998,1,15 - 19,44,112
"4070",1998,1,20 - 24,64,154
"4070",1998,1,25 - 29,50,175
"4070",1998,1,30 - 34,102,276
"4070",1998,1,35 - 39,141,403
"4070",1998,1,40 - 44,242,658
"4070",1998,1,45 - 49,430,1048
"4070",1998,1,50 - 54,588,1438
"4070",1998,1,55 - 59,574,1408
"4070",1998,1,60 - 64,813,1878
"4070",1998,1,65 - 69,1351,2790
"4070",1998,1,70 - 74,2490,3531
"4070",1998,1,75 - 79,3693,3506
"4070",1998,1,80 - 84,4862,3218
"4070",1998,1,85 - 89,5225,2464
"4070",1998,1,90 - 94,2979,983
"4070",1998,1,95+,958,225
"4070",1998,1,UNK,0,0
"4070",1998,2,Total,186,177
"4070",1998,2,0,2,2
"4070",1998,2,1,0,1
"4070",1998,2,2,1,0
"4070",1998,2,3,1,0
"4070",1998,2,4,1,0
"4070",1998,2,5 - 9,0,1
"4070",1998,2,10 - 14,0,0
"4070",1998,2,15 - 19,1,3
"4070",1998,2,20 - 24,3,0
"4070",1998,2,25 - 29,0,2
"4070",1998,2,30 - 34,1,3
"4070",1998,2,35 - 39,1,2
"4070",1998,2,40 - 44,3,6
"4070",1998,2,45 - 49,3,8
"4070",1998,2,50 - 54,4,11
"4070",1998,2,55 - 59,3,10
"4070",1998,2,60 - 64,7,12
"4070",1998,2,65 - 69,13,16
"4070",1998,2,70 - 74,24,21
"4070",1998,2,75 - 79,27,29
"4070",1998,2,80 - 84,39,26
"4070",1998,2,85 - 89,34,13
"4070",1998,2,90 - 94,14,11
"4070",1998,2,95+,4,0
"4070",1998,2,UNK,0,0
"4070",1998,3,Total,5089,5414
"4070",1998,3,0,3,1
"4070",1998,3,1,2,1
"4070",1998,3,2,0,2
"4070",1998,3,3,1,0
"4070",1998,3,4,0,3
"4070",1998,3,5 - 9,6,7
"4070",1998,3,10 - 14,5,1
"4070",1998,3,15 - 19,7,7
"4070",1998,3,20 - 24,7,8
"4070",1998,3,25 - 29,6,9
"4070",1998,3,30 - 34,25,18
"4070",1998,3,35 - 39,43,40
"4070",1998,3,40 - 44,77,71
"4070",1998,3,45 - 49,190,149
"4070",1998,3,50 - 54,287,310
"4070",1998,3,55 - 59,278,341
"4070",1998,3,60 - 64,357,543
"4070",1998,3,65 - 69,529,826
"4070",1998,3,70 - 74,755,1011
"4070",1998,3,75 - 79,860,853
"4070",1998,3,80 - 84,771,648
"4070",1998,3,85 - 89,592,399
"4070",1998,3,90 - 94,234,143
"4070",1998,3,95+,54,23
"4070",1998,3,UNK,0,0
"4070",1998,4,Total,11280,10266
"4070",1998,4,0,1,3
"4070",1998,4,1,1,1
"4070",1998,4,2,0,0
"4070",1998,4,3,0,0
"4070",1998,4,4,2,0
"4070",1998,4,5 - 9,2,1
"4070",1998,4,10 - 14,1,2
"4070",1998,4,15 - 19,2,3
"4070",1998,4,20 - 24,6,5
"4070",1998,4,25 - 29,6,2
"4070",1998,4,30 - 34,9,17
"4070",1998,4,35 - 39,19,64
"4070",1998,4,40 - 44,45,140
"4070",1998,4,45 - 49,73,296
"4070",1998,4,50 - 54,97,465
"4070",1998,4,55 - 59,133,538
"4070",1998,4,60 - 64,237,809
"4070",1998,4,65 - 69,502,1310
"4070",1998,4,70 - 74,1087,1652
"4070",1998,4,75 - 79,1794,1711
"4070",1998,4,80 - 84,2564,1546
"4070",1998,4,85 - 89,2745,1162
"4070",1998,4,90 - 94,1492,441
"4070",1998,4,95+,462,98
"4070",1998,4,UNK,0,0
"4070",1998,5,Total,78,114
"4070",1998,5,0,2,17
"4070",1998,5,1,0,1
"4070",1998,5,2,0,0
"4070",1998,5,3,1,0
"4070",1998,5,4,0,0
"4070",1998,5,5 - 9,0,0
"4070",1998,5,10 - 14,0,0
"4070",1998,5,15 - 19,1,2
"4070",1998,5,20 - 24,0,2
"4070",1998,5,25 - 29,0,0
"4070",1998,5,30 - 34,1,6
"4070",1998,5,35 - 39,1,3
"4070",1998,5,40 - 44,6,7
"4070",1998,5,45 - 49,3,16
"4070",1998,5,50 - 54,7,11
"4070",1998,5,55 - 59,3,9
"4070",1998,5,60 - 64,4,8
"4070",1998,5,65 - 69,2,9
"4070",1998,5,70 - 74,4,8
"4070",1998,5,75 - 79,8,3
"4070",1998,5,80 - 84,7,5
"4070",1998,5,85 - 89,6,1
"4070",1998,5,90 - 94,11,4
"4070",1998,5,95+,11,2
"4070",1998,5,UNK,0,0
"4070",1998,6,Total,2011,982
"4070",1998,6,0,0,0
"4070",1998,6,1,0,0
"4070",1998,6,2,0,0
"4070",1998,6,3,0,0
"4070",1998,6,4,0,0
"4070",1998,6,5 - 9,0,0
"4070",1998,6,10 - 14,0,0
"4070",1998,6,15 - 19,0,3
"4070",1998,6,20 - 24,2,6
"4070",1998,6,25 - 29,1,6
"4070",1998,6,30 - 34,4,11
"4070",1998,6,35 - 39,8,26
"4070",1998,6,40 - 44,14,33
"4070",1998,6,45 - 49,12,49
"4070",1998,6,50 - 54,5,42
"4070",1998,6,55 - 59,10,35
"4070",1998,6,60 - 64,15,31
"4070",1998,6,65 - 69,21,44
"4070",1998,6,70 - 74,65,64
"4070",1998,6,75 - 79,161,114
"4070",1998,6,80 - 84,407,190
"4070",1998,6,85 - 89,654,219
"4070",1998,6,90 - 94,467,88
"4070",1998,6,95+,165,21
"4070",1998,6,UNK,0,0
"4070",1998,7,Total,877,593
"4070",1998,7,0,1,2
"4070",1998,7,1,1,1
"4070",1998,7,2,1,0
"4070",1998,7,3,0,1
"4070",1998,7,4,0,0
"4070",1998,7,5 - 9,1,1
"4070",1998,7,10 - 14,1,2
"4070",1998,7,15 - 19,2,2
"4070",1998,7,20 - 24,2,3
"4070",1998,7,25 - 29,2,3
"4070",1998,7,30 - 34,0,6
"4070",1998,7,35 - 39,9,5
"4070",1998,7,40 - 44,7,13
"4070",1998,7,45 - 49,12,26
"4070",1998,7,50 - 54,22,28
"4070",1998,7,55 - 59,16,32
"4070",1998,7,60 - 64,36,41
"4070",1998,7,65 - 69,56,63
"4070",1998,7,70 - 74,111,79
"4070",1998,7,75 - 79,153,105
"4070",1998,7,80 - 84,168,88
"4070",1998,7,85 - 89,175,73
"4070",1998,7,90 - 94,82,16
"4070",1998,7,95+,19,3
"4070",1998,7,UNK,0,0
"4070",1998,8,Total,348,278
"4070",1998,8,0,2,0
"4070",1998,8,1,0,2
"4070",1998,8,2,0,0
"4070",1998,8,3,0,0
"4070",1998,8,4,0,0
"4070",1998,8,5 - 9,0,2
"4070",1998,8,10 - 14,3,2
"4070",1998,8,15 - 19,1,1
"4070",1998,8,20 - 24,1,2
"4070",1998,8,25 - 29,3,4
"4070",1998,8,30 - 34,4,8
"4070",1998,8,35 - 39,7,14
"4070",1998,8,40 - 44,5,10
"4070",1998,8,45 - 49,6,17
"4070",1998,8,50 - 54,8,13
"4070",1998,8,55 - 59,4,13
"4070",1998,8,60 - 64,10,29
"4070",1998,8,65 - 69,14,28
"4070",1998,8,70 - 74,46,44
"4070",1998,8,75 - 79,73,36
"4070",1998,8,80 - 84,71,19
"4070",1998,8,85 - 89,64,22
"4070",1998,8,90 - 94,19,9
"4070",1998,8,95+,7,3
"4070",1998,8,UNK,0,0
"4070",1998,9,Total,937,1053
"4070",1998,9,0,0,0
"4070",1998,9,1,0,0
"4070",1998,9,2,0,0
"4070",1998,9,3,0,0
"4070",1998,9,4,0,0
"4070",1998,9,5 - 9,0,0
"4070",1998,9,10 - 14,0,0
"4070",1998,9,15 - 19,2,0
"4070",1998,9,20 - 24,1,1
"4070",1998,9,25 - 29,0,4
"4070",1998,9,30 - 34,2,10
"4070",1998,9,35 - 39,3,31
"4070",1998,9,40 - 44,15,77
"4070",1998,9,45 - 49,25,116
"4070",1998,9,50 - 54,43,153
"4070",1998,9,55 - 59,26,98
"4070",1998,9,60 - 64,37,96
"4070",1998,9,65 - 69,49,97
"4070",1998,9,70 - 74,79,101
"4070",1998,9,75 - 79,141,87
"4070",1998,9,80 - 84,170,90
"4070",1998,9,85 - 89,212,60
"4070",1998,9,90 - 94,100,28
"4070",1998,9,95+,32,4
"4070",1998,9,UNK,0,0
"4070",1998,10,Total,328,176
"4070",1998,10,0,0,0
"4070",1998,10,1,0,0
"4070",1998,10,2,0,0
"4070",1998,10,3,0,0
"4070",1998,10,4,0,0
"4070",1998,10,5 - 9,0,0
"4070",1998,10,10 - 14,0,0
"4070",1998,10,15 - 19,0,0
"4070",1998,10,20 - 24,0,0
"4070",1998,10,25 - 29,0,1
"4070",1998,10,30 - 34,0,0
"4070",1998,10,35 - 39,1,0
"4070",1998,10,40 - 44,0,1
"4070",1998,10,45 - 49,1,1
"4070",1998,10,50 - 54,2,3
"4070",1998,10,55 - 59,1,6
"4070",1998,10,60 - 64,7,7
"4070",1998,10,65 - 69,8,11
"4070",1998,10,70 - 74,23,15
"4070",1998,10,75 - 79,49,29
"4070",1998,10,80 - 84,75,34
"4070",1998,10,85 - 89,77,35
"4070",1998,10,90 - 94,68,24
"4070",1998,10,95+,16,9
"4070",1998,10,UNK,0,0
"4070",1998,11,Total,146,145
"4070",1998,11,0,91,96
"4070",1998,11,1,3,1
"4070",1998,11,2,0,0
"4070",1998,11,3,1,1
"4070",1998,11,4,1,0
"4070",1998,11,5 - 9,1,1
"4070",1998,11,10 - 14,3,4
"4070",1998,11,15 - 19,4,3
"4070",1998,11,20 - 24,1,2
"4070",1998,11,25 - 29,2,5
"4070",1998,11,30 - 34,2,5
"4070",1998,11,35 - 39,1,3
"4070",1998,11,40 - 44,3,1
"4070",1998,11,45 - 49,1,3
"4070",1998,11,50 - 54,6,7
"4070",1998,11,55 - 59,8,1
"4070",1998,11,60 - 64,4,4
"4070",1998,11,65 - 69,2,1
"4070",1998,11,70 - 74,4,0
"4070",1998,11,75 - 79,4,5
"4070",1998,11,80 - 84,1,2
"4070",1998,11,85 - 89,1,0
"4070",1998,11,90 - 94,2,0
"4070",1998,11,95+,0,0
"4070",1998,11,UNK,0,0
"4070",1998,12,Total,1925,2173
"4070",1998,12,0,1,3
"4070",1998,12,1,0,1
"4070",1998,12,2,0,1
"4070",1998,12,3,0,1
"4070",1998,12,4,0,0
"4070",1998,12,5 - 9,0,0
"4070",1998,12,10 - 14,0,0
"4070",1998,12,15 - 19,1,2
"4070",1998,12,20 - 24,2,3
"4070",1998,12,25 - 29,4,3
"4070",1998,12,30 - 34,3,4
"4070",1998,12,35 - 39,4,7
"4070",1998,12,40 - 44,4,17
"4070",1998,12,45 - 49,14,20
"4070",1998,12,50 - 54,18,45
"4070",1998,12,55 - 59,24,64
"4070",1998,12,60 - 64,34,90
"4070",1998,12,65 - 69,58,195
"4070",1998,12,70 - 74,168,352
"4070",1998,12,75 - 79,244,381
"4070",1998,12,80 - 84,394,411
"4070",1998,12,85 - 89,453,356
"4070",1998,12,90 - 94,356,163
"4070",1998,12,95+,143,54
"4070",1998,12,UNK,0,0
"4070",1998,13,Total,1259,2894
"4070",1998,13,0,1,4
"4070",1998,13,1,0,2
"4070",1998,13,2,0,4
"4070",1998,13,3,1,1
"4070",1998,13,4,0,1
"4070",1998,13,5 - 9,5,6
"4070",1998,13,10 - 14,7,16
"4070",1998,13,15 - 19,23,84
"4070",1998,13,20 - 24,35,114
"4070",1998,13,25 - 29,25,130
"4070",1998,13,30 - 34,47,170
"4070",1998,13,35 - 39,41,189
"4070",1998,13,40 - 44,51,271
"4070",1998,13,45 - 49,77,333
"4070",1998,13,50 - 54,81,340
"4070",1998,13,55 - 59,59,249
"4070",1998,13,60 - 64,53,189
"4070",1998,13,65 - 69,76,176
"4070",1998,13,70 - 74,87,168
"4070",1998,13,75 - 79,128,134
"4070",1998,13,80 - 84,146,142
"4070",1998,13,85 - 89,171,113
"4070",1998,13,90 - 94,113,50
"4070",1998,13,95+,32,8
"4070",1998,13,UNK,0,0
"4070",1998,14,Total,35,89
"4070",1998,14,0,1,0
"4070",1998,14,1,0,0
"4070",1998,14,2,0,0
"4070",1998,14,3,0,0
"4070",1998,14,4,0,1
"4070",1998,14,5 - 9,0,0
"4070",1998,14,10 - 14,0,1
"4070",1998,14,15 - 19,0,2
"4070",1998,14,20 - 24,2,7
"4070",1998,14,25 - 29,1,6
"4070",1998,14,30 - 34,4,15
"4070",1998,14,35 - 39,2,12
"4070",1998,14,40 - 44,6,11
"4070",1998,14,45 - 49,9,14
"4070",1998,14,50 - 54,2,5
"4070",1998,14,55 - 59,3,2
"4070",1998,14,60 - 64,0,8
"4070",1998,14,65 - 69,2,3
"4070",1998,14,70 - 74,0,0
"4070",1998,14,75 - 79,1,2
"4070",1998,14,80 - 84,0,0
"4070",1998,14,85 - 89,1,0
"4070",1998,14,90 - 94,1,0
"4070",1998,14,95+,0,0
"4070",1998,14,UNK,0,0
"4070",1999,1,Total,24927,24441
"4070",1999,1,0,99,114
"4070",1999,1,1,10,8
"4070",1999,1,2,4,7
"4070",1999,1,3,2,3
"4070",1999,1,4,7,9
"4070",1999,1,5 - 9,24,34
"4070",1999,1,10 - 14,25,26
"4070",1999,1,15 - 19,49,119
"4070",1999,1,20 - 24,56,179
"4070",1999,1,25 - 29,50,196
"4070",1999,1,30 - 34,94,271
"4070",1999,1,35 - 39,138,382
"4070",1999,1,40 - 44,250,624
"4070",1999,1,45 - 49,420,1001
"4070",1999,1,50 - 54,574,1412
"4070",1999,1,55 - 59,591,1414
"4070",1999,1,60 - 64,819,1994
"4070",1999,1,65 - 69,1253,2628
"4070",1999,1,70 - 74,2318,3555
"4070",1999,1,75 - 79,3743,3589
"4070",1999,1,80 - 84,4834,3072
"4070",1999,1,85 - 89,5498,2493
"4070",1999,1,90 - 94,3165,1075
"4070",1999,1,95+,904,236
"4070",1999,1,UNK,0,0
"4070",1999,2,Total,230,165
"4070",1999,2,0,2,3
"4070",1999,2,1,0,0
"4070",1999,2,2,0,0
"4070",1999,2,3,0,0
"4070",1999,2,4,1,1
"4070",1999,2,5 - 9,1,1
"4070",1999,2,10 - 14,1,1
"4070",1999,2,15 - 19,3,1
"4070",1999,2,20 - 24,2,0
"4070",1999,2,25 - 29,1,2
"4070",1999,2,30 - 34,3,1
"4070",1999,2,35 - 39,1,1
"4070",1999,2,40 - 44,2,7
"4070",1999,2,45 - 49,4,11
"4070",1999,2,50 - 54,8,11
"4070",1999,2,55 - 59,6,9
"4070",1999,2,60 - 64,7,8
"4070",1999,2,65 - 69,14,14
"4070",1999,2,70 - 74,24,20
"4070",1999,2,75 - 79,39,22
"4070",1999,2,80 - 84,42,25
"4070",1999,2,85 - 89,40,15
"4070",1999,2,90 - 94,25,10
"4070",1999,2,95+,4,2
"4070",1999,2,UNK,0,0
"4070",1999,3,Total,5017,5428
"4070",1999,3,0,2,1
"4070",1999,3,1,1,3
"4070",1999,3,2,0,0
"4070",1999,3,3,0,1
"4070",1999,3,4,0,2
"4070",1999,3,5 - 9,4,10
"4070",1999,3,10 - 14,4,3
"4070",1999,3,15 - 19,3,7
"4070",1999,3,20 - 24,7,8
"4070",1999,3,25 - 29,7,14
"4070",1999,3,30 - 34,27,24
"4070",1999,3,35 - 39,31,36
"4070",1999,3,40 - 44,87,62
"4070",1999,3,45 - 49,171,147
"4070",1999,3,50 - 54,263,278
"4070",1999,3,55 - 59,257,373
"4070",1999,3,60 - 64,382,585
"4070",1999,3,65 - 69,499,790
"4070",1999,3,70 - 74,738,1038
"4070",1999,3,75 - 79,884,896
"4070",1999,3,80 - 84,770,586
"4070",1999,3,85 - 89,608,409
"4070",1999,3,90 - 94,232,129
"4070",1999,3,95+,40,26
"4070",1999,3,UNK,0,0
"4070",1999,4,Total,11314,10186
"4070",1999,4,0,1,3
"4070",1999,4,1,0,0
"4070",1999,4,2,0,0
"4070",1999,4,3,0,0
"4070",1999,4,4,1,0
"4070",1999,4,5 - 9,2,1
"4070",1999,4,10 - 14,1,2
"4070",1999,4,15 - 19,2,2
"4070",1999,4,20 - 24,7,6
"4070",1999,4,25 - 29,1,10
"4070",1999,4,30 - 34,9,19
"4070",1999,4,35 - 39,18,63
"4070",1999,4,40 - 44,32,132
"4070",1999,4,45 - 49,58,271
"4070",1999,4,50 - 54,98,446
"4070",1999,4,55 - 59,131,530
"4070",1999,4,60 - 64,211,815
"4070",1999,4,65 - 69,445,1195
"4070",1999,4,70 - 74,958,1614
"4070",1999,4,75 - 79,1757,1747
"4070",1999,4,80 - 84,2508,1526
"4070",1999,4,85 - 89,2957,1201
"4070",1999,4,90 - 94,1661,499
"4070",1999,4,95+,456,104
"4070",1999,4,UNK,0,0
"4070",1999,5,Total,84,112
"4070",1999,5,0,5,12
"4070",1999,5,1,2,0
"4070",1999,5,2,0,0
"4070",1999,5,3,0,0
"4070",1999,5,4,1,1
"4070",1999,5,5 - 9,0,0
"4070",1999,5,10 - 14,0,0
"4070",1999,5,15 - 19,2,2
"4070",1999,5,20 - 24,1,1
"4070",1999,5,25 - 29,1,6
"4070",1999,5,30 - 34,0,3
"4070",1999,5,35 - 39,0,8
"4070",1999,5,40 - 44,5,13
"4070",1999,5,45 - 49,8,11
"4070",1999,5,50 - 54,5,16
"4070",1999,5,55 - 59,2,5
"4070",1999,5,60 - 64,4,8
"4070",1999,5,65 - 69,6,5
"4070",1999,5,70 - 74,2,3
"4070",1999,5,75 - 79,3,9
"4070",1999,5,80 - 84,4,5
"4070",1999,5,85 - 89,4,1
"4070",1999,5,90 - 94,14,2
"4070",1999,5,95+,15,1
"4070",1999,5,UNK,0,0
"4070",1999,6,Total,2067,1078
"4070",1999,6,0,0,0
"4070",1999,6,1,0,0
"4070",1999,6,2,0,0
"4070",1999,6,3,0,0
"4070",1999,6,4,0,0
"4070",1999,6,5 - 9,0,0
"4070",1999,6,10 - 14,0,0
"4070",1999,6,15 - 19,0,3
"4070",1999,6,20 - 24,2,11
"4070",1999,6,25 - 29,0,10
"4070",1999,6,30 - 34,4,17
"4070",1999,6,35 - 39,9,18
"4070",1999,6,40 - 44,6,33
"4070",1999,6,45 - 49,14,62
"4070",1999,6,50 - 54,12,70
"4070",1999,6,55 - 59,15,29
"4070",1999,6,60 - 64,11,41
"4070",1999,6,65 - 69,20,39
"4070",1999,6,70 - 74,58,99
"4070",1999,6,75 - 79,174,143
"4070",1999,6,80 - 84,420,169
"4070",1999,6,85 - 89,653,202
"4070",1999,6,90 - 94,497,108
"4070",1999,6,95+,172,24
"4070",1999,6,UNK,0,0
"4070",1999,7,Total,949,647
"4070",1999,7,0,0,4
"4070",1999,7,1,0,0
"4070",1999,7,2,0,1
"4070",1999,7,3,0,1
"4070",1999,7,4,0,1
"4070",1999,7,5 - 9,4,0
"4070",1999,7,10 - 14,1,1
"4070",1999,7,15 - 19,2,5
"4070",1999,7,20 - 24,1,3
"4070",1999,7,25 - 29,8,7
"4070",1999,7,30 - 34,4,4
"4070",1999,7,35 - 39,9,11
"4070",1999,7,40 - 44,6,18
"4070",1999,7,45 - 49,17,22
"4070",1999,7,50 - 54,24,32
"4070",1999,7,55 - 59,20,26
"4070",1999,7,60 - 64,37,23
"4070",1999,7,65 - 69,51,81
"4070",1999,7,70 - 74,113,105
"4070",1999,7,75 - 79,211,107
"4070",1999,7,80 - 84,178,99
"4070",1999,7,85 - 89,166,70
"4070",1999,7,90 - 94,78,21
"4070",1999,7,95+,19,5
"4070",1999,7,UNK,0,0
"4070",1999,8,Total,358,266
"4070",1999,8,0,3,0
"4070",1999,8,1,1,2
"4070",1999,8,2,0,0
"4070",1999,8,3,0,0
"4070",1999,8,4,0,1
"4070",1999,8,5 - 9,4,0
"4070",1999,8,10 - 14,1,0
"4070",1999,8,15 - 19,1,1
"4070",1999,8,20 - 24,1,1
"4070",1999,8,25 - 29,2,3
"4070",1999,8,30 - 34,2,3
"4070",1999,8,35 - 39,3,5
"4070",1999,8,40 - 44,5,12
"4070",1999,8,45 - 49,11,13
"4070",1999,8,50 - 54,10,13
"4070",1999,8,55 - 59,8,14
"4070",1999,8,60 - 64,15,32
"4070",1999,8,65 - 69,26,27
"4070",1999,8,70 - 74,49,46
"4070",1999,8,75 - 79,69,31
"4070",1999,8,80 - 84,71,30
"4070",1999,8,85 - 89,47,22
"4070",1999,8,90 - 94,26,9
"4070",1999,8,95+,3,1
"4070",1999,8,UNK,0,0
"4070",1999,9,Total,941,1011
"4070",1999,9,0,0,1
"4070",1999,9,1,0,0
"4070",1999,9,2,0,0
"4070",1999,9,3,0,0
"4070",1999,9,4,0,0
"4070",1999,9,5 - 9,0,0
"4070",1999,9,10 - 14,0,0
"4070",1999,9,15 - 19,1,0
"4070",1999,9,20 - 24,1,1
"4070",1999,9,25 - 29,1,2
"4070",1999,9,30 - 34,3,8
"4070",1999,9,35 - 39,7,21
"4070",1999,9,40 - 44,22,48
"4070",1999,9,45 - 49,21,93
"4070",1999,9,50 - 54,32,130
"4070",1999,9,55 - 59,39,98
"4070",1999,9,60 - 64,39,130
"4070",1999,9,65 - 69,44,91
"4070",1999,9,70 - 74,100,112
"4070",1999,9,75 - 79,131,79
"4070",1999,9,80 - 84,167,84
"4070",1999,9,85 - 89,182,70
"4070",1999,9,90 - 94,119,35
"4070",1999,9,95+,32,8
"4070",1999,9,UNK,0,0
"4070",1999,10,Total,328,175
"4070",1999,10,0,0,1
"4070",1999,10,1,0,0
"4070",1999,10,2,0,0
"4070",1999,10,3,0,0
"4070",1999,10,4,0,0
"4070",1999,10,5 - 9,0,0
"4070",1999,10,10 - 14,0,0
"4070",1999,10,15 - 19,0,1
"4070",1999,10,20 - 24,0,0
"4070",1999,10,25 - 29,1,0
"4070",1999,10,30 - 34,0,0
"4070",1999,10,35 - 39,0,0
"4070",1999,10,40 - 44,0,1
"4070",1999,10,45 - 49,2,2
"4070",1999,10,50 - 54,3,2
"4070",1999,10,55 - 59,2,2
"4070",1999,10,60 - 64,9,10
"4070",1999,10,65 - 69,5,14
"4070",1999,10,70 - 74,24,21
"4070",1999,10,75 - 79,36,27
"4070",1999,10,80 - 84,72,27
"4070",1999,10,85 - 89,103,38
"4070",1999,10,90 - 94,59,19
"4070",1999,10,95+,12,10
"4070",1999,10,UNK,0,0
"4070",1999,11,Total,135,138
"4070",1999,11,0,84,88
"4070",1999,11,1,4,2
"4070",1999,11,2,1,2
"4070",1999,11,3,1,1
"4070",1999,11,4,1,0
"4070",1999,11,5 - 9,1,1
"4070",1999,11,10 - 14,2,5
"4070",1999,11,15 - 19,1,3
"4070",1999,11,20 - 24,5,1
"4070",1999,11,25 - 29,2,1
"4070",1999,11,30 - 34,1,3
"4070",1999,11,35 - 39,3,2
"4070",1999,11,40 - 44,3,3
"4070",1999,11,45 - 49,3,6
"4070",1999,11,50 - 54,1,2
"4070",1999,11,55 - 59,6,3
"4070",1999,11,60 - 64,5,8
"4070",1999,11,65 - 69,1,0
"4070",1999,11,70 - 74,2,1
"4070",1999,11,75 - 79,2,3
"4070",1999,11,80 - 84,4,2
"4070",1999,11,85 - 89,2,1
"4070",1999,11,90 - 94,0,0
"4070",1999,11,95+,0,0
"4070",1999,11,UNK,0,0
"4070",1999,12,Total,2023,2155
"4070",1999,12,0,1,0
"4070",1999,12,1,1,0
"4070",1999,12,2,0,0
"4070",1999,12,3,0,0
"4070",1999,12,4,0,0
"4070",1999,12,5 - 9,0,0
"4070",1999,12,10 - 14,0,1
"4070",1999,12,15 - 19,1,0
"4070",1999,12,20 - 24,1,1
"4070",1999,12,25 - 29,1,2
"4070",1999,12,30 - 34,6,2
"4070",1999,12,35 - 39,8,5
"4070",1999,12,40 - 44,6,20
"4070",1999,12,45 - 49,18,21
"4070",1999,12,50 - 54,15,46
"4070",1999,12,55 - 59,32,68
"4070",1999,12,60 - 64,37,89
"4070",1999,12,65 - 69,66,197
"4070",1999,12,70 - 74,159,312
"4070",1999,12,75 - 79,285,385
"4070",1999,12,80 - 84,402,408
"4070",1999,12,85 - 89,522,361
"4070",1999,12,90 - 94,343,190
"4070",1999,12,95+,119,47
"4070",1999,12,UNK,0,0
"4070",1999,13,Total,1173,2862
"4070",1999,13,0,1,0
"4070",1999,13,1,1,1
"4070",1999,13,2,3,2
"4070",1999,13,3,1,0
"4070",1999,13,4,2,3
"4070",1999,13,5 - 9,8,18
"4070",1999,13,10 - 14,14,12
"4070",1999,13,15 - 19,31,92
"4070",1999,13,20 - 24,24,143
"4070",1999,13,25 - 29,21,134
"4070",1999,13,30 - 34,30,175
"4070",1999,13,35 - 39,44,195
"4070",1999,13,40 - 44,67,260
"4070",1999,13,45 - 49,83,323
"4070",1999,13,50 - 54,96,338
"4070",1999,13,55 - 59,67,238
"4070",1999,13,60 - 64,48,235
"4070",1999,13,65 - 69,52,167
"4070",1999,13,70 - 74,59,158
"4070",1999,13,75 - 79,91,123
"4070",1999,13,80 - 84,141,98
"4070",1999,13,85 - 89,170,95
"4070",1999,13,90 - 94,93,44
"4070",1999,13,95+,26,8
"4070",1999,13,UNK,0,0
"4070",1999,14,Total,32,111
"4070",1999,14,0,0,0
"4070",1999,14,1,0,0
"4070",1999,14,2,0,1
"4070",1999,14,3,0,0
"4070",1999,14,4,1,0
"4070",1999,14,5 - 9,0,2
"4070",1999,14,10 - 14,0,1
"4070",1999,14,15 - 19,1,2
"4070",1999,14,20 - 24,3,3
"4070",1999,14,25 - 29,2,4
"4070",1999,14,30 - 34,3,12
"4070",1999,14,35 - 39,1,16
"4070",1999,14,40 - 44,6,13
"4070",1999,14,45 - 49,5,16
"4070",1999,14,50 - 54,1,22
"4070",1999,14,55 - 59,3,9
"4070",1999,14,60 - 64,4,4
"4070",1999,14,65 - 69,1,1
"4070",1999,14,70 - 74,0,5
"4070",1999,14,75 - 79,1,0
"4070",1999,14,80 - 84,0,0
"4070",1999,14,85 - 89,0,0
"4070",1999,14,90 - 94,0,0
"4070",1999,14,95+,0,0
"4070",1999,14,UNK,0,0
"4070",2000,1,Total,25274,24042
"4070",2000,1,0,84,121
"4070",2000,1,1,10,9
"4070",2000,1,2,5,5
"4070",2000,1,3,1,7
"4070",2000,1,4,1,4
"4070",2000,1,5 - 9,18,19
"4070",2000,1,10 - 14,25,22
"4070",2000,1,15 - 19,46,121
"4070",2000,1,20 - 24,63,197
"4070",2000,1,25 - 29,65,180
"4070",2000,1,30 - 34,100,261
"4070",2000,1,35 - 39,153,379
"4070",2000,1,40 - 44,255,614
"4070",2000,1,45 - 49,417,933
"4070",2000,1,50 - 54,622,1533
"4070",2000,1,55 - 59,614,1414
"4070",2000,1,60 - 64,867,1808
"4070",2000,1,65 - 69,1239,2441
"4070",2000,1,70 - 74,2259,3390
"4070",2000,1,75 - 79,3763,3653
"4070",2000,1,80 - 84,4809,3075
"4070",2000,1,85 - 89,5409,2491
"4070",2000,1,90 - 94,3444,1095
"4070",2000,1,95+,1005,270
"4070",2000,1,UNK,0,0
"4070",2000,2,Total,224,169
"4070",2000,2,0,4,1
"4070",2000,2,1,0,1
"4070",2000,2,2,1,0
"4070",2000,2,3,0,1
"4070",2000,2,4,0,0
"4070",2000,2,5 - 9,2,1
"4070",2000,2,10 - 14,0,0
"4070",2000,2,15 - 19,0,0
"4070",2000,2,20 - 24,2,2
"4070",2000,2,25 - 29,0,0
"4070",2000,2,30 - 34,1,2
"4070",2000,2,35 - 39,2,3
"4070",2000,2,40 - 44,1,5
"4070",2000,2,45 - 49,5,7
"4070",2000,2,50 - 54,3,7
"4070",2000,2,55 - 59,9,12
"4070",2000,2,60 - 64,5,13
"4070",2000,2,65 - 69,9,19
"4070",2000,2,70 - 74,30,18
"4070",2000,2,75 - 79,40,19
"4070",2000,2,80 - 84,47,25
"4070",2000,2,85 - 89,40,19
"4070",2000,2,90 - 94,20,11
"4070",2000,2,95+,3,3
"4070",2000,2,UNK,0,0
"4070",2000,3,Total,5180,5312
"4070",2000,3,0,2,1
"4070",2000,3,1,1,0
"4070",2000,3,2,2,2
"4070",2000,3,3,0,1
"4070",2000,3,4,0,0
"4070",2000,3,5 - 9,4,4
"4070",2000,3,10 - 14,2,3
"4070",2000,3,15 - 19,7,8
"4070",2000,3,20 - 24,7,10
"4070",2000,3,25 - 29,12,12
"4070",2000,3,30 - 34,22,15
"4070",2000,3,35 - 39,47,35
"4070",2000,3,40 - 44,90,50
"4070",2000,3,45 - 49,163,124
"4070",2000,3,50 - 54,276,320
"4070",2000,3,55 - 59,290,372
"4070",2000,3,60 - 64,394,502
"4070",2000,3,65 - 69,488,744
"4070",2000,3,70 - 74,770,1003
"4070",2000,3,75 - 79,906,914
"4070",2000,3,80 - 84,790,614
"4070",2000,3,85 - 89,599,419
"4070",2000,3,90 - 94,248,137
"4070",2000,3,95+,60,22
"4070",2000,3,UNK,0,0
"4070",2000,4,Total,11474,9925
"4070",2000,4,0,2,0
"4070",2000,4,1,0,1
"4070",2000,4,2,0,0
"4070",2000,4,3,0,0
"4070",2000,4,4,0,1
"4070",2000,4,5 - 9,0,0
"4070",2000,4,10 - 14,2,1
"4070",2000,4,15 - 19,1,8
"4070",2000,4,20 - 24,5,14
"4070",2000,4,25 - 29,5,17
"4070",2000,4,30 - 34,14,21
"4070",2000,4,35 - 39,27,63
"4070",2000,4,40 - 44,37,108
"4070",2000,4,45 - 49,69,252
"4070",2000,4,50 - 54,128,519
"4070",2000,4,55 - 59,122,558
"4070",2000,4,60 - 64,245,744
"4070",2000,4,65 - 69,446,1101
"4070",2000,4,70 - 74,903,1539
"4070",2000,4,75 - 79,1752,1711
"4070",2000,4,80 - 84,2515,1470
"4070",2000,4,85 - 89,2894,1159
"4070",2000,4,90 - 94,1821,507
"4070",2000,4,95+,486,131
"4070",2000,4,UNK,0,0
"4070",2000,5,Total,78,100
"4070",2000,5,0,4,14
"4070",2000,5,1,1,0
"4070",2000,5,2,0,0
"4070",2000,5,3,0,0
"4070",2000,5,4,0,0
"4070",2000,5,5 - 9,0,0
"4070",2000,5,10 - 14,0,0
"4070",2000,5,15 - 19,1,1
"4070",2000,5,20 - 24,2,2
"4070",2000,5,25 - 29,1,3
"4070",2000,5,30 - 34,1,9
"4070",2000,5,35 - 39,1,12
"4070",2000,5,40 - 44,5,4
"4070",2000,5,45 - 49,3,10
"4070",2000,5,50 - 54,3,8
"4070",2000,5,55 - 59,6,7
"4070",2000,5,60 - 64,7,11
"4070",2000,5,65 - 69,7,6
"4070",2000,5,70 - 74,4,5
"4070",2000,5,75 - 79,3,3
"4070",2000,5,80 - 84,6,2
"4070",2000,5,85 - 89,8,0
"4070",2000,5,90 - 94,7,1
"4070",2000,5,95+,8,2
"4070",2000,5,UNK,0,0
"4070",2000,6,Total,2088,995
"4070",2000,6,0,0,0
"4070",2000,6,1,0,0
"4070",2000,6,2,0,0
"4070",2000,6,3,0,0
"4070",2000,6,4,0,0
"4070",2000,6,5 - 9,0,0
"4070",2000,6,10 - 14,1,0
"4070",2000,6,15 - 19,0,3
"4070",2000,6,20 - 24,3,13
"4070",2000,6,25 - 29,1,17
"4070",2000,6,30 - 34,2,14
"4070",2000,6,35 - 39,2,23
"4070",2000,6,40 - 44,6,36
"4070",2000,6,45 - 49,8,50
"4070",2000,6,50 - 54,15,47
"4070",2000,6,55 - 59,9,29
"4070",2000,6,60 - 64,10,28
"4070",2000,6,65 - 69,15,48
"4070",2000,6,70 - 74,55,66
"4070",2000,6,75 - 79,176,102
"4070",2000,6,80 - 84,381,179
"4070",2000,6,85 - 89,657,201
"4070",2000,6,90 - 94,558,113
"4070",2000,6,95+,189,26
"4070",2000,6,UNK,0,0
"4070",2000,7,Total,924,629
"4070",2000,7,0,2,2
"4070",2000,7,1,0,0
"4070",2000,7,2,0,1
"4070",2000,7,3,0,0
"4070",2000,7,4,0,0
"4070",2000,7,5 - 9,1,0
"4070",2000,7,10 - 14,4,3
"4070",2000,7,15 - 19,1,3
"4070",2000,7,20 - 24,1,3
"4070",2000,7,25 - 29,6,4
"4070",2000,7,30 - 34,2,3
"4070",2000,7,35 - 39,4,9
"4070",2000,7,40 - 44,9,9
"4070",2000,7,45 - 49,13,20
"4070",2000,7,50 - 54,20,38
"4070",2000,7,55 - 59,21,25
"4070",2000,7,60 - 64,23,40
"4070",2000,7,65 - 69,49,47
"4070",2000,7,70 - 74,88,97
"4070",2000,7,75 - 79,192,122
"4070",2000,7,80 - 84,200,102
"4070",2000,7,85 - 89,176,73
"4070",2000,7,90 - 94,90,27
"4070",2000,7,95+,22,1
"4070",2000,7,UNK,0,0
"4070",2000,8,Total,389,275
"4070",2000,8,0,2,3
"4070",2000,8,1,1,0
"4070",2000,8,2,0,0
"4070",2000,8,3,0,1
"4070",2000,8,4,0,0
"4070",2000,8,5 - 9,2,2
"4070",2000,8,10 - 14,2,2
"4070",2000,8,15 - 19,1,0
"4070",2000,8,20 - 24,1,6
"4070",2000,8,25 - 29,2,3
"4070",2000,8,30 - 34,5,3
"4070",2000,8,35 - 39,3,13
"4070",2000,8,40 - 44,6,15
"4070",2000,8,45 - 49,6,15
"4070",2000,8,50 - 54,10,21
"4070",2000,8,55 - 59,5,18
"4070",2000,8,60 - 64,17,19
"4070",2000,8,65 - 69,29,23
"4070",2000,8,70 - 74,44,42
"4070",2000,8,75 - 79,66,35
"4070",2000,8,80 - 84,84,26
"4070",2000,8,85 - 89,70,19
"4070",2000,8,90 - 94,26,8
"4070",2000,8,95+,7,1
"4070",2000,8,UNK,0,0
"4070",2000,9,Total,973,1075
"4070",2000,9,0,1,0
"4070",2000,9,1,0,0
"4070",2000,9,2,0,0
"4070",2000,9,3,0,0
"4070",2000,9,4,0,0
"4070",2000,9,5 - 9,0,0
"4070",2000,9,10 - 14,0,0
"4070",2000,9,15 - 19,0,0
"4070",2000,9,20 - 24,2,0
"4070",2000,9,25 - 29,0,1
"4070",2000,9,30 - 34,4,13
"4070",2000,9,35 - 39,5,20
"4070",2000,9,40 - 44,22,62
"4070",2000,9,45 - 49,32,113
"4070",2000,9,50 - 54,38,135
"4070",2000,9,55 - 59,39,112
"4070",2000,9,60 - 64,43,120
"4070",2000,9,65 - 69,39,96
"4070",2000,9,70 - 74,97,113
"4070",2000,9,75 - 79,146,97
"4070",2000,9,80 - 84,177,74
"4070",2000,9,85 - 89,183,84
"4070",2000,9,90 - 94,114,31
"4070",2000,9,95+,31,4
"4070",2000,9,UNK,0,0
"4070",2000,10,Total,292,150
"4070",2000,10,0,0,0
"4070",2000,10,1,0,0
"4070",2000,10,2,0,1
"4070",2000,10,3,0,0
"4070",2000,10,4,0,0
"4070",2000,10,5 - 9,0,0
"4070",2000,10,10 - 14,0,0
"4070",2000,10,15 - 19,0,0
"4070",2000,10,20 - 24,0,0
"4070",2000,10,25 - 29,1,0
"4070",2000,10,30 - 34,0,0
"4070",2000,10,35 - 39,0,0
"4070",2000,10,40 - 44,1,1
"4070",2000,10,45 - 49,1,4
"4070",2000,10,50 - 54,0,2
"4070",2000,10,55 - 59,2,1
"4070",2000,10,60 - 64,4,4
"4070",2000,10,65 - 69,8,15
"4070",2000,10,70 - 74,17,15
"4070",2000,10,75 - 79,37,28
"4070",2000,10,80 - 84,60,30
"4070",2000,10,85 - 89,80,34
"4070",2000,10,90 - 94,65,12
"4070",2000,10,95+,16,3
"4070",2000,10,UNK,0,0
"4070",2000,11,Total,121,154
"4070",2000,11,0,67,95
"4070",2000,11,1,5,3
"4070",2000,11,2,0,1
"4070",2000,11,3,1,1
"4070",2000,11,4,0,0
"4070",2000,11,5 - 9,2,1
"4070",2000,11,10 - 14,2,1
"4070",2000,11,15 - 19,0,7
"4070",2000,11,20 - 24,1,3
"4070",2000,11,25 - 29,2,2
"4070",2000,11,30 - 34,3,4
"4070",2000,11,35 - 39,0,1
"4070",2000,11,40 - 44,1,5
"4070",2000,11,45 - 49,4,5
"4070",2000,11,50 - 54,12,8
"4070",2000,11,55 - 59,4,4
"4070",2000,11,60 - 64,2,4
"4070",2000,11,65 - 69,3,2
"4070",2000,11,70 - 74,4,0
"4070",2000,11,75 - 79,4,3
"4070",2000,11,80 - 84,2,2
"4070",2000,11,85 - 89,1,2
"4070",2000,11,90 - 94,1,0
"4070",2000,11,95+,0,0
"4070",2000,11,UNK,0,0
"4070",2000,12,Total,1997,2296
"4070",2000,12,0,0,2
"4070",2000,12,1,0,1
"4070",2000,12,2,0,0
"4070",2000,12,3,0,0
"4070",2000,12,4,0,0
"4070",2000,12,5 - 9,1,3
"4070",2000,12,10 - 14,1,0
"4070",2000,12,15 - 19,4,1
"4070",2000,12,20 - 24,1,2
"4070",2000,12,25 - 29,1,3
"4070",2000,12,30 - 34,0,4
"4070",2000,12,35 - 39,6,7
"4070",2000,12,40 - 44,5,14
"4070",2000,12,45 - 49,8,30
"4070",2000,12,50 - 54,22,57
"4070",2000,12,55 - 59,25,70
"4070",2000,12,60 - 64,41,100
"4070",2000,12,65 - 69,61,167
"4070",2000,12,70 - 74,135,296
"4070",2000,12,75 - 79,284,480
"4070",2000,12,80 - 84,383,414
"4070",2000,12,85 - 89,498,386
"4070",2000,12,90 - 94,376,196
"4070",2000,12,95+,145,63
"4070",2000,12,UNK,0,0
"4070",2000,13,Total,1233,2759
"4070",2000,13,0,0,3
"4070",2000,13,1,2,3
"4070",2000,13,2,1,0
"4070",2000,13,3,0,2
"4070",2000,13,4,1,3
"4070",2000,13,5 - 9,5,7
"4070",2000,13,10 - 14,7,11
"4070",2000,13,15 - 19,26,82
"4070",2000,13,20 - 24,31,132
"4070",2000,13,25 - 29,32,115
"4070",2000,13,30 - 34,41,158
"4070",2000,13,35 - 39,46,182
"4070",2000,13,40 - 44,61,288
"4070",2000,13,45 - 49,100,291
"4070",2000,13,50 - 54,88,359
"4070",2000,13,55 - 59,71,196
"4070",2000,13,60 - 64,61,211
"4070",2000,13,65 - 69,61,166
"4070",2000,13,70 - 74,84,167
"4070",2000,13,75 - 79,96,123
"4070",2000,13,80 - 84,126,118
"4070",2000,13,85 - 89,158,82
"4070",2000,13,90 - 94,103,46
"4070",2000,13,95+,32,14
"4070",2000,13,UNK,0,0
"4070",2000,14,Total,42,94
"4070",2000,14,0,0,0
"4070",2000,14,1,0,0
"4070",2000,14,2,1,0
"4070",2000,14,3,0,1
"4070",2000,14,4,0,0
"4070",2000,14,5 - 9,0,1
"4070",2000,14,10 - 14,4,1
"4070",2000,14,15 - 19,4,6
"4070",2000,14,20 - 24,5,10
"4070",2000,14,25 - 29,1,3
"4070",2000,14,30 - 34,3,14
"4070",2000,14,35 - 39,6,10
"4070",2000,14,40 - 44,7,15
"4070",2000,14,45 - 49,1,10
"4070",2000,14,50 - 54,3,8
"4070",2000,14,55 - 59,2,5
"4070",2000,14,60 - 64,2,5
"4070",2000,14,65 - 69,0,0
"4070",2000,14,70 - 74,1,2
"4070",2000,14,75 - 79,1,1
"4070",2000,14,80 - 84,1,1
"4070",2000,14,85 - 89,0,1
"4070",2000,14,90 - 94,0,0
"4070",2000,14,95+,0,0
"4070",2000,14,UNK,0,0
"4070",2001,1,Total,24744,23760
"4070",2001,1,0,62,119
"4070",2001,1,1,4,8
"4070",2001,1,2,4,4
"4070",2001,1,3,6,2
"4070",2001,1,4,3,5
"4070",2001,1,5 - 9,14,29
"4070",2001,1,10 - 14,12,22
"4070",2001,1,15 - 19,40,115
"4070",2001,1,20 - 24,50,189
"4070",2001,1,25 - 29,50,205
"4070",2001,1,30 - 34,76,250
"4070",2001,1,35 - 39,170,326
"4070",2001,1,40 - 44,254,569
"4070",2001,1,45 - 49,380,904
"4070",2001,1,50 - 54,619,1372
"4070",2001,1,55 - 59,605,1483
"4070",2001,1,60 - 64,871,1798
"4070",2001,1,65 - 69,1206,2262
"4070",2001,1,70 - 74,2115,3388
"4070",2001,1,75 - 79,3731,3732
"4070",2001,1,80 - 84,4724,3170
"4070",2001,1,85 - 89,5225,2403
"4070",2001,1,90 - 94,3479,1143
"4070",2001,1,95+,1044,262
"4070",2001,1,UNK,0,0
"4070",2001,2,Total,186,179
"4070",2001,2,0,1,4
"4070",2001,2,1,0,1
"4070",2001,2,2,0,0
"4070",2001,2,3,0,0
"4070",2001,2,4,1,0
"4070",2001,2,5 - 9,1,2
"4070",2001,2,10 - 14,0,0
"4070",2001,2,15 - 19,1,1
"4070",2001,2,20 - 24,0,2
"4070",2001,2,25 - 29,0,1
"4070",2001,2,30 - 34,0,3
"4070",2001,2,35 - 39,2,1
"4070",2001,2,40 - 44,2,7
"4070",2001,2,45 - 49,3,10
"4070",2001,2,50 - 54,5,8
"4070",2001,2,55 - 59,4,8
"4070",2001,2,60 - 64,4,15
"4070",2001,2,65 - 69,10,19
"4070",2001,2,70 - 74,21,23
"4070",2001,2,75 - 79,30,28
"4070",2001,2,80 - 84,35,21
"4070",2001,2,85 - 89,35,18
"4070",2001,2,90 - 94,25,7
"4070",2001,2,95+,6,0
"4070",2001,2,UNK,0,0
"4070",2001,3,Total,5137,5471
"4070",2001,3,0,2,1
"4070",2001,3,1,0,0
"4070",2001,3,2,1,1
"4070",2001,3,3,1,0
"4070",2001,3,4,1,2
"4070",2001,3,5 - 9,2,6
"4070",2001,3,10 - 14,3,5
"4070",2001,3,15 - 19,1,6
"4070",2001,3,20 - 24,10,9
"4070",2001,3,25 - 29,9,15
"4070",2001,3,30 - 34,21,14
"4070",2001,3,35 - 39,50,30
"4070",2001,3,40 - 44,91,67
"4070",2001,3,45 - 49,156,115
"4070",2001,3,50 - 54,302,305
"4070",2001,3,55 - 59,289,401
"4070",2001,3,60 - 64,374,520
"4070",2001,3,65 - 69,512,688
"4070",2001,3,70 - 74,710,978
"4070",2001,3,75 - 79,850,1000
"4070",2001,3,80 - 84,889,698
"4070",2001,3,85 - 89,554,446
"4070",2001,3,90 - 94,260,140
"4070",2001,3,95+,49,24
"4070",2001,3,UNK,0,0
"4070",2001,4,Total,11164,9623
"4070",2001,4,0,1,1
"4070",2001,4,1,0,0
"4070",2001,4,2,0,0
"4070",2001,4,3,0,0
"4070",2001,4,4,0,0
"4070",2001,4,5 - 9,1,1
"4070",2001,4,10 - 14,0,0
"4070",2001,4,15 - 19,0,2
"4070",2001,4,20 - 24,3,3
"4070",2001,4,25 - 29,1,14
"4070",2001,4,30 - 34,7,27
"4070",2001,4,35 - 39,22,52
"4070",2001,4,40 - 44,26,108
"4070",2001,4,45 - 49,52,225
"4070",2001,4,50 - 54,84,449
"4070",2001,4,55 - 59,104,513
"4070",2001,4,60 - 64,226,734
"4070",2001,4,65 - 69,398,976
"4070",2001,4,70 - 74,835,1519
"4070",2001,4,75 - 79,1780,1707
"4070",2001,4,80 - 84,2395,1504
"4070",2001,4,85 - 89,2794,1089
"4070",2001,4,90 - 94,1873,575
"4070",2001,4,95+,562,124
"4070",2001,4,UNK,0,0
"4070",2001,5,Total,95,117
"4070",2001,5,0,7,8
"4070",2001,5,1,0,1
"4070",2001,5,2,0,0
"4070",2001,5,3,0,0
"4070",2001,5,4,0,0
"4070",2001,5,5 - 9,1,0
"4070",2001,5,10 - 14,0,0
"4070",2001,5,15 - 19,1,4
"4070",2001,5,20 - 24,1,3
"4070",2001,5,25 - 29,4,3
"4070",2001,5,30 - 34,0,4
"4070",2001,5,35 - 39,4,3
"4070",2001,5,40 - 44,2,12
"4070",2001,5,45 - 49,5,18
"4070",2001,5,50 - 54,8,11
"4070",2001,5,55 - 59,4,7
"4070",2001,5,60 - 64,7,13
"4070",2001,5,65 - 69,2,4
"4070",2001,5,70 - 74,7,8
"4070",2001,5,75 - 79,9,5
"4070",2001,5,80 - 84,6,5
"4070",2001,5,85 - 89,5,1
"4070",2001,5,90 - 94,9,5
"4070",2001,5,95+,13,2
"4070",2001,5,UNK,0,0
"4070",2001,6,Total,2045,952
"4070",2001,6,0,0,0
"4070",2001,6,1,0,0
"4070",2001,6,2,0,0
"4070",2001,6,3,0,0
"4070",2001,6,4,0,0
"4070",2001,6,5 - 9,0,0
"4070",2001,6,10 - 14,0,0
"4070",2001,6,15 - 19,0,2
"4070",2001,6,20 - 24,0,4
"4070",2001,6,25 - 29,2,2
"4070",2001,6,30 - 34,2,7
"4070",2001,6,35 - 39,5,9
"4070",2001,6,40 - 44,11,22
"4070",2001,6,45 - 49,10,48
"4070",2001,6,50 - 54,5,52
"4070",2001,6,55 - 59,8,35
"4070",2001,6,60 - 64,16,25
"4070",2001,6,65 - 69,13,40
"4070",2001,6,70 - 74,58,61
"4070",2001,6,75 - 79,172,128
"4070",2001,6,80 - 84,351,175
"4070",2001,6,85 - 89,657,200
"4070",2001,6,90 - 94,542,105
"4070",2001,6,95+,193,37
"4070",2001,6,UNK,0,0
"4070",2001,7,Total,1035,775
"4070",2001,7,0,2,2
"4070",2001,7,1,2,1
"4070",2001,7,2,0,0
"4070",2001,7,3,0,0
"4070",2001,7,4,0,1
"4070",2001,7,5 - 9,0,0
"4070",2001,7,10 - 14,0,1
"4070",2001,7,15 - 19,4,4
"4070",2001,7,20 - 24,3,5
"4070",2001,7,25 - 29,0,3
"4070",2001,7,30 - 34,0,4
"4070",2001,7,35 - 39,6,5
"4070",2001,7,40 - 44,8,15
"4070",2001,7,45 - 49,11,29
"4070",2001,7,50 - 54,18,33
"4070",2001,7,55 - 59,26,35
"4070",2001,7,60 - 64,31,44
"4070",2001,7,65 - 69,51,72
"4070",2001,7,70 - 74,117,119
"4070",2001,7,75 - 79,225,127
"4070",2001,7,80 - 84,212,135
"4070",2001,7,85 - 89,188,105
"4070",2001,7,90 - 94,113,30
"4070",2001,7,95+,18,5
"4070",2001,7,UNK,0,0
"4070",2001,8,Total,341,269
"4070",2001,8,0,0,4
"4070",2001,8,1,0,1
"4070",2001,8,2,0,0
"4070",2001,8,3,0,0
"4070",2001,8,4,0,0
"4070",2001,8,5 - 9,2,2
"4070",2001,8,10 - 14,2,0
"4070",2001,8,15 - 19,1,2
"4070",2001,8,20 - 24,2,2
"4070",2001,8,25 - 29,3,2
"4070",2001,8,30 - 34,5,4
"4070",2001,8,35 - 39,2,6
"4070",2001,8,40 - 44,3,12
"4070",2001,8,45 - 49,9,11
"4070",2001,8,50 - 54,13,10
"4070",2001,8,55 - 59,18,15
"4070",2001,8,60 - 64,13,17
"4070",2001,8,65 - 69,16,37
"4070",2001,8,70 - 74,32,45
"4070",2001,8,75 - 79,58,30
"4070",2001,8,80 - 84,66,28
"4070",2001,8,85 - 89,57,28
"4070",2001,8,90 - 94,35,10
"4070",2001,8,95+,4,3
"4070",2001,8,UNK,0,0
"4070",2001,9,Total,986,1024
"4070",2001,9,0,1,0
"4070",2001,9,1,0,0
"4070",2001,9,2,0,0
"4070",2001,9,3,0,0
"4070",2001,9,4,0,0
"4070",2001,9,5 - 9,1,0
"4070",2001,9,10 - 14,0,0
"4070",2001,9,15 - 19,0,0
"4070",2001,9,20 - 24,1,1
"4070",2001,9,25 - 29,1,3
"4070",2001,9,30 - 34,3,12
"4070",2001,9,35 - 39,9,25
"4070",2001,9,40 - 44,24,49
"4070",2001,9,45 - 49,36,93
"4070",2001,9,50 - 54,48,127
"4070",2001,9,55 - 59,43,121
"4070",2001,9,60 - 64,61,124
"4070",2001,9,65 - 69,58,84
"4070",2001,9,70 - 74,77,97
"4070",2001,9,75 - 79,136,96
"4070",2001,9,80 - 84,154,86
"4070",2001,9,85 - 89,192,62
"4070",2001,9,90 - 94,117,35
"4070",2001,9,95+,24,9
"4070",2001,9,UNK,0,0
"4070",2001,10,Total,322,159
"4070",2001,10,0,0,0
"4070",2001,10,1,0,0
"4070",2001,10,2,0,0
"4070",2001,10,3,1,0
"4070",2001,10,4,0,0
"4070",2001,10,5 - 9,0,0
"4070",2001,10,10 - 14,0,0
"4070",2001,10,15 - 19,0,0
"4070",2001,10,20 - 24,0,0
"4070",2001,10,25 - 29,0,1
"4070",2001,10,30 - 34,0,0
"4070",2001,10,35 - 39,1,1
"4070",2001,10,40 - 44,0,2
"4070",2001,10,45 - 49,1,1
"4070",2001,10,50 - 54,1,1
"4070",2001,10,55 - 59,2,5
"4070",2001,10,60 - 64,4,4
"4070",2001,10,65 - 69,5,12
"4070",2001,10,70 - 74,13,19
"4070",2001,10,75 - 79,40,25
"4070",2001,10,80 - 84,65,38
"4070",2001,10,85 - 89,83,34
"4070",2001,10,90 - 94,79,11
"4070",2001,10,95+,27,5
"4070",2001,10,UNK,0,0
"4070",2001,11,Total,97,149
"4070",2001,11,0,47,95
"4070",2001,11,1,1,1
"4070",2001,11,2,1,2
"4070",2001,11,3,2,0
"4070",2001,11,4,0,1
"4070",2001,11,5 - 9,1,4
"4070",2001,11,10 - 14,0,2
"4070",2001,11,15 - 19,0,4
"4070",2001,11,20 - 24,1,6
"4070",2001,11,25 - 29,5,4
"4070",2001,11,30 - 34,3,3
"4070",2001,11,35 - 39,3,3
"4070",2001,11,40 - 44,3,3
"4070",2001,11,45 - 49,1,3
"4070",2001,11,50 - 54,4,7
"4070",2001,11,55 - 59,4,3
"4070",2001,11,60 - 64,2,2
"4070",2001,11,65 - 69,2,1
"4070",2001,11,70 - 74,7,1
"4070",2001,11,75 - 79,2,3
"4070",2001,11,80 - 84,3,0
"4070",2001,11,85 - 89,5,1
"4070",2001,11,90 - 94,0,0
"4070",2001,11,95+,0,0
"4070",2001,11,UNK,0,0
"4070",2001,12,Total,1810,2029
"4070",2001,12,0,1,2
"4070",2001,12,1,1,0
"4070",2001,12,2,1,0
"4070",2001,12,3,1,0
"4070",2001,12,4,1,0
"4070",2001,12,5 - 9,1,1
"4070",2001,12,10 - 14,0,1
"4070",2001,12,15 - 19,0,1
"4070",2001,12,20 - 24,1,2
"4070",2001,12,25 - 29,2,2
"4070",2001,12,30 - 34,1,7
"4070",2001,12,35 - 39,3,7
"4070",2001,12,40 - 44,12,9
"4070",2001,12,45 - 49,13,31
"4070",2001,12,50 - 54,24,31
"4070",2001,12,55 - 59,20,65
"4070",2001,12,60 - 64,44,77
"4070",2001,12,65 - 69,67,162
"4070",2001,12,70 - 74,132,315
"4070",2001,12,75 - 79,245,423
"4070",2001,12,80 - 84,359,350
"4070",2001,12,85 - 89,452,330
"4070",2001,12,90 - 94,315,174
"4070",2001,12,95+,114,39
"4070",2001,12,UNK,0,0
"4070",2001,13,Total,1216,2796
"4070",2001,13,0,0,2
"4070",2001,13,1,0,3
"4070",2001,13,2,1,1
"4070",2001,13,3,1,2
"4070",2001,13,4,0,0
"4070",2001,13,5 - 9,3,10
"4070",2001,13,10 - 14,7,12
"4070",2001,13,15 - 19,30,85
"4070",2001,13,20 - 24,24,142
"4070",2001,13,25 - 29,21,148
"4070",2001,13,30 - 34,27,159
"4070",2001,13,35 - 39,54,175
"4070",2001,13,40 - 44,62,254
"4070",2001,13,45 - 49,78,290
"4070",2001,13,50 - 54,94,318
"4070",2001,13,55 - 59,73,253
"4070",2001,13,60 - 64,73,213
"4070",2001,13,65 - 69,58,154
"4070",2001,13,70 - 74,74,184
"4070",2001,13,75 - 79,119,140
"4070",2001,13,80 - 84,141,115
"4070",2001,13,85 - 89,158,82
"4070",2001,13,90 - 94,90,42
"4070",2001,13,95+,28,12
"4070",2001,13,UNK,0,0
"4070",2001,14,Total,47,107
"4070",2001,14,0,0,0
"4070",2001,14,1,0,0
"4070",2001,14,2,0,0
"4070",2001,14,3,0,0
"4070",2001,14,4,0,1
"4070",2001,14,5 - 9,1,2
"4070",2001,14,10 - 14,0,1
"4070",2001,14,15 - 19,0,2
"4070",2001,14,20 - 24,2,9
"4070",2001,14,25 - 29,1,6
"4070",2001,14,30 - 34,7,6
"4070",2001,14,35 - 39,8,8
"4070",2001,14,40 - 44,7,7
"4070",2001,14,45 - 49,5,27
"4070",2001,14,50 - 54,4,17
"4070",2001,14,55 - 59,3,12
"4070",2001,14,60 - 64,2,5
"4070",2001,14,65 - 69,1,2
"4070",2001,14,70 - 74,1,2
"4070",2001,14,75 - 79,4,0
"4070",2001,14,80 - 84,1,0
"4070",2001,14,85 - 89,0,0
"4070",2001,14,90 - 94,0,0
"4070",2001,14,95+,0,0
"4070",2001,14,UNK,0,0
"4070",2002,1,Total,25404,23985
"4070",2002,1,0,78,87
"4070",2002,1,1,5,3
"4070",2002,1,2,2,8
"4070",2002,1,3,5,8
"4070",2002,1,4,1,5
"4070",2002,1,5 - 9,20,21
"4070",2002,1,10 - 14,12,25
"4070",2002,1,15 - 19,42,110
"4070",2002,1,20 - 24,54,184
"4070",2002,1,25 - 29,42,166
"4070",2002,1,30 - 34,95,227
"4070",2002,1,35 - 39,141,353
"4070",2002,1,40 - 44,235,522
"4070",2002,1,45 - 49,383,842
"4070",2002,1,50 - 54,601,1361
"4070",2002,1,55 - 59,695,1566
"4070",2002,1,60 - 64,827,1819
"4070",2002,1,65 - 69,1152,2304
"4070",2002,1,70 - 74,2131,3413
"4070",2002,1,75 - 79,3564,3849
"4070",2002,1,80 - 84,4878,3274
"4070",2002,1,85 - 89,5476,2349
"4070",2002,1,90 - 94,3801,1196
"4070",2002,1,95+,1164,293
"4070",2002,1,UNK,0,0
"4070",2002,2,Total,201,180
"4070",2002,2,0,2,1
"4070",2002,2,1,0,0
"4070",2002,2,2,0,0
"4070",2002,2,3,0,1
"4070",2002,2,4,0,1
"4070",2002,2,5 - 9,0,0
"4070",2002,2,10 - 14,0,0
"4070",2002,2,15 - 19,1,1
"4070",2002,2,20 - 24,0,1
"4070",2002,2,25 - 29,0,0
"4070",2002,2,30 - 34,5,3
"4070",2002,2,35 - 39,1,2
"4070",2002,2,40 - 44,4,1
"4070",2002,2,45 - 49,0,7
"4070",2002,2,50 - 54,4,10
"4070",2002,2,55 - 59,3,7
"4070",2002,2,60 - 64,5,10
"4070",2002,2,65 - 69,10,20
"4070",2002,2,70 - 74,20,23
"4070",2002,2,75 - 79,42,35
"4070",2002,2,80 - 84,32,28
"4070",2002,2,85 - 89,38,20
"4070",2002,2,90 - 94,21,8
"4070",2002,2,95+,13,1
"4070",2002,2,UNK,0,0
"4070",2002,3,Total,5052,5470
"4070",2002,3,0,4,2
"4070",2002,3,1,1,0
"4070",2002,3,2,0,2
"4070",2002,3,3,0,2
"4070",2002,3,4,0,1
"4070",2002,3,5 - 9,6,7
"4070",2002,3,10 - 14,3,6
"4070",2002,3,15 - 19,6,7
"4070",2002,3,20 - 24,9,7
"4070",2002,3,25 - 29,8,18
"4070",2002,3,30 - 34,14,20
"4070",2002,3,35 - 39,40,28
"4070",2002,3,40 - 44,73,50
"4070",2002,3,45 - 49,145,125
"4070",2002,3,50 - 54,259,276
"4070",2002,3,55 - 59,339,392
"4070",2002,3,60 - 64,398,545
"4070",2002,3,65 - 69,484,701
"4070",2002,3,70 - 74,697,1005
"4070",2002,3,75 - 79,842,1041
"4070",2002,3,80 - 84,817,691
"4070",2002,3,85 - 89,573,395
"4070",2002,3,90 - 94,281,128
"4070",2002,3,95+,53,21
"4070",2002,3,UNK,0,0
"4070",2002,4,Total,11463,9670
"4070",2002,4,0,1,2
"4070",2002,4,1,0,0
"4070",2002,4,2,0,0
"4070",2002,4,3,0,0
"4070",2002,4,4,0,0
"4070",2002,4,5 - 9,0,1
"4070",2002,4,10 - 14,0,2
"4070",2002,4,15 - 19,4,3
"4070",2002,4,20 - 24,3,6
"4070",2002,4,25 - 29,1,9
"4070",2002,4,30 - 34,10,11
"4070",2002,4,35 - 39,19,52
"4070",2002,4,40 - 44,44,100
"4070",2002,4,45 - 49,62,218
"4070",2002,4,50 - 54,106,448
"4070",2002,4,55 - 59,142,553
"4070",2002,4,60 - 64,195,740
"4070",2002,4,65 - 69,365,967
"4070",2002,4,70 - 74,847,1513
"4070",2002,4,75 - 79,1642,1697
"4070",2002,4,80 - 84,2470,1544
"4070",2002,4,85 - 89,2960,1076
"4070",2002,4,90 - 94,1988,566
"4070",2002,4,95+,604,162
"4070",2002,4,UNK,0,0
"4070",2002,5,Total,117,140
"4070",2002,5,0,8,8
"4070",2002,5,1,0,0
"4070",2002,5,2,0,0
"4070",2002,5,3,0,0
"4070",2002,5,4,0,0
"4070",2002,5,5 - 9,1,0
"4070",2002,5,10 - 14,0,0
"4070",2002,5,15 - 19,1,2
"4070",2002,5,20 - 24,0,3
"4070",2002,5,25 - 29,2,1
"4070",2002,5,30 - 34,8,4
"4070",2002,5,35 - 39,6,6
"4070",2002,5,40 - 44,3,17
"4070",2002,5,45 - 49,11,8
"4070",2002,5,50 - 54,6,14
"4070",2002,5,55 - 59,10,19
"4070",2002,5,60 - 64,6,12
"4070",2002,5,65 - 69,7,16
"4070",2002,5,70 - 74,4,9
"4070",2002,5,75 - 79,7,13
"4070",2002,5,80 - 84,5,4
"4070",2002,5,85 - 89,10,0
"4070",2002,5,90 - 94,13,2
"4070",2002,5,95+,9,2
"4070",2002,5,UNK,0,0
"4070",2002,6,Total,2272,974
"4070",2002,6,0,0,0
"4070",2002,6,1,0,0
"4070",2002,6,2,0,0
"4070",2002,6,3,0,0
"4070",2002,6,4,0,0
"4070",2002,6,5 - 9,0,0
"4070",2002,6,10 - 14,0,0
"4070",2002,6,15 - 19,0,3
"4070",2002,6,20 - 24,0,4
"4070",2002,6,25 - 29,2,3
"4070",2002,6,30 - 34,1,8
"4070",2002,6,35 - 39,4,14
"4070",2002,6,40 - 44,6,21
"4070",2002,6,45 - 49,6,39
"4070",2002,6,50 - 54,11,49
"4070",2002,6,55 - 59,7,29
"4070",2002,6,60 - 64,10,22
"4070",2002,6,65 - 69,19,38
"4070",2002,6,70 - 74,54,66
"4070",2002,6,75 - 79,185,121
"4070",2002,6,80 - 84,401,189
"4070",2002,6,85 - 89,691,210
"4070",2002,6,90 - 94,638,135
"4070",2002,6,95+,237,23
"4070",2002,6,UNK,0,0
"4070",2002,7,Total,1292,872
"4070",2002,7,0,2,2
"4070",2002,7,1,0,0
"4070",2002,7,2,0,1
"4070",2002,7,3,0,0
"4070",2002,7,4,0,0
"4070",2002,7,5 - 9,2,1
"4070",2002,7,10 - 14,1,1
"4070",2002,7,15 - 19,1,2
"4070",2002,7,20 - 24,1,4
"4070",2002,7,25 - 29,3,4
"4070",2002,7,30 - 34,3,4
"4070",2002,7,35 - 39,9,8
"4070",2002,7,40 - 44,9,18
"4070",2002,7,45 - 49,13,15
"4070",2002,7,50 - 54,23,30
"4070",2002,7,55 - 59,28,45
"4070",2002,7,60 - 64,41,39
"4070",2002,7,65 - 69,59,74
"4070",2002,7,70 - 74,145,117
"4070",2002,7,75 - 79,225,172
"4070",2002,7,80 - 84,292,156
"4070",2002,7,85 - 89,266,121
"4070",2002,7,90 - 94,138,49
"4070",2002,7,95+,31,9
"4070",2002,7,UNK,0,0
"4070",2002,8,Total,324,317
"4070",2002,8,0,0,0
"4070",2002,8,1,0,0
"4070",2002,8,2,1,0
"4070",2002,8,3,0,0
"4070",2002,8,4,0,2
"4070",2002,8,5 - 9,2,0
"4070",2002,8,10 - 14,2,2
"4070",2002,8,15 - 19,0,1
"4070",2002,8,20 - 24,4,1
"4070",2002,8,25 - 29,0,2
"4070",2002,8,30 - 34,5,2
"4070",2002,8,35 - 39,3,10
"4070",2002,8,40 - 44,2,6
"4070",2002,8,45 - 49,7,18
"4070",2002,8,50 - 54,8,29
"4070",2002,8,55 - 59,7,25
"4070",2002,8,60 - 64,7,26
"4070",2002,8,65 - 69,21,34
"4070",2002,8,70 - 74,37,46
"4070",2002,8,75 - 79,63,46
"4070",2002,8,80 - 84,75,25
"4070",2002,8,85 - 89,46,28
"4070",2002,8,90 - 94,29,11
"4070",2002,8,95+,5,3
"4070",2002,8,UNK,0,0
"4070",2002,9,Total,933,1103
"4070",2002,9,0,0,0
"4070",2002,9,1,0,0
"4070",2002,9,2,0,0
"4070",2002,9,3,0,0
"4070",2002,9,4,0,0
"4070",2002,9,5 - 9,0,0
"4070",2002,9,10 - 14,0,0
"4070",2002,9,15 - 19,1,1
"4070",2002,9,20 - 24,0,1
"4070",2002,9,25 - 29,1,0
"4070",2002,9,30 - 34,3,13
"4070",2002,9,35 - 39,2,24
"4070",2002,9,40 - 44,27,53
"4070",2002,9,45 - 49,33,96
"4070",2002,9,50 - 54,50,156
"4070",2002,9,55 - 59,43,148
"4070",2002,9,60 - 64,41,105
"4070",2002,9,65 - 69,50,109
"4070",2002,9,70 - 74,79,120
"4070",2002,9,75 - 79,112,98
"4070",2002,9,80 - 84,171,76
"4070",2002,9,85 - 89,174,61
"4070",2002,9,90 - 94,123,32
"4070",2002,9,95+,23,10
"4070",2002,9,UNK,0,0
"4070",2002,10,Total,310,160
"4070",2002,10,0,0,0
"4070",2002,10,1,0,1
"4070",2002,10,2,0,0
"4070",2002,10,3,0,0
"4070",2002,10,4,0,0
"4070",2002,10,5 - 9,0,0
"4070",2002,10,10 - 14,0,0
"4070",2002,10,15 - 19,0,0
"4070",2002,10,20 - 24,0,0
"4070",2002,10,25 - 29,0,0
"4070",2002,10,30 - 34,0,1
"4070",2002,10,35 - 39,1,0
"4070",2002,10,40 - 44,1,1
"4070",2002,10,45 - 49,4,0
"4070",2002,10,50 - 54,2,4
"4070",2002,10,55 - 59,1,3
"4070",2002,10,60 - 64,3,1
"4070",2002,10,65 - 69,6,9
"4070",2002,10,70 - 74,13,18
"4070",2002,10,75 - 79,47,33
"4070",2002,10,80 - 84,72,37
"4070",2002,10,85 - 89,86,31
"4070",2002,10,90 - 94,59,12
"4070",2002,10,95+,15,9
"4070",2002,10,UNK,0,0
"4070",2002,11,Total,110,118
"4070",2002,11,0,57,69
"4070",2002,11,1,1,1
"4070",2002,11,2,0,1
"4070",2002,11,3,1,0
"4070",2002,11,4,0,0
"4070",2002,11,5 - 9,1,0
"4070",2002,11,10 - 14,1,0
"4070",2002,11,15 - 19,2,0
"4070",2002,11,20 - 24,2,2
"4070",2002,11,25 - 29,2,3
"4070",2002,11,30 - 34,3,4
"4070",2002,11,35 - 39,2,7
"4070",2002,11,40 - 44,1,6
"4070",2002,11,45 - 49,5,2
"4070",2002,11,50 - 54,8,5
"4070",2002,11,55 - 59,7,4
"4070",2002,11,60 - 64,2,5
"4070",2002,11,65 - 69,2,3
"4070",2002,11,70 - 74,3,2
"4070",2002,11,75 - 79,4,2
"4070",2002,11,80 - 84,3,1
"4070",2002,11,85 - 89,2,1
"4070",2002,11,90 - 94,1,0
"4070",2002,11,95+,0,0
"4070",2002,11,UNK,0,0
"4070",2002,12,Total,1784,2081
"4070",2002,12,0,1,0
"4070",2002,12,1,1,0
"4070",2002,12,2,0,0
"4070",2002,12,3,0,0
"4070",2002,12,4,0,0
"4070",2002,12,5 - 9,0,1
"4070",2002,12,10 - 14,0,0
"4070",2002,12,15 - 19,0,3
"4070",2002,12,20 - 24,1,2
"4070",2002,12,25 - 29,0,5
"4070",2002,12,30 - 34,0,5
"4070",2002,12,35 - 39,5,11
"4070",2002,12,40 - 44,4,16
"4070",2002,12,45 - 49,15,29
"4070",2002,12,50 - 54,17,51
"4070",2002,12,55 - 59,22,66
"4070",2002,12,60 - 64,39,107
"4070",2002,12,65 - 69,48,134
"4070",2002,12,70 - 74,132,294
"4070",2002,12,75 - 79,234,414
"4070",2002,12,80 - 84,353,398
"4070",2002,12,85 - 89,409,308
"4070",2002,12,90 - 94,359,195
"4070",2002,12,95+,144,42
"4070",2002,12,UNK,0,0
"4070",2002,13,Total,1245,2699
"4070",2002,13,0,0,3
"4070",2002,13,1,2,1
"4070",2002,13,2,1,3
"4070",2002,13,3,2,4
"4070",2002,13,4,1,1
"4070",2002,13,5 - 9,4,9
"4070",2002,13,10 - 14,4,14
"4070",2002,13,15 - 19,24,82
"4070",2002,13,20 - 24,27,149
"4070",2002,13,25 - 29,22,113
"4070",2002,13,30 - 34,38,138
"4070",2002,13,35 - 39,43,183
"4070",2002,13,40 - 44,56,220
"4070",2002,13,45 - 49,74,275
"4070",2002,13,50 - 54,94,269
"4070",2002,13,55 - 59,72,259
"4070",2002,13,60 - 64,58,196
"4070",2002,13,65 - 69,60,183
"4070",2002,13,70 - 74,75,176
"4070",2002,13,75 - 79,105,160
"4070",2002,13,80 - 84,146,109
"4070",2002,13,85 - 89,184,90
"4070",2002,13,90 - 94,128,52
"4070",2002,13,95+,25,10
"4070",2002,13,UNK,0,0
"4070",2002,14,Total,44,89
"4070",2002,14,0,2,0
"4070",2002,14,1,0,0
"4070",2002,14,2,0,1
"4070",2002,14,3,2,0
"4070",2002,14,4,0,0
"4070",2002,14,5 - 9,4,2
"4070",2002,14,10 - 14,0,0
"4070",2002,14,15 - 19,2,4
"4070",2002,14,20 - 24,6,4
"4070",2002,14,25 - 29,1,8
"4070",2002,14,30 - 34,2,14
"4070",2002,14,35 - 39,2,7
"4070",2002,14,40 - 44,4,12
"4070",2002,14,45 - 49,4,7
"4070",2002,14,50 - 54,3,16
"4070",2002,14,55 - 59,1,4
"4070",2002,14,60 - 64,4,4
"4070",2002,14,65 - 69,3,4
"4070",2002,14,70 - 74,1,2
"4070",2002,14,75 - 79,2,0
"4070",2002,14,80 - 84,1,0
"4070",2002,14,85 - 89,0,0
"4070",2002,14,90 - 94,0,0
"4070",2002,14,95+,0,0
"4070",2002,14,UNK,0,0
"4070",2003,1,Total,25098,23935
"4070",2003,1,0,83,99
"4070",2003,1,1,2,8
"4070",2003,1,2,3,11
"4070",2003,1,3,5,7
"4070",2003,1,4,4,7
"4070",2003,1,5 - 9,13,16
"4070",2003,1,10 - 14,13,38
"4070",2003,1,15 - 19,35,101
"4070",2003,1,20 - 24,60,177
"4070",2003,1,25 - 29,55,179
"4070",2003,1,30 - 34,64,181
"4070",2003,1,35 - 39,115,319
"4070",2003,1,40 - 44,218,508
"4070",2003,1,45 - 49,362,876
"4070",2003,1,50 - 54,571,1379
"4070",2003,1,55 - 59,751,1791
"4070",2003,1,60 - 64,824,1827
"4070",2003,1,65 - 69,1165,2216
"4070",2003,1,70 - 74,2003,3202
"4070",2003,1,75 - 79,3557,3832
"4070",2003,1,80 - 84,4900,3268
"4070",2003,1,85 - 89,5326,2363
"4070",2003,1,90 - 94,3768,1224
"4070",2003,1,95+,1201,306
"4070",2003,1,UNK,0,0
"4070",2003,2,Total,210,167
"4070",2003,2,0,2,0
"4070",2003,2,1,0,1
"4070",2003,2,2,1,0
"4070",2003,2,3,1,0
"4070",2003,2,4,0,0
"4070",2003,2,5 - 9,3,1
"4070",2003,2,10 - 14,0,0
"4070",2003,2,15 - 19,1,2
"4070",2003,2,20 - 24,0,0
"4070",2003,2,25 - 29,3,1
"4070",2003,2,30 - 34,1,1
"4070",2003,2,35 - 39,0,2
"4070",2003,2,40 - 44,2,6
"4070",2003,2,45 - 49,2,8
"4070",2003,2,50 - 54,1,12
"4070",2003,2,55 - 59,5,6
"4070",2003,2,60 - 64,9,16
"4070",2003,2,65 - 69,8,16
"4070",2003,2,70 - 74,18,22
"4070",2003,2,75 - 79,31,21
"4070",2003,2,80 - 84,43,26
"4070",2003,2,85 - 89,36,17
"4070",2003,2,90 - 94,38,9
"4070",2003,2,95+,5,0
"4070",2003,2,UNK,0,0
"4070",2003,3,Total,5206,5499
"4070",2003,3,0,1,1
"4070",2003,3,1,0,1
"4070",2003,3,2,0,1
"4070",2003,3,3,0,1
"4070",2003,3,4,1,1
"4070",2003,3,5 - 9,3,5
"4070",2003,3,10 - 14,3,8
"4070",2003,3,15 - 19,3,9
"4070",2003,3,20 - 24,9,7
"4070",2003,3,25 - 29,7,16
"4070",2003,3,30 - 34,12,9
"4070",2003,3,35 - 39,29,22
"4070",2003,3,40 - 44,74,63
"4070",2003,3,45 - 49,149,119
"4070",2003,3,50 - 54,249,270
"4070",2003,3,55 - 59,354,472
"4070",2003,3,60 - 64,400,534
"4070",2003,3,65 - 69,511,713
"4070",2003,3,70 - 74,694,986
"4070",2003,3,75 - 79,896,993
"4070",2003,3,80 - 84,799,689
"4070",2003,3,85 - 89,650,392
"4070",2003,3,90 - 94,297,157
"4070",2003,3,95+,65,30
"4070",2003,3,UNK,0,0
"4070",2003,4,Total,11088,9687
"4070",2003,4,0,0,1
"4070",2003,4,1,0,0
"4070",2003,4,2,0,0
"4070",2003,4,3,0,1
"4070",2003,4,4,0,0
"4070",2003,4,5 - 9,0,0
"4070",2003,4,10 - 14,0,2
"4070",2003,4,15 - 19,3,3
"4070",2003,4,20 - 24,1,6
"4070",2003,4,25 - 29,6,4
"4070",2003,4,30 - 34,9,12
"4070",2003,4,35 - 39,12,51
"4070",2003,4,40 - 44,35,106
"4070",2003,4,45 - 49,53,225
"4070",2003,4,50 - 54,102,437
"4070",2003,4,55 - 59,147,657
"4070",2003,4,60 - 64,196,730
"4070",2003,4,65 - 69,334,915
"4070",2003,4,70 - 74,761,1410
"4070",2003,4,75 - 79,1574,1786
"4070",2003,4,80 - 84,2515,1535
"4070",2003,4,85 - 89,2802,1100
"4070",2003,4,90 - 94,1939,561
"4070",2003,4,95+,599,145
"4070",2003,4,UNK,0,0
"4070",2003,5,Total,120,151
"4070",2003,5,0,7,15
"4070",2003,5,1,0,2
"4070",2003,5,2,0,2
"4070",2003,5,3,0,0
"4070",2003,5,4,0,1
"4070",2003,5,5 - 9,0,0
"4070",2003,5,10 - 14,0,0
"4070",2003,5,15 - 19,0,1
"4070",2003,5,20 - 24,1,4
"4070",2003,5,25 - 29,1,4
"4070",2003,5,30 - 34,3,2
"4070",2003,5,35 - 39,3,11
"4070",2003,5,40 - 44,8,10
"4070",2003,5,45 - 49,7,19
"4070",2003,5,50 - 54,10,16
"4070",2003,5,55 - 59,16,17
"4070",2003,5,60 - 64,10,12
"4070",2003,5,65 - 69,6,9
"4070",2003,5,70 - 74,7,6
"4070",2003,5,75 - 79,9,10
"4070",2003,5,80 - 84,8,5
"4070",2003,5,85 - 89,12,3
"4070",2003,5,90 - 94,7,2
"4070",2003,5,95+,5,0
"4070",2003,5,UNK,0,0
"4070",2003,6,Total,2163,949
"4070",2003,6,0,0,0
"4070",2003,6,1,0,0
"4070",2003,6,2,0,0
"4070",2003,6,3,0,0
"4070",2003,6,4,0,0
"4070",2003,6,5 - 9,0,0
"4070",2003,6,10 - 14,0,0
"4070",2003,6,15 - 19,0,0
"4070",2003,6,20 - 24,0,5
"4070",2003,6,25 - 29,3,6
"4070",2003,6,30 - 34,2,5
"4070",2003,6,35 - 39,2,5
"4070",2003,6,40 - 44,3,24
"4070",2003,6,45 - 49,7,35
"4070",2003,6,50 - 54,12,36
"4070",2003,6,55 - 59,17,38
"4070",2003,6,60 - 64,12,29
"4070",2003,6,65 - 69,14,38
"4070",2003,6,70 - 74,48,73
"4070",2003,6,75 - 79,177,128
"4070",2003,6,80 - 84,374,152
"4070",2003,6,85 - 89,604,203
"4070",2003,6,90 - 94,625,137
"4070",2003,6,95+,263,35
"4070",2003,6,UNK,0,0
"4070",2003,7,Total,1381,911
"4070",2003,7,0,2,3
"4070",2003,7,1,0,0
"4070",2003,7,2,0,3
"4070",2003,7,3,0,0
"4070",2003,7,4,0,0
"4070",2003,7,5 - 9,2,0
"4070",2003,7,10 - 14,2,5
"4070",2003,7,15 - 19,4,5
"4070",2003,7,20 - 24,3,8
"4070",2003,7,25 - 29,4,6
"4070",2003,7,30 - 34,6,6
"4070",2003,7,35 - 39,3,7
"4070",2003,7,40 - 44,7,21
"4070",2003,7,45 - 49,13,26
"4070",2003,7,50 - 54,30,24
"4070",2003,7,55 - 59,26,39
"4070",2003,7,60 - 64,31,43
"4070",2003,7,65 - 69,73,60
"4070",2003,7,70 - 74,119,121
"4070",2003,7,75 - 79,257,194
"4070",2003,7,80 - 84,320,180
"4070",2003,7,85 - 89,275,115
"4070",2003,7,90 - 94,169,37
"4070",2003,7,95+,35,8
"4070",2003,7,UNK,0,0
"4070",2003,8,Total,348,270
"4070",2003,8,0,2,3
"4070",2003,8,1,0,0
"4070",2003,8,2,0,0
"4070",2003,8,3,0,0
"4070",2003,8,4,1,0
"4070",2003,8,5 - 9,2,3
"4070",2003,8,10 - 14,0,1
"4070",2003,8,15 - 19,0,0
"4070",2003,8,20 - 24,2,3
"4070",2003,8,25 - 29,2,1
"4070",2003,8,30 - 34,3,5
"4070",2003,8,35 - 39,3,8
"4070",2003,8,40 - 44,6,8
"4070",2003,8,45 - 49,5,18
"4070",2003,8,50 - 54,7,26
"4070",2003,8,55 - 59,12,20
"4070",2003,8,60 - 64,10,23
"4070",2003,8,65 - 69,21,26
"4070",2003,8,70 - 74,50,34
"4070",2003,8,75 - 79,54,35
"4070",2003,8,80 - 84,74,29
"4070",2003,8,85 - 89,51,19
"4070",2003,8,90 - 94,35,6
"4070",2003,8,95+,8,2
"4070",2003,8,UNK,0,0
"4070",2003,9,Total,903,1108
"4070",2003,9,0,0,0
"4070",2003,9,1,0,0
"4070",2003,9,2,0,0
"4070",2003,9,3,0,0
"4070",2003,9,4,0,0
"4070",2003,9,5 - 9,0,0
"4070",2003,9,10 - 14,0,1
"4070",2003,9,15 - 19,0,1
"4070",2003,9,20 - 24,1,3
"4070",2003,9,25 - 29,2,3
"4070",2003,9,30 - 34,3,8
"4070",2003,9,35 - 39,9,17
"4070",2003,9,40 - 44,14,47
"4070",2003,9,45 - 49,40,104
"4070",2003,9,50 - 54,39,155
"4070",2003,9,55 - 59,47,164
"4070",2003,9,60 - 64,43,117
"4070",2003,9,65 - 69,62,91
"4070",2003,9,70 - 74,61,97
"4070",2003,9,75 - 79,111,94
"4070",2003,9,80 - 84,131,83
"4070",2003,9,85 - 89,200,78
"4070",2003,9,90 - 94,115,39
"4070",2003,9,95+,25,6
"4070",2003,9,UNK,0,0
"4070",2003,10,Total,317,159
"4070",2003,10,0,0,1
"4070",2003,10,1,0,0
"4070",2003,10,2,0,0
"4070",2003,10,3,0,0
"4070",2003,10,4,0,0
"4070",2003,10,5 - 9,0,0
"4070",2003,10,10 - 14,0,0
"4070",2003,10,15 - 19,0,0
"4070",2003,10,20 - 24,0,0
"4070",2003,10,25 - 29,0,0
"4070",2003,10,30 - 34,0,0
"4070",2003,10,35 - 39,0,1
"4070",2003,10,40 - 44,0,1
"4070",2003,10,45 - 49,0,0
"4070",2003,10,50 - 54,1,4
"4070",2003,10,55 - 59,2,0
"4070",2003,10,60 - 64,5,5
"4070",2003,10,65 - 69,8,5
"4070",2003,10,70 - 74,13,15
"4070",2003,10,75 - 79,40,22
"4070",2003,10,80 - 84,84,36
"4070",2003,10,85 - 89,70,33
"4070",2003,10,90 - 94,65,27
"4070",2003,10,95+,29,9
"4070",2003,10,UNK,0,0
"4070",2003,11,Total,112,132
"4070",2003,11,0,66,70
"4070",2003,11,1,0,2
"4070",2003,11,2,0,2
"4070",2003,11,3,0,0
"4070",2003,11,4,1,0
"4070",2003,11,5 - 9,0,3
"4070",2003,11,10 - 14,0,3
"4070",2003,11,15 - 19,1,2
"4070",2003,11,20 - 24,3,3
"4070",2003,11,25 - 29,2,5
"4070",2003,11,30 - 34,3,1
"4070",2003,11,35 - 39,2,3
"4070",2003,11,40 - 44,3,4
"4070",2003,11,45 - 49,2,7
"4070",2003,11,50 - 54,4,6
"4070",2003,11,55 - 59,5,5
"4070",2003,11,60 - 64,4,5
"4070",2003,11,65 - 69,4,3
"4070",2003,11,70 - 74,4,2
"4070",2003,11,75 - 79,2,2
"4070",2003,11,80 - 84,1,1
"4070",2003,11,85 - 89,2,1
"4070",2003,11,90 - 94,3,2
"4070",2003,11,95+,0,0
"4070",2003,11,UNK,0,0
"4070",2003,12,Total,1717,1950
"4070",2003,12,0,2,2
"4070",2003,12,1,0,0
"4070",2003,12,2,1,0
"4070",2003,12,3,2,0
"4070",2003,12,4,0,1
"4070",2003,12,5 - 9,0,0
"4070",2003,12,10 - 14,3,0
"4070",2003,12,15 - 19,1,0
"4070",2003,12,20 - 24,1,1
"4070",2003,12,25 - 29,0,0
"4070",2003,12,30 - 34,0,5
"4070",2003,12,35 - 39,1,6
"4070",2003,12,40 - 44,4,7
"4070",2003,12,45 - 49,7,13
"4070",2003,12,50 - 54,14,35
"4070",2003,12,55 - 59,28,74
"4070",2003,12,60 - 64,30,104
"4070",2003,12,65 - 69,47,147
"4070",2003,12,70 - 74,115,254
"4070",2003,12,75 - 79,227,395
"4070",2003,12,80 - 84,358,375
"4070",2003,12,85 - 89,424,291
"4070",2003,12,90 - 94,333,181
"4070",2003,12,95+,119,59
"4070",2003,12,UNK,0,0
"4070",2003,13,Total,1243,2785
"4070",2003,13,0,1,2
"4070",2003,13,1,2,2
"4070",2003,13,2,0,2
"4070",2003,13,3,2,4
"4070",2003,13,4,1,4
"4070",2003,13,5 - 9,3,4
"4070",2003,13,10 - 14,5,17
"4070",2003,13,15 - 19,21,77
"4070",2003,13,20 - 24,35,132
"4070",2003,13,25 - 29,23,124
"4070",2003,13,30 - 34,21,121
"4070",2003,13,35 - 39,41,178
"4070",2003,13,40 - 44,55,203
"4070",2003,13,45 - 49,72,290
"4070",2003,13,50 - 54,93,338
"4070",2003,13,55 - 59,78,287
"4070",2003,13,60 - 64,63,198
"4070",2003,13,65 - 69,55,177
"4070",2003,13,70 - 74,76,167
"4070",2003,13,75 - 79,129,137
"4070",2003,13,80 - 84,148,143
"4070",2003,13,85 - 89,159,105
"4070",2003,13,90 - 94,119,63
"4070",2003,13,95+,41,10
"4070",2003,13,UNK,0,0
"4070",2003,14,Total,28,69
"4070",2003,14,0,0,1
"4070",2003,14,1,0,0
"4070",2003,14,2,0,1
"4070",2003,14,3,0,1
"4070",2003,14,4,0,0
"4070",2003,14,5 - 9,0,0
"4070",2003,14,10 - 14,0,0
"4070",2003,14,15 - 19,1,1
"4070",2003,14,20 - 24,3,2
"4070",2003,14,25 - 29,1,9
"4070",2003,14,30 - 34,1,6
"4070",2003,14,35 - 39,7,8
"4070",2003,14,40 - 44,4,7
"4070",2003,14,45 - 49,2,9
"4070",2003,14,50 - 54,3,9
"4070",2003,14,55 - 59,2,6
"4070",2003,14,60 - 64,1,6
"4070",2003,14,65 - 69,1,1
"4070",2003,14,70 - 74,1,2
"4070",2003,14,75 - 79,1,0
"4070",2003,14,80 - 84,0,0
"4070",2003,14,85 - 89,0,0
"4070",2003,14,90 - 94,0,0
"4070",2003,14,95+,0,0
"4070",2003,14,UNK,0,0
"4070",2004,1,Total,23879,23878
"4070",2004,1,0,72,121
"4070",2004,1,1,7,15
"4070",2004,1,2,5,7
"4070",2004,1,3,3,7
"4070",2004,1,4,8,4
"4070",2004,1,5 - 9,24,27
"4070",2004,1,10 - 14,23,30
"4070",2004,1,15 - 19,49,104
"4070",2004,1,20 - 24,62,188
"4070",2004,1,25 - 29,71,164
"4070",2004,1,30 - 34,58,185
"4070",2004,1,35 - 39,143,354
"4070",2004,1,40 - 44,245,538
"4070",2004,1,45 - 49,360,878
"4070",2004,1,50 - 54,605,1374
"4070",2004,1,55 - 59,862,1913
"4070",2004,1,60 - 64,827,1843
"4070",2004,1,65 - 69,1171,2341
"4070",2004,1,70 - 74,1836,3039
"4070",2004,1,75 - 79,3157,3705
"4070",2004,1,80 - 84,4760,3338
"4070",2004,1,85 - 89,4786,2213
"4070",2004,1,90 - 94,3471,1199
"4070",2004,1,95+,1274,291
"4070",2004,1,UNK,0,0
"4070",2004,2,Total,190,153
"4070",2004,2,0,0,3
"4070",2004,2,1,0,2
"4070",2004,2,2,0,0
"4070",2004,2,3,0,0
"4070",2004,2,4,1,1
"4070",2004,2,5 - 9,0,0
"4070",2004,2,10 - 14,0,0
"4070",2004,2,15 - 19,0,0
"4070",2004,2,20 - 24,1,0
"4070",2004,2,25 - 29,0,0
"4070",2004,2,30 - 34,0,3
"4070",2004,2,35 - 39,2,5
"4070",2004,2,40 - 44,0,2
"4070",2004,2,45 - 49,4,7
"4070",2004,2,50 - 54,5,11
"4070",2004,2,55 - 59,8,9
"4070",2004,2,60 - 64,9,8
"4070",2004,2,65 - 69,5,17
"4070",2004,2,70 - 74,23,11
"4070",2004,2,75 - 79,27,18
"4070",2004,2,80 - 84,41,28
"4070",2004,2,85 - 89,41,19
"4070",2004,2,90 - 94,10,6
"4070",2004,2,95+,13,3
"4070",2004,2,UNK,0,0
"4070",2004,3,Total,5149,5619
"4070",2004,3,0,2,1
"4070",2004,3,1,1,3
"4070",2004,3,2,1,0
"4070",2004,3,3,0,1
"4070",2004,3,4,0,1
"4070",2004,3,5 - 9,5,4
"4070",2004,3,10 - 14,7,5
"4070",2004,3,15 - 19,6,3
"4070",2004,3,20 - 24,8,4
"4070",2004,3,25 - 29,9,11
"4070",2004,3,30 - 34,9,9
"4070",2004,3,35 - 39,34,37
"4070",2004,3,40 - 44,77,51
"4070",2004,3,45 - 49,146,98
"4070",2004,3,50 - 54,223,256
"4070",2004,3,55 - 59,389,462
"4070",2004,3,60 - 64,386,594
"4070",2004,3,65 - 69,543,727
"4070",2004,3,70 - 74,643,935
"4070",2004,3,75 - 79,785,1050
"4070",2004,3,80 - 84,943,796
"4070",2004,3,85 - 89,574,388
"4070",2004,3,90 - 94,286,160
"4070",2004,3,95+,72,23
"4070",2004,3,UNK,0,0
"4070",2004,4,Total,10300,9458
"4070",2004,4,0,0,2
"4070",2004,4,1,0,0
"4070",2004,4,2,1,0
"4070",2004,4,3,0,0
"4070",2004,4,4,0,0
"4070",2004,4,5 - 9,0,0
"4070",2004,4,10 - 14,0,0
"4070",2004,4,15 - 19,3,5
"4070",2004,4,20 - 24,4,9
"4070",2004,4,25 - 29,8,3
"4070",2004,4,30 - 34,6,15
"4070",2004,4,35 - 39,23,46
"4070",2004,4,40 - 44,34,114
"4070",2004,4,45 - 49,39,223
"4070",2004,4,50 - 54,105,405
"4070",2004,4,55 - 59,173,693
"4070",2004,4,60 - 64,208,708
"4070",2004,4,65 - 69,341,952
"4070",2004,4,70 - 74,653,1336
"4070",2004,4,75 - 79,1397,1618
"4070",2004,4,80 - 84,2317,1559
"4070",2004,4,85 - 89,2540,1063
"4070",2004,4,90 - 94,1803,575
"4070",2004,4,95+,645,132
"4070",2004,4,UNK,0,0
"4070",2004,5,Total,112,162
"4070",2004,5,0,4,12
"4070",2004,5,1,0,1
"4070",2004,5,2,0,0
"4070",2004,5,3,0,0
"4070",2004,5,4,0,0
"4070",2004,5,5 - 9,0,0
"4070",2004,5,10 - 14,1,0
"4070",2004,5,15 - 19,1,2
"4070",2004,5,20 - 24,1,2
"4070",2004,5,25 - 29,1,4
"4070",2004,5,30 - 34,0,1
"4070",2004,5,35 - 39,3,3
"4070",2004,5,40 - 44,8,10
"4070",2004,5,45 - 49,7,22
"4070",2004,5,50 - 54,8,22
"4070",2004,5,55 - 59,17,17
"4070",2004,5,60 - 64,8,17
"4070",2004,5,65 - 69,10,11
"4070",2004,5,70 - 74,8,16
"4070",2004,5,75 - 79,5,7
"4070",2004,5,80 - 84,5,11
"4070",2004,5,85 - 89,6,2
"4070",2004,5,90 - 94,10,2
"4070",2004,5,95+,9,0
"4070",2004,5,UNK,0,0
"4070",2004,6,Total,1965,862
"4070",2004,6,0,0,0
"4070",2004,6,1,0,0
"4070",2004,6,2,0,0
"4070",2004,6,3,0,0
"4070",2004,6,4,0,0
"4070",2004,6,5 - 9,0,0
"4070",2004,6,10 - 14,0,0
"4070",2004,6,15 - 19,1,1
"4070",2004,6,20 - 24,0,8
"4070",2004,6,25 - 29,1,4
"4070",2004,6,30 - 34,2,6
"4070",2004,6,35 - 39,6,20
"4070",2004,6,40 - 44,6,27
"4070",2004,6,45 - 49,11,37
"4070",2004,6,50 - 54,15,43
"4070",2004,6,55 - 59,12,26
"4070",2004,6,60 - 64,8,19
"4070",2004,6,65 - 69,20,34
"4070",2004,6,70 - 74,45,59
"4070",2004,6,75 - 79,145,111
"4070",2004,6,80 - 84,334,137
"4070",2004,6,85 - 89,533,151
"4070",2004,6,90 - 94,558,137
"4070",2004,6,95+,268,42
"4070",2004,6,UNK,0,0
"4070",2004,7,Total,1475,1013
"4070",2004,7,0,2,3
"4070",2004,7,1,1,0
"4070",2004,7,2,1,1
"4070",2004,7,3,0,1
"4070",2004,7,4,1,0
"4070",2004,7,5 - 9,1,4
"4070",2004,7,10 - 14,1,2
"4070",2004,7,15 - 19,5,2
"4070",2004,7,20 - 24,0,2
"4070",2004,7,25 - 29,3,3
"4070",2004,7,30 - 34,1,7
"4070",2004,7,35 - 39,5,8
"4070",2004,7,40 - 44,7,14
"4070",2004,7,45 - 49,13,29
"4070",2004,7,50 - 54,22,28
"4070",2004,7,55 - 59,34,36
"4070",2004,7,60 - 64,38,41
"4070",2004,7,65 - 69,52,84
"4070",2004,7,70 - 74,120,115
"4070",2004,7,75 - 79,257,217
"4070",2004,7,80 - 84,353,217
"4070",2004,7,85 - 89,319,138
"4070",2004,7,90 - 94,195,55
"4070",2004,7,95+,44,6
"4070",2004,7,UNK,0,0
"4070",2004,8,Total,334,297
"4070",2004,8,0,1,2
"4070",2004,8,1,3,1
"4070",2004,8,2,0,0
"4070",2004,8,3,0,0
"4070",2004,8,4,0,0
"4070",2004,8,5 - 9,0,0
"4070",2004,8,10 - 14,1,0
"4070",2004,8,15 - 19,0,0
"4070",2004,8,20 - 24,1,4
"4070",2004,8,25 - 29,0,6
"4070",2004,8,30 - 34,4,7
"4070",2004,8,35 - 39,2,4
"4070",2004,8,40 - 44,7,11
"4070",2004,8,45 - 49,6,23
"4070",2004,8,50 - 54,17,26
"4070",2004,8,55 - 59,15,23
"4070",2004,8,60 - 64,7,24
"4070",2004,8,65 - 69,10,25
"4070",2004,8,70 - 74,43,32
"4070",2004,8,75 - 79,43,48
"4070",2004,8,80 - 84,76,37
"4070",2004,8,85 - 89,63,17
"4070",2004,8,90 - 94,27,5
"4070",2004,8,95+,8,2
"4070",2004,8,UNK,0,0
"4070",2004,9,Total,1021,1310
"4070",2004,9,0,0,0
"4070",2004,9,1,0,0
"4070",2004,9,2,0,0
"4070",2004,9,3,0,1
"4070",2004,9,4,0,0
"4070",2004,9,5 - 9,0,0
"4070",2004,9,10 - 14,0,0
"4070",2004,9,15 - 19,0,0
"4070",2004,9,20 - 24,0,0
"4070",2004,9,25 - 29,1,1
"4070",2004,9,30 - 34,3,10
"4070",2004,9,35 - 39,7,27
"4070",2004,9,40 - 44,27,56
"4070",2004,9,45 - 49,36,127
"4070",2004,9,50 - 54,77,201
"4070",2004,9,55 - 59,67,219
"4070",2004,9,60 - 64,36,149
"4070",2004,9,65 - 69,44,115
"4070",2004,9,70 - 74,90,110
"4070",2004,9,75 - 79,126,106
"4070",2004,9,80 - 84,185,86
"4070",2004,9,85 - 89,174,59
"4070",2004,9,90 - 94,108,35
"4070",2004,9,95+,40,8
"4070",2004,9,UNK,0,0
"4070",2004,10,Total,276,150
"4070",2004,10,0,0,0
"4070",2004,10,1,0,0
"4070",2004,10,2,0,0
"4070",2004,10,3,0,0
"4070",2004,10,4,0,0
"4070",2004,10,5 - 9,0,0
"4070",2004,10,10 - 14,0,1
"4070",2004,10,15 - 19,0,0
"4070",2004,10,20 - 24,0,0
"4070",2004,10,25 - 29,0,0
"4070",2004,10,30 - 34,0,0
"4070",2004,10,35 - 39,1,0
"4070",2004,10,40 - 44,0,2
"4070",2004,10,45 - 49,0,0
"4070",2004,10,50 - 54,2,2
"4070",2004,10,55 - 59,1,2
"4070",2004,10,60 - 64,4,2
"4070",2004,10,65 - 69,3,11
"4070",2004,10,70 - 74,9,11
"4070",2004,10,75 - 79,33,24
"4070",2004,10,80 - 84,66,34
"4070",2004,10,85 - 89,64,33
"4070",2004,10,90 - 94,71,19
"4070",2004,10,95+,22,9
"4070",2004,10,UNK,0,0
"4070",2004,11,Total,122,156
"4070",2004,11,0,61,96
"4070",2004,11,1,0,1
"4070",2004,11,2,1,1
"4070",2004,11,3,0,1
"4070",2004,11,4,2,1
"4070",2004,11,5 - 9,1,1
"4070",2004,11,10 - 14,2,2
"4070",2004,11,15 - 19,3,4
"4070",2004,11,20 - 24,4,4
"4070",2004,11,25 - 29,2,7
"4070",2004,11,30 - 34,2,1
"4070",2004,11,35 - 39,1,7
"4070",2004,11,40 - 44,4,0
"4070",2004,11,45 - 49,2,4
"4070",2004,11,50 - 54,7,7
"4070",2004,11,55 - 59,6,7
"4070",2004,11,60 - 64,8,5
"4070",2004,11,65 - 69,5,4
"4070",2004,11,70 - 74,4,3
"4070",2004,11,75 - 79,3,0
"4070",2004,11,80 - 84,2,0
"4070",2004,11,85 - 89,1,0
"4070",2004,11,90 - 94,1,0
"4070",2004,11,95+,0,0
"4070",2004,11,UNK,0,0
"4070",2004,12,Total,1338,1633
"4070",2004,12,0,0,0
"4070",2004,12,1,1,0
"4070",2004,12,2,0,0
"4070",2004,12,3,0,0
"4070",2004,12,4,0,1
"4070",2004,12,5 - 9,1,0
"4070",2004,12,10 - 14,1,0
"4070",2004,12,15 - 19,0,1
"4070",2004,12,20 - 24,0,1
"4070",2004,12,25 - 29,0,1
"4070",2004,12,30 - 34,0,0
"4070",2004,12,35 - 39,1,2
"4070",2004,12,40 - 44,2,17
"4070",2004,12,45 - 49,6,16
"4070",2004,12,50 - 54,17,36
"4070",2004,12,55 - 59,30,65
"4070",2004,12,60 - 64,35,72
"4070",2004,12,65 - 69,48,145
"4070",2004,12,70 - 74,101,212
"4070",2004,12,75 - 79,185,307
"4070",2004,12,80 - 84,232,295
"4070",2004,12,85 - 89,306,264
"4070",2004,12,90 - 94,261,144
"4070",2004,12,95+,111,54
"4070",2004,12,UNK,0,0
"4070",2004,13,Total,1353,2870
"4070",2004,13,0,2,2
"4070",2004,13,1,1,7
"4070",2004,13,2,1,4
"4070",2004,13,3,3,3
"4070",2004,13,4,4,0
"4070",2004,13,5 - 9,13,16
"4070",2004,13,10 - 14,10,19
"4070",2004,13,15 - 19,30,81
"4070",2004,13,20 - 24,40,147
"4070",2004,13,25 - 29,40,118
"4070",2004,13,30 - 34,26,120
"4070",2004,13,35 - 39,52,179
"4070",2004,13,40 - 44,68,221
"4070",2004,13,45 - 49,82,275
"4070",2004,13,50 - 54,102,319
"4070",2004,13,55 - 59,102,334
"4070",2004,13,60 - 64,69,197
"4070",2004,13,65 - 69,70,201
"4070",2004,13,70 - 74,70,180
"4070",2004,13,75 - 79,110,179
"4070",2004,13,80 - 84,157,125
"4070",2004,13,85 - 89,140,74
"4070",2004,13,90 - 94,123,57
"4070",2004,13,95+,38,12
"4070",2004,13,UNK,0,0
"4070",2004,14,Total,30,100
"4070",2004,14,0,0,0
"4070",2004,14,1,0,0
"4070",2004,14,2,0,1
"4070",2004,14,3,0,0
"4070",2004,14,4,0,0
"4070",2004,14,5 - 9,2,1
"4070",2004,14,10 - 14,0,0
"4070",2004,14,15 - 19,0,4
"4070",2004,14,20 - 24,2,7
"4070",2004,14,25 - 29,4,6
"4070",2004,14,30 - 34,1,6
"4070",2004,14,35 - 39,4,13
"4070",2004,14,40 - 44,3,12
"4070",2004,14,45 - 49,5,15
"4070",2004,14,50 - 54,2,13
"4070",2004,14,55 - 59,1,15
"4070",2004,14,60 - 64,1,2
"4070",2004,14,65 - 69,2,3
"4070",2004,14,70 - 74,2,2
"4070",2004,14,75 - 79,1,0
"4070",2004,14,80 - 84,0,0
"4070",2004,14,85 - 89,0,0
"4070",2004,14,90 - 94,0,0
"4070",2004,14,95+,0,0
"4070",2004,14,UNK,0,0
