"","Year","Cause","Age","Female","Male"
"4170",2007,1,Total,13726,14391
"4170",2007,1,0,105,125
"4170",2007,1,1,15,9
"4170",2007,1,2,2,10
"4170",2007,1,3,1,6
"4170",2007,1,4,5,6
"4170",2007,1,5 - 9,9,8
"4170",2007,1,10 - 14,18,32
"4170",2007,1,15 - 19,40,109
"4170",2007,1,20 - 24,39,163
"4170",2007,1,25 - 29,64,184
"4170",2007,1,30 - 34,80,168
"4170",2007,1,35 - 39,104,191
"4170",2007,1,40 - 44,144,258
"4170",2007,1,45 - 49,227,379
"4170",2007,1,50 - 54,316,492
"4170",2007,1,55 - 59,459,802
"4170",2007,1,60 - 64,639,1044
"4170",2007,1,65 - 69,741,1292
"4170",2007,1,70 - 74,1232,1709
"4170",2007,1,75 - 79,1821,2196
"4170",2007,1,80 - 84,2587,2387
"4170",2007,1,85 - 89,2633,1824
"4170",2007,1,90 - 94,1735,783
"4170",2007,1,95+,710,214
"4170",2007,1,UNK,0,0
"4170",2007,2,Total,125,127
"4170",2007,2,0,0,1
"4170",2007,2,1,2,0
"4170",2007,2,2,0,1
"4170",2007,2,3,0,0
"4170",2007,2,4,0,0
"4170",2007,2,5 - 9,0,0
"4170",2007,2,10 - 14,0,0
"4170",2007,2,15 - 19,0,2
"4170",2007,2,20 - 24,0,0
"4170",2007,2,25 - 29,3,1
"4170",2007,2,30 - 34,1,2
"4170",2007,2,35 - 39,2,4
"4170",2007,2,40 - 44,2,6
"4170",2007,2,45 - 49,1,5
"4170",2007,2,50 - 54,2,4
"4170",2007,2,55 - 59,6,7
"4170",2007,2,60 - 64,2,5
"4170",2007,2,65 - 69,5,5
"4170",2007,2,70 - 74,10,11
"4170",2007,2,75 - 79,19,26
"4170",2007,2,80 - 84,34,19
"4170",2007,2,85 - 89,20,21
"4170",2007,2,90 - 94,11,4
"4170",2007,2,95+,5,3
"4170",2007,2,UNK,0,0
"4170",2007,3,Total,3823,4298
"4170",2007,3,0,0,1
"4170",2007,3,1,2,0
"4170",2007,3,2,1,0
"4170",2007,3,3,1,1
"4170",2007,3,4,1,1
"4170",2007,3,5 - 9,2,1
"4170",2007,3,10 - 14,9,4
"4170",2007,3,15 - 19,7,4
"4170",2007,3,20 - 24,6,3
"4170",2007,3,25 - 29,15,10
"4170",2007,3,30 - 34,20,10
"4170",2007,3,35 - 39,39,25
"4170",2007,3,40 - 44,72,56
"4170",2007,3,45 - 49,122,106
"4170",2007,3,50 - 54,162,151
"4170",2007,3,55 - 59,258,320
"4170",2007,3,60 - 64,346,463
"4170",2007,3,65 - 69,371,563
"4170",2007,3,70 - 74,574,680
"4170",2007,3,75 - 79,615,684
"4170",2007,3,80 - 84,597,702
"4170",2007,3,85 - 89,377,364
"4170",2007,3,90 - 94,185,122
"4170",2007,3,95+,41,27
"4170",2007,3,UNK,0,0
"4170",2007,4,Total,4972,4984
"4170",2007,4,0,0,1
"4170",2007,4,1,0,0
"4170",2007,4,2,0,0
"4170",2007,4,3,0,1
"4170",2007,4,4,0,0
"4170",2007,4,5 - 9,1,1
"4170",2007,4,10 - 14,0,2
"4170",2007,4,15 - 19,4,5
"4170",2007,4,20 - 24,4,8
"4170",2007,4,25 - 29,3,10
"4170",2007,4,30 - 34,12,14
"4170",2007,4,35 - 39,11,33
"4170",2007,4,40 - 44,22,48
"4170",2007,4,45 - 49,37,95
"4170",2007,4,50 - 54,51,160
"4170",2007,4,55 - 59,69,252
"4170",2007,4,60 - 64,132,353
"4170",2007,4,65 - 69,180,442
"4170",2007,4,70 - 74,325,621
"4170",2007,4,75 - 79,641,811
"4170",2007,4,80 - 84,1063,898
"4170",2007,4,85 - 89,1203,799
"4170",2007,4,90 - 94,855,341
"4170",2007,4,95+,359,89
"4170",2007,4,UNK,0,0
"4170",2007,5,Total,55,47
"4170",2007,5,0,12,12
"4170",2007,5,1,1,0
"4170",2007,5,2,0,0
"4170",2007,5,3,0,1
"4170",2007,5,4,0,0
"4170",2007,5,5 - 9,0,0
"4170",2007,5,10 - 14,0,1
"4170",2007,5,15 - 19,0,1
"4170",2007,5,20 - 24,0,1
"4170",2007,5,25 - 29,1,0
"4170",2007,5,30 - 34,3,1
"4170",2007,5,35 - 39,1,2
"4170",2007,5,40 - 44,1,0
"4170",2007,5,45 - 49,2,2
"4170",2007,5,50 - 54,3,1
"4170",2007,5,55 - 59,0,4
"4170",2007,5,60 - 64,2,3
"4170",2007,5,65 - 69,0,2
"4170",2007,5,70 - 74,2,1
"4170",2007,5,75 - 79,5,1
"4170",2007,5,80 - 84,4,3
"4170",2007,5,85 - 89,6,3
"4170",2007,5,90 - 94,7,6
"4170",2007,5,95+,5,2
"4170",2007,5,UNK,0,0
"4170",2007,6,Total,300,165
"4170",2007,6,0,0,0
"4170",2007,6,1,0,0
"4170",2007,6,2,0,0
"4170",2007,6,3,0,0
"4170",2007,6,4,0,0
"4170",2007,6,5 - 9,0,0
"4170",2007,6,10 - 14,0,0
"4170",2007,6,15 - 19,0,0
"4170",2007,6,20 - 24,1,0
"4170",2007,6,25 - 29,0,0
"4170",2007,6,30 - 34,0,0
"4170",2007,6,35 - 39,0,0
"4170",2007,6,40 - 44,0,0
"4170",2007,6,45 - 49,0,0
"4170",2007,6,50 - 54,0,1
"4170",2007,6,55 - 59,1,1
"4170",2007,6,60 - 64,1,2
"4170",2007,6,65 - 69,3,3
"4170",2007,6,70 - 74,4,14
"4170",2007,6,75 - 79,23,32
"4170",2007,6,80 - 84,71,42
"4170",2007,6,85 - 89,100,28
"4170",2007,6,90 - 94,63,33
"4170",2007,6,95+,33,9
"4170",2007,6,UNK,0,0
"4170",2007,7,Total,509,407
"4170",2007,7,0,3,5
"4170",2007,7,1,0,3
"4170",2007,7,2,0,3
"4170",2007,7,3,0,0
"4170",2007,7,4,1,0
"4170",2007,7,5 - 9,1,2
"4170",2007,7,10 - 14,2,2
"4170",2007,7,15 - 19,3,9
"4170",2007,7,20 - 24,1,5
"4170",2007,7,25 - 29,1,6
"4170",2007,7,30 - 34,3,1
"4170",2007,7,35 - 39,5,5
"4170",2007,7,40 - 44,3,8
"4170",2007,7,45 - 49,6,11
"4170",2007,7,50 - 54,10,14
"4170",2007,7,55 - 59,15,20
"4170",2007,7,60 - 64,18,22
"4170",2007,7,65 - 69,16,23
"4170",2007,7,70 - 74,36,37
"4170",2007,7,75 - 79,71,62
"4170",2007,7,80 - 84,108,91
"4170",2007,7,85 - 89,118,51
"4170",2007,7,90 - 94,68,21
"4170",2007,7,95+,20,6
"4170",2007,7,UNK,0,0
"4170",2007,8,Total,362,365
"4170",2007,8,0,1,2
"4170",2007,8,1,0,0
"4170",2007,8,2,0,1
"4170",2007,8,3,0,0
"4170",2007,8,4,1,2
"4170",2007,8,5 - 9,0,1
"4170",2007,8,10 - 14,3,1
"4170",2007,8,15 - 19,2,3
"4170",2007,8,20 - 24,6,2
"4170",2007,8,25 - 29,4,2
"4170",2007,8,30 - 34,5,2
"4170",2007,8,35 - 39,4,4
"4170",2007,8,40 - 44,7,8
"4170",2007,8,45 - 49,1,7
"4170",2007,8,50 - 54,4,7
"4170",2007,8,55 - 59,5,10
"4170",2007,8,60 - 64,8,26
"4170",2007,8,65 - 69,25,28
"4170",2007,8,70 - 74,31,37
"4170",2007,8,75 - 79,50,78
"4170",2007,8,80 - 84,75,70
"4170",2007,8,85 - 89,71,51
"4170",2007,8,90 - 94,43,16
"4170",2007,8,95+,16,7
"4170",2007,8,UNK,0,0
"4170",2007,9,Total,561,601
"4170",2007,9,0,0,0
"4170",2007,9,1,1,0
"4170",2007,9,2,0,1
"4170",2007,9,3,0,1
"4170",2007,9,4,0,0
"4170",2007,9,5 - 9,0,0
"4170",2007,9,10 - 14,0,0
"4170",2007,9,15 - 19,0,1
"4170",2007,9,20 - 24,0,0
"4170",2007,9,25 - 29,0,5
"4170",2007,9,30 - 34,4,8
"4170",2007,9,35 - 39,7,8
"4170",2007,9,40 - 44,7,24
"4170",2007,9,45 - 49,13,38
"4170",2007,9,50 - 54,24,57
"4170",2007,9,55 - 59,34,55
"4170",2007,9,60 - 64,29,41
"4170",2007,9,65 - 69,30,63
"4170",2007,9,70 - 74,45,65
"4170",2007,9,75 - 79,69,71
"4170",2007,9,80 - 84,107,73
"4170",2007,9,85 - 89,119,56
"4170",2007,9,90 - 94,58,23
"4170",2007,9,95+,14,11
"4170",2007,9,UNK,0,0
"4170",2007,10,Total,376,290
"4170",2007,10,0,0,0
"4170",2007,10,1,0,0
"4170",2007,10,2,0,0
"4170",2007,10,3,0,0
"4170",2007,10,4,0,0
"4170",2007,10,5 - 9,0,0
"4170",2007,10,10 - 14,0,0
"4170",2007,10,15 - 19,0,0
"4170",2007,10,20 - 24,1,0
"4170",2007,10,25 - 29,0,0
"4170",2007,10,30 - 34,1,2
"4170",2007,10,35 - 39,0,0
"4170",2007,10,40 - 44,1,1
"4170",2007,10,45 - 49,0,0
"4170",2007,10,50 - 54,1,1
"4170",2007,10,55 - 59,4,6
"4170",2007,10,60 - 64,5,11
"4170",2007,10,65 - 69,9,18
"4170",2007,10,70 - 74,27,23
"4170",2007,10,75 - 79,48,51
"4170",2007,10,80 - 84,71,66
"4170",2007,10,85 - 89,117,73
"4170",2007,10,90 - 94,59,30
"4170",2007,10,95+,32,8
"4170",2007,10,UNK,0,0
"4170",2007,11,Total,124,155
"4170",2007,11,0,88,101
"4170",2007,11,1,2,2
"4170",2007,11,2,1,1
"4170",2007,11,3,0,2
"4170",2007,11,4,0,1
"4170",2007,11,5 - 9,1,3
"4170",2007,11,10 - 14,1,2
"4170",2007,11,15 - 19,3,3
"4170",2007,11,20 - 24,1,2
"4170",2007,11,25 - 29,2,8
"4170",2007,11,30 - 34,3,5
"4170",2007,11,35 - 39,2,1
"4170",2007,11,40 - 44,2,4
"4170",2007,11,45 - 49,2,3
"4170",2007,11,50 - 54,1,1
"4170",2007,11,55 - 59,2,3
"4170",2007,11,60 - 64,3,9
"4170",2007,11,65 - 69,2,1
"4170",2007,11,70 - 74,3,1
"4170",2007,11,75 - 79,3,1
"4170",2007,11,80 - 84,2,0
"4170",2007,11,85 - 89,0,0
"4170",2007,11,90 - 94,0,1
"4170",2007,11,95+,0,0
"4170",2007,11,UNK,0,0
"4170",2007,12,Total,1759,1565
"4170",2007,12,0,0,0
"4170",2007,12,1,0,1
"4170",2007,12,2,0,1
"4170",2007,12,3,0,0
"4170",2007,12,4,0,0
"4170",2007,12,5 - 9,0,0
"4170",2007,12,10 - 14,0,2
"4170",2007,12,15 - 19,0,1
"4170",2007,12,20 - 24,1,1
"4170",2007,12,25 - 29,2,1
"4170",2007,12,30 - 34,0,1
"4170",2007,12,35 - 39,0,4
"4170",2007,12,40 - 44,2,4
"4170",2007,12,45 - 49,6,17
"4170",2007,12,50 - 54,11,15
"4170",2007,12,55 - 59,26,32
"4170",2007,12,60 - 64,50,55
"4170",2007,12,65 - 69,62,80
"4170",2007,12,70 - 74,128,149
"4170",2007,12,75 - 79,222,302
"4170",2007,12,80 - 84,376,357
"4170",2007,12,85 - 89,407,329
"4170",2007,12,90 - 94,306,168
"4170",2007,12,95+,160,45
"4170",2007,12,UNK,0,0
"4170",2007,13,Total,500,1211
"4170",2007,13,0,0,2
"4170",2007,13,1,5,3
"4170",2007,13,2,0,2
"4170",2007,13,3,0,0
"4170",2007,13,4,2,2
"4170",2007,13,5 - 9,3,0
"4170",2007,13,10 - 14,3,18
"4170",2007,13,15 - 19,21,76
"4170",2007,13,20 - 24,18,135
"4170",2007,13,25 - 29,31,128
"4170",2007,13,30 - 34,24,115
"4170",2007,13,35 - 39,31,101
"4170",2007,13,40 - 44,23,94
"4170",2007,13,45 - 49,34,91
"4170",2007,13,50 - 54,44,72
"4170",2007,13,55 - 59,31,82
"4170",2007,13,60 - 64,34,43
"4170",2007,13,65 - 69,24,52
"4170",2007,13,70 - 74,22,52
"4170",2007,13,75 - 79,31,52
"4170",2007,13,80 - 84,42,42
"4170",2007,13,85 - 89,35,31
"4170",2007,13,90 - 94,34,12
"4170",2007,13,95+,8,6
"4170",2007,13,UNK,0,0
"4170",2007,14,Total,7,42
"4170",2007,14,0,0,0
"4170",2007,14,1,0,0
"4170",2007,14,2,0,0
"4170",2007,14,3,0,0
"4170",2007,14,4,0,0
"4170",2007,14,5 - 9,1,0
"4170",2007,14,10 - 14,0,0
"4170",2007,14,15 - 19,0,4
"4170",2007,14,20 - 24,0,6
"4170",2007,14,25 - 29,1,12
"4170",2007,14,30 - 34,3,7
"4170",2007,14,35 - 39,1,3
"4170",2007,14,40 - 44,0,4
"4170",2007,14,45 - 49,1,0
"4170",2007,14,50 - 54,0,1
"4170",2007,14,55 - 59,0,1
"4170",2007,14,60 - 64,0,2
"4170",2007,14,65 - 69,0,1
"4170",2007,14,70 - 74,0,1
"4170",2007,14,75 - 79,0,0
"4170",2007,14,80 - 84,0,0
"4170",2007,14,85 - 89,0,0
"4170",2007,14,90 - 94,0,0
"4170",2007,14,95+,0,0
"4170",2007,14,UNK,0,0
"4170",2008,1,Total,13817,14457
"4170",2008,1,0,122,162
"4170",2008,1,1,10,15
"4170",2008,1,2,6,7
"4170",2008,1,3,1,4
"4170",2008,1,4,5,4
"4170",2008,1,5 - 9,9,19
"4170",2008,1,10 - 14,13,27
"4170",2008,1,15 - 19,38,93
"4170",2008,1,20 - 24,40,146
"4170",2008,1,25 - 29,67,165
"4170",2008,1,30 - 34,66,181
"4170",2008,1,35 - 39,118,217
"4170",2008,1,40 - 44,165,267
"4170",2008,1,45 - 49,288,350
"4170",2008,1,50 - 54,351,494
"4170",2008,1,55 - 59,468,769
"4170",2008,1,60 - 64,635,1081
"4170",2008,1,65 - 69,762,1375
"4170",2008,1,70 - 74,1085,1736
"4170",2008,1,75 - 79,1709,2144
"4170",2008,1,80 - 84,2520,2368
"4170",2008,1,85 - 89,2768,1797
"4170",2008,1,90 - 94,1760,818
"4170",2008,1,95+,811,218
"4170",2008,1,UNK,0,0
"4170",2008,2,Total,113,106
"4170",2008,2,0,1,1
"4170",2008,2,1,1,0
"4170",2008,2,2,1,0
"4170",2008,2,3,0,0
"4170",2008,2,4,1,0
"4170",2008,2,5 - 9,0,1
"4170",2008,2,10 - 14,0,0
"4170",2008,2,15 - 19,1,0
"4170",2008,2,20 - 24,0,1
"4170",2008,2,25 - 29,5,2
"4170",2008,2,30 - 34,4,3
"4170",2008,2,35 - 39,2,5
"4170",2008,2,40 - 44,2,6
"4170",2008,2,45 - 49,2,8
"4170",2008,2,50 - 54,2,1
"4170",2008,2,55 - 59,4,7
"4170",2008,2,60 - 64,5,4
"4170",2008,2,65 - 69,3,9
"4170",2008,2,70 - 74,8,11
"4170",2008,2,75 - 79,17,14
"4170",2008,2,80 - 84,16,17
"4170",2008,2,85 - 89,20,9
"4170",2008,2,90 - 94,11,5
"4170",2008,2,95+,7,2
"4170",2008,2,UNK,0,0
"4170",2008,3,Total,3989,4400
"4170",2008,3,0,2,1
"4170",2008,3,1,2,1
"4170",2008,3,2,2,0
"4170",2008,3,3,0,0
"4170",2008,3,4,1,0
"4170",2008,3,5 - 9,1,8
"4170",2008,3,10 - 14,4,6
"4170",2008,3,15 - 19,2,5
"4170",2008,3,20 - 24,3,7
"4170",2008,3,25 - 29,11,11
"4170",2008,3,30 - 34,20,16
"4170",2008,3,35 - 39,56,32
"4170",2008,3,40 - 44,72,58
"4170",2008,3,45 - 49,156,98
"4170",2008,3,50 - 54,211,162
"4170",2008,3,55 - 59,275,298
"4170",2008,3,60 - 64,395,465
"4170",2008,3,65 - 69,421,628
"4170",2008,3,70 - 74,473,679
"4170",2008,3,75 - 79,571,723
"4170",2008,3,80 - 84,604,661
"4170",2008,3,85 - 89,455,391
"4170",2008,3,90 - 94,193,132
"4170",2008,3,95+,59,18
"4170",2008,3,UNK,0,0
"4170",2008,4,Total,4989,4967
"4170",2008,4,0,0,0
"4170",2008,4,1,1,0
"4170",2008,4,2,0,1
"4170",2008,4,3,0,0
"4170",2008,4,4,0,0
"4170",2008,4,5 - 9,0,0
"4170",2008,4,10 - 14,1,2
"4170",2008,4,15 - 19,0,3
"4170",2008,4,20 - 24,2,5
"4170",2008,4,25 - 29,6,9
"4170",2008,4,30 - 34,8,12
"4170",2008,4,35 - 39,9,26
"4170",2008,4,40 - 44,26,61
"4170",2008,4,45 - 49,36,93
"4170",2008,4,50 - 54,58,149
"4170",2008,4,55 - 59,72,245
"4170",2008,4,60 - 64,106,331
"4170",2008,4,65 - 69,154,426
"4170",2008,4,70 - 74,293,608
"4170",2008,4,75 - 79,605,806
"4170",2008,4,80 - 84,1046,959
"4170",2008,4,85 - 89,1265,754
"4170",2008,4,90 - 94,893,385
"4170",2008,4,95+,408,92
"4170",2008,4,UNK,0,0
"4170",2008,5,Total,41,52
"4170",2008,5,0,10,13
"4170",2008,5,1,0,3
"4170",2008,5,2,0,2
"4170",2008,5,3,0,0
"4170",2008,5,4,0,0
"4170",2008,5,5 - 9,0,0
"4170",2008,5,10 - 14,0,0
"4170",2008,5,15 - 19,0,1
"4170",2008,5,20 - 24,1,0
"4170",2008,5,25 - 29,1,1
"4170",2008,5,30 - 34,1,3
"4170",2008,5,35 - 39,1,4
"4170",2008,5,40 - 44,0,1
"4170",2008,5,45 - 49,1,2
"4170",2008,5,50 - 54,0,2
"4170",2008,5,55 - 59,3,3
"4170",2008,5,60 - 64,0,2
"4170",2008,5,65 - 69,1,1
"4170",2008,5,70 - 74,0,0
"4170",2008,5,75 - 79,2,3
"4170",2008,5,80 - 84,2,4
"4170",2008,5,85 - 89,7,4
"4170",2008,5,90 - 94,6,1
"4170",2008,5,95+,5,2
"4170",2008,5,UNK,0,0
"4170",2008,6,Total,271,145
"4170",2008,6,0,0,0
"4170",2008,6,1,0,0
"4170",2008,6,2,0,0
"4170",2008,6,3,0,0
"4170",2008,6,4,1,0
"4170",2008,6,5 - 9,0,0
"4170",2008,6,10 - 14,1,0
"4170",2008,6,15 - 19,0,0
"4170",2008,6,20 - 24,0,0
"4170",2008,6,25 - 29,1,0
"4170",2008,6,30 - 34,0,0
"4170",2008,6,35 - 39,1,0
"4170",2008,6,40 - 44,0,1
"4170",2008,6,45 - 49,1,0
"4170",2008,6,50 - 54,1,0
"4170",2008,6,55 - 59,0,0
"4170",2008,6,60 - 64,1,1
"4170",2008,6,65 - 69,4,1
"4170",2008,6,70 - 74,12,5
"4170",2008,6,75 - 79,23,23
"4170",2008,6,80 - 84,44,36
"4170",2008,6,85 - 89,87,48
"4170",2008,6,90 - 94,68,23
"4170",2008,6,95+,26,7
"4170",2008,6,UNK,0,0
"4170",2008,7,Total,473,457
"4170",2008,7,0,1,5
"4170",2008,7,1,0,3
"4170",2008,7,2,0,1
"4170",2008,7,3,0,0
"4170",2008,7,4,1,0
"4170",2008,7,5 - 9,3,1
"4170",2008,7,10 - 14,0,3
"4170",2008,7,15 - 19,4,4
"4170",2008,7,20 - 24,2,12
"4170",2008,7,25 - 29,5,4
"4170",2008,7,30 - 34,4,4
"4170",2008,7,35 - 39,8,14
"4170",2008,7,40 - 44,5,4
"4170",2008,7,45 - 49,10,10
"4170",2008,7,50 - 54,7,14
"4170",2008,7,55 - 59,20,20
"4170",2008,7,60 - 64,18,31
"4170",2008,7,65 - 69,15,34
"4170",2008,7,70 - 74,32,53
"4170",2008,7,75 - 79,58,76
"4170",2008,7,80 - 84,94,86
"4170",2008,7,85 - 89,123,64
"4170",2008,7,90 - 94,45,11
"4170",2008,7,95+,18,3
"4170",2008,7,UNK,0,0
"4170",2008,8,Total,334,315
"4170",2008,8,0,0,0
"4170",2008,8,1,0,0
"4170",2008,8,2,0,0
"4170",2008,8,3,0,0
"4170",2008,8,4,0,0
"4170",2008,8,5 - 9,0,0
"4170",2008,8,10 - 14,2,1
"4170",2008,8,15 - 19,4,3
"4170",2008,8,20 - 24,6,3
"4170",2008,8,25 - 29,3,2
"4170",2008,8,30 - 34,4,3
"4170",2008,8,35 - 39,3,3
"4170",2008,8,40 - 44,2,4
"4170",2008,8,45 - 49,3,5
"4170",2008,8,50 - 54,4,6
"4170",2008,8,55 - 59,11,7
"4170",2008,8,60 - 64,10,18
"4170",2008,8,65 - 69,17,25
"4170",2008,8,70 - 74,32,47
"4170",2008,8,75 - 79,38,58
"4170",2008,8,80 - 84,73,63
"4170",2008,8,85 - 89,70,43
"4170",2008,8,90 - 94,39,21
"4170",2008,8,95+,13,3
"4170",2008,8,UNK,0,0
"4170",2008,9,Total,559,570
"4170",2008,9,0,0,1
"4170",2008,9,1,0,0
"4170",2008,9,2,0,0
"4170",2008,9,3,0,0
"4170",2008,9,4,0,0
"4170",2008,9,5 - 9,0,1
"4170",2008,9,10 - 14,0,0
"4170",2008,9,15 - 19,0,3
"4170",2008,9,20 - 24,0,0
"4170",2008,9,25 - 29,4,4
"4170",2008,9,30 - 34,0,6
"4170",2008,9,35 - 39,6,19
"4170",2008,9,40 - 44,15,20
"4170",2008,9,45 - 49,28,31
"4170",2008,9,50 - 54,22,43
"4170",2008,9,55 - 59,21,57
"4170",2008,9,60 - 64,32,60
"4170",2008,9,65 - 69,35,77
"4170",2008,9,70 - 74,46,64
"4170",2008,9,75 - 79,65,50
"4170",2008,9,80 - 84,89,64
"4170",2008,9,85 - 89,112,51
"4170",2008,9,90 - 94,60,16
"4170",2008,9,95+,24,3
"4170",2008,9,UNK,0,0
"4170",2008,10,Total,292,275
"4170",2008,10,0,0,0
"4170",2008,10,1,0,0
"4170",2008,10,2,0,0
"4170",2008,10,3,0,0
"4170",2008,10,4,0,0
"4170",2008,10,5 - 9,0,0
"4170",2008,10,10 - 14,0,0
"4170",2008,10,15 - 19,0,1
"4170",2008,10,20 - 24,0,0
"4170",2008,10,25 - 29,0,0
"4170",2008,10,30 - 34,0,0
"4170",2008,10,35 - 39,2,1
"4170",2008,10,40 - 44,1,0
"4170",2008,10,45 - 49,2,2
"4170",2008,10,50 - 54,0,2
"4170",2008,10,55 - 59,1,6
"4170",2008,10,60 - 64,2,8
"4170",2008,10,65 - 69,8,11
"4170",2008,10,70 - 74,15,18
"4170",2008,10,75 - 79,37,47
"4170",2008,10,80 - 84,67,51
"4170",2008,10,85 - 89,68,68
"4170",2008,10,90 - 94,64,45
"4170",2008,10,95+,25,15
"4170",2008,10,UNK,0,0
"4170",2008,11,Total,143,180
"4170",2008,11,0,107,141
"4170",2008,11,1,4,6
"4170",2008,11,2,1,0
"4170",2008,11,3,0,1
"4170",2008,11,4,1,0
"4170",2008,11,5 - 9,1,1
"4170",2008,11,10 - 14,0,0
"4170",2008,11,15 - 19,1,4
"4170",2008,11,20 - 24,5,1
"4170",2008,11,25 - 29,3,4
"4170",2008,11,30 - 34,2,0
"4170",2008,11,35 - 39,0,4
"4170",2008,11,40 - 44,5,2
"4170",2008,11,45 - 49,2,2
"4170",2008,11,50 - 54,1,4
"4170",2008,11,55 - 59,2,3
"4170",2008,11,60 - 64,1,4
"4170",2008,11,65 - 69,1,1
"4170",2008,11,70 - 74,2,2
"4170",2008,11,75 - 79,3,0
"4170",2008,11,80 - 84,0,0
"4170",2008,11,85 - 89,1,0
"4170",2008,11,90 - 94,0,0
"4170",2008,11,95+,0,0
"4170",2008,11,UNK,0,0
"4170",2008,12,Total,1881,1641
"4170",2008,12,0,0,0
"4170",2008,12,1,0,0
"4170",2008,12,2,0,2
"4170",2008,12,3,0,0
"4170",2008,12,4,0,0
"4170",2008,12,5 - 9,0,1
"4170",2008,12,10 - 14,1,1
"4170",2008,12,15 - 19,0,1
"4170",2008,12,20 - 24,0,1
"4170",2008,12,25 - 29,0,3
"4170",2008,12,30 - 34,1,4
"4170",2008,12,35 - 39,2,3
"4170",2008,12,40 - 44,7,4
"4170",2008,12,45 - 49,7,9
"4170",2008,12,50 - 54,17,14
"4170",2008,12,55 - 59,23,33
"4170",2008,12,60 - 64,36,73
"4170",2008,12,65 - 69,66,102
"4170",2008,12,70 - 74,133,195
"4170",2008,12,75 - 79,237,287
"4170",2008,12,80 - 84,389,365
"4170",2008,12,85 - 89,458,319
"4170",2008,12,90 - 94,307,156
"4170",2008,12,95+,197,68
"4170",2008,12,UNK,0,0
"4170",2008,13,Total,500,1183
"4170",2008,13,0,1,0
"4170",2008,13,1,2,1
"4170",2008,13,2,1,1
"4170",2008,13,3,1,2
"4170",2008,13,4,0,4
"4170",2008,13,5 - 9,2,6
"4170",2008,13,10 - 14,4,14
"4170",2008,13,15 - 19,26,66
"4170",2008,13,20 - 24,21,109
"4170",2008,13,25 - 29,27,117
"4170",2008,13,30 - 34,17,123
"4170",2008,13,35 - 39,25,100
"4170",2008,13,40 - 44,27,103
"4170",2008,13,45 - 49,36,87
"4170",2008,13,50 - 54,27,92
"4170",2008,13,55 - 59,27,77
"4170",2008,13,60 - 64,24,73
"4170",2008,13,65 - 69,26,47
"4170",2008,13,70 - 74,25,39
"4170",2008,13,75 - 79,28,40
"4170",2008,13,80 - 84,47,44
"4170",2008,13,85 - 89,49,22
"4170",2008,13,90 - 94,40,14
"4170",2008,13,95+,17,2
"4170",2008,13,UNK,0,0
"4170",2008,14,Total,8,33
"4170",2008,14,0,0,0
"4170",2008,14,1,0,0
"4170",2008,14,2,0,0
"4170",2008,14,3,0,0
"4170",2008,14,4,0,0
"4170",2008,14,5 - 9,2,0
"4170",2008,14,10 - 14,0,0
"4170",2008,14,15 - 19,0,0
"4170",2008,14,20 - 24,0,6
"4170",2008,14,25 - 29,1,8
"4170",2008,14,30 - 34,1,6
"4170",2008,14,35 - 39,1,4
"4170",2008,14,40 - 44,0,2
"4170",2008,14,45 - 49,2,0
"4170",2008,14,50 - 54,0,2
"4170",2008,14,55 - 59,1,0
"4170",2008,14,60 - 64,0,3
"4170",2008,14,65 - 69,0,1
"4170",2008,14,70 - 74,0,0
"4170",2008,14,75 - 79,0,0
"4170",2008,14,80 - 84,0,1
"4170",2008,14,85 - 89,0,0
"4170",2008,14,90 - 94,0,0
"4170",2008,14,95+,0,0
"4170",2008,14,UNK,0,0
"4170",2009,1,Total,13854,15044
"4170",2009,1,0,100,140
"4170",2009,1,1,21,16
"4170",2009,1,2,4,11
"4170",2009,1,3,2,5
"4170",2009,1,4,2,5
"4170",2009,1,5 - 9,11,11
"4170",2009,1,10 - 14,14,19
"4170",2009,1,15 - 19,33,97
"4170",2009,1,20 - 24,48,156
"4170",2009,1,25 - 29,77,208
"4170",2009,1,30 - 34,85,219
"4170",2009,1,35 - 39,123,273
"4170",2009,1,40 - 44,152,286
"4170",2009,1,45 - 49,275,376
"4170",2009,1,50 - 54,332,546
"4170",2009,1,55 - 59,485,748
"4170",2009,1,60 - 64,664,1122
"4170",2009,1,65 - 69,747,1401
"4170",2009,1,70 - 74,1155,1706
"4170",2009,1,75 - 79,1708,2195
"4170",2009,1,80 - 84,2483,2489
"4170",2009,1,85 - 89,2748,1952
"4170",2009,1,90 - 94,1769,827
"4170",2009,1,95+,816,236
"4170",2009,1,UNK,0,0
"4170",2009,2,Total,130,125
"4170",2009,2,0,0,1
"4170",2009,2,1,3,1
"4170",2009,2,2,1,1
"4170",2009,2,3,0,1
"4170",2009,2,4,0,0
"4170",2009,2,5 - 9,0,1
"4170",2009,2,10 - 14,0,0
"4170",2009,2,15 - 19,1,2
"4170",2009,2,20 - 24,1,1
"4170",2009,2,25 - 29,5,1
"4170",2009,2,30 - 34,3,9
"4170",2009,2,35 - 39,2,3
"4170",2009,2,40 - 44,3,5
"4170",2009,2,45 - 49,2,9
"4170",2009,2,50 - 54,1,5
"4170",2009,2,55 - 59,6,6
"4170",2009,2,60 - 64,1,8
"4170",2009,2,65 - 69,3,10
"4170",2009,2,70 - 74,14,11
"4170",2009,2,75 - 79,19,15
"4170",2009,2,80 - 84,25,13
"4170",2009,2,85 - 89,22,13
"4170",2009,2,90 - 94,12,7
"4170",2009,2,95+,6,2
"4170",2009,2,UNK,0,0
"4170",2009,3,Total,3877,4708
"4170",2009,3,0,0,3
"4170",2009,3,1,4,3
"4170",2009,3,2,1,3
"4170",2009,3,3,0,0
"4170",2009,3,4,1,2
"4170",2009,3,5 - 9,2,4
"4170",2009,3,10 - 14,2,1
"4170",2009,3,15 - 19,1,7
"4170",2009,3,20 - 24,9,6
"4170",2009,3,25 - 29,12,17
"4170",2009,3,30 - 34,18,22
"4170",2009,3,35 - 39,54,44
"4170",2009,3,40 - 44,78,56
"4170",2009,3,45 - 49,138,113
"4170",2009,3,50 - 54,177,202
"4170",2009,3,55 - 59,263,304
"4170",2009,3,60 - 64,392,490
"4170",2009,3,65 - 69,364,632
"4170",2009,3,70 - 74,494,711
"4170",2009,3,75 - 79,595,774
"4170",2009,3,80 - 84,606,707
"4170",2009,3,85 - 89,404,441
"4170",2009,3,90 - 94,205,136
"4170",2009,3,95+,57,30
"4170",2009,3,UNK,0,0
"4170",2009,4,Total,4847,4845
"4170",2009,4,0,0,0
"4170",2009,4,1,0,0
"4170",2009,4,2,0,0
"4170",2009,4,3,0,0
"4170",2009,4,4,0,0
"4170",2009,4,5 - 9,0,1
"4170",2009,4,10 - 14,0,0
"4170",2009,4,15 - 19,2,4
"4170",2009,4,20 - 24,2,2
"4170",2009,4,25 - 29,9,9
"4170",2009,4,30 - 34,13,15
"4170",2009,4,35 - 39,13,35
"4170",2009,4,40 - 44,16,58
"4170",2009,4,45 - 49,37,97
"4170",2009,4,50 - 54,49,155
"4170",2009,4,55 - 59,92,222
"4170",2009,4,60 - 64,122,323
"4170",2009,4,65 - 69,182,451
"4170",2009,4,70 - 74,300,578
"4170",2009,4,75 - 79,544,734
"4170",2009,4,80 - 84,996,956
"4170",2009,4,85 - 89,1241,760
"4170",2009,4,90 - 94,860,344
"4170",2009,4,95+,369,101
"4170",2009,4,UNK,0,0
"4170",2009,5,Total,34,50
"4170",2009,5,0,10,12
"4170",2009,5,1,1,3
"4170",2009,5,2,0,0
"4170",2009,5,3,0,0
"4170",2009,5,4,0,0
"4170",2009,5,5 - 9,0,0
"4170",2009,5,10 - 14,0,0
"4170",2009,5,15 - 19,0,0
"4170",2009,5,20 - 24,1,0
"4170",2009,5,25 - 29,1,2
"4170",2009,5,30 - 34,0,2
"4170",2009,5,35 - 39,2,4
"4170",2009,5,40 - 44,0,2
"4170",2009,5,45 - 49,1,2
"4170",2009,5,50 - 54,0,3
"4170",2009,5,55 - 59,3,3
"4170",2009,5,60 - 64,0,2
"4170",2009,5,65 - 69,0,1
"4170",2009,5,70 - 74,1,1
"4170",2009,5,75 - 79,3,4
"4170",2009,5,80 - 84,0,1
"4170",2009,5,85 - 89,1,1
"4170",2009,5,90 - 94,4,6
"4170",2009,5,95+,6,1
"4170",2009,5,UNK,0,0
"4170",2009,6,Total,371,203
"4170",2009,6,0,0,0
"4170",2009,6,1,0,0
"4170",2009,6,2,0,0
"4170",2009,6,3,0,0
"4170",2009,6,4,0,0
"4170",2009,6,5 - 9,0,0
"4170",2009,6,10 - 14,1,0
"4170",2009,6,15 - 19,0,0
"4170",2009,6,20 - 24,0,0
"4170",2009,6,25 - 29,0,0
"4170",2009,6,30 - 34,2,0
"4170",2009,6,35 - 39,0,0
"4170",2009,6,40 - 44,0,0
"4170",2009,6,45 - 49,0,0
"4170",2009,6,50 - 54,0,0
"4170",2009,6,55 - 59,2,1
"4170",2009,6,60 - 64,4,1
"4170",2009,6,65 - 69,7,7
"4170",2009,6,70 - 74,10,18
"4170",2009,6,75 - 79,21,40
"4170",2009,6,80 - 84,61,50
"4170",2009,6,85 - 89,121,54
"4170",2009,6,90 - 94,85,25
"4170",2009,6,95+,57,7
"4170",2009,6,UNK,0,0
"4170",2009,7,Total,566,452
"4170",2009,7,0,3,5
"4170",2009,7,1,2,2
"4170",2009,7,2,0,1
"4170",2009,7,3,0,0
"4170",2009,7,4,0,0
"4170",2009,7,5 - 9,3,0
"4170",2009,7,10 - 14,1,1
"4170",2009,7,15 - 19,2,3
"4170",2009,7,20 - 24,6,10
"4170",2009,7,25 - 29,4,4
"4170",2009,7,30 - 34,6,9
"4170",2009,7,35 - 39,6,14
"4170",2009,7,40 - 44,6,8
"4170",2009,7,45 - 49,10,10
"4170",2009,7,50 - 54,9,12
"4170",2009,7,55 - 59,14,18
"4170",2009,7,60 - 64,31,38
"4170",2009,7,65 - 69,19,33
"4170",2009,7,70 - 74,48,44
"4170",2009,7,75 - 79,70,70
"4170",2009,7,80 - 84,106,77
"4170",2009,7,85 - 89,138,61
"4170",2009,7,90 - 94,62,24
"4170",2009,7,95+,20,8
"4170",2009,7,UNK,0,0
"4170",2009,8,Total,316,338
"4170",2009,8,0,1,2
"4170",2009,8,1,0,0
"4170",2009,8,2,1,0
"4170",2009,8,3,0,0
"4170",2009,8,4,0,0
"4170",2009,8,5 - 9,1,0
"4170",2009,8,10 - 14,2,0
"4170",2009,8,15 - 19,2,0
"4170",2009,8,20 - 24,5,2
"4170",2009,8,25 - 29,6,4
"4170",2009,8,30 - 34,3,2
"4170",2009,8,35 - 39,3,7
"4170",2009,8,40 - 44,1,4
"4170",2009,8,45 - 49,4,10
"4170",2009,8,50 - 54,3,6
"4170",2009,8,55 - 59,8,11
"4170",2009,8,60 - 64,8,16
"4170",2009,8,65 - 69,14,29
"4170",2009,8,70 - 74,33,43
"4170",2009,8,75 - 79,37,53
"4170",2009,8,80 - 84,65,57
"4170",2009,8,85 - 89,64,72
"4170",2009,8,90 - 94,44,18
"4170",2009,8,95+,11,2
"4170",2009,8,UNK,0,0
"4170",2009,9,Total,560,596
"4170",2009,9,0,0,1
"4170",2009,9,1,0,0
"4170",2009,9,2,0,0
"4170",2009,9,3,0,0
"4170",2009,9,4,0,0
"4170",2009,9,5 - 9,0,0
"4170",2009,9,10 - 14,0,0
"4170",2009,9,15 - 19,0,1
"4170",2009,9,20 - 24,0,0
"4170",2009,9,25 - 29,3,1
"4170",2009,9,30 - 34,3,8
"4170",2009,9,35 - 39,6,19
"4170",2009,9,40 - 44,10,28
"4170",2009,9,45 - 49,26,30
"4170",2009,9,50 - 54,29,51
"4170",2009,9,55 - 59,23,43
"4170",2009,9,60 - 64,27,74
"4170",2009,9,65 - 69,36,54
"4170",2009,9,70 - 74,50,59
"4170",2009,9,75 - 79,63,71
"4170",2009,9,80 - 84,99,72
"4170",2009,9,85 - 89,95,53
"4170",2009,9,90 - 94,61,27
"4170",2009,9,95+,29,4
"4170",2009,9,UNK,0,0
"4170",2009,10,Total,381,269
"4170",2009,10,0,0,0
"4170",2009,10,1,0,0
"4170",2009,10,2,0,0
"4170",2009,10,3,0,0
"4170",2009,10,4,0,0
"4170",2009,10,5 - 9,0,0
"4170",2009,10,10 - 14,0,0
"4170",2009,10,15 - 19,0,1
"4170",2009,10,20 - 24,0,0
"4170",2009,10,25 - 29,0,1
"4170",2009,10,30 - 34,0,0
"4170",2009,10,35 - 39,3,1
"4170",2009,10,40 - 44,4,0
"4170",2009,10,45 - 49,1,0
"4170",2009,10,50 - 54,3,2
"4170",2009,10,55 - 59,2,4
"4170",2009,10,60 - 64,7,2
"4170",2009,10,65 - 69,11,15
"4170",2009,10,70 - 74,16,19
"4170",2009,10,75 - 79,47,35
"4170",2009,10,80 - 84,72,71
"4170",2009,10,85 - 89,113,80
"4170",2009,10,90 - 94,66,26
"4170",2009,10,95+,36,12
"4170",2009,10,UNK,0,0
"4170",2009,11,Total,127,158
"4170",2009,11,0,84,116
"4170",2009,11,1,7,3
"4170",2009,11,2,0,1
"4170",2009,11,3,1,1
"4170",2009,11,4,0,0
"4170",2009,11,5 - 9,2,2
"4170",2009,11,10 - 14,2,2
"4170",2009,11,15 - 19,2,3
"4170",2009,11,20 - 24,2,6
"4170",2009,11,25 - 29,2,3
"4170",2009,11,30 - 34,0,2
"4170",2009,11,35 - 39,4,2
"4170",2009,11,40 - 44,3,2
"4170",2009,11,45 - 49,7,3
"4170",2009,11,50 - 54,1,4
"4170",2009,11,55 - 59,3,5
"4170",2009,11,60 - 64,1,2
"4170",2009,11,65 - 69,3,0
"4170",2009,11,70 - 74,0,1
"4170",2009,11,75 - 79,2,0
"4170",2009,11,80 - 84,0,0
"4170",2009,11,85 - 89,0,0
"4170",2009,11,90 - 94,0,0
"4170",2009,11,95+,1,0
"4170",2009,11,UNK,0,0
"4170",2009,12,Total,1887,1806
"4170",2009,12,0,0,0
"4170",2009,12,1,0,1
"4170",2009,12,2,0,1
"4170",2009,12,3,0,0
"4170",2009,12,4,0,0
"4170",2009,12,5 - 9,0,1
"4170",2009,12,10 - 14,0,0
"4170",2009,12,15 - 19,1,1
"4170",2009,12,20 - 24,1,0
"4170",2009,12,25 - 29,1,4
"4170",2009,12,30 - 34,1,3
"4170",2009,12,35 - 39,3,6
"4170",2009,12,40 - 44,4,3
"4170",2009,12,45 - 49,9,11
"4170",2009,12,50 - 54,22,15
"4170",2009,12,55 - 59,23,34
"4170",2009,12,60 - 64,41,79
"4170",2009,12,65 - 69,66,111
"4170",2009,12,70 - 74,140,170
"4170",2009,12,75 - 79,252,328
"4170",2009,12,80 - 84,357,425
"4170",2009,12,85 - 89,462,360
"4170",2009,12,90 - 94,313,190
"4170",2009,12,95+,191,63
"4170",2009,12,UNK,0,0
"4170",2009,13,Total,516,1330
"4170",2009,13,0,1,0
"4170",2009,13,1,3,3
"4170",2009,13,2,1,4
"4170",2009,13,3,1,2
"4170",2009,13,4,1,3
"4170",2009,13,5 - 9,1,1
"4170",2009,13,10 - 14,6,15
"4170",2009,13,15 - 19,22,72
"4170",2009,13,20 - 24,21,120
"4170",2009,13,25 - 29,33,150
"4170",2009,13,30 - 34,30,141
"4170",2009,13,35 - 39,24,133
"4170",2009,13,40 - 44,23,116
"4170",2009,13,45 - 49,36,86
"4170",2009,13,50 - 54,34,84
"4170",2009,13,55 - 59,35,93
"4170",2009,13,60 - 64,27,79
"4170",2009,13,65 - 69,29,50
"4170",2009,13,70 - 74,28,40
"4170",2009,13,75 - 79,23,50
"4170",2009,13,80 - 84,49,43
"4170",2009,13,85 - 89,46,31
"4170",2009,13,90 - 94,27,13
"4170",2009,13,95+,15,1
"4170",2009,13,UNK,0,0
"4170",2009,14,Total,9,40
"4170",2009,14,0,0,0
"4170",2009,14,1,0,0
"4170",2009,14,2,0,0
"4170",2009,14,3,0,0
"4170",2009,14,4,0,0
"4170",2009,14,5 - 9,2,0
"4170",2009,14,10 - 14,0,0
"4170",2009,14,15 - 19,0,1
"4170",2009,14,20 - 24,0,8
"4170",2009,14,25 - 29,1,11
"4170",2009,14,30 - 34,1,6
"4170",2009,14,35 - 39,1,4
"4170",2009,14,40 - 44,1,2
"4170",2009,14,45 - 49,2,0
"4170",2009,14,50 - 54,0,3
"4170",2009,14,55 - 59,1,0
"4170",2009,14,60 - 64,0,2
"4170",2009,14,65 - 69,0,1
"4170",2009,14,70 - 74,0,1
"4170",2009,14,75 - 79,0,0
"4170",2009,14,80 - 84,0,1
"4170",2009,14,85 - 89,0,0
"4170",2009,14,90 - 94,0,0
"4170",2009,14,95+,0,0
"4170",2009,14,UNK,0,0
"4170",2010,1,Total,13289,13833
"4170",2010,1,0,122,157
"4170",2010,1,1,9,14
"4170",2010,1,2,4,7
"4170",2010,1,3,5,3
"4170",2010,1,4,0,3
"4170",2010,1,5 - 9,15,12
"4170",2010,1,10 - 14,9,19
"4170",2010,1,15 - 19,31,72
"4170",2010,1,20 - 24,25,132
"4170",2010,1,25 - 29,51,149
"4170",2010,1,30 - 34,84,162
"4170",2010,1,35 - 39,89,205
"4170",2010,1,40 - 44,153,248
"4170",2010,1,45 - 49,230,364
"4170",2010,1,50 - 54,336,472
"4170",2010,1,55 - 59,441,715
"4170",2010,1,60 - 64,629,986
"4170",2010,1,65 - 69,826,1242
"4170",2010,1,70 - 74,1068,1590
"4170",2010,1,75 - 79,1559,2020
"4170",2010,1,80 - 84,2296,2299
"4170",2010,1,85 - 89,2688,1856
"4170",2010,1,90 - 94,1804,868
"4170",2010,1,95+,815,238
"4170",2010,1,UNK,0,0
"4170",2010,2,Total,129,129
"4170",2010,2,0,0,2
"4170",2010,2,1,0,1
"4170",2010,2,2,0,0
"4170",2010,2,3,0,0
"4170",2010,2,4,0,0
"4170",2010,2,5 - 9,0,1
"4170",2010,2,10 - 14,0,0
"4170",2010,2,15 - 19,1,2
"4170",2010,2,20 - 24,1,0
"4170",2010,2,25 - 29,2,0
"4170",2010,2,30 - 34,2,2
"4170",2010,2,35 - 39,5,1
"4170",2010,2,40 - 44,5,7
"4170",2010,2,45 - 49,4,10
"4170",2010,2,50 - 54,2,7
"4170",2010,2,55 - 59,0,9
"4170",2010,2,60 - 64,5,15
"4170",2010,2,65 - 69,6,6
"4170",2010,2,70 - 74,13,14
"4170",2010,2,75 - 79,16,16
"4170",2010,2,80 - 84,24,16
"4170",2010,2,85 - 89,26,15
"4170",2010,2,90 - 94,11,4
"4170",2010,2,95+,6,1
"4170",2010,2,UNK,0,0
"4170",2010,3,Total,3874,4291
"4170",2010,3,0,2,0
"4170",2010,3,1,1,0
"4170",2010,3,2,0,0
"4170",2010,3,3,1,1
"4170",2010,3,4,0,2
"4170",2010,3,5 - 9,5,6
"4170",2010,3,10 - 14,1,3
"4170",2010,3,15 - 19,3,4
"4170",2010,3,20 - 24,3,14
"4170",2010,3,25 - 29,11,13
"4170",2010,3,30 - 34,31,18
"4170",2010,3,35 - 39,42,35
"4170",2010,3,40 - 44,62,48
"4170",2010,3,45 - 49,120,97
"4170",2010,3,50 - 54,181,147
"4170",2010,3,55 - 59,240,288
"4170",2010,3,60 - 64,362,441
"4170",2010,3,65 - 69,461,551
"4170",2010,3,70 - 74,490,642
"4170",2010,3,75 - 79,552,692
"4170",2010,3,80 - 84,571,669
"4170",2010,3,85 - 89,472,422
"4170",2010,3,90 - 94,205,168
"4170",2010,3,95+,58,30
"4170",2010,3,UNK,0,0
"4170",2010,4,Total,4553,4636
"4170",2010,4,0,1,3
"4170",2010,4,1,0,0
"4170",2010,4,2,0,0
"4170",2010,4,3,0,0
"4170",2010,4,4,0,0
"4170",2010,4,5 - 9,2,0
"4170",2010,4,10 - 14,0,1
"4170",2010,4,15 - 19,3,2
"4170",2010,4,20 - 24,2,2
"4170",2010,4,25 - 29,3,12
"4170",2010,4,30 - 34,6,13
"4170",2010,4,35 - 39,9,35
"4170",2010,4,40 - 44,23,53
"4170",2010,4,45 - 49,26,82
"4170",2010,4,50 - 54,50,147
"4170",2010,4,55 - 59,73,207
"4170",2010,4,60 - 64,113,297
"4170",2010,4,65 - 69,165,413
"4170",2010,4,70 - 74,271,526
"4170",2010,4,75 - 79,525,745
"4170",2010,4,80 - 84,873,880
"4170",2010,4,85 - 89,1173,751
"4170",2010,4,90 - 94,849,358
"4170",2010,4,95+,386,109
"4170",2010,4,UNK,0,0
"4170",2010,5,Total,38,41
"4170",2010,5,0,9,11
"4170",2010,5,1,0,1
"4170",2010,5,2,0,0
"4170",2010,5,3,0,0
"4170",2010,5,4,0,0
"4170",2010,5,5 - 9,0,0
"4170",2010,5,10 - 14,0,1
"4170",2010,5,15 - 19,2,1
"4170",2010,5,20 - 24,0,3
"4170",2010,5,25 - 29,0,1
"4170",2010,5,30 - 34,2,4
"4170",2010,5,35 - 39,1,2
"4170",2010,5,40 - 44,0,3
"4170",2010,5,45 - 49,0,1
"4170",2010,5,50 - 54,1,1
"4170",2010,5,55 - 59,0,2
"4170",2010,5,60 - 64,3,0
"4170",2010,5,65 - 69,2,3
"4170",2010,5,70 - 74,1,2
"4170",2010,5,75 - 79,0,0
"4170",2010,5,80 - 84,4,0
"4170",2010,5,85 - 89,3,2
"4170",2010,5,90 - 94,6,3
"4170",2010,5,95+,4,0
"4170",2010,5,UNK,0,0
"4170",2010,6,Total,414,232
"4170",2010,6,0,0,0
"4170",2010,6,1,0,0
"4170",2010,6,2,0,0
"4170",2010,6,3,0,0
"4170",2010,6,4,0,0
"4170",2010,6,5 - 9,0,0
"4170",2010,6,10 - 14,0,0
"4170",2010,6,15 - 19,0,0
"4170",2010,6,20 - 24,0,0
"4170",2010,6,25 - 29,0,0
"4170",2010,6,30 - 34,0,0
"4170",2010,6,35 - 39,0,0
"4170",2010,6,40 - 44,0,0
"4170",2010,6,45 - 49,0,0
"4170",2010,6,50 - 54,2,2
"4170",2010,6,55 - 59,0,3
"4170",2010,6,60 - 64,4,4
"4170",2010,6,65 - 69,3,2
"4170",2010,6,70 - 74,14,20
"4170",2010,6,75 - 79,35,30
"4170",2010,6,80 - 84,79,67
"4170",2010,6,85 - 89,123,62
"4170",2010,6,90 - 94,99,34
"4170",2010,6,95+,55,8
"4170",2010,6,UNK,0,0
"4170",2010,7,Total,552,466
"4170",2010,7,0,6,5
"4170",2010,7,1,2,3
"4170",2010,7,2,1,2
"4170",2010,7,3,2,0
"4170",2010,7,4,0,0
"4170",2010,7,5 - 9,7,1
"4170",2010,7,10 - 14,1,3
"4170",2010,7,15 - 19,2,4
"4170",2010,7,20 - 24,1,1
"4170",2010,7,25 - 29,4,5
"4170",2010,7,30 - 34,4,5
"4170",2010,7,35 - 39,4,8
"4170",2010,7,40 - 44,6,8
"4170",2010,7,45 - 49,4,6
"4170",2010,7,50 - 54,8,13
"4170",2010,7,55 - 59,23,15
"4170",2010,7,60 - 64,23,26
"4170",2010,7,65 - 69,24,23
"4170",2010,7,70 - 74,42,49
"4170",2010,7,75 - 79,71,81
"4170",2010,7,80 - 84,88,98
"4170",2010,7,85 - 89,125,80
"4170",2010,7,90 - 94,81,27
"4170",2010,7,95+,23,3
"4170",2010,7,UNK,0,0
"4170",2010,8,Total,327,343
"4170",2010,8,0,2,3
"4170",2010,8,1,2,2
"4170",2010,8,2,1,0
"4170",2010,8,3,0,0
"4170",2010,8,4,0,0
"4170",2010,8,5 - 9,0,0
"4170",2010,8,10 - 14,1,2
"4170",2010,8,15 - 19,1,2
"4170",2010,8,20 - 24,2,4
"4170",2010,8,25 - 29,0,8
"4170",2010,8,30 - 34,3,3
"4170",2010,8,35 - 39,2,2
"4170",2010,8,40 - 44,3,3
"4170",2010,8,45 - 49,5,8
"4170",2010,8,50 - 54,4,11
"4170",2010,8,55 - 59,6,6
"4170",2010,8,60 - 64,8,24
"4170",2010,8,65 - 69,15,10
"4170",2010,8,70 - 74,30,37
"4170",2010,8,75 - 79,30,63
"4170",2010,8,80 - 84,67,68
"4170",2010,8,85 - 89,80,60
"4170",2010,8,90 - 94,49,20
"4170",2010,8,95+,16,7
"4170",2010,8,UNK,0,0
"4170",2010,9,Total,548,517
"4170",2010,9,0,0,0
"4170",2010,9,1,0,0
"4170",2010,9,2,0,0
"4170",2010,9,3,0,0
"4170",2010,9,4,0,0
"4170",2010,9,5 - 9,0,0
"4170",2010,9,10 - 14,0,0
"4170",2010,9,15 - 19,1,0
"4170",2010,9,20 - 24,0,1
"4170",2010,9,25 - 29,0,0
"4170",2010,9,30 - 34,2,5
"4170",2010,9,35 - 39,4,7
"4170",2010,9,40 - 44,13,19
"4170",2010,9,45 - 49,21,43
"4170",2010,9,50 - 54,38,43
"4170",2010,9,55 - 59,25,43
"4170",2010,9,60 - 64,24,39
"4170",2010,9,65 - 69,36,50
"4170",2010,9,70 - 74,46,51
"4170",2010,9,75 - 79,66,53
"4170",2010,9,80 - 84,86,86
"4170",2010,9,85 - 89,105,48
"4170",2010,9,90 - 94,58,22
"4170",2010,9,95+,23,7
"4170",2010,9,UNK,0,0
"4170",2010,10,Total,342,300
"4170",2010,10,0,1,1
"4170",2010,10,1,0,0
"4170",2010,10,2,0,0
"4170",2010,10,3,0,0
"4170",2010,10,4,0,0
"4170",2010,10,5 - 9,0,0
"4170",2010,10,10 - 14,0,0
"4170",2010,10,15 - 19,0,0
"4170",2010,10,20 - 24,0,0
"4170",2010,10,25 - 29,0,0
"4170",2010,10,30 - 34,0,2
"4170",2010,10,35 - 39,2,1
"4170",2010,10,40 - 44,1,0
"4170",2010,10,45 - 49,1,1
"4170",2010,10,50 - 54,1,0
"4170",2010,10,55 - 59,3,5
"4170",2010,10,60 - 64,1,11
"4170",2010,10,65 - 69,6,15
"4170",2010,10,70 - 74,13,26
"4170",2010,10,75 - 79,32,36
"4170",2010,10,80 - 84,85,75
"4170",2010,10,85 - 89,97,62
"4170",2010,10,90 - 94,63,54
"4170",2010,10,95+,36,11
"4170",2010,10,UNK,0,0
"4170",2010,11,Total,123,174
"4170",2010,11,0,97,131
"4170",2010,11,1,1,6
"4170",2010,11,2,0,0
"4170",2010,11,3,1,0
"4170",2010,11,4,0,1
"4170",2010,11,5 - 9,0,3
"4170",2010,11,10 - 14,0,1
"4170",2010,11,15 - 19,0,1
"4170",2010,11,20 - 24,0,1
"4170",2010,11,25 - 29,1,1
"4170",2010,11,30 - 34,1,2
"4170",2010,11,35 - 39,1,2
"4170",2010,11,40 - 44,2,2
"4170",2010,11,45 - 49,3,2
"4170",2010,11,50 - 54,5,5
"4170",2010,11,55 - 59,3,7
"4170",2010,11,60 - 64,2,3
"4170",2010,11,65 - 69,1,2
"4170",2010,11,70 - 74,2,1
"4170",2010,11,75 - 79,1,1
"4170",2010,11,80 - 84,1,1
"4170",2010,11,85 - 89,1,0
"4170",2010,11,90 - 94,0,1
"4170",2010,11,95+,0,0
"4170",2010,11,UNK,0,0
"4170",2010,12,Total,1708,1472
"4170",2010,12,0,3,1
"4170",2010,12,1,0,0
"4170",2010,12,2,1,1
"4170",2010,12,3,0,1
"4170",2010,12,4,0,0
"4170",2010,12,5 - 9,0,0
"4170",2010,12,10 - 14,1,2
"4170",2010,12,15 - 19,1,1
"4170",2010,12,20 - 24,0,1
"4170",2010,12,25 - 29,3,3
"4170",2010,12,30 - 34,2,4
"4170",2010,12,35 - 39,2,3
"4170",2010,12,40 - 44,3,6
"4170",2010,12,45 - 49,5,10
"4170",2010,12,50 - 54,13,14
"4170",2010,12,55 - 59,25,20
"4170",2010,12,60 - 64,35,70
"4170",2010,12,65 - 69,66,113
"4170",2010,12,70 - 74,109,168
"4170",2010,12,75 - 79,186,247
"4170",2010,12,80 - 84,333,276
"4170",2010,12,85 - 89,402,315
"4170",2010,12,90 - 94,333,161
"4170",2010,12,95+,185,55
"4170",2010,12,UNK,0,0
"4170",2010,13,Total,482,1082
"4170",2010,13,0,1,0
"4170",2010,13,1,3,1
"4170",2010,13,2,1,3
"4170",2010,13,3,1,1
"4170",2010,13,4,0,0
"4170",2010,13,5 - 9,1,1
"4170",2010,13,10 - 14,4,6
"4170",2010,13,15 - 19,17,53
"4170",2010,13,20 - 24,16,97
"4170",2010,13,25 - 29,27,100
"4170",2010,13,30 - 34,26,93
"4170",2010,13,35 - 39,17,104
"4170",2010,13,40 - 44,34,94
"4170",2010,13,45 - 49,41,100
"4170",2010,13,50 - 54,29,76
"4170",2010,13,55 - 59,39,102
"4170",2010,13,60 - 64,41,50
"4170",2010,13,65 - 69,27,43
"4170",2010,13,70 - 74,20,43
"4170",2010,13,75 - 79,21,34
"4170",2010,13,80 - 84,43,38
"4170",2010,13,85 - 89,40,30
"4170",2010,13,90 - 94,23,9
"4170",2010,13,95+,10,4
"4170",2010,13,UNK,0,0
"4170",2010,14,Total,5,33
"4170",2010,14,0,0,0
"4170",2010,14,1,0,0
"4170",2010,14,2,0,0
"4170",2010,14,3,0,0
"4170",2010,14,4,0,0
"4170",2010,14,5 - 9,0,0
"4170",2010,14,10 - 14,1,0
"4170",2010,14,15 - 19,0,1
"4170",2010,14,20 - 24,0,7
"4170",2010,14,25 - 29,0,6
"4170",2010,14,30 - 34,2,7
"4170",2010,14,35 - 39,0,3
"4170",2010,14,40 - 44,0,3
"4170",2010,14,45 - 49,0,3
"4170",2010,14,50 - 54,0,0
"4170",2010,14,55 - 59,0,1
"4170",2010,14,60 - 64,2,1
"4170",2010,14,65 - 69,0,0
"4170",2010,14,70 - 74,0,0
"4170",2010,14,75 - 79,0,0
"4170",2010,14,80 - 84,0,1
"4170",2010,14,85 - 89,0,0
"4170",2010,14,90 - 94,0,0
"4170",2010,14,95+,0,0
"4170",2010,14,UNK,0,0
"4170",2011,1,Total,13964,14492
"4170",2011,1,0,112,150
"4170",2011,1,1,6,9
"4170",2011,1,2,4,1
"4170",2011,1,3,1,1
"4170",2011,1,4,2,7
"4170",2011,1,5 - 9,9,16
"4170",2011,1,10 - 14,10,12
"4170",2011,1,15 - 19,35,72
"4170",2011,1,20 - 24,39,134
"4170",2011,1,25 - 29,60,153
"4170",2011,1,30 - 34,81,185
"4170",2011,1,35 - 39,106,206
"4170",2011,1,40 - 44,169,277
"4170",2011,1,45 - 49,247,364
"4170",2011,1,50 - 54,312,508
"4170",2011,1,55 - 59,462,720
"4170",2011,1,60 - 64,686,1079
"4170",2011,1,65 - 69,858,1324
"4170",2011,1,70 - 74,1062,1650
"4170",2011,1,75 - 79,1629,2148
"4170",2011,1,80 - 84,2309,2293
"4170",2011,1,85 - 89,2842,1970
"4170",2011,1,90 - 94,1975,937
"4170",2011,1,95+,948,276
"4170",2011,1,UNK,0,0
"4170",2011,2,Total,125,110
"4170",2011,2,0,0,5
"4170",2011,2,1,1,0
"4170",2011,2,2,0,0
"4170",2011,2,3,0,0
"4170",2011,2,4,0,0
"4170",2011,2,5 - 9,0,0
"4170",2011,2,10 - 14,0,0
"4170",2011,2,15 - 19,1,0
"4170",2011,2,20 - 24,1,0
"4170",2011,2,25 - 29,0,2
"4170",2011,2,30 - 34,1,4
"4170",2011,2,35 - 39,4,6
"4170",2011,2,40 - 44,3,7
"4170",2011,2,45 - 49,5,10
"4170",2011,2,50 - 54,1,2
"4170",2011,2,55 - 59,1,2
"4170",2011,2,60 - 64,5,8
"4170",2011,2,65 - 69,4,8
"4170",2011,2,70 - 74,7,7
"4170",2011,2,75 - 79,20,19
"4170",2011,2,80 - 84,24,8
"4170",2011,2,85 - 89,30,10
"4170",2011,2,90 - 94,13,9
"4170",2011,2,95+,4,3
"4170",2011,2,UNK,0,0
"4170",2011,3,Total,4166,4708
"4170",2011,3,0,1,1
"4170",2011,3,1,0,0
"4170",2011,3,2,0,0
"4170",2011,3,3,1,0
"4170",2011,3,4,0,2
"4170",2011,3,5 - 9,2,7
"4170",2011,3,10 - 14,2,6
"4170",2011,3,15 - 19,7,6
"4170",2011,3,20 - 24,7,12
"4170",2011,3,25 - 29,15,12
"4170",2011,3,30 - 34,22,20
"4170",2011,3,35 - 39,44,29
"4170",2011,3,40 - 44,89,47
"4170",2011,3,45 - 49,114,87
"4170",2011,3,50 - 54,169,178
"4170",2011,3,55 - 59,272,316
"4170",2011,3,60 - 64,399,509
"4170",2011,3,65 - 69,466,625
"4170",2011,3,70 - 74,504,709
"4170",2011,3,75 - 79,622,750
"4170",2011,3,80 - 84,586,708
"4170",2011,3,85 - 89,526,470
"4170",2011,3,90 - 94,240,180
"4170",2011,3,95+,78,34
"4170",2011,3,UNK,0,0
"4170",2011,4,Total,4622,4614
"4170",2011,4,0,0,2
"4170",2011,4,1,0,0
"4170",2011,4,2,2,0
"4170",2011,4,3,0,0
"4170",2011,4,4,0,0
"4170",2011,4,5 - 9,0,1
"4170",2011,4,10 - 14,0,0
"4170",2011,4,15 - 19,1,0
"4170",2011,4,20 - 24,1,0
"4170",2011,4,25 - 29,2,10
"4170",2011,4,30 - 34,9,15
"4170",2011,4,35 - 39,4,22
"4170",2011,4,40 - 44,22,53
"4170",2011,4,45 - 49,44,101
"4170",2011,4,50 - 54,61,145
"4170",2011,4,55 - 59,70,206
"4170",2011,4,60 - 64,114,302
"4170",2011,4,65 - 69,176,389
"4170",2011,4,70 - 74,259,525
"4170",2011,4,75 - 79,478,765
"4170",2011,4,80 - 84,847,808
"4170",2011,4,85 - 89,1203,773
"4170",2011,4,90 - 94,911,396
"4170",2011,4,95+,418,101
"4170",2011,4,UNK,0,0
"4170",2011,5,Total,60,48
"4170",2011,5,0,9,11
"4170",2011,5,1,2,2
"4170",2011,5,2,0,0
"4170",2011,5,3,0,0
"4170",2011,5,4,0,0
"4170",2011,5,5 - 9,0,0
"4170",2011,5,10 - 14,1,0
"4170",2011,5,15 - 19,0,2
"4170",2011,5,20 - 24,1,2
"4170",2011,5,25 - 29,2,0
"4170",2011,5,30 - 34,1,3
"4170",2011,5,35 - 39,1,2
"4170",2011,5,40 - 44,1,3
"4170",2011,5,45 - 49,2,0
"4170",2011,5,50 - 54,0,1
"4170",2011,5,55 - 59,1,2
"4170",2011,5,60 - 64,3,2
"4170",2011,5,65 - 69,0,3
"4170",2011,5,70 - 74,2,1
"4170",2011,5,75 - 79,2,0
"4170",2011,5,80 - 84,2,2
"4170",2011,5,85 - 89,6,3
"4170",2011,5,90 - 94,9,6
"4170",2011,5,95+,15,3
"4170",2011,5,UNK,0,0
"4170",2011,6,Total,531,277
"4170",2011,6,0,0,0
"4170",2011,6,1,0,0
"4170",2011,6,2,1,0
"4170",2011,6,3,0,0
"4170",2011,6,4,0,0
"4170",2011,6,5 - 9,0,0
"4170",2011,6,10 - 14,0,0
"4170",2011,6,15 - 19,0,0
"4170",2011,6,20 - 24,0,0
"4170",2011,6,25 - 29,0,0
"4170",2011,6,30 - 34,1,0
"4170",2011,6,35 - 39,1,1
"4170",2011,6,40 - 44,1,0
"4170",2011,6,45 - 49,1,1
"4170",2011,6,50 - 54,1,1
"4170",2011,6,55 - 59,4,4
"4170",2011,6,60 - 64,1,9
"4170",2011,6,65 - 69,7,9
"4170",2011,6,70 - 74,15,15
"4170",2011,6,75 - 79,38,40
"4170",2011,6,80 - 84,103,81
"4170",2011,6,85 - 89,150,71
"4170",2011,6,90 - 94,140,33
"4170",2011,6,95+,67,12
"4170",2011,6,UNK,0,0
"4170",2011,7,Total,605,508
"4170",2011,7,0,2,3
"4170",2011,7,1,1,2
"4170",2011,7,2,0,0
"4170",2011,7,3,0,1
"4170",2011,7,4,0,1
"4170",2011,7,5 - 9,1,1
"4170",2011,7,10 - 14,1,1
"4170",2011,7,15 - 19,3,3
"4170",2011,7,20 - 24,3,6
"4170",2011,7,25 - 29,5,2
"4170",2011,7,30 - 34,7,6
"4170",2011,7,35 - 39,4,5
"4170",2011,7,40 - 44,2,12
"4170",2011,7,45 - 49,9,11
"4170",2011,7,50 - 54,12,15
"4170",2011,7,55 - 59,13,23
"4170",2011,7,60 - 64,21,26
"4170",2011,7,65 - 69,31,33
"4170",2011,7,70 - 74,41,48
"4170",2011,7,75 - 79,71,90
"4170",2011,7,80 - 84,125,99
"4170",2011,7,85 - 89,135,95
"4170",2011,7,90 - 94,78,20
"4170",2011,7,95+,40,5
"4170",2011,7,UNK,0,0
"4170",2011,8,Total,305,329
"4170",2011,8,0,2,3
"4170",2011,8,1,0,0
"4170",2011,8,2,1,0
"4170",2011,8,3,0,0
"4170",2011,8,4,0,0
"4170",2011,8,5 - 9,2,0
"4170",2011,8,10 - 14,0,0
"4170",2011,8,15 - 19,4,5
"4170",2011,8,20 - 24,6,3
"4170",2011,8,25 - 29,0,3
"4170",2011,8,30 - 34,2,6
"4170",2011,8,35 - 39,3,3
"4170",2011,8,40 - 44,0,3
"4170",2011,8,45 - 49,2,4
"4170",2011,8,50 - 54,5,7
"4170",2011,8,55 - 59,6,11
"4170",2011,8,60 - 64,8,20
"4170",2011,8,65 - 69,13,28
"4170",2011,8,70 - 74,19,40
"4170",2011,8,75 - 79,42,58
"4170",2011,8,80 - 84,46,54
"4170",2011,8,85 - 89,77,56
"4170",2011,8,90 - 94,50,20
"4170",2011,8,95+,17,5
"4170",2011,8,UNK,0,0
"4170",2011,9,Total,541,507
"4170",2011,9,0,0,0
"4170",2011,9,1,0,0
"4170",2011,9,2,0,0
"4170",2011,9,3,0,0
"4170",2011,9,4,1,0
"4170",2011,9,5 - 9,0,0
"4170",2011,9,10 - 14,0,0
"4170",2011,9,15 - 19,0,1
"4170",2011,9,20 - 24,0,5
"4170",2011,9,25 - 29,1,3
"4170",2011,9,30 - 34,4,4
"4170",2011,9,35 - 39,9,14
"4170",2011,9,40 - 44,13,25
"4170",2011,9,45 - 49,23,26
"4170",2011,9,50 - 54,23,32
"4170",2011,9,55 - 59,27,33
"4170",2011,9,60 - 64,41,56
"4170",2011,9,65 - 69,29,52
"4170",2011,9,70 - 74,43,56
"4170",2011,9,75 - 79,59,50
"4170",2011,9,80 - 84,86,61
"4170",2011,9,85 - 89,98,47
"4170",2011,9,90 - 94,62,29
"4170",2011,9,95+,22,13
"4170",2011,9,UNK,0,0
"4170",2011,10,Total,400,289
"4170",2011,10,0,0,1
"4170",2011,10,1,0,0
"4170",2011,10,2,0,0
"4170",2011,10,3,0,0
"4170",2011,10,4,0,0
"4170",2011,10,5 - 9,0,1
"4170",2011,10,10 - 14,0,0
"4170",2011,10,15 - 19,0,0
"4170",2011,10,20 - 24,0,0
"4170",2011,10,25 - 29,0,0
"4170",2011,10,30 - 34,1,0
"4170",2011,10,35 - 39,1,0
"4170",2011,10,40 - 44,1,0
"4170",2011,10,45 - 49,0,2
"4170",2011,10,50 - 54,2,2
"4170",2011,10,55 - 59,4,6
"4170",2011,10,60 - 64,10,7
"4170",2011,10,65 - 69,12,12
"4170",2011,10,70 - 74,24,25
"4170",2011,10,75 - 79,37,40
"4170",2011,10,80 - 84,74,68
"4170",2011,10,85 - 89,100,70
"4170",2011,10,90 - 94,82,41
"4170",2011,10,95+,52,14
"4170",2011,10,UNK,0,0
"4170",2011,11,Total,128,156
"4170",2011,11,0,96,122
"4170",2011,11,1,1,3
"4170",2011,11,2,0,0
"4170",2011,11,3,0,0
"4170",2011,11,4,0,0
"4170",2011,11,5 - 9,3,0
"4170",2011,11,10 - 14,2,1
"4170",2011,11,15 - 19,0,2
"4170",2011,11,20 - 24,2,1
"4170",2011,11,25 - 29,3,0
"4170",2011,11,30 - 34,1,4
"4170",2011,11,35 - 39,0,4
"4170",2011,11,40 - 44,0,3
"4170",2011,11,45 - 49,6,1
"4170",2011,11,50 - 54,2,1
"4170",2011,11,55 - 59,5,9
"4170",2011,11,60 - 64,4,1
"4170",2011,11,65 - 69,2,2
"4170",2011,11,70 - 74,1,1
"4170",2011,11,75 - 79,0,1
"4170",2011,11,80 - 84,0,0
"4170",2011,11,85 - 89,0,0
"4170",2011,11,90 - 94,0,0
"4170",2011,11,95+,0,0
"4170",2011,11,UNK,0,0
"4170",2011,12,Total,1813,1625
"4170",2011,12,0,0,1
"4170",2011,12,1,0,0
"4170",2011,12,2,0,0
"4170",2011,12,3,0,0
"4170",2011,12,4,0,1
"4170",2011,12,5 - 9,0,1
"4170",2011,12,10 - 14,0,1
"4170",2011,12,15 - 19,2,1
"4170",2011,12,20 - 24,0,0
"4170",2011,12,25 - 29,2,3
"4170",2011,12,30 - 34,1,0
"4170",2011,12,35 - 39,3,4
"4170",2011,12,40 - 44,3,6
"4170",2011,12,45 - 49,3,12
"4170",2011,12,50 - 54,12,18
"4170",2011,12,55 - 59,25,32
"4170",2011,12,60 - 64,43,65
"4170",2011,12,65 - 69,82,99
"4170",2011,12,70 - 74,119,174
"4170",2011,12,75 - 79,211,278
"4170",2011,12,80 - 84,341,349
"4170",2011,12,85 - 89,429,330
"4170",2011,12,90 - 94,331,173
"4170",2011,12,95+,206,77
"4170",2011,12,UNK,0,0
"4170",2011,13,Total,481,1186
"4170",2011,13,0,0,1
"4170",2011,13,1,1,2
"4170",2011,13,2,0,1
"4170",2011,13,3,0,0
"4170",2011,13,4,1,3
"4170",2011,13,5 - 9,1,5
"4170",2011,13,10 - 14,4,3
"4170",2011,13,15 - 19,16,48
"4170",2011,13,20 - 24,18,101
"4170",2011,13,25 - 29,26,116
"4170",2011,13,30 - 34,30,120
"4170",2011,13,35 - 39,32,111
"4170",2011,13,40 - 44,29,113
"4170",2011,13,45 - 49,35,104
"4170",2011,13,50 - 54,21,98
"4170",2011,13,55 - 59,27,73
"4170",2011,13,60 - 64,26,67
"4170",2011,13,65 - 69,25,56
"4170",2011,13,70 - 74,20,37
"4170",2011,13,75 - 79,27,35
"4170",2011,13,80 - 84,46,37
"4170",2011,13,85 - 89,47,28
"4170",2011,13,90 - 94,36,22
"4170",2011,13,95+,13,5
"4170",2011,13,UNK,0,0
"4170",2011,14,Total,1,27
"4170",2011,14,0,0,0
"4170",2011,14,1,0,0
"4170",2011,14,2,0,0
"4170",2011,14,3,0,0
"4170",2011,14,4,0,0
"4170",2011,14,5 - 9,0,0
"4170",2011,14,10 - 14,0,0
"4170",2011,14,15 - 19,0,3
"4170",2011,14,20 - 24,0,4
"4170",2011,14,25 - 29,1,2
"4170",2011,14,30 - 34,0,2
"4170",2011,14,35 - 39,0,3
"4170",2011,14,40 - 44,0,4
"4170",2011,14,45 - 49,0,1
"4170",2011,14,50 - 54,0,3
"4170",2011,14,55 - 59,0,1
"4170",2011,14,60 - 64,0,1
"4170",2011,14,65 - 69,0,0
"4170",2011,14,70 - 74,0,2
"4170",2011,14,75 - 79,0,0
"4170",2011,14,80 - 84,0,1
"4170",2011,14,85 - 89,0,0
"4170",2011,14,90 - 94,0,0
"4170",2011,14,95+,0,0
"4170",2011,14,UNK,0,0
"4170",2012,1,Total,14241,14945
"4170",2012,1,0,122,115
"4170",2012,1,1,9,12
"4170",2012,1,2,5,7
"4170",2012,1,3,1,3
"4170",2012,1,4,3,2
"4170",2012,1,5 - 9,11,16
"4170",2012,1,10 - 14,13,19
"4170",2012,1,15 - 19,24,57
"4170",2012,1,20 - 24,34,121
"4170",2012,1,25 - 29,49,132
"4170",2012,1,30 - 34,79,176
"4170",2012,1,35 - 39,108,209
"4170",2012,1,40 - 44,162,255
"4170",2012,1,45 - 49,224,369
"4170",2012,1,50 - 54,340,542
"4170",2012,1,55 - 59,490,680
"4170",2012,1,60 - 64,653,1087
"4170",2012,1,65 - 69,865,1386
"4170",2012,1,70 - 74,1062,1648
"4170",2012,1,75 - 79,1603,2134
"4170",2012,1,80 - 84,2370,2473
"4170",2012,1,85 - 89,2896,2143
"4170",2012,1,90 - 94,2123,1073
"4170",2012,1,95+,995,286
"4170",2012,1,UNK,0,0
"4170",2012,2,Total,107,116
"4170",2012,2,0,2,2
"4170",2012,2,1,1,1
"4170",2012,2,2,0,0
"4170",2012,2,3,0,1
"4170",2012,2,4,1,0
"4170",2012,2,5 - 9,0,1
"4170",2012,2,10 - 14,2,1
"4170",2012,2,15 - 19,0,1
"4170",2012,2,20 - 24,0,0
"4170",2012,2,25 - 29,0,0
"4170",2012,2,30 - 34,3,0
"4170",2012,2,35 - 39,0,4
"4170",2012,2,40 - 44,0,9
"4170",2012,2,45 - 49,4,10
"4170",2012,2,50 - 54,5,5
"4170",2012,2,55 - 59,3,4
"4170",2012,2,60 - 64,3,3
"4170",2012,2,65 - 69,6,13
"4170",2012,2,70 - 74,7,6
"4170",2012,2,75 - 79,15,12
"4170",2012,2,80 - 84,19,21
"4170",2012,2,85 - 89,21,16
"4170",2012,2,90 - 94,10,4
"4170",2012,2,95+,5,2
"4170",2012,2,UNK,0,0
"4170",2012,3,Total,4105,4677
"4170",2012,3,0,0,1
"4170",2012,3,1,2,4
"4170",2012,3,2,0,1
"4170",2012,3,3,0,2
"4170",2012,3,4,0,0
"4170",2012,3,5 - 9,6,5
"4170",2012,3,10 - 14,5,6
"4170",2012,3,15 - 19,4,7
"4170",2012,3,20 - 24,5,12
"4170",2012,3,25 - 29,10,10
"4170",2012,3,30 - 34,23,21
"4170",2012,3,35 - 39,42,43
"4170",2012,3,40 - 44,84,51
"4170",2012,3,45 - 49,113,85
"4170",2012,3,50 - 54,194,171
"4170",2012,3,55 - 59,293,267
"4170",2012,3,60 - 64,372,489
"4170",2012,3,65 - 69,466,606
"4170",2012,3,70 - 74,501,686
"4170",2012,3,75 - 79,564,820
"4170",2012,3,80 - 84,591,714
"4170",2012,3,85 - 89,525,473
"4170",2012,3,90 - 94,238,173
"4170",2012,3,95+,67,30
"4170",2012,3,UNK,0,0
"4170",2012,4,Total,4701,4779
"4170",2012,4,0,0,0
"4170",2012,4,1,1,0
"4170",2012,4,2,0,2
"4170",2012,4,3,0,0
"4170",2012,4,4,0,0
"4170",2012,4,5 - 9,0,0
"4170",2012,4,10 - 14,0,1
"4170",2012,4,15 - 19,1,5
"4170",2012,4,20 - 24,0,7
"4170",2012,4,25 - 29,4,10
"4170",2012,4,30 - 34,8,16
"4170",2012,4,35 - 39,11,30
"4170",2012,4,40 - 44,20,47
"4170",2012,4,45 - 49,36,101
"4170",2012,4,50 - 54,43,156
"4170",2012,4,55 - 59,77,195
"4170",2012,4,60 - 64,110,316
"4170",2012,4,65 - 69,178,444
"4170",2012,4,70 - 74,249,517
"4170",2012,4,75 - 79,494,666
"4170",2012,4,80 - 84,867,892
"4170",2012,4,85 - 89,1189,829
"4170",2012,4,90 - 94,963,428
"4170",2012,4,95+,450,117
"4170",2012,4,UNK,0,0
"4170",2012,5,Total,50,40
"4170",2012,5,0,11,10
"4170",2012,5,1,1,1
"4170",2012,5,2,0,0
"4170",2012,5,3,0,0
"4170",2012,5,4,0,0
"4170",2012,5,5 - 9,0,0
"4170",2012,5,10 - 14,0,0
"4170",2012,5,15 - 19,0,0
"4170",2012,5,20 - 24,1,1
"4170",2012,5,25 - 29,2,1
"4170",2012,5,30 - 34,0,1
"4170",2012,5,35 - 39,1,0
"4170",2012,5,40 - 44,1,4
"4170",2012,5,45 - 49,2,0
"4170",2012,5,50 - 54,1,2
"4170",2012,5,55 - 59,3,3
"4170",2012,5,60 - 64,3,1
"4170",2012,5,65 - 69,1,3
"4170",2012,5,70 - 74,1,3
"4170",2012,5,75 - 79,2,1
"4170",2012,5,80 - 84,2,3
"4170",2012,5,85 - 89,2,2
"4170",2012,5,90 - 94,8,3
"4170",2012,5,95+,8,1
"4170",2012,5,UNK,0,0
"4170",2012,6,Total,619,354
"4170",2012,6,0,0,0
"4170",2012,6,1,0,0
"4170",2012,6,2,0,0
"4170",2012,6,3,0,0
"4170",2012,6,4,0,0
"4170",2012,6,5 - 9,0,0
"4170",2012,6,10 - 14,1,0
"4170",2012,6,15 - 19,0,0
"4170",2012,6,20 - 24,0,0
"4170",2012,6,25 - 29,1,0
"4170",2012,6,30 - 34,0,0
"4170",2012,6,35 - 39,1,0
"4170",2012,6,40 - 44,2,1
"4170",2012,6,45 - 49,1,1
"4170",2012,6,50 - 54,0,3
"4170",2012,6,55 - 59,2,3
"4170",2012,6,60 - 64,3,2
"4170",2012,6,65 - 69,10,9
"4170",2012,6,70 - 74,19,23
"4170",2012,6,75 - 79,44,34
"4170",2012,6,80 - 84,92,87
"4170",2012,6,85 - 89,188,112
"4170",2012,6,90 - 94,157,60
"4170",2012,6,95+,98,19
"4170",2012,6,UNK,0,0
"4170",2012,7,Total,734,622
"4170",2012,7,0,1,3
"4170",2012,7,1,1,2
"4170",2012,7,2,1,3
"4170",2012,7,3,0,0
"4170",2012,7,4,1,2
"4170",2012,7,5 - 9,1,2
"4170",2012,7,10 - 14,1,2
"4170",2012,7,15 - 19,2,2
"4170",2012,7,20 - 24,2,1
"4170",2012,7,25 - 29,4,5
"4170",2012,7,30 - 34,1,6
"4170",2012,7,35 - 39,5,8
"4170",2012,7,40 - 44,8,6
"4170",2012,7,45 - 49,15,14
"4170",2012,7,50 - 54,15,14
"4170",2012,7,55 - 59,12,27
"4170",2012,7,60 - 64,28,38
"4170",2012,7,65 - 69,34,41
"4170",2012,7,70 - 74,53,55
"4170",2012,7,75 - 79,80,98
"4170",2012,7,80 - 84,132,130
"4170",2012,7,85 - 89,179,100
"4170",2012,7,90 - 94,123,51
"4170",2012,7,95+,35,12
"4170",2012,7,UNK,0,0
"4170",2012,8,Total,339,374
"4170",2012,8,0,1,2
"4170",2012,8,1,0,0
"4170",2012,8,2,0,0
"4170",2012,8,3,0,0
"4170",2012,8,4,0,0
"4170",2012,8,5 - 9,1,0
"4170",2012,8,10 - 14,0,1
"4170",2012,8,15 - 19,1,2
"4170",2012,8,20 - 24,1,1
"4170",2012,8,25 - 29,2,3
"4170",2012,8,30 - 34,3,4
"4170",2012,8,35 - 39,6,8
"4170",2012,8,40 - 44,3,2
"4170",2012,8,45 - 49,2,3
"4170",2012,8,50 - 54,6,7
"4170",2012,8,55 - 59,5,8
"4170",2012,8,60 - 64,12,19
"4170",2012,8,65 - 69,8,31
"4170",2012,8,70 - 74,26,42
"4170",2012,8,75 - 79,44,80
"4170",2012,8,80 - 84,68,75
"4170",2012,8,85 - 89,68,58
"4170",2012,8,90 - 94,60,22
"4170",2012,8,95+,22,6
"4170",2012,8,UNK,0,0
"4170",2012,9,Total,577,581
"4170",2012,9,0,0,0
"4170",2012,9,1,0,0
"4170",2012,9,2,0,0
"4170",2012,9,3,0,0
"4170",2012,9,4,0,0
"4170",2012,9,5 - 9,0,0
"4170",2012,9,10 - 14,0,0
"4170",2012,9,15 - 19,0,0
"4170",2012,9,20 - 24,1,2
"4170",2012,9,25 - 29,0,3
"4170",2012,9,30 - 34,5,5
"4170",2012,9,35 - 39,9,16
"4170",2012,9,40 - 44,15,32
"4170",2012,9,45 - 49,14,38
"4170",2012,9,50 - 54,21,47
"4170",2012,9,55 - 59,36,53
"4170",2012,9,60 - 64,40,60
"4170",2012,9,65 - 69,36,44
"4170",2012,9,70 - 74,40,55
"4170",2012,9,75 - 79,78,65
"4170",2012,9,80 - 84,102,64
"4170",2012,9,85 - 89,97,48
"4170",2012,9,90 - 94,53,42
"4170",2012,9,95+,30,7
"4170",2012,9,UNK,0,0
"4170",2012,10,Total,377,293
"4170",2012,10,0,0,0
"4170",2012,10,1,0,0
"4170",2012,10,2,0,0
"4170",2012,10,3,0,0
"4170",2012,10,4,0,0
"4170",2012,10,5 - 9,0,1
"4170",2012,10,10 - 14,0,0
"4170",2012,10,15 - 19,0,1
"4170",2012,10,20 - 24,0,0
"4170",2012,10,25 - 29,2,1
"4170",2012,10,30 - 34,0,0
"4170",2012,10,35 - 39,0,1
"4170",2012,10,40 - 44,0,1
"4170",2012,10,45 - 49,2,1
"4170",2012,10,50 - 54,2,4
"4170",2012,10,55 - 59,3,4
"4170",2012,10,60 - 64,2,3
"4170",2012,10,65 - 69,5,17
"4170",2012,10,70 - 74,17,19
"4170",2012,10,75 - 79,40,38
"4170",2012,10,80 - 84,76,65
"4170",2012,10,85 - 89,97,85
"4170",2012,10,90 - 94,87,42
"4170",2012,10,95+,44,10
"4170",2012,10,UNK,0,0
"4170",2012,11,Total,144,153
"4170",2012,11,0,107,97
"4170",2012,11,1,1,3
"4170",2012,11,2,2,1
"4170",2012,11,3,1,0
"4170",2012,11,4,1,0
"4170",2012,11,5 - 9,1,1
"4170",2012,11,10 - 14,2,2
"4170",2012,11,15 - 19,2,1
"4170",2012,11,20 - 24,0,3
"4170",2012,11,25 - 29,0,1
"4170",2012,11,30 - 34,4,2
"4170",2012,11,35 - 39,4,1
"4170",2012,11,40 - 44,3,5
"4170",2012,11,45 - 49,0,3
"4170",2012,11,50 - 54,3,7
"4170",2012,11,55 - 59,2,4
"4170",2012,11,60 - 64,3,7
"4170",2012,11,65 - 69,2,8
"4170",2012,11,70 - 74,1,3
"4170",2012,11,75 - 79,1,1
"4170",2012,11,80 - 84,3,2
"4170",2012,11,85 - 89,0,1
"4170",2012,11,90 - 94,1,0
"4170",2012,11,95+,0,0
"4170",2012,11,UNK,0,0
"4170",2012,12,Total,1814,1683
"4170",2012,12,0,0,0
"4170",2012,12,1,1,0
"4170",2012,12,2,0,0
"4170",2012,12,3,0,0
"4170",2012,12,4,0,0
"4170",2012,12,5 - 9,2,0
"4170",2012,12,10 - 14,0,1
"4170",2012,12,15 - 19,1,0
"4170",2012,12,20 - 24,1,0
"4170",2012,12,25 - 29,0,3
"4170",2012,12,30 - 34,3,2
"4170",2012,12,35 - 39,2,1
"4170",2012,12,40 - 44,1,4
"4170",2012,12,45 - 49,3,9
"4170",2012,12,50 - 54,8,21
"4170",2012,12,55 - 59,20,26
"4170",2012,12,60 - 64,49,66
"4170",2012,12,65 - 69,85,110
"4170",2012,12,70 - 74,124,180
"4170",2012,12,75 - 79,192,251
"4170",2012,12,80 - 84,337,363
"4170",2012,12,85 - 89,433,357
"4170",2012,12,90 - 94,358,221
"4170",2012,12,95+,194,68
"4170",2012,12,UNK,0,0
"4170",2012,13,Total,428,1113
"4170",2012,13,0,0,0
"4170",2012,13,1,1,1
"4170",2012,13,2,2,0
"4170",2012,13,3,0,0
"4170",2012,13,4,0,0
"4170",2012,13,5 - 9,0,3
"4170",2012,13,10 - 14,1,5
"4170",2012,13,15 - 19,12,36
"4170",2012,13,20 - 24,21,90
"4170",2012,13,25 - 29,22,87
"4170",2012,13,30 - 34,27,110
"4170",2012,13,35 - 39,23,92
"4170",2012,13,40 - 44,23,93
"4170",2012,13,45 - 49,28,102
"4170",2012,13,50 - 54,38,102
"4170",2012,13,55 - 59,25,83
"4170",2012,13,60 - 64,22,74
"4170",2012,13,65 - 69,22,52
"4170",2012,13,70 - 74,8,48
"4170",2012,13,75 - 79,26,49
"4170",2012,13,80 - 84,34,30
"4170",2012,13,85 - 89,48,37
"4170",2012,13,90 - 94,31,15
"4170",2012,13,95+,14,4
"4170",2012,13,UNK,0,0
"4170",2012,14,Total,8,30
"4170",2012,14,0,0,0
"4170",2012,14,1,0,0
"4170",2012,14,2,0,0
"4170",2012,14,3,0,0
"4170",2012,14,4,0,0
"4170",2012,14,5 - 9,0,1
"4170",2012,14,10 - 14,0,0
"4170",2012,14,15 - 19,1,0
"4170",2012,14,20 - 24,1,4
"4170",2012,14,25 - 29,2,6
"4170",2012,14,30 - 34,1,8
"4170",2012,14,35 - 39,1,4
"4170",2012,14,40 - 44,0,0
"4170",2012,14,45 - 49,0,1
"4170",2012,14,50 - 54,1,1
"4170",2012,14,55 - 59,1,2
"4170",2012,14,60 - 64,0,0
"4170",2012,14,65 - 69,0,2
"4170",2012,14,70 - 74,0,1
"4170",2012,14,75 - 79,0,0
"4170",2012,14,80 - 84,0,0
"4170",2012,14,85 - 89,0,0
"4170",2012,14,90 - 94,0,0
"4170",2012,14,95+,0,0
"4170",2012,14,UNK,0,0
"4170",2013,1,Total,14546,14958
"4170",2013,1,0,105,140
"4170",2013,1,1,7,11
"4170",2013,1,2,5,4
"4170",2013,1,3,3,5
"4170",2013,1,4,5,6
"4170",2013,1,5 - 9,18,16
"4170",2013,1,10 - 14,7,18
"4170",2013,1,15 - 19,22,39
"4170",2013,1,20 - 24,38,100
"4170",2013,1,25 - 29,43,116
"4170",2013,1,30 - 34,79,171
"4170",2013,1,35 - 39,83,175
"4170",2013,1,40 - 44,129,257
"4170",2013,1,45 - 49,215,364
"4170",2013,1,50 - 54,361,513
"4170",2013,1,55 - 59,461,726
"4170",2013,1,60 - 64,655,1016
"4170",2013,1,65 - 69,894,1428
"4170",2013,1,70 - 74,1106,1709
"4170",2013,1,75 - 79,1638,2077
"4170",2013,1,80 - 84,2377,2470
"4170",2013,1,85 - 89,2937,2160
"4170",2013,1,90 - 94,2346,1135
"4170",2013,1,95+,1012,302
"4170",2013,1,UNK,0,0
"4170",2013,2,Total,126,119
"4170",2013,2,0,0,1
"4170",2013,2,1,0,1
"4170",2013,2,2,0,0
"4170",2013,2,3,0,0
"4170",2013,2,4,0,0
"4170",2013,2,5 - 9,0,0
"4170",2013,2,10 - 14,0,0
"4170",2013,2,15 - 19,0,1
"4170",2013,2,20 - 24,0,1
"4170",2013,2,25 - 29,1,0
"4170",2013,2,30 - 34,1,2
"4170",2013,2,35 - 39,2,4
"4170",2013,2,40 - 44,2,4
"4170",2013,2,45 - 49,2,11
"4170",2013,2,50 - 54,5,10
"4170",2013,2,55 - 59,7,2
"4170",2013,2,60 - 64,2,8
"4170",2013,2,65 - 69,3,9
"4170",2013,2,70 - 74,7,11
"4170",2013,2,75 - 79,16,14
"4170",2013,2,80 - 84,25,14
"4170",2013,2,85 - 89,27,15
"4170",2013,2,90 - 94,19,10
"4170",2013,2,95+,7,1
"4170",2013,2,UNK,0,0
"4170",2013,3,Total,4219,4742
"4170",2013,3,0,2,1
"4170",2013,3,1,0,1
"4170",2013,3,2,2,0
"4170",2013,3,3,1,0
"4170",2013,3,4,1,2
"4170",2013,3,5 - 9,7,4
"4170",2013,3,10 - 14,1,7
"4170",2013,3,15 - 19,2,3
"4170",2013,3,20 - 24,7,5
"4170",2013,3,25 - 29,11,9
"4170",2013,3,30 - 34,23,17
"4170",2013,3,35 - 39,29,30
"4170",2013,3,40 - 44,65,51
"4170",2013,3,45 - 49,123,104
"4170",2013,3,50 - 54,222,180
"4170",2013,3,55 - 59,247,306
"4170",2013,3,60 - 64,381,477
"4170",2013,3,65 - 69,495,663
"4170",2013,3,70 - 74,534,743
"4170",2013,3,75 - 79,635,712
"4170",2013,3,80 - 84,611,710
"4170",2013,3,85 - 89,499,487
"4170",2013,3,90 - 94,244,195
"4170",2013,3,95+,77,35
"4170",2013,3,UNK,0,0
"4170",2013,4,Total,4682,4791
"4170",2013,4,0,0,0
"4170",2013,4,1,1,1
"4170",2013,4,2,0,0
"4170",2013,4,3,0,0
"4170",2013,4,4,1,0
"4170",2013,4,5 - 9,3,0
"4170",2013,4,10 - 14,0,0
"4170",2013,4,15 - 19,2,3
"4170",2013,4,20 - 24,5,2
"4170",2013,4,25 - 29,3,6
"4170",2013,4,30 - 34,9,17
"4170",2013,4,35 - 39,4,32
"4170",2013,4,40 - 44,15,48
"4170",2013,4,45 - 49,31,92
"4170",2013,4,50 - 54,45,140
"4170",2013,4,55 - 59,65,217
"4170",2013,4,60 - 64,114,297
"4170",2013,4,65 - 69,173,443
"4170",2013,4,70 - 74,245,540
"4170",2013,4,75 - 79,447,692
"4170",2013,4,80 - 84,818,854
"4170",2013,4,85 - 89,1188,823
"4170",2013,4,90 - 94,1032,451
"4170",2013,4,95+,481,133
"4170",2013,4,UNK,0,0
"4170",2013,5,Total,61,46
"4170",2013,5,0,13,8
"4170",2013,5,1,1,1
"4170",2013,5,2,0,0
"4170",2013,5,3,0,0
"4170",2013,5,4,0,0
"4170",2013,5,5 - 9,0,0
"4170",2013,5,10 - 14,0,0
"4170",2013,5,15 - 19,1,0
"4170",2013,5,20 - 24,0,0
"4170",2013,5,25 - 29,0,1
"4170",2013,5,30 - 34,0,2
"4170",2013,5,35 - 39,2,2
"4170",2013,5,40 - 44,1,1
"4170",2013,5,45 - 49,0,3
"4170",2013,5,50 - 54,4,1
"4170",2013,5,55 - 59,0,3
"4170",2013,5,60 - 64,1,1
"4170",2013,5,65 - 69,1,1
"4170",2013,5,70 - 74,1,2
"4170",2013,5,75 - 79,1,3
"4170",2013,5,80 - 84,2,2
"4170",2013,5,85 - 89,5,2
"4170",2013,5,90 - 94,12,7
"4170",2013,5,95+,16,6
"4170",2013,5,UNK,0,0
"4170",2013,6,Total,820,387
"4170",2013,6,0,0,0
"4170",2013,6,1,0,0
"4170",2013,6,2,0,0
"4170",2013,6,3,0,0
"4170",2013,6,4,0,0
"4170",2013,6,5 - 9,0,0
"4170",2013,6,10 - 14,0,0
"4170",2013,6,15 - 19,0,0
"4170",2013,6,20 - 24,0,0
"4170",2013,6,25 - 29,0,0
"4170",2013,6,30 - 34,0,0
"4170",2013,6,35 - 39,0,0
"4170",2013,6,40 - 44,0,1
"4170",2013,6,45 - 49,0,1
"4170",2013,6,50 - 54,0,1
"4170",2013,6,55 - 59,3,2
"4170",2013,6,60 - 64,4,3
"4170",2013,6,65 - 69,13,10
"4170",2013,6,70 - 74,25,24
"4170",2013,6,75 - 79,61,45
"4170",2013,6,80 - 84,143,113
"4170",2013,6,85 - 89,235,102
"4170",2013,6,90 - 94,238,68
"4170",2013,6,95+,98,17
"4170",2013,6,UNK,0,0
"4170",2013,7,Total,776,602
"4170",2013,7,0,3,0
"4170",2013,7,1,0,2
"4170",2013,7,2,0,1
"4170",2013,7,3,0,4
"4170",2013,7,4,1,1
"4170",2013,7,5 - 9,1,2
"4170",2013,7,10 - 14,2,1
"4170",2013,7,15 - 19,2,2
"4170",2013,7,20 - 24,5,4
"4170",2013,7,25 - 29,2,5
"4170",2013,7,30 - 34,4,8
"4170",2013,7,35 - 39,4,5
"4170",2013,7,40 - 44,6,8
"4170",2013,7,45 - 49,6,9
"4170",2013,7,50 - 54,13,17
"4170",2013,7,55 - 59,28,16
"4170",2013,7,60 - 64,28,28
"4170",2013,7,65 - 69,39,34
"4170",2013,7,70 - 74,43,66
"4170",2013,7,75 - 79,85,100
"4170",2013,7,80 - 84,154,134
"4170",2013,7,85 - 89,170,108
"4170",2013,7,90 - 94,128,43
"4170",2013,7,95+,52,4
"4170",2013,7,UNK,0,0
"4170",2013,8,Total,369,385
"4170",2013,8,0,0,0
"4170",2013,8,1,0,0
"4170",2013,8,2,1,1
"4170",2013,8,3,0,0
"4170",2013,8,4,0,0
"4170",2013,8,5 - 9,1,3
"4170",2013,8,10 - 14,1,1
"4170",2013,8,15 - 19,1,1
"4170",2013,8,20 - 24,3,1
"4170",2013,8,25 - 29,0,1
"4170",2013,8,30 - 34,1,6
"4170",2013,8,35 - 39,5,2
"4170",2013,8,40 - 44,3,5
"4170",2013,8,45 - 49,2,6
"4170",2013,8,50 - 54,0,9
"4170",2013,8,55 - 59,11,5
"4170",2013,8,60 - 64,9,13
"4170",2013,8,65 - 69,20,15
"4170",2013,8,70 - 74,31,44
"4170",2013,8,75 - 79,48,71
"4170",2013,8,80 - 84,66,95
"4170",2013,8,85 - 89,88,70
"4170",2013,8,90 - 94,58,31
"4170",2013,8,95+,20,5
"4170",2013,8,UNK,0,0
"4170",2013,9,Total,536,533
"4170",2013,9,0,0,0
"4170",2013,9,1,0,0
"4170",2013,9,2,0,0
"4170",2013,9,3,0,0
"4170",2013,9,4,0,0
"4170",2013,9,5 - 9,1,0
"4170",2013,9,10 - 14,0,0
"4170",2013,9,15 - 19,1,0
"4170",2013,9,20 - 24,0,0
"4170",2013,9,25 - 29,1,2
"4170",2013,9,30 - 34,5,7
"4170",2013,9,35 - 39,6,8
"4170",2013,9,40 - 44,12,22
"4170",2013,9,45 - 49,11,25
"4170",2013,9,50 - 54,25,37
"4170",2013,9,55 - 59,23,47
"4170",2013,9,60 - 64,27,52
"4170",2013,9,65 - 69,31,59
"4170",2013,9,70 - 74,27,41
"4170",2013,9,75 - 79,70,67
"4170",2013,9,80 - 84,89,67
"4170",2013,9,85 - 89,111,65
"4170",2013,9,90 - 94,72,29
"4170",2013,9,95+,24,5
"4170",2013,9,UNK,0,0
"4170",2013,10,Total,324,309
"4170",2013,10,0,0,0
"4170",2013,10,1,0,0
"4170",2013,10,2,0,0
"4170",2013,10,3,0,0
"4170",2013,10,4,0,0
"4170",2013,10,5 - 9,1,0
"4170",2013,10,10 - 14,0,0
"4170",2013,10,15 - 19,0,0
"4170",2013,10,20 - 24,0,0
"4170",2013,10,25 - 29,0,0
"4170",2013,10,30 - 34,0,1
"4170",2013,10,35 - 39,0,0
"4170",2013,10,40 - 44,1,1
"4170",2013,10,45 - 49,0,3
"4170",2013,10,50 - 54,0,5
"4170",2013,10,55 - 59,5,1
"4170",2013,10,60 - 64,4,5
"4170",2013,10,65 - 69,8,16
"4170",2013,10,70 - 74,13,25
"4170",2013,10,75 - 79,35,41
"4170",2013,10,80 - 84,66,83
"4170",2013,10,85 - 89,91,66
"4170",2013,10,90 - 94,71,44
"4170",2013,10,95+,29,18
"4170",2013,10,UNK,0,0
"4170",2013,11,Total,125,178
"4170",2013,11,0,86,130
"4170",2013,11,1,2,3
"4170",2013,11,2,2,1
"4170",2013,11,3,1,1
"4170",2013,11,4,1,1
"4170",2013,11,5 - 9,2,2
"4170",2013,11,10 - 14,1,3
"4170",2013,11,15 - 19,1,2
"4170",2013,11,20 - 24,1,4
"4170",2013,11,25 - 29,1,2
"4170",2013,11,30 - 34,0,2
"4170",2013,11,35 - 39,0,0
"4170",2013,11,40 - 44,2,2
"4170",2013,11,45 - 49,2,3
"4170",2013,11,50 - 54,5,4
"4170",2013,11,55 - 59,4,9
"4170",2013,11,60 - 64,4,3
"4170",2013,11,65 - 69,1,1
"4170",2013,11,70 - 74,3,0
"4170",2013,11,75 - 79,2,0
"4170",2013,11,80 - 84,3,3
"4170",2013,11,85 - 89,1,1
"4170",2013,11,90 - 94,0,1
"4170",2013,11,95+,0,0
"4170",2013,11,UNK,0,0
"4170",2013,12,Total,1819,1685
"4170",2013,12,0,0,0
"4170",2013,12,1,1,0
"4170",2013,12,2,0,0
"4170",2013,12,3,0,0
"4170",2013,12,4,0,1
"4170",2013,12,5 - 9,0,0
"4170",2013,12,10 - 14,2,0
"4170",2013,12,15 - 19,1,0
"4170",2013,12,20 - 24,1,1
"4170",2013,12,25 - 29,1,2
"4170",2013,12,30 - 34,2,2
"4170",2013,12,35 - 39,1,2
"4170",2013,12,40 - 44,1,5
"4170",2013,12,45 - 49,7,5
"4170",2013,12,50 - 54,10,16
"4170",2013,12,55 - 59,33,25
"4170",2013,12,60 - 64,48,66
"4170",2013,12,65 - 69,80,99
"4170",2013,12,70 - 74,129,158
"4170",2013,12,75 - 79,191,283
"4170",2013,12,80 - 84,312,339
"4170",2013,12,85 - 89,420,375
"4170",2013,12,90 - 94,399,235
"4170",2013,12,95+,180,71
"4170",2013,12,UNK,0,0
"4170",2013,13,Total,424,1042
"4170",2013,13,0,0,0
"4170",2013,13,1,2,2
"4170",2013,13,2,0,1
"4170",2013,13,3,0,0
"4170",2013,13,4,1,1
"4170",2013,13,5 - 9,2,5
"4170",2013,13,10 - 14,0,6
"4170",2013,13,15 - 19,11,27
"4170",2013,13,20 - 24,14,79
"4170",2013,13,25 - 29,22,82
"4170",2013,13,30 - 34,30,103
"4170",2013,13,35 - 39,26,85
"4170",2013,13,40 - 44,20,105
"4170",2013,13,45 - 49,28,95
"4170",2013,13,50 - 54,27,90
"4170",2013,13,55 - 59,25,86
"4170",2013,13,60 - 64,21,57
"4170",2013,13,65 - 69,16,67
"4170",2013,13,70 - 74,29,42
"4170",2013,13,75 - 79,22,32
"4170",2013,13,80 - 84,46,34
"4170",2013,13,85 - 89,44,30
"4170",2013,13,90 - 94,27,9
"4170",2013,13,95+,11,4
"4170",2013,13,UNK,0,0
"4170",2013,14,Total,4,22
"4170",2013,14,0,0,0
"4170",2013,14,1,0,0
"4170",2013,14,2,0,0
"4170",2013,14,3,1,0
"4170",2013,14,4,0,0
"4170",2013,14,5 - 9,0,0
"4170",2013,14,10 - 14,0,0
"4170",2013,14,15 - 19,0,0
"4170",2013,14,20 - 24,0,3
"4170",2013,14,25 - 29,1,4
"4170",2013,14,30 - 34,1,3
"4170",2013,14,35 - 39,0,3
"4170",2013,14,40 - 44,0,2
"4170",2013,14,45 - 49,0,3
"4170",2013,14,50 - 54,1,0
"4170",2013,14,55 - 59,0,4
"4170",2013,14,60 - 64,0,0
"4170",2013,14,65 - 69,0,0
"4170",2013,14,70 - 74,0,0
"4170",2013,14,75 - 79,0,0
"4170",2013,14,80 - 84,0,0
"4170",2013,14,85 - 89,0,0
"4170",2013,14,90 - 94,0,0
"4170",2013,14,95+,0,0
"4170",2013,14,UNK,0,0
