"","Year","Cause","Age","Female","Male"
"4080",2000,1,Total,258810,272040
"4080",2000,1,0,1409,1984
"4080",2000,1,1,148,158
"4080",2000,1,2,69,96
"4080",2000,1,3,57,83
"4080",2000,1,4,46,65
"4080",2000,1,5 - 9,192,266
"4080",2000,1,10 - 14,240,373
"4080",2000,1,15 - 19,557,1340
"4080",2000,1,20 - 24,628,1957
"4080",2000,1,25 - 29,711,2312
"4080",2000,1,30 - 34,1202,2707
"4080",2000,1,35 - 39,1922,3942
"4080",2000,1,40 - 44,2928,6374
"4080",2000,1,45 - 49,4466,9777
"4080",2000,1,50 - 54,5735,13618
"4080",2000,1,55 - 59,5436,12946
"4080",2000,1,60 - 64,7745,17971
"4080",2000,1,65 - 69,12639,26856
"4080",2000,1,70 - 74,20180,35058
"4080",2000,1,75 - 79,33252,43556
"4080",2000,1,80 - 84,30155,29055
"4080",2000,1,85 - 89,58859,36459
"4080",2000,1,90 - 94,47907,19613
"4080",2000,1,95+,22327,5474
"4080",2000,1,UNK,0,0
"4080",2000,2,Total,5176,5439
"4080",2000,2,0,43,75
"4080",2000,2,1,5,15
"4080",2000,2,2,3,5
"4080",2000,2,3,6,4
"4080",2000,2,4,2,1
"4080",2000,2,5 - 9,6,2
"4080",2000,2,10 - 14,7,8
"4080",2000,2,15 - 19,9,7
"4080",2000,2,20 - 24,7,11
"4080",2000,2,25 - 29,18,49
"4080",2000,2,30 - 34,64,121
"4080",2000,2,35 - 39,83,266
"4080",2000,2,40 - 44,60,271
"4080",2000,2,45 - 49,87,222
"4080",2000,2,50 - 54,79,247
"4080",2000,2,55 - 59,93,223
"4080",2000,2,60 - 64,148,303
"4080",2000,2,65 - 69,237,452
"4080",2000,2,70 - 74,444,612
"4080",2000,2,75 - 79,716,796
"4080",2000,2,80 - 84,625,571
"4080",2000,2,85 - 89,1153,725
"4080",2000,2,90 - 94,884,364
"4080",2000,2,95+,397,89
"4080",2000,2,UNK,0,0
"4080",2000,3,Total,59957,89860
"4080",2000,3,0,12,19
"4080",2000,3,1,22,17
"4080",2000,3,2,8,9
"4080",2000,3,3,14,18
"4080",2000,3,4,14,17
"4080",2000,3,5 - 9,46,65
"4080",2000,3,10 - 14,48,54
"4080",2000,3,15 - 19,67,116
"4080",2000,3,20 - 24,71,121
"4080",2000,3,25 - 29,142,185
"4080",2000,3,30 - 34,291,281
"4080",2000,3,35 - 39,699,597
"4080",2000,3,40 - 44,1299,1647
"4080",2000,3,45 - 49,2153,3618
"4080",2000,3,50 - 54,3007,6064
"4080",2000,3,55 - 59,3030,6207
"4080",2000,3,60 - 64,4007,8791
"4080",2000,3,65 - 69,5921,12445
"4080",2000,3,70 - 74,7865,14549
"4080",2000,3,75 - 79,9706,15106
"4080",2000,3,80 - 84,6480,8177
"4080",2000,3,85 - 89,8682,7878
"4080",2000,3,90 - 94,4860,3210
"4080",2000,3,95+,1513,669
"4080",2000,3,UNK,0,0
"4080",2000,4,Total,86773,75140
"4080",2000,4,0,40,55
"4080",2000,4,1,9,8
"4080",2000,4,2,3,2
"4080",2000,4,3,2,1
"4080",2000,4,4,2,1
"4080",2000,4,5 - 9,5,10
"4080",2000,4,10 - 14,18,16
"4080",2000,4,15 - 19,23,40
"4080",2000,4,20 - 24,30,67
"4080",2000,4,25 - 29,52,98
"4080",2000,4,30 - 34,119,157
"4080",2000,4,35 - 39,165,400
"4080",2000,4,40 - 44,284,903
"4080",2000,4,45 - 49,485,1520
"4080",2000,4,50 - 54,655,2333
"4080",2000,4,55 - 59,674,2400
"4080",2000,4,60 - 64,1190,3761
"4080",2000,4,65 - 69,2573,6377
"4080",2000,4,70 - 74,5388,9872
"4080",2000,4,75 - 79,10912,14069
"4080",2000,4,80 - 84,11388,10212
"4080",2000,4,85 - 89,24253,13495
"4080",2000,4,90 - 94,19793,7384
"4080",2000,4,95+,8710,1959
"4080",2000,4,UNK,0,0
"4080",2000,5,Total,18432,14088
"4080",2000,5,0,207,316
"4080",2000,5,1,19,23
"4080",2000,5,2,4,13
"4080",2000,5,3,3,4
"4080",2000,5,4,5,1
"4080",2000,5,5 - 9,13,16
"4080",2000,5,10 - 14,8,14
"4080",2000,5,15 - 19,36,79
"4080",2000,5,20 - 24,81,179
"4080",2000,5,25 - 29,72,259
"4080",2000,5,30 - 34,123,321
"4080",2000,5,35 - 39,147,396
"4080",2000,5,40 - 44,165,516
"4080",2000,5,45 - 49,245,647
"4080",2000,5,50 - 54,237,761
"4080",2000,5,55 - 59,207,658
"4080",2000,5,60 - 64,295,733
"4080",2000,5,65 - 69,466,995
"4080",2000,5,70 - 74,786,1208
"4080",2000,5,75 - 79,1517,1603
"4080",2000,5,80 - 84,1640,1238
"4080",2000,5,85 - 89,4099,1963
"4080",2000,5,90 - 94,4603,1497
"4080",2000,5,95+,3454,648
"4080",2000,5,UNK,0,0
"4080",2000,6,Total,10314,7006
"4080",2000,6,0,1,0
"4080",2000,6,1,0,2
"4080",2000,6,2,0,0
"4080",2000,6,3,0,0
"4080",2000,6,4,0,1
"4080",2000,6,5 - 9,0,0
"4080",2000,6,10 - 14,1,0
"4080",2000,6,15 - 19,4,5
"4080",2000,6,20 - 24,7,28
"4080",2000,6,25 - 29,12,45
"4080",2000,6,30 - 34,27,97
"4080",2000,6,35 - 39,60,180
"4080",2000,6,40 - 44,104,320
"4080",2000,6,45 - 49,105,472
"4080",2000,6,50 - 54,146,427
"4080",2000,6,55 - 59,97,350
"4080",2000,6,60 - 64,113,347
"4080",2000,6,65 - 69,195,434
"4080",2000,6,70 - 74,341,518
"4080",2000,6,75 - 79,893,827
"4080",2000,6,80 - 84,1152,742
"4080",2000,6,85 - 89,2895,1260
"4080",2000,6,90 - 94,2828,738
"4080",2000,6,95+,1333,213
"4080",2000,6,UNK,0,0
"4080",2000,7,Total,11298,8744
"4080",2000,7,0,61,62
"4080",2000,7,1,14,16
"4080",2000,7,2,8,4
"4080",2000,7,3,3,5
"4080",2000,7,4,2,5
"4080",2000,7,5 - 9,20,18
"4080",2000,7,10 - 14,13,27
"4080",2000,7,15 - 19,22,61
"4080",2000,7,20 - 24,25,51
"4080",2000,7,25 - 29,21,57
"4080",2000,7,30 - 34,35,88
"4080",2000,7,35 - 39,65,116
"4080",2000,7,40 - 44,93,161
"4080",2000,7,45 - 49,138,223
"4080",2000,7,50 - 54,157,277
"4080",2000,7,55 - 59,142,238
"4080",2000,7,60 - 64,305,359
"4080",2000,7,65 - 69,521,665
"4080",2000,7,70 - 74,963,1129
"4080",2000,7,75 - 79,1901,1749
"4080",2000,7,80 - 84,1643,1240
"4080",2000,7,85 - 89,2776,1488
"4080",2000,7,90 - 94,1808,585
"4080",2000,7,95+,562,120
"4080",2000,7,UNK,0,0
"4080",2000,8,Total,11130,7878
"4080",2000,8,0,32,44
"4080",2000,8,1,8,7
"4080",2000,8,2,4,2
"4080",2000,8,3,4,0
"4080",2000,8,4,2,3
"4080",2000,8,5 - 9,12,8
"4080",2000,8,10 - 14,15,10
"4080",2000,8,15 - 19,13,8
"4080",2000,8,20 - 24,17,13
"4080",2000,8,25 - 29,14,24
"4080",2000,8,30 - 34,18,20
"4080",2000,8,35 - 39,27,52
"4080",2000,8,40 - 44,34,91
"4080",2000,8,45 - 49,70,161
"4080",2000,8,50 - 54,116,265
"4080",2000,8,55 - 59,132,281
"4080",2000,8,60 - 64,243,415
"4080",2000,8,65 - 69,527,776
"4080",2000,8,70 - 74,904,1045
"4080",2000,8,75 - 79,1547,1372
"4080",2000,8,80 - 84,1430,943
"4080",2000,8,85 - 89,2645,1318
"4080",2000,8,90 - 94,2245,784
"4080",2000,8,95+,1071,236
"4080",2000,8,UNK,0,0
"4080",2000,9,Total,11126,12583
"4080",2000,9,0,11,25
"4080",2000,9,1,2,3
"4080",2000,9,2,0,0
"4080",2000,9,3,1,2
"4080",2000,9,4,0,1
"4080",2000,9,5 - 9,0,1
"4080",2000,9,10 - 14,5,3
"4080",2000,9,15 - 19,5,4
"4080",2000,9,20 - 24,4,9
"4080",2000,9,25 - 29,15,30
"4080",2000,9,30 - 34,46,69
"4080",2000,9,35 - 39,86,198
"4080",2000,9,40 - 44,209,471
"4080",2000,9,45 - 49,324,785
"4080",2000,9,50 - 54,440,1078
"4080",2000,9,55 - 59,372,919
"4080",2000,9,60 - 64,497,1186
"4080",2000,9,65 - 69,654,1494
"4080",2000,9,70 - 74,898,1535
"4080",2000,9,75 - 79,1391,1665
"4080",2000,9,80 - 84,1172,1005
"4080",2000,9,85 - 89,2293,1262
"4080",2000,9,90 - 94,1877,668
"4080",2000,9,95+,824,170
"4080",2000,9,UNK,0,0
"4080",2000,10,Total,3612,3648
"4080",2000,10,0,2,9
"4080",2000,10,1,0,0
"4080",2000,10,2,0,0
"4080",2000,10,3,0,0
"4080",2000,10,4,0,0
"4080",2000,10,5 - 9,0,0
"4080",2000,10,10 - 14,0,1
"4080",2000,10,15 - 19,1,0
"4080",2000,10,20 - 24,1,3
"4080",2000,10,25 - 29,2,7
"4080",2000,10,30 - 34,8,7
"4080",2000,10,35 - 39,8,9
"4080",2000,10,40 - 44,21,15
"4080",2000,10,45 - 49,20,35
"4080",2000,10,50 - 54,28,53
"4080",2000,10,55 - 59,32,69
"4080",2000,10,60 - 64,56,131
"4080",2000,10,65 - 69,141,228
"4080",2000,10,70 - 74,251,381
"4080",2000,10,75 - 79,474,617
"4080",2000,10,80 - 84,474,563
"4080",2000,10,85 - 89,966,851
"4080",2000,10,90 - 94,804,504
"4080",2000,10,95+,323,165
"4080",2000,10,UNK,0,0
"4080",2000,11,Total,1370,1760
"4080",2000,11,0,928,1266
"4080",2000,11,1,18,20
"4080",2000,11,2,5,8
"4080",2000,11,3,4,6
"4080",2000,11,4,3,3
"4080",2000,11,5 - 9,19,20
"4080",2000,11,10 - 14,16,25
"4080",2000,11,15 - 19,15,23
"4080",2000,11,20 - 24,16,20
"4080",2000,11,25 - 29,10,28
"4080",2000,11,30 - 34,21,23
"4080",2000,11,35 - 39,18,23
"4080",2000,11,40 - 44,21,29
"4080",2000,11,45 - 49,20,34
"4080",2000,11,50 - 54,37,36
"4080",2000,11,55 - 59,27,31
"4080",2000,11,60 - 64,28,27
"4080",2000,11,65 - 69,20,26
"4080",2000,11,70 - 74,34,35
"4080",2000,11,75 - 79,27,27
"4080",2000,11,80 - 84,25,23
"4080",2000,11,85 - 89,33,17
"4080",2000,11,90 - 94,19,8
"4080",2000,11,95+,6,2
"4080",2000,11,UNK,0,0
"4080",2000,12,Total,17353,18313
"4080",2000,12,0,14,23
"4080",2000,12,1,8,3
"4080",2000,12,2,1,4
"4080",2000,12,3,2,2
"4080",2000,12,4,0,3
"4080",2000,12,5 - 9,1,4
"4080",2000,12,10 - 14,8,10
"4080",2000,12,15 - 19,12,17
"4080",2000,12,20 - 24,16,21
"4080",2000,12,25 - 29,19,22
"4080",2000,12,30 - 34,26,36
"4080",2000,12,35 - 39,46,47
"4080",2000,12,40 - 44,69,101
"4080",2000,12,45 - 49,102,192
"4080",2000,12,50 - 54,145,349
"4080",2000,12,55 - 59,125,393
"4080",2000,12,60 - 64,262,677
"4080",2000,12,65 - 69,523,1385
"4080",2000,12,70 - 74,974,2274
"4080",2000,12,75 - 79,1892,3182
"4080",2000,12,80 - 84,2015,2656
"4080",2000,12,85 - 89,4539,3747
"4080",2000,12,90 - 94,4287,2395
"4080",2000,12,95+,2267,770
"4080",2000,12,UNK,0,0
"4080",2000,13,Total,16493,24446
"4080",2000,13,0,41,59
"4080",2000,13,1,34,33
"4080",2000,13,2,26,38
"4080",2000,13,3,14,32
"4080",2000,13,4,16,26
"4080",2000,13,5 - 9,56,102
"4080",2000,13,10 - 14,89,189
"4080",2000,13,15 - 19,339,957
"4080",2000,13,20 - 24,329,1400
"4080",2000,13,25 - 29,304,1473
"4080",2000,13,30 - 34,383,1441
"4080",2000,13,35 - 39,468,1597
"4080",2000,13,40 - 44,521,1795
"4080",2000,13,45 - 49,650,1786
"4080",2000,13,50 - 54,614,1636
"4080",2000,13,55 - 59,442,1094
"4080",2000,13,60 - 64,503,1135
"4080",2000,13,65 - 69,681,1381
"4080",2000,13,70 - 74,991,1584
"4080",2000,13,75 - 79,1568,2052
"4080",2000,13,80 - 84,1438,1308
"4080",2000,13,85 - 89,3088,1864
"4080",2000,13,90 - 94,2608,1132
"4080",2000,13,95+,1290,332
"4080",2000,13,UNK,0,0
"4080",2000,14,Total,192,311
"4080",2000,14,0,6,13
"4080",2000,14,1,3,4
"4080",2000,14,2,4,3
"4080",2000,14,3,2,3
"4080",2000,14,4,0,1
"4080",2000,14,5 - 9,7,11
"4080",2000,14,10 - 14,7,7
"4080",2000,14,15 - 19,6,14
"4080",2000,14,20 - 24,13,23
"4080",2000,14,25 - 29,10,26
"4080",2000,14,30 - 34,12,31
"4080",2000,14,35 - 39,18,40
"4080",2000,14,40 - 44,17,27
"4080",2000,14,45 - 49,17,34
"4080",2000,14,50 - 54,17,23
"4080",2000,14,55 - 59,7,12
"4080",2000,14,60 - 64,14,10
"4080",2000,14,65 - 69,5,6
"4080",2000,14,70 - 74,8,7
"4080",2000,14,75 - 79,10,7
"4080",2000,14,80 - 84,3,4
"4080",2000,14,85 - 89,2,4
"4080",2000,14,90 - 94,3,0
"4080",2000,14,95+,1,1
"4080",2000,14,UNK,0,0
"4080",2001,1,Total,258801,272271
"4080",2001,1,0,1477,1955
"4080",2001,1,1,128,166
"4080",2001,1,2,79,118
"4080",2001,1,3,77,80
"4080",2001,1,4,54,69
"4080",2001,1,5 - 9,166,257
"4080",2001,1,10 - 14,240,368
"4080",2001,1,15 - 19,566,1429
"4080",2001,1,20 - 24,654,1991
"4080",2001,1,25 - 29,769,2221
"4080",2001,1,30 - 34,1091,2684
"4080",2001,1,35 - 39,1929,4025
"4080",2001,1,40 - 44,2967,6217
"4080",2001,1,45 - 49,4433,9898
"4080",2001,1,50 - 54,5885,13995
"4080",2001,1,55 - 59,5930,13754
"4080",2001,1,60 - 64,7521,17170
"4080",2001,1,65 - 69,12150,25492
"4080",2001,1,70 - 74,20060,34526
"4080",2001,1,75 - 79,32334,42473
"4080",2001,1,80 - 84,34953,34447
"4080",2001,1,85 - 89,52945,33148
"4080",2001,1,90 - 94,48827,20068
"4080",2001,1,95+,23566,5720
"4080",2001,1,UNK,0,0
"4080",2001,2,Total,5007,5118
"4080",2001,2,0,34,34
"4080",2001,2,1,8,14
"4080",2001,2,2,7,2
"4080",2001,2,3,3,1
"4080",2001,2,4,1,3
"4080",2001,2,5 - 9,5,8
"4080",2001,2,10 - 14,8,5
"4080",2001,2,15 - 19,8,14
"4080",2001,2,20 - 24,8,14
"4080",2001,2,25 - 29,15,27
"4080",2001,2,30 - 34,53,99
"4080",2001,2,35 - 39,108,258
"4080",2001,2,40 - 44,80,265
"4080",2001,2,45 - 49,66,225
"4080",2001,2,50 - 54,69,262
"4080",2001,2,55 - 59,83,232
"4080",2001,2,60 - 64,120,269
"4080",2001,2,65 - 69,220,376
"4080",2001,2,70 - 74,441,561
"4080",2001,2,75 - 79,700,790
"4080",2001,2,80 - 84,701,620
"4080",2001,2,85 - 89,1050,589
"4080",2001,2,90 - 94,866,353
"4080",2001,2,95+,353,97
"4080",2001,2,UNK,0,0
"4080",2001,3,Total,60543,90436
"4080",2001,3,0,11,16
"4080",2001,3,1,8,14
"4080",2001,3,2,15,17
"4080",2001,3,3,13,13
"4080",2001,3,4,12,26
"4080",2001,3,5 - 9,45,60
"4080",2001,3,10 - 14,43,72
"4080",2001,3,15 - 19,69,97
"4080",2001,3,20 - 24,82,130
"4080",2001,3,25 - 29,145,164
"4080",2001,3,30 - 34,267,284
"4080",2001,3,35 - 39,650,567
"4080",2001,3,40 - 44,1189,1522
"4080",2001,3,45 - 49,2097,3545
"4080",2001,3,50 - 54,3045,6120
"4080",2001,3,55 - 59,3256,6659
"4080",2001,3,60 - 64,3952,8349
"4080",2001,3,65 - 69,5850,11963
"4080",2001,3,70 - 74,8118,14638
"4080",2001,3,75 - 79,9564,15021
"4080",2001,3,80 - 84,7691,9975
"4080",2001,3,85 - 89,7758,7184
"4080",2001,3,90 - 94,5068,3344
"4080",2001,3,95+,1595,656
"4080",2001,3,UNK,0,0
"4080",2001,4,Total,86191,73966
"4080",2001,4,0,33,39
"4080",2001,4,1,1,5
"4080",2001,4,2,2,1
"4080",2001,4,3,2,1
"4080",2001,4,4,1,2
"4080",2001,4,5 - 9,9,8
"4080",2001,4,10 - 14,17,19
"4080",2001,4,15 - 19,32,36
"4080",2001,4,20 - 24,33,56
"4080",2001,4,25 - 29,50,103
"4080",2001,4,30 - 34,84,183
"4080",2001,4,35 - 39,171,404
"4080",2001,4,40 - 44,323,866
"4080",2001,4,45 - 49,478,1595
"4080",2001,4,50 - 54,654,2297
"4080",2001,4,55 - 59,724,2420
"4080",2001,4,60 - 64,1216,3424
"4080",2001,4,65 - 69,2461,5971
"4080",2001,4,70 - 74,5252,9408
"4080",2001,4,75 - 79,10620,13361
"4080",2001,4,80 - 84,13044,11801
"4080",2001,4,85 - 89,21555,12358
"4080",2001,4,90 - 94,20329,7535
"4080",2001,4,95+,9100,2073
"4080",2001,4,UNK,0,0
"4080",2001,5,Total,19508,15466
"4080",2001,5,0,207,316
"4080",2001,5,1,13,11
"4080",2001,5,2,7,9
"4080",2001,5,3,11,4
"4080",2001,5,4,1,0
"4080",2001,5,5 - 9,9,22
"4080",2001,5,10 - 14,14,18
"4080",2001,5,15 - 19,25,111
"4080",2001,5,20 - 24,57,205
"4080",2001,5,25 - 29,85,251
"4080",2001,5,30 - 34,104,352
"4080",2001,5,35 - 39,158,462
"4080",2001,5,40 - 44,198,556
"4080",2001,5,45 - 49,239,770
"4080",2001,5,50 - 54,293,841
"4080",2001,5,55 - 59,236,765
"4080",2001,5,60 - 64,315,770
"4080",2001,5,65 - 69,508,1056
"4080",2001,5,70 - 74,875,1347
"4080",2001,5,75 - 79,1609,1762
"4080",2001,5,80 - 84,1928,1568
"4080",2001,5,85 - 89,3933,1928
"4080",2001,5,90 - 94,4905,1618
"4080",2001,5,95+,3778,724
"4080",2001,5,UNK,0,0
"4080",2001,6,Total,10443,7250
"4080",2001,6,0,0,0
"4080",2001,6,1,0,0
"4080",2001,6,2,1,0
"4080",2001,6,3,1,0
"4080",2001,6,4,1,0
"4080",2001,6,5 - 9,1,1
"4080",2001,6,10 - 14,2,0
"4080",2001,6,15 - 19,2,8
"4080",2001,6,20 - 24,3,31
"4080",2001,6,25 - 29,14,43
"4080",2001,6,30 - 34,25,96
"4080",2001,6,35 - 39,61,194
"4080",2001,6,40 - 44,76,288
"4080",2001,6,45 - 49,138,445
"4080",2001,6,50 - 54,154,530
"4080",2001,6,55 - 59,131,401
"4080",2001,6,60 - 64,101,359
"4080",2001,6,65 - 69,176,386
"4080",2001,6,70 - 74,362,533
"4080",2001,6,75 - 79,861,774
"4080",2001,6,80 - 84,1241,924
"4080",2001,6,85 - 89,2666,1143
"4080",2001,6,90 - 94,2936,858
"4080",2001,6,95+,1490,236
"4080",2001,6,UNK,0,0
"4080",2001,7,Total,12035,9287
"4080",2001,7,0,56,69
"4080",2001,7,1,8,15
"4080",2001,7,2,8,9
"4080",2001,7,3,5,10
"4080",2001,7,4,6,8
"4080",2001,7,5 - 9,10,13
"4080",2001,7,10 - 14,26,31
"4080",2001,7,15 - 19,36,62
"4080",2001,7,20 - 24,24,70
"4080",2001,7,25 - 29,43,59
"4080",2001,7,30 - 34,53,74
"4080",2001,7,35 - 39,102,121
"4080",2001,7,40 - 44,105,177
"4080",2001,7,45 - 49,122,222
"4080",2001,7,50 - 54,189,294
"4080",2001,7,55 - 59,198,286
"4080",2001,7,60 - 64,251,393
"4080",2001,7,65 - 69,430,635
"4080",2001,7,70 - 74,900,1025
"4080",2001,7,75 - 79,1950,1741
"4080",2001,7,80 - 84,2120,1681
"4080",2001,7,85 - 89,2816,1491
"4080",2001,7,90 - 94,1918,680
"4080",2001,7,95+,659,121
"4080",2001,7,UNK,0,0
"4080",2001,8,Total,11298,8084
"4080",2001,8,0,36,38
"4080",2001,8,1,7,11
"4080",2001,8,2,2,9
"4080",2001,8,3,3,2
"4080",2001,8,4,1,1
"4080",2001,8,5 - 9,9,11
"4080",2001,8,10 - 14,9,16
"4080",2001,8,15 - 19,13,12
"4080",2001,8,20 - 24,14,19
"4080",2001,8,25 - 29,15,26
"4080",2001,8,30 - 34,15,24
"4080",2001,8,35 - 39,24,58
"4080",2001,8,40 - 44,42,108
"4080",2001,8,45 - 49,85,182
"4080",2001,8,50 - 54,132,297
"4080",2001,8,55 - 59,154,291
"4080",2001,8,60 - 64,248,411
"4080",2001,8,65 - 69,466,738
"4080",2001,8,70 - 74,881,1072
"4080",2001,8,75 - 79,1484,1411
"4080",2001,8,80 - 84,1636,1189
"4080",2001,8,85 - 89,2450,1157
"4080",2001,8,90 - 94,2355,757
"4080",2001,8,95+,1217,244
"4080",2001,8,UNK,0,0
"4080",2001,9,Total,11200,12967
"4080",2001,9,0,20,23
"4080",2001,9,1,1,1
"4080",2001,9,2,0,1
"4080",2001,9,3,0,1
"4080",2001,9,4,0,0
"4080",2001,9,5 - 9,1,3
"4080",2001,9,10 - 14,9,6
"4080",2001,9,15 - 19,7,8
"4080",2001,9,20 - 24,5,6
"4080",2001,9,25 - 29,13,20
"4080",2001,9,30 - 34,30,67
"4080",2001,9,35 - 39,98,188
"4080",2001,9,40 - 44,234,499
"4080",2001,9,45 - 49,354,807
"4080",2001,9,50 - 54,476,1177
"4080",2001,9,55 - 59,394,972
"4080",2001,9,60 - 64,458,1146
"4080",2001,9,65 - 69,620,1457
"4080",2001,9,70 - 74,854,1612
"4080",2001,9,75 - 79,1317,1669
"4080",2001,9,80 - 84,1405,1234
"4080",2001,9,85 - 89,2092,1191
"4080",2001,9,90 - 94,1933,687
"4080",2001,9,95+,879,192
"4080",2001,9,UNK,0,0
"4080",2001,10,Total,3914,3603
"4080",2001,10,0,2,3
"4080",2001,10,1,0,0
"4080",2001,10,2,1,0
"4080",2001,10,3,0,0
"4080",2001,10,4,0,0
"4080",2001,10,5 - 9,1,0
"4080",2001,10,10 - 14,0,0
"4080",2001,10,15 - 19,1,1
"4080",2001,10,20 - 24,1,2
"4080",2001,10,25 - 29,2,6
"4080",2001,10,30 - 34,4,4
"4080",2001,10,35 - 39,7,10
"4080",2001,10,40 - 44,17,14
"4080",2001,10,45 - 49,30,27
"4080",2001,10,50 - 54,32,48
"4080",2001,10,55 - 59,44,65
"4080",2001,10,60 - 64,61,112
"4080",2001,10,65 - 69,154,205
"4080",2001,10,70 - 74,215,375
"4080",2001,10,75 - 79,440,604
"4080",2001,10,80 - 84,632,655
"4080",2001,10,85 - 89,967,749
"4080",2001,10,90 - 94,863,545
"4080",2001,10,95+,440,178
"4080",2001,10,UNK,0,0
"4080",2001,11,Total,1446,1788
"4080",2001,11,0,1009,1323
"4080",2001,11,1,17,26
"4080",2001,11,2,10,10
"4080",2001,11,3,10,5
"4080",2001,11,4,5,4
"4080",2001,11,5 - 9,7,19
"4080",2001,11,10 - 14,17,20
"4080",2001,11,15 - 19,27,25
"4080",2001,11,20 - 24,17,15
"4080",2001,11,25 - 29,19,15
"4080",2001,11,30 - 34,26,27
"4080",2001,11,35 - 39,16,19
"4080",2001,11,40 - 44,6,20
"4080",2001,11,45 - 49,27,32
"4080",2001,11,50 - 54,33,37
"4080",2001,11,55 - 59,38,35
"4080",2001,11,60 - 64,19,31
"4080",2001,11,65 - 69,20,37
"4080",2001,11,70 - 74,28,26
"4080",2001,11,75 - 79,25,28
"4080",2001,11,80 - 84,30,14
"4080",2001,11,85 - 89,26,9
"4080",2001,11,90 - 94,7,9
"4080",2001,11,95+,7,2
"4080",2001,11,UNK,0,0
"4080",2001,12,Total,15112,16969
"4080",2001,12,0,14,20
"4080",2001,12,1,7,6
"4080",2001,12,2,2,4
"4080",2001,12,3,2,2
"4080",2001,12,4,3,1
"4080",2001,12,5 - 9,3,5
"4080",2001,12,10 - 14,3,8
"4080",2001,12,15 - 19,11,9
"4080",2001,12,20 - 24,12,17
"4080",2001,12,25 - 29,17,25
"4080",2001,12,30 - 34,26,39
"4080",2001,12,35 - 39,35,59
"4080",2001,12,40 - 44,58,112
"4080",2001,12,45 - 49,99,200
"4080",2001,12,50 - 54,109,321
"4080",2001,12,55 - 59,116,382
"4080",2001,12,60 - 64,195,660
"4080",2001,12,65 - 69,429,1176
"4080",2001,12,70 - 74,843,2088
"4080",2001,12,75 - 79,1626,3013
"4080",2001,12,80 - 84,1972,2737
"4080",2001,12,85 - 89,3679,3170
"4080",2001,12,90 - 94,3726,2175
"4080",2001,12,95+,2125,740
"4080",2001,12,UNK,0,0
"4080",2001,13,Total,16518,24063
"4080",2001,13,0,35,52
"4080",2001,13,1,44,56
"4080",2001,13,2,20,50
"4080",2001,13,3,23,35
"4080",2001,13,4,20,21
"4080",2001,13,5 - 9,58,99
"4080",2001,13,10 - 14,80,159
"4080",2001,13,15 - 19,318,1020
"4080",2001,13,20 - 24,369,1386
"4080",2001,13,25 - 29,321,1442
"4080",2001,13,30 - 34,360,1403
"4080",2001,13,35 - 39,449,1629
"4080",2001,13,40 - 44,584,1733
"4080",2001,13,45 - 49,646,1779
"4080",2001,13,50 - 54,629,1669
"4080",2001,13,55 - 59,494,1151
"4080",2001,13,60 - 64,492,1133
"4080",2001,13,65 - 69,630,1308
"4080",2001,13,70 - 74,955,1504
"4080",2001,13,75 - 79,1462,1805
"4080",2001,13,80 - 84,1799,1552
"4080",2001,13,85 - 89,2710,1637
"4080",2001,13,90 - 94,2686,1115
"4080",2001,13,95+,1334,325
"4080",2001,13,UNK,0,0
"4080",2001,14,Total,199,290
"4080",2001,14,0,8,12
"4080",2001,14,1,6,2
"4080",2001,14,2,1,3
"4080",2001,14,3,2,5
"4080",2001,14,4,0,0
"4080",2001,14,5 - 9,6,4
"4080",2001,14,10 - 14,3,6
"4080",2001,14,15 - 19,7,16
"4080",2001,14,20 - 24,14,33
"4080",2001,14,25 - 29,13,34
"4080",2001,14,30 - 34,21,23
"4080",2001,14,35 - 39,12,32
"4080",2001,14,40 - 44,18,26
"4080",2001,14,45 - 49,17,24
"4080",2001,14,50 - 54,24,25
"4080",2001,14,55 - 59,6,12
"4080",2001,14,60 - 64,5,9
"4080",2001,14,65 - 69,3,11
"4080",2001,14,70 - 74,3,6
"4080",2001,14,75 - 79,13,3
"4080",2001,14,80 - 84,4,2
"4080",2001,14,85 - 89,8,1
"4080",2001,14,90 - 94,3,1
"4080",2001,14,95+,2,0
"4080",2001,14,UNK,0,0
"4080",2002,1,Total,262141,272999
"4080",2002,1,0,1361,1753
"4080",2002,1,1,115,155
"4080",2002,1,2,78,116
"4080",2002,1,3,55,79
"4080",2002,1,4,50,55
"4080",2002,1,5 - 9,194,260
"4080",2002,1,10 - 14,227,306
"4080",2002,1,15 - 19,503,1228
"4080",2002,1,20 - 24,648,1993
"4080",2002,1,25 - 29,729,2131
"4080",2002,1,30 - 34,1028,2624
"4080",2002,1,35 - 39,1795,3839
"4080",2002,1,40 - 44,3034,6004
"4080",2002,1,45 - 49,4476,9597
"4080",2002,1,50 - 54,6074,14112
"4080",2002,1,55 - 59,6424,15105
"4080",2002,1,60 - 64,7220,16604
"4080",2002,1,65 - 69,11913,24597
"4080",2002,1,70 - 74,19661,34258
"4080",2002,1,75 - 79,32282,41930
"4080",2002,1,80 - 84,40620,39256
"4080",2002,1,85 - 89,48551,30001
"4080",2002,1,90 - 94,50445,20994
"4080",2002,1,95+,24658,6002
"4080",2002,1,UNK,0,0
"4080",2002,2,Total,5045,5279
"4080",2002,2,0,35,35
"4080",2002,2,1,9,8
"4080",2002,2,2,5,4
"4080",2002,2,3,2,3
"4080",2002,2,4,0,1
"4080",2002,2,5 - 9,2,9
"4080",2002,2,10 - 14,4,4
"4080",2002,2,15 - 19,10,12
"4080",2002,2,20 - 24,9,14
"4080",2002,2,25 - 29,20,36
"4080",2002,2,30 - 34,37,82
"4080",2002,2,35 - 39,66,236
"4080",2002,2,40 - 44,89,292
"4080",2002,2,45 - 49,76,244
"4080",2002,2,50 - 54,84,248
"4080",2002,2,55 - 59,101,245
"4080",2002,2,60 - 64,133,245
"4080",2002,2,65 - 69,234,385
"4080",2002,2,70 - 74,425,570
"4080",2002,2,75 - 79,696,781
"4080",2002,2,80 - 84,848,737
"4080",2002,2,85 - 89,950,599
"4080",2002,2,90 - 94,848,371
"4080",2002,2,95+,362,118
"4080",2002,2,UNK,0,0
"4080",2002,3,Total,61749,90989
"4080",2002,3,0,19,9
"4080",2002,3,1,3,7
"4080",2002,3,2,8,22
"4080",2002,3,3,8,9
"4080",2002,3,4,14,13
"4080",2002,3,5 - 9,61,76
"4080",2002,3,10 - 14,55,69
"4080",2002,3,15 - 19,67,101
"4080",2002,3,20 - 24,101,133
"4080",2002,3,25 - 29,104,187
"4080",2002,3,30 - 34,267,240
"4080",2002,3,35 - 39,602,533
"4080",2002,3,40 - 44,1318,1400
"4080",2002,3,45 - 49,2168,3446
"4080",2002,3,50 - 54,3218,6225
"4080",2002,3,55 - 59,3515,7227
"4080",2002,3,60 - 64,3808,8063
"4080",2002,3,65 - 69,5642,11863
"4080",2002,3,70 - 74,7880,14634
"4080",2002,3,75 - 79,9887,14839
"4080",2002,3,80 - 84,9104,11294
"4080",2002,3,85 - 89,7036,6357
"4080",2002,3,90 - 94,5204,3542
"4080",2002,3,95+,1660,700
"4080",2002,3,UNK,0,0
"4080",2002,4,Total,84844,73251
"4080",2002,4,0,33,38
"4080",2002,4,1,9,4
"4080",2002,4,2,1,7
"4080",2002,4,3,4,3
"4080",2002,4,4,1,0
"4080",2002,4,5 - 9,5,10
"4080",2002,4,10 - 14,11,14
"4080",2002,4,15 - 19,30,37
"4080",2002,4,20 - 24,44,61
"4080",2002,4,25 - 29,54,96
"4080",2002,4,30 - 34,79,184
"4080",2002,4,35 - 39,191,406
"4080",2002,4,40 - 44,310,815
"4080",2002,4,45 - 49,512,1423
"4080",2002,4,50 - 54,664,2310
"4080",2002,4,55 - 59,764,2744
"4080",2002,4,60 - 64,1053,3302
"4080",2002,4,65 - 69,2380,5508
"4080",2002,4,70 - 74,4838,9194
"4080",2002,4,75 - 79,10183,12901
"4080",2002,4,80 - 84,14429,13428
"4080",2002,4,85 - 89,19279,10900
"4080",2002,4,90 - 94,20543,7663
"4080",2002,4,95+,9427,2203
"4080",2002,4,UNK,0,0
"4080",2002,5,Total,20132,15708
"4080",2002,5,0,166,265
"4080",2002,5,1,15,22
"4080",2002,5,2,11,8
"4080",2002,5,3,2,9
"4080",2002,5,4,4,9
"4080",2002,5,5 - 9,15,9
"4080",2002,5,10 - 14,15,19
"4080",2002,5,15 - 19,27,83
"4080",2002,5,20 - 24,71,178
"4080",2002,5,25 - 29,102,236
"4080",2002,5,30 - 34,104,325
"4080",2002,5,35 - 39,171,464
"4080",2002,5,40 - 44,219,556
"4080",2002,5,45 - 49,268,808
"4080",2002,5,50 - 54,337,923
"4080",2002,5,55 - 59,278,817
"4080",2002,5,60 - 64,294,785
"4080",2002,5,65 - 69,468,1035
"4080",2002,5,70 - 74,873,1330
"4080",2002,5,75 - 79,1515,1750
"4080",2002,5,80 - 84,2309,1825
"4080",2002,5,85 - 89,3677,1803
"4080",2002,5,90 - 94,5161,1750
"4080",2002,5,95+,4030,699
"4080",2002,5,UNK,0,0
"4080",2002,6,Total,10652,7244
"4080",2002,6,0,0,0
"4080",2002,6,1,1,0
"4080",2002,6,2,0,0
"4080",2002,6,3,0,0
"4080",2002,6,4,1,0
"4080",2002,6,5 - 9,1,2
"4080",2002,6,10 - 14,2,1
"4080",2002,6,15 - 19,4,8
"4080",2002,6,20 - 24,5,29
"4080",2002,6,25 - 29,13,49
"4080",2002,6,30 - 34,23,76
"4080",2002,6,35 - 39,44,157
"4080",2002,6,40 - 44,86,311
"4080",2002,6,45 - 49,130,470
"4080",2002,6,50 - 54,140,545
"4080",2002,6,55 - 59,148,379
"4080",2002,6,60 - 64,121,336
"4080",2002,6,65 - 69,166,407
"4080",2002,6,70 - 74,344,541
"4080",2002,6,75 - 79,792,781
"4080",2002,6,80 - 84,1489,1008
"4080",2002,6,85 - 89,2502,1081
"4080",2002,6,90 - 94,3080,831
"4080",2002,6,95+,1560,232
"4080",2002,6,UNK,0,0
"4080",2002,7,Total,13057,9546
"4080",2002,7,0,56,65
"4080",2002,7,1,13,17
"4080",2002,7,2,10,7
"4080",2002,7,3,5,2
"4080",2002,7,4,4,3
"4080",2002,7,5 - 9,17,23
"4080",2002,7,10 - 14,18,31
"4080",2002,7,15 - 19,27,46
"4080",2002,7,20 - 24,39,63
"4080",2002,7,25 - 29,35,57
"4080",2002,7,30 - 34,43,89
"4080",2002,7,35 - 39,72,107
"4080",2002,7,40 - 44,79,177
"4080",2002,7,45 - 49,132,232
"4080",2002,7,50 - 54,154,311
"4080",2002,7,55 - 59,193,307
"4080",2002,7,60 - 64,277,382
"4080",2002,7,65 - 69,537,560
"4080",2002,7,70 - 74,982,1085
"4080",2002,7,75 - 79,1942,1776
"4080",2002,7,80 - 84,2655,1855
"4080",2002,7,85 - 89,2755,1444
"4080",2002,7,90 - 94,2274,753
"4080",2002,7,95+,738,154
"4080",2002,7,UNK,0,0
"4080",2002,8,Total,11637,8087
"4080",2002,8,0,27,27
"4080",2002,8,1,13,13
"4080",2002,8,2,1,9
"4080",2002,8,3,2,6
"4080",2002,8,4,2,3
"4080",2002,8,5 - 9,10,11
"4080",2002,8,10 - 14,10,12
"4080",2002,8,15 - 19,19,15
"4080",2002,8,20 - 24,17,19
"4080",2002,8,25 - 29,15,20
"4080",2002,8,30 - 34,14,40
"4080",2002,8,35 - 39,31,61
"4080",2002,8,40 - 44,49,80
"4080",2002,8,45 - 49,71,160
"4080",2002,8,50 - 54,110,249
"4080",2002,8,55 - 59,163,333
"4080",2002,8,60 - 64,235,396
"4080",2002,8,65 - 69,486,726
"4080",2002,8,70 - 74,918,1065
"4080",2002,8,75 - 79,1568,1408
"4080",2002,8,80 - 84,1951,1331
"4080",2002,8,85 - 89,2265,1043
"4080",2002,8,90 - 94,2382,819
"4080",2002,8,95+,1278,241
"4080",2002,8,UNK,0,0
"4080",2002,9,Total,11351,12736
"4080",2002,9,0,12,25
"4080",2002,9,1,4,4
"4080",2002,9,2,3,0
"4080",2002,9,3,1,1
"4080",2002,9,4,1,0
"4080",2002,9,5 - 9,5,1
"4080",2002,9,10 - 14,1,0
"4080",2002,9,15 - 19,4,5
"4080",2002,9,20 - 24,7,5
"4080",2002,9,25 - 29,6,22
"4080",2002,9,30 - 34,26,48
"4080",2002,9,35 - 39,102,208
"4080",2002,9,40 - 44,211,448
"4080",2002,9,45 - 49,335,821
"4080",2002,9,50 - 54,492,1101
"4080",2002,9,55 - 59,461,1104
"4080",2002,9,60 - 64,393,1175
"4080",2002,9,65 - 69,633,1317
"4080",2002,9,70 - 74,895,1543
"4080",2002,9,75 - 79,1349,1560
"4080",2002,9,80 - 84,1710,1402
"4080",2002,9,85 - 89,1917,1025
"4080",2002,9,90 - 94,1921,724
"4080",2002,9,95+,862,197
"4080",2002,9,UNK,0,0
"4080",2002,10,Total,4109,3889
"4080",2002,10,0,1,1
"4080",2002,10,1,0,0
"4080",2002,10,2,0,0
"4080",2002,10,3,1,0
"4080",2002,10,4,0,0
"4080",2002,10,5 - 9,0,0
"4080",2002,10,10 - 14,0,1
"4080",2002,10,15 - 19,1,0
"4080",2002,10,20 - 24,0,2
"4080",2002,10,25 - 29,2,5
"4080",2002,10,30 - 34,10,2
"4080",2002,10,35 - 39,7,9
"4080",2002,10,40 - 44,14,21
"4080",2002,10,45 - 49,21,37
"4080",2002,10,50 - 54,22,57
"4080",2002,10,55 - 59,40,77
"4080",2002,10,60 - 64,65,110
"4080",2002,10,65 - 69,141,238
"4080",2002,10,70 - 74,276,417
"4080",2002,10,75 - 79,473,660
"4080",2002,10,80 - 84,724,726
"4080",2002,10,85 - 89,939,696
"4080",2002,10,90 - 94,926,652
"4080",2002,10,95+,446,178
"4080",2002,10,UNK,0,0
"4080",2002,11,Total,1330,1627
"4080",2002,11,0,934,1200
"4080",2002,11,1,10,22
"4080",2002,11,2,5,9
"4080",2002,11,3,3,5
"4080",2002,11,4,5,5
"4080",2002,11,5 - 9,10,13
"4080",2002,11,10 - 14,7,14
"4080",2002,11,15 - 19,14,20
"4080",2002,11,20 - 24,19,26
"4080",2002,11,25 - 29,10,11
"4080",2002,11,30 - 34,13,29
"4080",2002,11,35 - 39,17,25
"4080",2002,11,40 - 44,17,17
"4080",2002,11,45 - 49,23,33
"4080",2002,11,50 - 54,27,32
"4080",2002,11,55 - 59,34,39
"4080",2002,11,60 - 64,30,28
"4080",2002,11,65 - 69,25,16
"4080",2002,11,70 - 74,34,26
"4080",2002,11,75 - 79,33,22
"4080",2002,11,80 - 84,23,17
"4080",2002,11,85 - 89,17,10
"4080",2002,11,90 - 94,15,6
"4080",2002,11,95+,5,2
"4080",2002,11,UNK,0,0
"4080",2002,12,Total,16131,17476
"4080",2002,12,0,17,24
"4080",2002,12,1,3,6
"4080",2002,12,2,2,3
"4080",2002,12,3,2,1
"4080",2002,12,4,2,1
"4080",2002,12,5 - 9,2,4
"4080",2002,12,10 - 14,7,5
"4080",2002,12,15 - 19,13,17
"4080",2002,12,20 - 24,13,18
"4080",2002,12,25 - 29,19,27
"4080",2002,12,30 - 34,20,39
"4080",2002,12,35 - 39,26,62
"4080",2002,12,40 - 44,54,112
"4080",2002,12,45 - 49,74,173
"4080",2002,12,50 - 54,127,349
"4080",2002,12,55 - 59,151,441
"4080",2002,12,60 - 64,202,578
"4080",2002,12,65 - 69,402,1083
"4080",2002,12,70 - 74,902,2020
"4080",2002,12,75 - 79,1725,3157
"4080",2002,12,80 - 84,2506,3220
"4080",2002,12,85 - 89,3501,3037
"4080",2002,12,90 - 94,4073,2310
"4080",2002,12,95+,2288,789
"4080",2002,12,UNK,0,0
"4080",2002,13,Total,16455,23957
"4080",2002,13,0,41,45
"4080",2002,13,1,23,48
"4080",2002,13,2,22,39
"4080",2002,13,3,22,35
"4080",2002,13,4,12,18
"4080",2002,13,5 - 9,53,86
"4080",2002,13,10 - 14,80,125
"4080",2002,13,15 - 19,266,863
"4080",2002,13,20 - 24,300,1407
"4080",2002,13,25 - 29,310,1346
"4080",2002,13,30 - 34,345,1432
"4080",2002,13,35 - 39,419,1514
"4080",2002,13,40 - 44,539,1718
"4080",2002,13,45 - 49,611,1683
"4080",2002,13,50 - 54,632,1677
"4080",2002,13,55 - 59,508,1300
"4080",2002,13,60 - 64,505,1083
"4080",2002,13,65 - 69,648,1256
"4080",2002,13,70 - 74,940,1536
"4080",2002,13,75 - 79,1468,1855
"4080",2002,13,80 - 84,1937,1826
"4080",2002,13,85 - 89,2545,1507
"4080",2002,13,90 - 94,2797,1179
"4080",2002,13,95+,1432,379
"4080",2002,13,UNK,0,0
"4080",2002,14,Total,201,281
"4080",2002,14,0,8,9
"4080",2002,14,1,3,0
"4080",2002,14,2,4,3
"4080",2002,14,3,2,0
"4080",2002,14,4,2,0
"4080",2002,14,5 - 9,6,7
"4080",2002,14,10 - 14,6,4
"4080",2002,14,15 - 19,8,15
"4080",2002,14,20 - 24,8,29
"4080",2002,14,25 - 29,15,30
"4080",2002,14,30 - 34,16,24
"4080",2002,14,35 - 39,14,33
"4080",2002,14,40 - 44,18,21
"4080",2002,14,45 - 49,13,27
"4080",2002,14,50 - 54,17,23
"4080",2002,14,55 - 59,10,14
"4080",2002,14,60 - 64,7,10
"4080",2002,14,65 - 69,11,8
"4080",2002,14,70 - 74,7,8
"4080",2002,14,75 - 79,7,8
"4080",2002,14,80 - 84,12,6
"4080",2002,14,85 - 89,3,1
"4080",2002,14,90 - 94,4,1
"4080",2002,14,95+,0,0
"4080",2002,14,UNK,0,0
"4080",2003,1,Total,273315,279020
"4080",2003,1,0,1299,1755
"4080",2003,1,1,136,152
"4080",2003,1,2,84,110
"4080",2003,1,3,51,72
"4080",2003,1,4,50,73
"4080",2003,1,5 - 9,177,223
"4080",2003,1,10 - 14,185,342
"4080",2003,1,15 - 19,429,1133
"4080",2003,1,20 - 24,575,1885
"4080",2003,1,25 - 29,662,1818
"4080",2003,1,30 - 34,1070,2595
"4080",2003,1,35 - 39,1782,3771
"4080",2003,1,40 - 44,2901,5772
"4080",2003,1,45 - 49,4428,9487
"4080",2003,1,50 - 54,6248,14036
"4080",2003,1,55 - 59,6913,16401
"4080",2003,1,60 - 64,7310,16647
"4080",2003,1,65 - 69,11708,23793
"4080",2003,1,70 - 74,19952,33852
"4080",2003,1,75 - 79,32669,42822
"4080",2003,1,80 - 84,47085,45063
"4080",2003,1,85 - 89,45349,27897
"4080",2003,1,90 - 94,54691,22566
"4080",2003,1,95+,27561,6755
"4080",2003,1,UNK,0,0
"4080",2003,2,Total,5626,5422
"4080",2003,2,0,29,37
"4080",2003,2,1,11,12
"4080",2003,2,2,3,8
"4080",2003,2,3,2,4
"4080",2003,2,4,3,5
"4080",2003,2,5 - 9,3,7
"4080",2003,2,10 - 14,3,10
"4080",2003,2,15 - 19,8,13
"4080",2003,2,20 - 24,8,25
"4080",2003,2,25 - 29,12,20
"4080",2003,2,30 - 34,34,82
"4080",2003,2,35 - 39,74,199
"4080",2003,2,40 - 44,103,272
"4080",2003,2,45 - 49,76,247
"4080",2003,2,50 - 54,88,238
"4080",2003,2,55 - 59,109,258
"4080",2003,2,60 - 64,134,243
"4080",2003,2,65 - 69,232,393
"4080",2003,2,70 - 74,432,568
"4080",2003,2,75 - 79,813,812
"4080",2003,2,80 - 84,999,886
"4080",2003,2,85 - 89,944,521
"4080",2003,2,90 - 94,1036,433
"4080",2003,2,95+,470,129
"4080",2003,2,UNK,0,0
"4080",2003,3,Total,62213,91311
"4080",2003,3,0,13,13
"4080",2003,3,1,15,12
"4080",2003,3,2,15,14
"4080",2003,3,3,10,14
"4080",2003,3,4,17,17
"4080",2003,3,5 - 9,51,41
"4080",2003,3,10 - 14,50,62
"4080",2003,3,15 - 19,69,92
"4080",2003,3,20 - 24,83,134
"4080",2003,3,25 - 29,142,165
"4080",2003,3,30 - 34,302,263
"4080",2003,3,35 - 39,660,526
"4080",2003,3,40 - 44,1216,1291
"4080",2003,3,45 - 49,2176,3319
"4080",2003,3,50 - 54,3230,6034
"4080",2003,3,55 - 59,3735,7820
"4080",2003,3,60 - 64,3831,8067
"4080",2003,3,65 - 69,5593,11032
"4080",2003,3,70 - 74,7822,14285
"4080",2003,3,75 - 79,9658,15213
"4080",2003,3,80 - 84,10063,12614
"4080",2003,3,85 - 89,6311,5811
"4080",2003,3,90 - 94,5390,3668
"4080",2003,3,95+,1761,804
"4080",2003,3,UNK,0,0
"4080",2003,4,Total,86237,73567
"4080",2003,4,0,27,52
"4080",2003,4,1,6,9
"4080",2003,4,2,8,4
"4080",2003,4,3,2,2
"4080",2003,4,4,2,4
"4080",2003,4,5 - 9,17,7
"4080",2003,4,10 - 14,11,21
"4080",2003,4,15 - 19,16,38
"4080",2003,4,20 - 24,21,55
"4080",2003,4,25 - 29,57,82
"4080",2003,4,30 - 34,95,197
"4080",2003,4,35 - 39,157,349
"4080",2003,4,40 - 44,300,808
"4080",2003,4,45 - 49,460,1369
"4080",2003,4,50 - 54,637,2263
"4080",2003,4,55 - 59,842,2905
"4080",2003,4,60 - 64,1103,3254
"4080",2003,4,65 - 69,2184,5324
"4080",2003,4,70 - 74,4912,8981
"4080",2003,4,75 - 79,9755,12689
"4080",2003,4,80 - 84,16439,14950
"4080",2003,4,85 - 89,17491,10004
"4080",2003,4,90 - 94,21486,7966
"4080",2003,4,95+,10209,2234
"4080",2003,4,UNK,0,0
"4080",2003,5,Total,21928,16653
"4080",2003,5,0,177,288
"4080",2003,5,1,16,26
"4080",2003,5,2,10,13
"4080",2003,5,3,3,10
"4080",2003,5,4,3,8
"4080",2003,5,5 - 9,8,15
"4080",2003,5,10 - 14,16,26
"4080",2003,5,15 - 19,36,84
"4080",2003,5,20 - 24,61,165
"4080",2003,5,25 - 29,88,222
"4080",2003,5,30 - 34,114,321
"4080",2003,5,35 - 39,160,482
"4080",2003,5,40 - 44,213,575
"4080",2003,5,45 - 49,292,797
"4080",2003,5,50 - 54,363,988
"4080",2003,5,55 - 59,340,957
"4080",2003,5,60 - 64,361,826
"4080",2003,5,65 - 69,503,1055
"4080",2003,5,70 - 74,955,1367
"4080",2003,5,75 - 79,1734,1793
"4080",2003,5,80 - 84,2951,2188
"4080",2003,5,85 - 89,3568,1692
"4080",2003,5,90 - 94,5607,1845
"4080",2003,5,95+,4349,910
"4080",2003,5,UNK,0,0
"4080",2003,6,Total,11396,7640
"4080",2003,6,0,0,0
"4080",2003,6,1,0,0
"4080",2003,6,2,0,0
"4080",2003,6,3,0,0
"4080",2003,6,4,0,1
"4080",2003,6,5 - 9,1,0
"4080",2003,6,10 - 14,3,0
"4080",2003,6,15 - 19,3,6
"4080",2003,6,20 - 24,11,35
"4080",2003,6,25 - 29,13,39
"4080",2003,6,30 - 34,18,94
"4080",2003,6,35 - 39,39,166
"4080",2003,6,40 - 44,78,297
"4080",2003,6,45 - 49,130,453
"4080",2003,6,50 - 54,189,515
"4080",2003,6,55 - 59,151,490
"4080",2003,6,60 - 64,119,344
"4080",2003,6,65 - 69,185,415
"4080",2003,6,70 - 74,386,539
"4080",2003,6,75 - 79,858,843
"4080",2003,6,80 - 84,1680,1186
"4080",2003,6,85 - 89,2362,1038
"4080",2003,6,90 - 94,3368,907
"4080",2003,6,95+,1802,272
"4080",2003,6,UNK,0,0
"4080",2003,7,Total,14894,10628
"4080",2003,7,0,51,47
"4080",2003,7,1,11,13
"4080",2003,7,2,5,3
"4080",2003,7,3,4,3
"4080",2003,7,4,3,5
"4080",2003,7,5 - 9,19,26
"4080",2003,7,10 - 14,22,20
"4080",2003,7,15 - 19,28,43
"4080",2003,7,20 - 24,34,59
"4080",2003,7,25 - 29,31,71
"4080",2003,7,30 - 34,42,85
"4080",2003,7,35 - 39,77,127
"4080",2003,7,40 - 44,95,172
"4080",2003,7,45 - 49,129,250
"4080",2003,7,50 - 54,185,321
"4080",2003,7,55 - 59,219,342
"4080",2003,7,60 - 64,240,381
"4080",2003,7,65 - 69,519,664
"4080",2003,7,70 - 74,1049,1120
"4080",2003,7,75 - 79,2147,1924
"4080",2003,7,80 - 84,3343,2419
"4080",2003,7,85 - 89,2932,1432
"4080",2003,7,90 - 94,2758,919
"4080",2003,7,95+,951,182
"4080",2003,7,UNK,0,0
"4080",2003,8,Total,13672,9120
"4080",2003,8,0,30,38
"4080",2003,8,1,5,7
"4080",2003,8,2,5,4
"4080",2003,8,3,4,4
"4080",2003,8,4,0,2
"4080",2003,8,5 - 9,4,12
"4080",2003,8,10 - 14,9,17
"4080",2003,8,15 - 19,7,17
"4080",2003,8,20 - 24,21,14
"4080",2003,8,25 - 29,13,15
"4080",2003,8,30 - 34,18,25
"4080",2003,8,35 - 39,20,53
"4080",2003,8,40 - 44,53,101
"4080",2003,8,45 - 49,102,199
"4080",2003,8,50 - 54,151,299
"4080",2003,8,55 - 59,191,389
"4080",2003,8,60 - 64,214,432
"4080",2003,8,65 - 69,503,682
"4080",2003,8,70 - 74,975,1115
"4080",2003,8,75 - 79,1714,1521
"4080",2003,8,80 - 84,2432,1751
"4080",2003,8,85 - 89,2432,1099
"4080",2003,8,90 - 94,3082,983
"4080",2003,8,95+,1687,341
"4080",2003,8,UNK,0,0
"4080",2003,9,Total,11376,13172
"4080",2003,9,0,2,8
"4080",2003,9,1,5,2
"4080",2003,9,2,0,1
"4080",2003,9,3,1,5
"4080",2003,9,4,0,1
"4080",2003,9,5 - 9,2,5
"4080",2003,9,10 - 14,5,1
"4080",2003,9,15 - 19,5,5
"4080",2003,9,20 - 24,5,6
"4080",2003,9,25 - 29,11,22
"4080",2003,9,30 - 34,24,58
"4080",2003,9,35 - 39,79,180
"4080",2003,9,40 - 44,193,414
"4080",2003,9,45 - 49,326,785
"4080",2003,9,50 - 54,475,1183
"4080",2003,9,55 - 59,434,1248
"4080",2003,9,60 - 64,439,1117
"4080",2003,9,65 - 69,625,1402
"4080",2003,9,70 - 74,903,1564
"4080",2003,9,75 - 79,1383,1647
"4080",2003,9,80 - 84,1827,1556
"4080",2003,9,85 - 89,1708,941
"4080",2003,9,90 - 94,1992,790
"4080",2003,9,95+,932,231
"4080",2003,9,UNK,0,0
"4080",2003,10,Total,4359,4034
"4080",2003,10,0,1,4
"4080",2003,10,1,0,0
"4080",2003,10,2,0,0
"4080",2003,10,3,0,0
"4080",2003,10,4,2,0
"4080",2003,10,5 - 9,2,0
"4080",2003,10,10 - 14,0,0
"4080",2003,10,15 - 19,0,3
"4080",2003,10,20 - 24,1,1
"4080",2003,10,25 - 29,1,6
"4080",2003,10,30 - 34,5,4
"4080",2003,10,35 - 39,5,13
"4080",2003,10,40 - 44,19,17
"4080",2003,10,45 - 49,19,36
"4080",2003,10,50 - 54,33,48
"4080",2003,10,55 - 59,30,89
"4080",2003,10,60 - 64,64,124
"4080",2003,10,65 - 69,128,224
"4080",2003,10,70 - 74,269,381
"4080",2003,10,75 - 79,542,646
"4080",2003,10,80 - 84,864,923
"4080",2003,10,85 - 89,857,661
"4080",2003,10,90 - 94,1058,669
"4080",2003,10,95+,459,185
"4080",2003,10,UNK,0,0
"4080",2003,11,Total,1342,1654
"4080",2003,11,0,904,1189
"4080",2003,11,1,18,14
"4080",2003,11,2,6,11
"4080",2003,11,3,7,4
"4080",2003,11,4,2,3
"4080",2003,11,5 - 9,13,19
"4080",2003,11,10 - 14,6,18
"4080",2003,11,15 - 19,19,29
"4080",2003,11,20 - 24,14,26
"4080",2003,11,25 - 29,24,27
"4080",2003,11,30 - 34,20,33
"4080",2003,11,35 - 39,20,29
"4080",2003,11,40 - 44,23,20
"4080",2003,11,45 - 49,28,32
"4080",2003,11,50 - 54,43,35
"4080",2003,11,55 - 59,44,39
"4080",2003,11,60 - 64,30,25
"4080",2003,11,65 - 69,20,23
"4080",2003,11,70 - 74,25,29
"4080",2003,11,75 - 79,23,18
"4080",2003,11,80 - 84,27,14
"4080",2003,11,85 - 89,10,10
"4080",2003,11,90 - 94,10,5
"4080",2003,11,95+,6,2
"4080",2003,11,UNK,0,0
"4080",2003,12,Total,17337,18636
"4080",2003,12,0,18,14
"4080",2003,12,1,4,3
"4080",2003,12,2,5,5
"4080",2003,12,3,3,1
"4080",2003,12,4,2,1
"4080",2003,12,5 - 9,2,7
"4080",2003,12,10 - 14,3,7
"4080",2003,12,15 - 19,10,10
"4080",2003,12,20 - 24,16,17
"4080",2003,12,25 - 29,7,16
"4080",2003,12,30 - 34,18,42
"4080",2003,12,35 - 39,34,54
"4080",2003,12,40 - 44,45,107
"4080",2003,12,45 - 49,80,176
"4080",2003,12,50 - 54,132,335
"4080",2003,12,55 - 59,174,469
"4080",2003,12,60 - 64,206,652
"4080",2003,12,65 - 69,430,1141
"4080",2003,12,70 - 74,937,2044
"4080",2003,12,75 - 79,1787,3251
"4080",2003,12,80 - 84,3023,3829
"4080",2003,12,85 - 89,3283,2859
"4080",2003,12,90 - 94,4505,2671
"4080",2003,12,95+,2613,925
"4080",2003,12,UNK,0,0
"4080",2003,13,Total,17123,24104
"4080",2003,13,0,34,49
"4080",2003,13,1,33,49
"4080",2003,13,2,22,42
"4080",2003,13,3,10,23
"4080",2003,13,4,13,24
"4080",2003,13,5 - 9,47,72
"4080",2003,13,10 - 14,48,149
"4080",2003,13,15 - 19,211,780
"4080",2003,13,20 - 24,274,1315
"4080",2003,13,25 - 29,234,1101
"4080",2003,13,30 - 34,332,1348
"4080",2003,13,35 - 39,392,1537
"4080",2003,13,40 - 44,518,1635
"4080",2003,13,45 - 49,558,1767
"4080",2003,13,50 - 54,647,1696
"4080",2003,13,55 - 59,567,1315
"4080",2003,13,60 - 64,472,1061
"4080",2003,13,65 - 69,617,1271
"4080",2003,13,70 - 74,943,1583
"4080",2003,13,75 - 79,1594,1984
"4080",2003,13,80 - 84,2403,2142
"4080",2003,13,85 - 89,2443,1433
"4080",2003,13,90 - 94,3078,1304
"4080",2003,13,95+,1633,424
"4080",2003,13,UNK,0,0
"4080",2003,14,Total,184,267
"4080",2003,14,0,5,9
"4080",2003,14,1,3,3
"4080",2003,14,2,1,1
"4080",2003,14,3,1,0
"4080",2003,14,4,1,0
"4080",2003,14,5 - 9,4,4
"4080",2003,14,10 - 14,2,7
"4080",2003,14,15 - 19,10,9
"4080",2003,14,20 - 24,9,24
"4080",2003,14,25 - 29,15,24
"4080",2003,14,30 - 34,12,26
"4080",2003,14,35 - 39,24,39
"4080",2003,14,40 - 44,18,30
"4080",2003,14,45 - 49,15,20
"4080",2003,14,50 - 54,16,26
"4080",2003,14,55 - 59,10,7
"4080",2003,14,60 - 64,4,12
"4080",2003,14,65 - 69,5,6
"4080",2003,14,70 - 74,11,7
"4080",2003,14,75 - 79,6,6
"4080",2003,14,80 - 84,7,4
"4080",2003,14,85 - 89,2,2
"4080",2003,14,90 - 94,2,1
"4080",2003,14,95+,1,0
"4080",2003,14,UNK,0,0
"4080",2004,1,Total,246343,263076
"4080",2004,1,0,1302,1682
"4080",2004,1,1,107,145
"4080",2004,1,2,57,97
"4080",2004,1,3,55,85
"4080",2004,1,4,31,59
"4080",2004,1,5 - 9,153,194
"4080",2004,1,10 - 14,183,271
"4080",2004,1,15 - 19,438,1087
"4080",2004,1,20 - 24,556,1766
"4080",2004,1,25 - 29,595,1670
"4080",2004,1,30 - 34,1002,2361
"4080",2004,1,35 - 39,1694,3444
"4080",2004,1,40 - 44,2844,5529
"4080",2004,1,45 - 49,4210,8839
"4080",2004,1,50 - 54,6056,13163
"4080",2004,1,55 - 59,7194,16349
"4080",2004,1,60 - 64,7218,15956
"4080",2004,1,65 - 69,10610,21809
"4080",2004,1,70 - 74,18228,31627
"4080",2004,1,75 - 79,29150,40217
"4080",2004,1,80 - 84,46285,45824
"4080",2004,1,85 - 89,35357,23486
"4080",2004,1,90 - 94,48142,21059
"4080",2004,1,95+,24876,6357
"4080",2004,1,UNK,0,0
"4080",2004,2,Total,4681,4876
"4080",2004,2,0,24,35
"4080",2004,2,1,14,11
"4080",2004,2,2,6,7
"4080",2004,2,3,1,5
"4080",2004,2,4,1,2
"4080",2004,2,5 - 9,7,5
"4080",2004,2,10 - 14,2,2
"4080",2004,2,15 - 19,8,9
"4080",2004,2,20 - 24,9,7
"4080",2004,2,25 - 29,15,21
"4080",2004,2,30 - 34,27,65
"4080",2004,2,35 - 39,74,165
"4080",2004,2,40 - 44,83,290
"4080",2004,2,45 - 49,94,232
"4080",2004,2,50 - 54,81,231
"4080",2004,2,55 - 59,126,237
"4080",2004,2,60 - 64,115,213
"4080",2004,2,65 - 69,197,323
"4080",2004,2,70 - 74,346,524
"4080",2004,2,75 - 79,603,708
"4080",2004,2,80 - 84,958,872
"4080",2004,2,85 - 89,684,390
"4080",2004,2,90 - 94,828,384
"4080",2004,2,95+,378,138
"4080",2004,2,UNK,0,0
"4080",2004,3,Total,62021,90688
"4080",2004,3,0,17,11
"4080",2004,3,1,9,11
"4080",2004,3,2,8,11
"4080",2004,3,3,11,22
"4080",2004,3,4,8,10
"4080",2004,3,5 - 9,55,61
"4080",2004,3,10 - 14,44,53
"4080",2004,3,15 - 19,67,92
"4080",2004,3,20 - 24,61,117
"4080",2004,3,25 - 29,114,154
"4080",2004,3,30 - 34,282,260
"4080",2004,3,35 - 39,597,469
"4080",2004,3,40 - 44,1216,1283
"4080",2004,3,45 - 49,2064,3135
"4080",2004,3,50 - 54,3229,5865
"4080",2004,3,55 - 59,4032,8051
"4080",2004,3,60 - 64,4056,8103
"4080",2004,3,65 - 69,5314,10565
"4080",2004,3,70 - 74,7743,13843
"4080",2004,3,75 - 79,9336,14981
"4080",2004,3,80 - 84,10921,13621
"4080",2004,3,85 - 89,5663,5425
"4080",2004,3,90 - 94,5446,3727
"4080",2004,3,95+,1728,818
"4080",2004,3,UNK,0,0
"4080",2004,4,Total,77986,69336
"4080",2004,4,0,26,42
"4080",2004,4,1,9,10
"4080",2004,4,2,1,2
"4080",2004,4,3,1,3
"4080",2004,4,4,3,4
"4080",2004,4,5 - 9,13,10
"4080",2004,4,10 - 14,8,19
"4080",2004,4,15 - 19,23,36
"4080",2004,4,20 - 24,35,55
"4080",2004,4,25 - 29,40,67
"4080",2004,4,30 - 34,85,151
"4080",2004,4,35 - 39,152,367
"4080",2004,4,40 - 44,281,692
"4080",2004,4,45 - 49,439,1233
"4080",2004,4,50 - 54,637,2120
"4080",2004,4,55 - 59,812,2746
"4080",2004,4,60 - 64,968,3020
"4080",2004,4,65 - 69,1958,4852
"4080",2004,4,70 - 74,4317,8193
"4080",2004,4,75 - 79,8883,11886
"4080",2004,4,80 - 84,16343,15334
"4080",2004,4,85 - 89,13810,8370
"4080",2004,4,90 - 94,19484,7849
"4080",2004,4,95+,9658,2275
"4080",2004,4,UNK,0,0
"4080",2004,5,Total,18028,14613
"4080",2004,5,0,175,251
"4080",2004,5,1,7,23
"4080",2004,5,2,8,13
"4080",2004,5,3,5,4
"4080",2004,5,4,2,6
"4080",2004,5,5 - 9,10,8
"4080",2004,5,10 - 14,14,21
"4080",2004,5,15 - 19,32,71
"4080",2004,5,20 - 24,62,173
"4080",2004,5,25 - 29,75,199
"4080",2004,5,30 - 34,102,333
"4080",2004,5,35 - 39,162,450
"4080",2004,5,40 - 44,216,571
"4080",2004,5,45 - 49,249,772
"4080",2004,5,50 - 54,308,855
"4080",2004,5,55 - 59,318,924
"4080",2004,5,60 - 64,282,753
"4080",2004,5,65 - 69,408,864
"4080",2004,5,70 - 74,776,1246
"4080",2004,5,75 - 79,1343,1568
"4080",2004,5,80 - 84,2595,1971
"4080",2004,5,85 - 89,2463,1276
"4080",2004,5,90 - 94,4484,1509
"4080",2004,5,95+,3932,752
"4080",2004,5,UNK,0,0
"4080",2004,6,Total,9293,6736
"4080",2004,6,0,0,0
"4080",2004,6,1,0,0
"4080",2004,6,2,0,0
"4080",2004,6,3,0,0
"4080",2004,6,4,0,0
"4080",2004,6,5 - 9,0,0
"4080",2004,6,10 - 14,2,1
"4080",2004,6,15 - 19,2,11
"4080",2004,6,20 - 24,9,20
"4080",2004,6,25 - 29,9,40
"4080",2004,6,30 - 34,22,100
"4080",2004,6,35 - 39,57,175
"4080",2004,6,40 - 44,79,291
"4080",2004,6,45 - 49,127,407
"4080",2004,6,50 - 54,136,478
"4080",2004,6,55 - 59,142,473
"4080",2004,6,60 - 64,111,321
"4080",2004,6,65 - 69,166,363
"4080",2004,6,70 - 74,284,468
"4080",2004,6,75 - 79,703,712
"4080",2004,6,80 - 84,1487,1090
"4080",2004,6,85 - 89,1585,761
"4080",2004,6,90 - 94,2838,800
"4080",2004,6,95+,1534,225
"4080",2004,6,UNK,0,0
"4080",2004,7,Total,13621,9752
"4080",2004,7,0,64,53
"4080",2004,7,1,9,10
"4080",2004,7,2,5,7
"4080",2004,7,3,5,11
"4080",2004,7,4,2,3
"4080",2004,7,5 - 9,7,12
"4080",2004,7,10 - 14,12,23
"4080",2004,7,15 - 19,27,43
"4080",2004,7,20 - 24,39,63
"4080",2004,7,25 - 29,24,51
"4080",2004,7,30 - 34,38,79
"4080",2004,7,35 - 39,60,119
"4080",2004,7,40 - 44,97,158
"4080",2004,7,45 - 49,116,209
"4080",2004,7,50 - 54,158,267
"4080",2004,7,55 - 59,200,326
"4080",2004,7,60 - 64,237,363
"4080",2004,7,65 - 69,430,551
"4080",2004,7,70 - 74,889,985
"4080",2004,7,75 - 79,1842,1657
"4080",2004,7,80 - 84,3273,2418
"4080",2004,7,85 - 89,2400,1218
"4080",2004,7,90 - 94,2752,908
"4080",2004,7,95+,935,218
"4080",2004,7,UNK,0,0
"4080",2004,8,Total,10715,8141
"4080",2004,8,0,36,34
"4080",2004,8,1,3,8
"4080",2004,8,2,2,8
"4080",2004,8,3,4,1
"4080",2004,8,4,1,4
"4080",2004,8,5 - 9,4,10
"4080",2004,8,10 - 14,16,9
"4080",2004,8,15 - 19,20,14
"4080",2004,8,20 - 24,15,20
"4080",2004,8,25 - 29,17,21
"4080",2004,8,30 - 34,17,23
"4080",2004,8,35 - 39,26,43
"4080",2004,8,40 - 44,35,95
"4080",2004,8,45 - 49,100,139
"4080",2004,8,50 - 54,126,271
"4080",2004,8,55 - 59,194,407
"4080",2004,8,60 - 64,218,431
"4080",2004,8,65 - 69,413,665
"4080",2004,8,70 - 74,832,1031
"4080",2004,8,75 - 79,1398,1349
"4080",2004,8,80 - 84,2152,1608
"4080",2004,8,85 - 89,1643,889
"4080",2004,8,90 - 94,2195,796
"4080",2004,8,95+,1248,265
"4080",2004,8,UNK,0,0
"4080",2004,9,Total,10633,12270
"4080",2004,9,0,17,22
"4080",2004,9,1,1,3
"4080",2004,9,2,0,1
"4080",2004,9,3,0,2
"4080",2004,9,4,2,1
"4080",2004,9,5 - 9,3,3
"4080",2004,9,10 - 14,3,6
"4080",2004,9,15 - 19,2,6
"4080",2004,9,20 - 24,4,14
"4080",2004,9,25 - 29,12,19
"4080",2004,9,30 - 34,22,46
"4080",2004,9,35 - 39,69,139
"4080",2004,9,40 - 44,168,396
"4080",2004,9,45 - 49,264,713
"4080",2004,9,50 - 54,469,995
"4080",2004,9,55 - 59,434,1210
"4080",2004,9,60 - 64,436,982
"4080",2004,9,65 - 69,545,1220
"4080",2004,9,70 - 74,831,1421
"4080",2004,9,75 - 79,1233,1659
"4080",2004,9,80 - 84,1917,1642
"4080",2004,9,85 - 89,1428,828
"4080",2004,9,90 - 94,1932,743
"4080",2004,9,95+,841,199
"4080",2004,9,UNK,0,0
"4080",2004,10,Total,3961,3868
"4080",2004,10,0,3,4
"4080",2004,10,1,0,0
"4080",2004,10,2,0,0
"4080",2004,10,3,0,0
"4080",2004,10,4,0,0
"4080",2004,10,5 - 9,0,0
"4080",2004,10,10 - 14,1,0
"4080",2004,10,15 - 19,2,2
"4080",2004,10,20 - 24,4,1
"4080",2004,10,25 - 29,0,1
"4080",2004,10,30 - 34,6,2
"4080",2004,10,35 - 39,11,10
"4080",2004,10,40 - 44,11,20
"4080",2004,10,45 - 49,15,26
"4080",2004,10,50 - 54,34,59
"4080",2004,10,55 - 59,45,91
"4080",2004,10,60 - 64,56,102
"4080",2004,10,65 - 69,126,170
"4080",2004,10,70 - 74,249,370
"4080",2004,10,75 - 79,459,640
"4080",2004,10,80 - 84,852,981
"4080",2004,10,85 - 89,716,589
"4080",2004,10,90 - 94,930,602
"4080",2004,10,95+,441,198
"4080",2004,10,UNK,0,0
"4080",2004,11,Total,1326,1614
"4080",2004,11,0,890,1152
"4080",2004,11,1,21,28
"4080",2004,11,2,6,7
"4080",2004,11,3,6,7
"4080",2004,11,4,0,5
"4080",2004,11,5 - 9,9,15
"4080",2004,11,10 - 14,13,16
"4080",2004,11,15 - 19,18,22
"4080",2004,11,20 - 24,16,26
"4080",2004,11,25 - 29,16,25
"4080",2004,11,30 - 34,22,22
"4080",2004,11,35 - 39,23,26
"4080",2004,11,40 - 44,23,23
"4080",2004,11,45 - 49,19,32
"4080",2004,11,50 - 54,32,32
"4080",2004,11,55 - 59,46,33
"4080",2004,11,60 - 64,21,32
"4080",2004,11,65 - 69,26,22
"4080",2004,11,70 - 74,24,23
"4080",2004,11,75 - 79,32,27
"4080",2004,11,80 - 84,31,20
"4080",2004,11,85 - 89,13,12
"4080",2004,11,90 - 94,14,5
"4080",2004,11,95+,5,2
"4080",2004,11,UNK,0,0
"4080",2004,12,Total,14340,15944
"4080",2004,12,0,8,16
"4080",2004,12,1,5,3
"4080",2004,12,2,1,1
"4080",2004,12,3,0,1
"4080",2004,12,4,1,0
"4080",2004,12,5 - 9,4,2
"4080",2004,12,10 - 14,6,4
"4080",2004,12,15 - 19,5,15
"4080",2004,12,20 - 24,7,17
"4080",2004,12,25 - 29,8,21
"4080",2004,12,30 - 34,13,24
"4080",2004,12,35 - 39,32,53
"4080",2004,12,40 - 44,57,77
"4080",2004,12,45 - 49,75,175
"4080",2004,12,50 - 54,122,282
"4080",2004,12,55 - 59,177,454
"4080",2004,12,60 - 64,188,551
"4080",2004,12,65 - 69,365,926
"4080",2004,12,70 - 74,824,1795
"4080",2004,12,75 - 79,1542,2727
"4080",2004,12,80 - 84,2662,3600
"4080",2004,12,85 - 89,2380,2278
"4080",2004,12,90 - 94,3620,2154
"4080",2004,12,95+,2238,768
"4080",2004,12,UNK,0,0
"4080",2004,13,Total,14755,22213
"4080",2004,13,0,33,40
"4080",2004,13,1,26,32
"4080",2004,13,2,14,36
"4080",2004,13,3,18,27
"4080",2004,13,4,9,19
"4080",2004,13,5 - 9,36,56
"4080",2004,13,10 - 14,52,106
"4080",2004,13,15 - 19,217,746
"4080",2004,13,20 - 24,276,1224
"4080",2004,13,25 - 29,235,1027
"4080",2004,13,30 - 34,313,1216
"4080",2004,13,35 - 39,392,1374
"4080",2004,13,40 - 44,519,1582
"4080",2004,13,45 - 49,589,1701
"4080",2004,13,50 - 54,661,1624
"4080",2004,13,55 - 59,598,1296
"4080",2004,13,60 - 64,448,969
"4080",2004,13,65 - 69,517,1112
"4080",2004,13,70 - 74,839,1463
"4080",2004,13,75 - 79,1232,1833
"4080",2004,13,80 - 84,2151,2076
"4080",2004,13,85 - 89,1775,1112
"4080",2004,13,90 - 94,2478,1170
"4080",2004,13,95+,1327,372
"4080",2004,13,UNK,0,0
"4080",2004,14,Total,194,271
"4080",2004,14,0,4,10
"4080",2004,14,1,0,0
"4080",2004,14,2,3,0
"4080",2004,14,3,3,2
"4080",2004,14,4,0,3
"4080",2004,14,5 - 9,3,5
"4080",2004,14,10 - 14,2,3
"4080",2004,14,15 - 19,3,11
"4080",2004,14,20 - 24,10,23
"4080",2004,14,25 - 29,10,21
"4080",2004,14,30 - 34,18,23
"4080",2004,14,35 - 39,15,31
"4080",2004,14,40 - 44,26,19
"4080",2004,14,45 - 49,14,24
"4080",2004,14,50 - 54,17,22
"4080",2004,14,55 - 59,10,18
"4080",2004,14,60 - 64,4,12
"4080",2004,14,65 - 69,8,15
"4080",2004,14,70 - 74,10,8
"4080",2004,14,75 - 79,14,11
"4080",2004,14,80 - 84,13,4
"4080",2004,14,85 - 89,3,4
"4080",2004,14,90 - 94,2,2
"4080",2004,14,95+,2,0
"4080",2004,14,UNK,0,0
