"","Year","Cause","Age","Female","Male"
"4085",1998,1,Total,458935,393447
"4085",1998,1,0,1579,2089
"4085",1998,1,1,167,192
"4085",1998,1,2,99,130
"4085",1998,1,3,64,72
"4085",1998,1,4,48,70
"4085",1998,1,5 - 9,209,301
"4085",1998,1,10 - 14,256,404
"4085",1998,1,15 - 19,650,1523
"4085",1998,1,20 - 24,663,2069
"4085",1998,1,25 - 29,960,2469
"4085",1998,1,30 - 34,1548,3770
"4085",1998,1,35 - 39,2597,5435
"4085",1998,1,40 - 44,3879,7969
"4085",1998,1,45 - 49,5852,11242
"4085",1998,1,50 - 54,7102,14228
"4085",1998,1,55 - 59,13354,28394
"4085",1998,1,60 - 64,18789,39178
"4085",1998,1,65 - 69,25872,48160
"4085",1998,1,70 - 74,43988,53454
"4085",1998,1,75 - 79,67777,55922
"4085",1998,1,80 - 84,74416,44097
"4085",1998,1,85 - 89,106651,47058
"4085",1998,1,90 - 94,62877,20730
"4085",1998,1,95+,19538,4491
"4085",1998,1,UNK,0,0
"4085",1998,2,Total,3863,3938
"4085",1998,2,0,17,29
"4085",1998,2,1,10,12
"4085",1998,2,2,5,7
"4085",1998,2,3,4,3
"4085",1998,2,4,0,1
"4085",1998,2,5 - 9,3,5
"4085",1998,2,10 - 14,5,4
"4085",1998,2,15 - 19,10,19
"4085",1998,2,20 - 24,6,18
"4085",1998,2,25 - 29,25,51
"4085",1998,2,30 - 34,38,109
"4085",1998,2,35 - 39,55,159
"4085",1998,2,40 - 44,62,167
"4085",1998,2,45 - 49,67,193
"4085",1998,2,50 - 54,66,204
"4085",1998,2,55 - 59,143,342
"4085",1998,2,60 - 64,181,403
"4085",1998,2,65 - 69,292,443
"4085",1998,2,70 - 74,474,505
"4085",1998,2,75 - 79,656,477
"4085",1998,2,80 - 84,553,329
"4085",1998,2,85 - 89,719,304
"4085",1998,2,90 - 94,379,126
"4085",1998,2,95+,93,28
"4085",1998,2,UNK,0,0
"4085",1998,3,Total,107106,111339
"4085",1998,3,0,16,10
"4085",1998,3,1,12,11
"4085",1998,3,2,8,15
"4085",1998,3,3,12,9
"4085",1998,3,4,10,4
"4085",1998,3,5 - 9,50,65
"4085",1998,3,10 - 14,40,86
"4085",1998,3,15 - 19,83,101
"4085",1998,3,20 - 24,79,154
"4085",1998,3,25 - 29,193,208
"4085",1998,3,30 - 34,462,458
"4085",1998,3,35 - 39,1056,795
"4085",1998,3,40 - 44,1702,1617
"4085",1998,3,45 - 49,2910,3167
"4085",1998,3,50 - 54,3765,4847
"4085",1998,3,55 - 59,7084,10882
"4085",1998,3,60 - 64,8866,14843
"4085",1998,3,65 - 69,10532,17460
"4085",1998,3,70 - 74,14750,17833
"4085",1998,3,75 - 79,17991,16217
"4085",1998,3,80 - 84,14397,10172
"4085",1998,3,85 - 89,15225,8883
"4085",1998,3,90 - 94,6462,3010
"4085",1998,3,95+,1401,492
"4085",1998,3,UNK,0,0
"4085",1998,4,Total,242103,169295
"4085",1998,4,0,20,25
"4085",1998,4,1,17,11
"4085",1998,4,2,8,14
"4085",1998,4,3,3,2
"4085",1998,4,4,5,7
"4085",1998,4,5 - 9,20,15
"4085",1998,4,10 - 14,23,20
"4085",1998,4,15 - 19,26,69
"4085",1998,4,20 - 24,56,88
"4085",1998,4,25 - 29,118,168
"4085",1998,4,30 - 34,208,427
"4085",1998,4,35 - 39,354,907
"4085",1998,4,40 - 44,625,1730
"4085",1998,4,45 - 49,992,2899
"4085",1998,4,50 - 54,1316,4054
"4085",1998,4,55 - 59,2783,8817
"4085",1998,4,60 - 64,5367,14071
"4085",1998,4,65 - 69,9462,19634
"4085",1998,4,70 - 74,19285,23718
"4085",1998,4,75 - 79,34683,27073
"4085",1998,4,80 - 84,43570,23557
"4085",1998,4,85 - 89,67967,26798
"4085",1998,4,90 - 94,41899,12412
"4085",1998,4,95+,13296,2779
"4085",1998,4,UNK,0,0
"4085",1998,5,Total,12970,10619
"4085",1998,5,0,278,411
"4085",1998,5,1,19,20
"4085",1998,5,2,5,9
"4085",1998,5,3,1,3
"4085",1998,5,4,2,3
"4085",1998,5,5 - 9,9,12
"4085",1998,5,10 - 14,14,10
"4085",1998,5,15 - 19,34,124
"4085",1998,5,20 - 24,35,120
"4085",1998,5,25 - 29,54,145
"4085",1998,5,30 - 34,68,255
"4085",1998,5,35 - 39,137,415
"4085",1998,5,40 - 44,157,492
"4085",1998,5,45 - 49,221,622
"4085",1998,5,50 - 54,237,638
"4085",1998,5,55 - 59,342,1000
"4085",1998,5,60 - 64,423,1067
"4085",1998,5,65 - 69,497,947
"4085",1998,5,70 - 74,762,824
"4085",1998,5,75 - 79,1148,756
"4085",1998,5,80 - 84,1511,702
"4085",1998,5,85 - 89,2900,995
"4085",1998,5,90 - 94,2730,766
"4085",1998,5,95+,1386,283
"4085",1998,5,UNK,0,0
"4085",1998,6,Total,3435,6285
"4085",1998,6,0,0,1
"4085",1998,6,1,0,1
"4085",1998,6,2,0,0
"4085",1998,6,3,0,0
"4085",1998,6,4,0,0
"4085",1998,6,5 - 9,0,0
"4085",1998,6,10 - 14,1,2
"4085",1998,6,15 - 19,24,38
"4085",1998,6,20 - 24,42,156
"4085",1998,6,25 - 29,54,211
"4085",1998,6,30 - 34,69,326
"4085",1998,6,35 - 39,112,442
"4085",1998,6,40 - 44,149,592
"4085",1998,6,45 - 49,153,625
"4085",1998,6,50 - 54,144,583
"4085",1998,6,55 - 59,181,825
"4085",1998,6,60 - 64,208,696
"4085",1998,6,65 - 69,149,512
"4085",1998,6,70 - 74,195,343
"4085",1998,6,75 - 79,254,279
"4085",1998,6,80 - 84,408,208
"4085",1998,6,85 - 89,673,281
"4085",1998,6,90 - 94,469,135
"4085",1998,6,95+,150,29
"4085",1998,6,UNK,0,0
"4085",1998,7,Total,8691,7225
"4085",1998,7,0,18,49
"4085",1998,7,1,9,17
"4085",1998,7,2,8,8
"4085",1998,7,3,7,9
"4085",1998,7,4,4,10
"4085",1998,7,5 - 9,17,28
"4085",1998,7,10 - 14,17,30
"4085",1998,7,15 - 19,13,49
"4085",1998,7,20 - 24,21,54
"4085",1998,7,25 - 29,26,65
"4085",1998,7,30 - 34,46,73
"4085",1998,7,35 - 39,83,132
"4085",1998,7,40 - 44,107,153
"4085",1998,7,45 - 49,130,201
"4085",1998,7,50 - 54,130,233
"4085",1998,7,55 - 59,263,354
"4085",1998,7,60 - 64,391,503
"4085",1998,7,65 - 69,491,658
"4085",1998,7,70 - 74,956,871
"4085",1998,7,75 - 79,1507,1259
"4085",1998,7,80 - 84,1618,1128
"4085",1998,7,85 - 89,1887,988
"4085",1998,7,90 - 94,800,323
"4085",1998,7,95+,142,30
"4085",1998,7,UNK,0,0
"4085",1998,8,Total,14939,8255
"4085",1998,8,0,11,18
"4085",1998,8,1,3,8
"4085",1998,8,2,4,2
"4085",1998,8,3,1,1
"4085",1998,8,4,3,3
"4085",1998,8,5 - 9,8,7
"4085",1998,8,10 - 14,5,16
"4085",1998,8,15 - 19,13,13
"4085",1998,8,20 - 24,9,25
"4085",1998,8,25 - 29,23,36
"4085",1998,8,30 - 34,25,50
"4085",1998,8,35 - 39,42,85
"4085",1998,8,40 - 44,52,125
"4085",1998,8,45 - 49,101,218
"4085",1998,8,50 - 54,94,241
"4085",1998,8,55 - 59,275,510
"4085",1998,8,60 - 64,521,841
"4085",1998,8,65 - 69,883,1091
"4085",1998,8,70 - 74,1625,1187
"4085",1998,8,75 - 79,2702,1268
"4085",1998,8,80 - 84,2790,1015
"4085",1998,8,85 - 89,3598,1066
"4085",1998,8,90 - 94,1746,368
"4085",1998,8,95+,405,61
"4085",1998,8,UNK,0,0
"4085",1998,9,Total,19683,20827
"4085",1998,9,0,3,6
"4085",1998,9,1,3,5
"4085",1998,9,2,1,1
"4085",1998,9,3,1,2
"4085",1998,9,4,0,1
"4085",1998,9,5 - 9,5,4
"4085",1998,9,10 - 14,0,7
"4085",1998,9,15 - 19,5,8
"4085",1998,9,20 - 24,10,20
"4085",1998,9,25 - 29,25,74
"4085",1998,9,30 - 34,108,252
"4085",1998,9,35 - 39,240,593
"4085",1998,9,40 - 44,416,1074
"4085",1998,9,45 - 49,591,1379
"4085",1998,9,50 - 54,592,1452
"4085",1998,9,55 - 59,993,2490
"4085",1998,9,60 - 64,1221,2957
"4085",1998,9,65 - 69,1341,2602
"4085",1998,9,70 - 74,1988,2327
"4085",1998,9,75 - 79,2759,2011
"4085",1998,9,80 - 84,2869,1392
"4085",1998,9,85 - 89,3881,1438
"4085",1998,9,90 - 94,2035,632
"4085",1998,9,95+,596,100
"4085",1998,9,UNK,0,0
"4085",1998,10,Total,6129,4606
"4085",1998,10,0,0,1
"4085",1998,10,1,1,1
"4085",1998,10,2,2,0
"4085",1998,10,3,0,0
"4085",1998,10,4,0,0
"4085",1998,10,5 - 9,0,1
"4085",1998,10,10 - 14,2,0
"4085",1998,10,15 - 19,1,3
"4085",1998,10,20 - 24,2,2
"4085",1998,10,25 - 29,4,3
"4085",1998,10,30 - 34,10,16
"4085",1998,10,35 - 39,18,20
"4085",1998,10,40 - 44,26,60
"4085",1998,10,45 - 49,45,65
"4085",1998,10,50 - 54,42,84
"4085",1998,10,55 - 59,115,204
"4085",1998,10,60 - 64,190,349
"4085",1998,10,65 - 69,330,456
"4085",1998,10,70 - 74,586,570
"4085",1998,10,75 - 79,980,763
"4085",1998,10,80 - 84,1083,689
"4085",1998,10,85 - 89,1572,835
"4085",1998,10,90 - 94,880,381
"4085",1998,10,95+,240,103
"4085",1998,10,UNK,0,0
"4085",1998,11,Total,1578,1844
"4085",1998,11,0,1166,1453
"4085",1998,11,1,44,41
"4085",1998,11,2,22,28
"4085",1998,11,3,14,18
"4085",1998,11,4,7,10
"4085",1998,11,5 - 9,23,27
"4085",1998,11,10 - 14,24,23
"4085",1998,11,15 - 19,28,24
"4085",1998,11,20 - 24,19,21
"4085",1998,11,25 - 29,27,20
"4085",1998,11,30 - 34,19,17
"4085",1998,11,35 - 39,12,22
"4085",1998,11,40 - 44,9,20
"4085",1998,11,45 - 49,13,21
"4085",1998,11,50 - 54,23,17
"4085",1998,11,55 - 59,42,27
"4085",1998,11,60 - 64,22,20
"4085",1998,11,65 - 69,11,12
"4085",1998,11,70 - 74,18,8
"4085",1998,11,75 - 79,12,3
"4085",1998,11,80 - 84,7,4
"4085",1998,11,85 - 89,10,5
"4085",1998,11,90 - 94,6,1
"4085",1998,11,95+,0,2
"4085",1998,11,UNK,0,0
"4085",1998,12,Total,23206,25878
"4085",1998,12,0,7,14
"4085",1998,12,1,10,6
"4085",1998,12,2,5,6
"4085",1998,12,3,1,2
"4085",1998,12,4,0,2
"4085",1998,12,5 - 9,9,5
"4085",1998,12,10 - 14,12,21
"4085",1998,12,15 - 19,24,18
"4085",1998,12,20 - 24,22,23
"4085",1998,12,25 - 29,23,49
"4085",1998,12,30 - 34,35,74
"4085",1998,12,35 - 39,56,117
"4085",1998,12,40 - 44,94,165
"4085",1998,12,45 - 49,137,231
"4085",1998,12,50 - 54,203,452
"4085",1998,12,55 - 59,424,1029
"4085",1998,12,60 - 64,694,1774
"4085",1998,12,65 - 69,1131,2946
"4085",1998,12,70 - 74,2232,3912
"4085",1998,12,75 - 79,3378,4522
"4085",1998,12,80 - 84,3875,3838
"4085",1998,12,85 - 89,5632,4257
"4085",1998,12,90 - 94,3878,1982
"4085",1998,12,95+,1324,433
"4085",1998,12,UNK,0,0
"4085",1998,13,Total,12314,21581
"4085",1998,13,0,26,39
"4085",1998,13,1,31,54
"4085",1998,13,2,29,35
"4085",1998,13,3,18,19
"4085",1998,13,4,15,26
"4085",1998,13,5 - 9,58,119
"4085",1998,13,10 - 14,95,176
"4085",1998,13,15 - 19,367,1030
"4085",1998,13,20 - 24,348,1350
"4085",1998,13,25 - 29,345,1392
"4085",1998,13,30 - 34,398,1656
"4085",1998,13,35 - 39,388,1677
"4085",1998,13,40 - 44,434,1700
"4085",1998,13,45 - 49,444,1559
"4085",1998,13,50 - 54,429,1353
"4085",1998,13,55 - 59,608,1793
"4085",1998,13,60 - 64,571,1521
"4085",1998,13,65 - 69,583,1222
"4085",1998,13,70 - 74,814,1153
"4085",1998,13,75 - 79,1252,1097
"4085",1998,13,80 - 84,1310,892
"4085",1998,13,85 - 89,2053,1060
"4085",1998,13,90 - 94,1282,521
"4085",1998,13,95+,416,137
"4085",1998,13,UNK,0,0
"4085",1998,14,Total,277,431
"4085",1998,14,0,14,21
"4085",1998,14,1,3,3
"4085",1998,14,2,2,4
"4085",1998,14,3,1,2
"4085",1998,14,4,0,3
"4085",1998,14,5 - 9,4,9
"4085",1998,14,10 - 14,15,5
"4085",1998,14,15 - 19,11,17
"4085",1998,14,20 - 24,13,30
"4085",1998,14,25 - 29,24,44
"4085",1998,14,30 - 34,30,44
"4085",1998,14,35 - 39,21,45
"4085",1998,14,40 - 44,27,47
"4085",1998,14,45 - 49,21,36
"4085",1998,14,50 - 54,11,33
"4085",1998,14,55 - 59,19,34
"4085",1998,14,60 - 64,16,15
"4085",1998,14,65 - 69,4,16
"4085",1998,14,70 - 74,9,11
"4085",1998,14,75 - 79,16,5
"4085",1998,14,80 - 84,7,4
"4085",1998,14,85 - 89,6,2
"4085",1998,14,90 - 94,3,1
"4085",1998,14,95+,0,0
"4085",1998,14,UNK,0,0
"4085",1999,1,Total,455588,390742
"4085",1999,1,0,1516,1980
"4085",1999,1,1,136,173
"4085",1999,1,2,82,126
"4085",1999,1,3,63,90
"4085",1999,1,4,54,79
"4085",1999,1,5 - 9,234,320
"4085",1999,1,10 - 14,253,407
"4085",1999,1,15 - 19,667,1594
"4085",1999,1,20 - 24,670,2158
"4085",1999,1,25 - 29,881,2355
"4085",1999,1,30 - 34,1515,3457
"4085",1999,1,35 - 39,2591,5439
"4085",1999,1,40 - 44,3917,7835
"4085",1999,1,45 - 49,5755,11239
"4085",1999,1,50 - 54,7094,13923
"4085",1999,1,55 - 59,12702,26321
"4085",1999,1,60 - 64,19139,39739
"4085",1999,1,65 - 69,24866,46590
"4085",1999,1,70 - 74,42266,55921
"4085",1999,1,75 - 79,71635,58785
"4085",1999,1,80 - 84,65376,39270
"4085",1999,1,85 - 89,107060,46749
"4085",1999,1,90 - 94,66167,21331
"4085",1999,1,95+,20949,4861
"4085",1999,1,UNK,0,0
"4085",1999,2,Total,4678,4444
"4085",1999,2,0,16,22
"4085",1999,2,1,8,14
"4085",1999,2,2,5,9
"4085",1999,2,3,2,6
"4085",1999,2,4,3,2
"4085",1999,2,5 - 9,10,4
"4085",1999,2,10 - 14,5,8
"4085",1999,2,15 - 19,16,20
"4085",1999,2,20 - 24,12,22
"4085",1999,2,25 - 29,32,51
"4085",1999,2,30 - 34,36,100
"4085",1999,2,35 - 39,75,180
"4085",1999,2,40 - 44,49,190
"4085",1999,2,45 - 49,77,208
"4085",1999,2,50 - 54,95,203
"4085",1999,2,55 - 59,147,302
"4085",1999,2,60 - 64,254,462
"4085",1999,2,65 - 69,346,500
"4085",1999,2,70 - 74,580,610
"4085",1999,2,75 - 79,833,644
"4085",1999,2,80 - 84,597,354
"4085",1999,2,85 - 89,867,369
"4085",1999,2,90 - 94,475,123
"4085",1999,2,95+,138,41
"4085",1999,2,UNK,0,0
"4085",1999,3,Total,105657,110607
"4085",1999,3,0,12,10
"4085",1999,3,1,9,14
"4085",1999,3,2,13,18
"4085",1999,3,3,8,17
"4085",1999,3,4,7,16
"4085",1999,3,5 - 9,58,82
"4085",1999,3,10 - 14,38,87
"4085",1999,3,15 - 19,69,116
"4085",1999,3,20 - 24,102,148
"4085",1999,3,25 - 29,211,197
"4085",1999,3,30 - 34,471,388
"4085",1999,3,35 - 39,988,838
"4085",1999,3,40 - 44,1716,1630
"4085",1999,3,45 - 49,2793,3219
"4085",1999,3,50 - 54,3711,4938
"4085",1999,3,55 - 59,6745,10176
"4085",1999,3,60 - 64,9225,14912
"4085",1999,3,65 - 69,10153,16964
"4085",1999,3,70 - 74,14534,18810
"4085",1999,3,75 - 79,18644,16755
"4085",1999,3,80 - 84,12595,8986
"4085",1999,3,85 - 89,15307,8807
"4085",1999,3,90 - 94,6700,3032
"4085",1999,3,95+,1548,447
"4085",1999,3,UNK,0,0
"4085",1999,4,Total,239195,166927
"4085",1999,4,0,27,29
"4085",1999,4,1,12,14
"4085",1999,4,2,4,9
"4085",1999,4,3,5,5
"4085",1999,4,4,1,6
"4085",1999,4,5 - 9,15,23
"4085",1999,4,10 - 14,23,23
"4085",1999,4,15 - 19,50,56
"4085",1999,4,20 - 24,41,96
"4085",1999,4,25 - 29,109,172
"4085",1999,4,30 - 34,192,393
"4085",1999,4,35 - 39,361,829
"4085",1999,4,40 - 44,619,1692
"4085",1999,4,45 - 49,927,2851
"4085",1999,4,50 - 54,1253,3930
"4085",1999,4,55 - 59,2539,7957
"4085",1999,4,60 - 64,5190,14052
"4085",1999,4,65 - 69,8832,18485
"4085",1999,4,70 - 74,18103,24521
"4085",1999,4,75 - 79,36642,28564
"4085",1999,4,80 - 84,38021,20854
"4085",1999,4,85 - 89,67571,26492
"4085",1999,4,90 - 94,44324,12786
"4085",1999,4,95+,14334,3088
"4085",1999,4,UNK,0,0
"4085",1999,5,Total,12131,10448
"4085",1999,5,0,244,330
"4085",1999,5,1,20,26
"4085",1999,5,2,6,2
"4085",1999,5,3,5,6
"4085",1999,5,4,3,4
"4085",1999,5,5 - 9,14,13
"4085",1999,5,10 - 14,13,15
"4085",1999,5,15 - 19,23,82
"4085",1999,5,20 - 24,30,137
"4085",1999,5,25 - 29,48,147
"4085",1999,5,30 - 34,76,279
"4085",1999,5,35 - 39,102,389
"4085",1999,5,40 - 44,197,526
"4085",1999,5,45 - 49,216,632
"4085",1999,5,50 - 54,251,665
"4085",1999,5,55 - 59,338,994
"4085",1999,5,60 - 64,444,1158
"4085",1999,5,65 - 69,427,903
"4085",1999,5,70 - 74,765,922
"4085",1999,5,75 - 79,1211,803
"4085",1999,5,80 - 84,1206,544
"4085",1999,5,85 - 89,2521,884
"4085",1999,5,90 - 94,2566,713
"4085",1999,5,95+,1405,274
"4085",1999,5,UNK,0,0
"4085",1999,6,Total,3363,6170
"4085",1999,6,0,0,0
"4085",1999,6,1,0,0
"4085",1999,6,2,0,0
"4085",1999,6,3,0,0
"4085",1999,6,4,1,0
"4085",1999,6,5 - 9,1,0
"4085",1999,6,10 - 14,0,2
"4085",1999,6,15 - 19,18,46
"4085",1999,6,20 - 24,36,193
"4085",1999,6,25 - 29,40,221
"4085",1999,6,30 - 34,62,311
"4085",1999,6,35 - 39,94,452
"4085",1999,6,40 - 44,125,585
"4085",1999,6,45 - 49,143,628
"4085",1999,6,50 - 54,142,524
"4085",1999,6,55 - 59,196,740
"4085",1999,6,60 - 64,192,738
"4085",1999,6,65 - 69,156,535
"4085",1999,6,70 - 74,199,299
"4085",1999,6,75 - 79,275,275
"4085",1999,6,80 - 84,355,200
"4085",1999,6,85 - 89,672,261
"4085",1999,6,90 - 94,498,130
"4085",1999,6,95+,158,30
"4085",1999,6,UNK,0,0
"4085",1999,7,Total,8517,7197
"4085",1999,7,0,26,39
"4085",1999,7,1,11,8
"4085",1999,7,2,6,9
"4085",1999,7,3,5,6
"4085",1999,7,4,3,6
"4085",1999,7,5 - 9,22,19
"4085",1999,7,10 - 14,19,41
"4085",1999,7,15 - 19,23,43
"4085",1999,7,20 - 24,26,67
"4085",1999,7,25 - 29,29,56
"4085",1999,7,30 - 34,52,96
"4085",1999,7,35 - 39,82,122
"4085",1999,7,40 - 44,99,187
"4085",1999,7,45 - 49,144,202
"4085",1999,7,50 - 54,139,199
"4085",1999,7,55 - 59,257,374
"4085",1999,7,60 - 64,360,510
"4085",1999,7,65 - 69,490,685
"4085",1999,7,70 - 74,822,897
"4085",1999,7,75 - 79,1598,1271
"4085",1999,7,80 - 84,1392,964
"4085",1999,7,85 - 89,1891,1059
"4085",1999,7,90 - 94,839,303
"4085",1999,7,95+,182,34
"4085",1999,7,UNK,0,0
"4085",1999,8,Total,14779,8553
"4085",1999,8,0,16,18
"4085",1999,8,1,5,4
"4085",1999,8,2,2,4
"4085",1999,8,3,3,3
"4085",1999,8,4,5,1
"4085",1999,8,5 - 9,12,9
"4085",1999,8,10 - 14,10,16
"4085",1999,8,15 - 19,11,18
"4085",1999,8,20 - 24,15,23
"4085",1999,8,25 - 29,26,27
"4085",1999,8,30 - 34,32,38
"4085",1999,8,35 - 39,48,100
"4085",1999,8,40 - 44,73,128
"4085",1999,8,45 - 49,109,207
"4085",1999,8,50 - 54,124,262
"4085",1999,8,55 - 59,225,524
"4085",1999,8,60 - 64,530,865
"4085",1999,8,65 - 69,853,1105
"4085",1999,8,70 - 74,1505,1267
"4085",1999,8,75 - 79,2725,1444
"4085",1999,8,80 - 84,2471,956
"4085",1999,8,85 - 89,3651,1049
"4085",1999,8,90 - 94,1900,423
"4085",1999,8,95+,428,62
"4085",1999,8,UNK,0,0
"4085",1999,9,Total,19740,20414
"4085",1999,9,0,6,9
"4085",1999,9,1,1,4
"4085",1999,9,2,2,1
"4085",1999,9,3,0,1
"4085",1999,9,4,1,0
"4085",1999,9,5 - 9,4,6
"4085",1999,9,10 - 14,1,6
"4085",1999,9,15 - 19,7,7
"4085",1999,9,20 - 24,7,13
"4085",1999,9,25 - 29,20,51
"4085",1999,9,30 - 34,96,208
"4085",1999,9,35 - 39,234,618
"4085",1999,9,40 - 44,425,1019
"4085",1999,9,45 - 49,588,1352
"4085",1999,9,50 - 54,652,1399
"4085",1999,9,55 - 59,1004,2286
"4085",1999,9,60 - 64,1198,3046
"4085",1999,9,65 - 69,1304,2561
"4085",1999,9,70 - 74,1828,2327
"4085",1999,9,75 - 79,3056,1969
"4085",1999,9,80 - 84,2543,1284
"4085",1999,9,85 - 89,4040,1458
"4085",1999,9,90 - 94,2160,662
"4085",1999,9,95+,563,127
"4085",1999,9,UNK,0,0
"4085",1999,10,Total,6140,4609
"4085",1999,10,0,3,2
"4085",1999,10,1,1,1
"4085",1999,10,2,0,1
"4085",1999,10,3,0,1
"4085",1999,10,4,0,1
"4085",1999,10,5 - 9,0,3
"4085",1999,10,10 - 14,3,1
"4085",1999,10,15 - 19,2,3
"4085",1999,10,20 - 24,2,8
"4085",1999,10,25 - 29,4,7
"4085",1999,10,30 - 34,16,6
"4085",1999,10,35 - 39,12,25
"4085",1999,10,40 - 44,24,34
"4085",1999,10,45 - 49,44,66
"4085",1999,10,50 - 54,51,82
"4085",1999,10,55 - 59,95,175
"4085",1999,10,60 - 64,190,341
"4085",1999,10,65 - 69,327,453
"4085",1999,10,70 - 74,584,609
"4085",1999,10,75 - 79,1087,786
"4085",1999,10,80 - 84,971,622
"4085",1999,10,85 - 89,1635,852
"4085",1999,10,90 - 94,850,424
"4085",1999,10,95+,239,106
"4085",1999,10,UNK,0,0
"4085",1999,11,Total,1445,1790
"4085",1999,11,0,1108,1448
"4085",1999,11,1,21,30
"4085",1999,11,2,8,17
"4085",1999,11,3,11,10
"4085",1999,11,4,8,9
"4085",1999,11,5 - 9,16,22
"4085",1999,11,10 - 14,36,21
"4085",1999,11,15 - 19,13,27
"4085",1999,11,20 - 24,18,24
"4085",1999,11,25 - 29,16,17
"4085",1999,11,30 - 34,16,21
"4085",1999,11,35 - 39,16,25
"4085",1999,11,40 - 44,9,12
"4085",1999,11,45 - 49,23,14
"4085",1999,11,50 - 54,18,13
"4085",1999,11,55 - 59,20,23
"4085",1999,11,60 - 64,27,15
"4085",1999,11,65 - 69,17,16
"4085",1999,11,70 - 74,14,10
"4085",1999,11,75 - 79,14,7
"4085",1999,11,80 - 84,8,2
"4085",1999,11,85 - 89,4,5
"4085",1999,11,90 - 94,2,0
"4085",1999,11,95+,2,2
"4085",1999,11,UNK,0,0
"4085",1999,12,Total,24858,26647
"4085",1999,12,0,13,18
"4085",1999,12,1,13,6
"4085",1999,12,2,5,6
"4085",1999,12,3,4,4
"4085",1999,12,4,1,4
"4085",1999,12,5 - 9,8,7
"4085",1999,12,10 - 14,10,12
"4085",1999,12,15 - 19,18,17
"4085",1999,12,20 - 24,21,30
"4085",1999,12,25 - 29,12,48
"4085",1999,12,30 - 34,29,71
"4085",1999,12,35 - 39,66,100
"4085",1999,12,40 - 44,88,160
"4085",1999,12,45 - 49,168,242
"4085",1999,12,50 - 54,220,428
"4085",1999,12,55 - 59,460,993
"4085",1999,12,60 - 64,734,1896
"4085",1999,12,65 - 69,1220,2960
"4085",1999,12,70 - 74,2232,4228
"4085",1999,12,75 - 79,3769,4910
"4085",1999,12,80 - 84,3695,3571
"4085",1999,12,85 - 89,6330,4314
"4085",1999,12,90 - 94,4294,2121
"4085",1999,12,95+,1448,501
"4085",1999,12,UNK,0,0
"4085",1999,13,Total,12235,21130
"4085",1999,13,0,25,31
"4085",1999,13,1,32,45
"4085",1999,13,2,27,42
"4085",1999,13,3,20,24
"4085",1999,13,4,19,26
"4085",1999,13,5 - 9,60,118
"4085",1999,13,10 - 14,84,168
"4085",1999,13,15 - 19,394,1126
"4085",1999,13,20 - 24,332,1351
"4085",1999,13,25 - 29,308,1319
"4085",1999,13,30 - 34,369,1496
"4085",1999,13,35 - 39,462,1697
"4085",1999,13,40 - 44,434,1607
"4085",1999,13,45 - 49,473,1541
"4085",1999,13,50 - 54,401,1204
"4085",1999,13,55 - 59,576,1651
"4085",1999,13,60 - 64,654,1578
"4085",1999,13,65 - 69,556,1265
"4085",1999,13,70 - 74,784,1216
"4085",1999,13,75 - 79,1330,1165
"4085",1999,13,80 - 84,1199,791
"4085",1999,13,85 - 89,2036,1022
"4085",1999,13,90 - 94,1239,515
"4085",1999,13,95+,421,132
"4085",1999,13,UNK,0,0
"4085",1999,14,Total,301,418
"4085",1999,14,0,15,10
"4085",1999,14,1,0,3
"4085",1999,14,2,1,7
"4085",1999,14,3,0,6
"4085",1999,14,4,0,1
"4085",1999,14,5 - 9,11,9
"4085",1999,14,10 - 14,5,3
"4085",1999,14,15 - 19,20,20
"4085",1999,14,20 - 24,15,37
"4085",1999,14,25 - 29,18,38
"4085",1999,14,30 - 34,39,41
"4085",1999,14,35 - 39,25,47
"4085",1999,14,40 - 44,34,39
"4085",1999,14,45 - 49,22,40
"4085",1999,14,50 - 54,14,31
"4085",1999,14,55 - 59,22,30
"4085",1999,14,60 - 64,12,17
"4085",1999,14,65 - 69,7,13
"4085",1999,14,70 - 74,15,11
"4085",1999,14,75 - 79,5,1
"4085",1999,14,80 - 84,7,7
"4085",1999,14,85 - 89,11,6
"4085",1999,14,90 - 94,3,1
"4085",1999,14,95+,0,0
"4085",1999,14,UNK,0,0
"4085",2000,1,Total,449816,388981
"4085",2000,1,0,1445,1917
"4085",2000,1,1,139,183
"4085",2000,1,2,87,101
"4085",2000,1,3,60,91
"4085",2000,1,4,43,62
"4085",2000,1,5 - 9,196,279
"4085",2000,1,10 - 14,254,356
"4085",2000,1,15 - 19,621,1464
"4085",2000,1,20 - 24,708,2122
"4085",2000,1,25 - 29,793,2157
"4085",2000,1,30 - 34,1467,3368
"4085",2000,1,35 - 39,2557,5245
"4085",2000,1,40 - 44,3896,7965
"4085",2000,1,45 - 49,5745,11331
"4085",2000,1,50 - 54,7332,14292
"4085",2000,1,55 - 59,11716,24266
"4085",2000,1,60 - 64,19358,40025
"4085",2000,1,65 - 69,24452,46297
"4085",2000,1,70 - 74,40671,57769
"4085",2000,1,75 - 79,68915,57373
"4085",2000,1,80 - 84,64469,39741
"4085",2000,1,85 - 89,104772,45817
"4085",2000,1,90 - 94,68312,21708
"4085",2000,1,95+,21808,5052
"4085",2000,1,UNK,0,0
"4085",2000,2,Total,5058,5071
"4085",2000,2,0,16,32
"4085",2000,2,1,15,14
"4085",2000,2,2,2,3
"4085",2000,2,3,5,3
"4085",2000,2,4,1,2
"4085",2000,2,5 - 9,4,5
"4085",2000,2,10 - 14,10,9
"4085",2000,2,15 - 19,10,15
"4085",2000,2,20 - 24,13,19
"4085",2000,2,25 - 29,14,30
"4085",2000,2,30 - 34,33,97
"4085",2000,2,35 - 39,82,184
"4085",2000,2,40 - 44,90,187
"4085",2000,2,45 - 49,80,223
"4085",2000,2,50 - 54,78,235
"4085",2000,2,55 - 59,145,346
"4085",2000,2,60 - 64,274,497
"4085",2000,2,65 - 69,401,580
"4085",2000,2,70 - 74,650,786
"4085",2000,2,75 - 79,946,755
"4085",2000,2,80 - 84,692,408
"4085",2000,2,85 - 89,845,428
"4085",2000,2,90 - 94,520,179
"4085",2000,2,95+,132,34
"4085",2000,2,UNK,0,0
"4085",2000,3,Total,104358,112061
"4085",2000,3,0,12,16
"4085",2000,3,1,17,17
"4085",2000,3,2,14,13
"4085",2000,3,3,9,14
"4085",2000,3,4,2,11
"4085",2000,3,5 - 9,51,65
"4085",2000,3,10 - 14,59,71
"4085",2000,3,15 - 19,56,94
"4085",2000,3,20 - 24,96,106
"4085",2000,3,25 - 29,160,200
"4085",2000,3,30 - 34,467,396
"4085",2000,3,35 - 39,1001,785
"4085",2000,3,40 - 44,1686,1552
"4085",2000,3,45 - 49,2787,3074
"4085",2000,3,50 - 54,3779,5031
"4085",2000,3,55 - 59,6370,9475
"4085",2000,3,60 - 64,9553,15674
"4085",2000,3,65 - 69,10275,17242
"4085",2000,3,70 - 74,13960,19842
"4085",2000,3,75 - 79,18318,16802
"4085",2000,3,80 - 84,12838,9596
"4085",2000,3,85 - 89,14687,8557
"4085",2000,3,90 - 94,6717,2952
"4085",2000,3,95+,1444,476
"4085",2000,3,UNK,0,0
"4085",2000,4,Total,233683,161360
"4085",2000,4,0,19,27
"4085",2000,4,1,12,8
"4085",2000,4,2,6,9
"4085",2000,4,3,6,5
"4085",2000,4,4,2,4
"4085",2000,4,5 - 9,7,15
"4085",2000,4,10 - 14,18,31
"4085",2000,4,15 - 19,34,55
"4085",2000,4,20 - 24,49,98
"4085",2000,4,25 - 29,89,144
"4085",2000,4,30 - 34,190,339
"4085",2000,4,35 - 39,315,845
"4085",2000,4,40 - 44,622,1704
"4085",2000,4,45 - 49,949,2835
"4085",2000,4,50 - 54,1267,3900
"4085",2000,4,55 - 59,2090,7116
"4085",2000,4,60 - 64,5050,13373
"4085",2000,4,65 - 69,8303,17558
"4085",2000,4,70 - 74,16973,24279
"4085",2000,4,75 - 79,34130,26803
"4085",2000,4,80 - 84,36564,20303
"4085",2000,4,85 - 89,66132,25659
"4085",2000,4,90 - 94,45842,13076
"4085",2000,4,95+,15014,3174
"4085",2000,4,UNK,0,0
"4085",2000,5,Total,12440,11349
"4085",2000,5,0,248,351
"4085",2000,5,1,11,32
"4085",2000,5,2,7,9
"4085",2000,5,3,3,5
"4085",2000,5,4,4,3
"4085",2000,5,5 - 9,14,15
"4085",2000,5,10 - 14,10,20
"4085",2000,5,15 - 19,25,52
"4085",2000,5,20 - 24,44,115
"4085",2000,5,25 - 29,56,161
"4085",2000,5,30 - 34,105,255
"4085",2000,5,35 - 39,128,386
"4085",2000,5,40 - 44,183,579
"4085",2000,5,45 - 49,255,698
"4085",2000,5,50 - 54,279,740
"4085",2000,5,55 - 59,363,1004
"4085",2000,5,60 - 64,476,1300
"4085",2000,5,65 - 69,573,1113
"4085",2000,5,70 - 74,810,1119
"4085",2000,5,75 - 79,1269,925
"4085",2000,5,80 - 84,1244,638
"4085",2000,5,85 - 89,2528,912
"4085",2000,5,90 - 94,2472,665
"4085",2000,5,95+,1333,252
"4085",2000,5,UNK,0,0
"4085",2000,6,Total,3003,5633
"4085",2000,6,0,0,0
"4085",2000,6,1,0,1
"4085",2000,6,2,0,0
"4085",2000,6,3,0,0
"4085",2000,6,4,0,0
"4085",2000,6,5 - 9,0,0
"4085",2000,6,10 - 14,1,1
"4085",2000,6,15 - 19,26,33
"4085",2000,6,20 - 24,27,163
"4085",2000,6,25 - 29,47,234
"4085",2000,6,30 - 34,49,320
"4085",2000,6,35 - 39,97,393
"4085",2000,6,40 - 44,102,539
"4085",2000,6,45 - 49,132,533
"4085",2000,6,50 - 54,166,512
"4085",2000,6,55 - 59,181,603
"4085",2000,6,60 - 64,187,735
"4085",2000,6,65 - 69,118,470
"4085",2000,6,70 - 74,145,309
"4085",2000,6,75 - 79,282,259
"4085",2000,6,80 - 84,271,151
"4085",2000,6,85 - 89,578,214
"4085",2000,6,90 - 94,457,143
"4085",2000,6,95+,137,20
"4085",2000,6,UNK,0,0
"4085",2000,7,Total,8709,7387
"4085",2000,7,0,26,50
"4085",2000,7,1,20,15
"4085",2000,7,2,3,9
"4085",2000,7,3,2,8
"4085",2000,7,4,0,3
"4085",2000,7,5 - 9,30,29
"4085",2000,7,10 - 14,22,29
"4085",2000,7,15 - 19,23,59
"4085",2000,7,20 - 24,30,54
"4085",2000,7,25 - 29,31,46
"4085",2000,7,30 - 34,45,81
"4085",2000,7,35 - 39,68,146
"4085",2000,7,40 - 44,108,194
"4085",2000,7,45 - 49,135,214
"4085",2000,7,50 - 54,173,236
"4085",2000,7,55 - 59,254,381
"4085",2000,7,60 - 64,386,553
"4085",2000,7,65 - 69,484,747
"4085",2000,7,70 - 74,906,977
"4085",2000,7,75 - 79,1655,1242
"4085",2000,7,80 - 84,1377,991
"4085",2000,7,85 - 89,1851,954
"4085",2000,7,90 - 94,883,319
"4085",2000,7,95+,197,50
"4085",2000,7,UNK,0,0
"4085",2000,8,Total,15059,8612
"4085",2000,8,0,13,16
"4085",2000,8,1,1,8
"4085",2000,8,2,6,5
"4085",2000,8,3,2,5
"4085",2000,8,4,5,5
"4085",2000,8,5 - 9,7,12
"4085",2000,8,10 - 14,8,17
"4085",2000,8,15 - 19,14,18
"4085",2000,8,20 - 24,16,21
"4085",2000,8,25 - 29,12,17
"4085",2000,8,30 - 34,25,45
"4085",2000,8,35 - 39,47,87
"4085",2000,8,40 - 44,68,128
"4085",2000,8,45 - 49,99,235
"4085",2000,8,50 - 54,114,253
"4085",2000,8,55 - 59,202,454
"4085",2000,8,60 - 64,467,850
"4085",2000,8,65 - 69,806,1130
"4085",2000,8,70 - 74,1465,1306
"4085",2000,8,75 - 79,2679,1383
"4085",2000,8,80 - 84,2586,1008
"4085",2000,8,85 - 89,3803,1069
"4085",2000,8,90 - 94,2103,453
"4085",2000,8,95+,511,87
"4085",2000,8,UNK,0,0
"4085",2000,9,Total,19704,21008
"4085",2000,9,0,11,8
"4085",2000,9,1,1,1
"4085",2000,9,2,0,1
"4085",2000,9,3,0,0
"4085",2000,9,4,1,3
"4085",2000,9,5 - 9,4,9
"4085",2000,9,10 - 14,5,3
"4085",2000,9,15 - 19,5,8
"4085",2000,9,20 - 24,13,16
"4085",2000,9,25 - 29,21,51
"4085",2000,9,30 - 34,98,221
"4085",2000,9,35 - 39,250,579
"4085",2000,9,40 - 44,415,1061
"4085",2000,9,45 - 49,603,1497
"4085",2000,9,50 - 54,690,1476
"4085",2000,9,55 - 59,908,2184
"4085",2000,9,60 - 64,1259,3016
"4085",2000,9,65 - 69,1265,2708
"4085",2000,9,70 - 74,1811,2490
"4085",2000,9,75 - 79,2936,2074
"4085",2000,9,80 - 84,2501,1305
"4085",2000,9,85 - 89,3914,1455
"4085",2000,9,90 - 94,2386,699
"4085",2000,9,95+,607,143
"4085",2000,9,UNK,0,0
"4085",2000,10,Total,6120,4599
"4085",2000,10,0,2,2
"4085",2000,10,1,1,1
"4085",2000,10,2,1,0
"4085",2000,10,3,0,0
"4085",2000,10,4,0,0
"4085",2000,10,5 - 9,2,0
"4085",2000,10,10 - 14,2,0
"4085",2000,10,15 - 19,2,2
"4085",2000,10,20 - 24,1,4
"4085",2000,10,25 - 29,4,11
"4085",2000,10,30 - 34,4,11
"4085",2000,10,35 - 39,12,15
"4085",2000,10,40 - 44,15,46
"4085",2000,10,45 - 49,34,66
"4085",2000,10,50 - 54,44,88
"4085",2000,10,55 - 59,90,156
"4085",2000,10,60 - 64,186,302
"4085",2000,10,65 - 69,289,412
"4085",2000,10,70 - 74,546,655
"4085",2000,10,75 - 79,1040,805
"4085",2000,10,80 - 84,1008,630
"4085",2000,10,85 - 89,1581,861
"4085",2000,10,90 - 94,964,446
"4085",2000,10,95+,292,86
"4085",2000,10,UNK,0,0
"4085",2000,11,Total,1443,1674
"4085",2000,11,0,1050,1339
"4085",2000,11,1,30,33
"4085",2000,11,2,12,14
"4085",2000,11,3,12,18
"4085",2000,11,4,13,7
"4085",2000,11,5 - 9,17,17
"4085",2000,11,10 - 14,24,12
"4085",2000,11,15 - 19,24,19
"4085",2000,11,20 - 24,14,21
"4085",2000,11,25 - 29,16,21
"4085",2000,11,30 - 34,26,18
"4085",2000,11,35 - 39,22,21
"4085",2000,11,40 - 44,13,14
"4085",2000,11,45 - 49,17,20
"4085",2000,11,50 - 54,19,19
"4085",2000,11,55 - 59,37,23
"4085",2000,11,60 - 64,23,21
"4085",2000,11,65 - 69,14,13
"4085",2000,11,70 - 74,18,6
"4085",2000,11,75 - 79,11,11
"4085",2000,11,80 - 84,8,2
"4085",2000,11,85 - 89,20,4
"4085",2000,11,90 - 94,3,0
"4085",2000,11,95+,0,1
"4085",2000,11,UNK,0,0
"4085",2000,12,Total,24691,27115
"4085",2000,12,0,10,18
"4085",2000,12,1,5,6
"4085",2000,12,2,4,3
"4085",2000,12,3,1,4
"4085",2000,12,4,0,1
"4085",2000,12,5 - 9,4,3
"4085",2000,12,10 - 14,7,21
"4085",2000,12,15 - 19,17,21
"4085",2000,12,20 - 24,21,22
"4085",2000,12,25 - 29,24,32
"4085",2000,12,30 - 34,29,54
"4085",2000,12,35 - 39,62,114
"4085",2000,12,40 - 44,86,169
"4085",2000,12,45 - 49,146,268
"4085",2000,12,50 - 54,223,433
"4085",2000,12,55 - 59,443,897
"4085",2000,12,60 - 64,712,1900
"4085",2000,12,65 - 69,1151,2844
"4085",2000,12,70 - 74,2211,4490
"4085",2000,12,75 - 79,3719,4931
"4085",2000,12,80 - 84,3735,3731
"4085",2000,12,85 - 89,6231,4422
"4085",2000,12,90 - 94,4279,2162
"4085",2000,12,95+,1571,569
"4085",2000,12,UNK,0,0
"4085",2000,13,Total,12537,21408
"4085",2000,13,0,24,38
"4085",2000,13,1,19,39
"4085",2000,13,2,27,30
"4085",2000,13,3,14,26
"4085",2000,13,4,12,22
"4085",2000,13,5 - 9,50,95
"4085",2000,13,10 - 14,78,134
"4085",2000,13,15 - 19,361,1073
"4085",2000,13,20 - 24,338,1454
"4085",2000,13,25 - 29,283,1181
"4085",2000,13,30 - 34,350,1485
"4085",2000,13,35 - 39,406,1645
"4085",2000,13,40 - 44,461,1729
"4085",2000,13,45 - 49,460,1610
"4085",2000,13,50 - 54,435,1306
"4085",2000,13,55 - 59,562,1520
"4085",2000,13,60 - 64,653,1642
"4085",2000,13,65 - 69,619,1314
"4085",2000,13,70 - 74,875,1301
"4085",2000,13,75 - 79,1393,1151
"4085",2000,13,80 - 84,1271,834
"4085",2000,13,85 - 89,2064,1105
"4085",2000,13,90 - 94,1322,534
"4085",2000,13,95+,460,140
"4085",2000,13,UNK,0,0
"4085",2000,14,Total,281,321
"4085",2000,14,0,11,13
"4085",2000,14,1,3,1
"4085",2000,14,2,2,5
"4085",2000,14,3,4,1
"4085",2000,14,4,3,1
"4085",2000,14,5 - 9,6,8
"4085",2000,14,10 - 14,6,5
"4085",2000,14,15 - 19,11,12
"4085",2000,14,20 - 24,28,21
"4085",2000,14,25 - 29,17,24
"4085",2000,14,30 - 34,22,33
"4085",2000,14,35 - 39,32,26
"4085",2000,14,40 - 44,26,44
"4085",2000,14,45 - 49,17,34
"4085",2000,14,50 - 54,15,20
"4085",2000,14,55 - 59,14,22
"4085",2000,14,60 - 64,15,25
"4085",2000,14,65 - 69,8,6
"4085",2000,14,70 - 74,12,8
"4085",2000,14,75 - 79,11,5
"4085",2000,14,80 - 84,8,3
"4085",2000,14,85 - 89,5,1
"4085",2000,14,90 - 94,5,1
"4085",2000,14,95+,0,2
"4085",2000,14,UNK,0,0
"4085",2001,1,Total,444654,383887
"4085",2001,1,0,1348,1815
"4085",2001,1,1,140,175
"4085",2001,1,2,79,113
"4085",2001,1,3,64,106
"4085",2001,1,4,63,61
"4085",2001,1,5 - 9,192,252
"4085",2001,1,10 - 14,262,384
"4085",2001,1,15 - 19,600,1376
"4085",2001,1,20 - 24,654,2015
"4085",2001,1,25 - 29,709,1844
"4085",2001,1,30 - 34,1211,3019
"4085",2001,1,35 - 39,2574,5102
"4085",2001,1,40 - 44,3823,7670
"4085",2001,1,45 - 49,5727,11243
"4085",2001,1,50 - 54,7829,14954
"4085",2001,1,55 - 59,10522,21681
"4085",2001,1,60 - 64,19107,39638
"4085",2001,1,65 - 69,24421,45548
"4085",2001,1,70 - 74,38815,57928
"4085",2001,1,75 - 79,65427,56388
"4085",2001,1,80 - 84,70294,43624
"4085",2001,1,85 - 89,96548,41778
"4085",2001,1,90 - 94,70743,21760
"4085",2001,1,95+,23502,5413
"4085",2001,1,UNK,0,0
"4085",2001,2,Total,5299,5074
"4085",2001,2,0,9,21
"4085",2001,2,1,10,11
"4085",2001,2,2,6,6
"4085",2001,2,3,3,7
"4085",2001,2,4,2,3
"4085",2001,2,5 - 9,5,10
"4085",2001,2,10 - 14,11,10
"4085",2001,2,15 - 19,15,19
"4085",2001,2,20 - 24,15,17
"4085",2001,2,25 - 29,26,28
"4085",2001,2,30 - 34,55,83
"4085",2001,2,35 - 39,80,161
"4085",2001,2,40 - 44,90,209
"4085",2001,2,45 - 49,74,214
"4085",2001,2,50 - 54,98,240
"4085",2001,2,55 - 59,172,279
"4085",2001,2,60 - 64,283,564
"4085",2001,2,65 - 69,392,613
"4085",2001,2,70 - 74,643,776
"4085",2001,2,75 - 79,914,719
"4085",2001,2,80 - 84,871,520
"4085",2001,2,85 - 89,866,360
"4085",2001,2,90 - 94,503,172
"4085",2001,2,95+,156,32
"4085",2001,2,UNK,0,0
"4085",2001,3,Total,102401,110657
"4085",2001,3,0,14,11
"4085",2001,3,1,11,17
"4085",2001,3,2,11,11
"4085",2001,3,3,9,18
"4085",2001,3,4,21,19
"4085",2001,3,5 - 9,46,59
"4085",2001,3,10 - 14,63,63
"4085",2001,3,15 - 19,86,99
"4085",2001,3,20 - 24,70,118
"4085",2001,3,25 - 29,136,149
"4085",2001,3,30 - 34,377,332
"4085",2001,3,35 - 39,935,706
"4085",2001,3,40 - 44,1627,1547
"4085",2001,3,45 - 49,2711,2994
"4085",2001,3,50 - 54,4088,5119
"4085",2001,3,55 - 59,5672,8488
"4085",2001,3,60 - 64,9624,15605
"4085",2001,3,65 - 69,10390,16963
"4085",2001,3,70 - 74,13500,19918
"4085",2001,3,75 - 79,17513,16546
"4085",2001,3,80 - 84,14070,10567
"4085",2001,3,85 - 89,13009,7693
"4085",2001,3,90 - 94,6868,3093
"4085",2001,3,95+,1550,522
"4085",2001,3,UNK,0,0
"4085",2001,4,Total,231413,160315
"4085",2001,4,0,18,17
"4085",2001,4,1,12,9
"4085",2001,4,2,9,5
"4085",2001,4,3,6,3
"4085",2001,4,4,2,5
"4085",2001,4,5 - 9,18,13
"4085",2001,4,10 - 14,19,23
"4085",2001,4,15 - 19,52,66
"4085",2001,4,20 - 24,60,88
"4085",2001,4,25 - 29,85,131
"4085",2001,4,30 - 34,159,347
"4085",2001,4,35 - 39,361,831
"4085",2001,4,40 - 44,618,1633
"4085",2001,4,45 - 49,998,2835
"4085",2001,4,50 - 54,1356,4184
"4085",2001,4,55 - 59,1944,6403
"4085",2001,4,60 - 64,4619,13099
"4085",2001,4,65 - 69,8070,17315
"4085",2001,4,70 - 74,15901,24304
"4085",2001,4,75 - 79,32314,26379
"4085",2001,4,80 - 84,39453,22328
"4085",2001,4,85 - 89,61281,23662
"4085",2001,4,90 - 94,47606,13158
"4085",2001,4,95+,16452,3477
"4085",2001,4,UNK,0,0
"4085",2001,5,Total,11533,10800
"4085",2001,5,0,201,343
"4085",2001,5,1,15,20
"4085",2001,5,2,5,9
"4085",2001,5,3,1,8
"4085",2001,5,4,2,3
"4085",2001,5,5 - 9,12,16
"4085",2001,5,10 - 14,10,14
"4085",2001,5,15 - 19,26,82
"4085",2001,5,20 - 24,37,116
"4085",2001,5,25 - 29,58,140
"4085",2001,5,30 - 34,87,227
"4085",2001,5,35 - 39,158,397
"4085",2001,5,40 - 44,214,557
"4085",2001,5,45 - 49,283,701
"4085",2001,5,50 - 54,308,763
"4085",2001,5,55 - 59,310,895
"4085",2001,5,60 - 64,537,1284
"4085",2001,5,65 - 69,545,1125
"4085",2001,5,70 - 74,735,1074
"4085",2001,5,75 - 79,1233,823
"4085",2001,5,80 - 84,1289,652
"4085",2001,5,85 - 89,2065,746
"4085",2001,5,90 - 94,2185,537
"4085",2001,5,95+,1217,268
"4085",2001,5,UNK,0,0
"4085",2001,6,Total,2850,4976
"4085",2001,6,0,0,0
"4085",2001,6,1,0,0
"4085",2001,6,2,0,0
"4085",2001,6,3,1,0
"4085",2001,6,4,1,0
"4085",2001,6,5 - 9,1,0
"4085",2001,6,10 - 14,0,0
"4085",2001,6,15 - 19,9,19
"4085",2001,6,20 - 24,16,104
"4085",2001,6,25 - 29,21,128
"4085",2001,6,30 - 34,44,214
"4085",2001,6,35 - 39,81,341
"4085",2001,6,40 - 44,97,494
"4085",2001,6,45 - 49,126,560
"4085",2001,6,50 - 54,127,491
"4085",2001,6,55 - 59,134,550
"4085",2001,6,60 - 64,159,647
"4085",2001,6,65 - 69,143,454
"4085",2001,6,70 - 74,148,308
"4085",2001,6,75 - 79,216,197
"4085",2001,6,80 - 84,318,148
"4085",2001,6,85 - 89,575,194
"4085",2001,6,90 - 94,469,107
"4085",2001,6,95+,164,20
"4085",2001,6,UNK,0,0
"4085",2001,7,Total,9021,7604
"4085",2001,7,0,31,31
"4085",2001,7,1,18,10
"4085",2001,7,2,7,10
"4085",2001,7,3,5,14
"4085",2001,7,4,5,1
"4085",2001,7,5 - 9,15,24
"4085",2001,7,10 - 14,23,41
"4085",2001,7,15 - 19,30,49
"4085",2001,7,20 - 24,27,58
"4085",2001,7,25 - 29,38,57
"4085",2001,7,30 - 34,42,87
"4085",2001,7,35 - 39,93,129
"4085",2001,7,40 - 44,114,196
"4085",2001,7,45 - 49,154,237
"4085",2001,7,50 - 54,169,250
"4085",2001,7,55 - 59,253,309
"4085",2001,7,60 - 64,368,630
"4085",2001,7,65 - 69,518,723
"4085",2001,7,70 - 74,872,1045
"4085",2001,7,75 - 79,1600,1256
"4085",2001,7,80 - 84,1647,1077
"4085",2001,7,85 - 89,1836,939
"4085",2001,7,90 - 94,958,381
"4085",2001,7,95+,198,50
"4085",2001,7,UNK,0,0
"4085",2001,8,Total,15414,8949
"4085",2001,8,0,14,21
"4085",2001,8,1,1,8
"4085",2001,8,2,0,5
"4085",2001,8,3,1,1
"4085",2001,8,4,2,1
"4085",2001,8,5 - 9,11,9
"4085",2001,8,10 - 14,11,20
"4085",2001,8,15 - 19,13,12
"4085",2001,8,20 - 24,15,13
"4085",2001,8,25 - 29,13,22
"4085",2001,8,30 - 34,12,36
"4085",2001,8,35 - 39,31,89
"4085",2001,8,40 - 44,59,137
"4085",2001,8,45 - 49,86,225
"4085",2001,8,50 - 54,141,293
"4085",2001,8,55 - 59,191,397
"4085",2001,8,60 - 64,480,846
"4085",2001,8,65 - 69,808,1148
"4085",2001,8,70 - 74,1481,1404
"4085",2001,8,75 - 79,2466,1417
"4085",2001,8,80 - 84,2818,1202
"4085",2001,8,85 - 89,3679,1050
"4085",2001,8,90 - 94,2454,490
"4085",2001,8,95+,627,103
"4085",2001,8,UNK,0,0
"4085",2001,9,Total,20182,20736
"4085",2001,9,0,8,10
"4085",2001,9,1,4,3
"4085",2001,9,2,1,0
"4085",2001,9,3,3,3
"4085",2001,9,4,0,1
"4085",2001,9,5 - 9,1,6
"4085",2001,9,10 - 14,5,4
"4085",2001,9,15 - 19,4,5
"4085",2001,9,20 - 24,10,16
"4085",2001,9,25 - 29,16,44
"4085",2001,9,30 - 34,63,167
"4085",2001,9,35 - 39,230,528
"4085",2001,9,40 - 44,387,953
"4085",2001,9,45 - 49,576,1413
"4085",2001,9,50 - 54,762,1608
"4085",2001,9,55 - 59,816,1952
"4085",2001,9,60 - 64,1267,3005
"4085",2001,9,65 - 69,1376,2679
"4085",2001,9,70 - 74,1846,2581
"4085",2001,9,75 - 79,2846,2102
"4085",2001,9,80 - 84,2923,1477
"4085",2001,9,85 - 89,3751,1339
"4085",2001,9,90 - 94,2530,694
"4085",2001,9,95+,757,146
"4085",2001,9,UNK,0,0
"4085",2001,10,Total,6529,4692
"4085",2001,10,0,3,0
"4085",2001,10,1,0,2
"4085",2001,10,2,1,0
"4085",2001,10,3,0,0
"4085",2001,10,4,0,0
"4085",2001,10,5 - 9,1,2
"4085",2001,10,10 - 14,1,1
"4085",2001,10,15 - 19,2,2
"4085",2001,10,20 - 24,7,5
"4085",2001,10,25 - 29,2,3
"4085",2001,10,30 - 34,10,9
"4085",2001,10,35 - 39,7,19
"4085",2001,10,40 - 44,23,39
"4085",2001,10,45 - 49,39,68
"4085",2001,10,50 - 54,44,97
"4085",2001,10,55 - 59,86,131
"4085",2001,10,60 - 64,195,319
"4085",2001,10,65 - 69,277,444
"4085",2001,10,70 - 74,577,672
"4085",2001,10,75 - 79,1045,789
"4085",2001,10,80 - 84,1190,702
"4085",2001,10,85 - 89,1552,831
"4085",2001,10,90 - 94,1167,453
"4085",2001,10,95+,300,104
"4085",2001,10,UNK,0,0
"4085",2001,11,Total,1379,1717
"4085",2001,11,0,999,1293
"4085",2001,11,1,33,46
"4085",2001,11,2,16,21
"4085",2001,11,3,11,9
"4085",2001,11,4,9,5
"4085",2001,11,5 - 9,17,21
"4085",2001,11,10 - 14,17,33
"4085",2001,11,15 - 19,18,28
"4085",2001,11,20 - 24,19,23
"4085",2001,11,25 - 29,16,14
"4085",2001,11,30 - 34,14,28
"4085",2001,11,35 - 39,21,17
"4085",2001,11,40 - 44,17,17
"4085",2001,11,45 - 49,17,24
"4085",2001,11,50 - 54,19,28
"4085",2001,11,55 - 59,28,29
"4085",2001,11,60 - 64,17,32
"4085",2001,11,65 - 69,22,19
"4085",2001,11,70 - 74,15,11
"4085",2001,11,75 - 79,16,5
"4085",2001,11,80 - 84,8,8
"4085",2001,11,85 - 89,19,4
"4085",2001,11,90 - 94,9,2
"4085",2001,11,95+,2,0
"4085",2001,11,UNK,0,0
"4085",2001,12,Total,23103,25432
"4085",2001,12,0,10,20
"4085",2001,12,1,7,9
"4085",2001,12,2,3,10
"4085",2001,12,3,5,2
"4085",2001,12,4,3,4
"4085",2001,12,5 - 9,8,11
"4085",2001,12,10 - 14,11,17
"4085",2001,12,15 - 19,17,11
"4085",2001,12,20 - 24,13,24
"4085",2001,12,25 - 29,17,41
"4085",2001,12,30 - 34,26,54
"4085",2001,12,35 - 39,53,86
"4085",2001,12,40 - 44,86,161
"4085",2001,12,45 - 49,148,253
"4085",2001,12,50 - 54,203,441
"4085",2001,12,55 - 59,372,820
"4085",2001,12,60 - 64,740,1779
"4085",2001,12,65 - 69,1087,2583
"4085",2001,12,70 - 74,2007,4224
"4085",2001,12,75 - 79,3430,4709
"4085",2001,12,80 - 84,3799,3768
"4085",2001,12,85 - 89,5424,3830
"4085",2001,12,90 - 94,4151,2054
"4085",2001,12,95+,1483,521
"4085",2001,12,UNK,0,0
"4085",2001,13,Total,12452,21204
"4085",2001,13,0,22,30
"4085",2001,13,1,25,34
"4085",2001,13,2,18,31
"4085",2001,13,3,17,35
"4085",2001,13,4,13,18
"4085",2001,13,5 - 9,50,66
"4085",2001,13,10 - 14,82,155
"4085",2001,13,15 - 19,308,964
"4085",2001,13,20 - 24,339,1400
"4085",2001,13,25 - 29,263,1053
"4085",2001,13,30 - 34,283,1401
"4085",2001,13,35 - 39,473,1739
"4085",2001,13,40 - 44,440,1675
"4085",2001,13,45 - 49,468,1658
"4085",2001,13,50 - 54,458,1370
"4085",2001,13,55 - 59,474,1338
"4085",2001,13,60 - 64,672,1670
"4085",2001,13,65 - 69,606,1328
"4085",2001,13,70 - 74,800,1362
"4085",2001,13,75 - 79,1349,1242
"4085",2001,13,80 - 84,1459,993
"4085",2001,13,85 - 89,1945,965
"4085",2001,13,90 - 94,1416,530
"4085",2001,13,95+,472,147
"4085",2001,13,UNK,0,0
"4085",2001,14,Total,239,325
"4085",2001,14,0,12,16
"4085",2001,14,1,2,1
"4085",2001,14,2,0,3
"4085",2001,14,3,1,5
"4085",2001,14,4,3,0
"4085",2001,14,5 - 9,4,10
"4085",2001,14,10 - 14,4,4
"4085",2001,14,15 - 19,11,13
"4085",2001,14,20 - 24,17,25
"4085",2001,14,25 - 29,10,26
"4085",2001,14,30 - 34,14,20
"4085",2001,14,35 - 39,27,45
"4085",2001,14,40 - 44,25,32
"4085",2001,14,45 - 49,15,34
"4085",2001,14,50 - 54,20,21
"4085",2001,14,55 - 59,14,16
"4085",2001,14,60 - 64,10,20
"4085",2001,14,65 - 69,9,15
"4085",2001,14,70 - 74,6,8
"4085",2001,14,75 - 79,12,3
"4085",2001,14,80 - 84,8,3
"4085",2001,14,85 - 89,10,3
"4085",2001,14,90 - 94,4,2
"4085",2001,14,95+,1,0
"4085",2001,14,UNK,0,0
"4085",2002,1,Total,452570,389116
"4085",2002,1,0,1366,1670
"4085",2002,1,1,149,156
"4085",2002,1,2,74,83
"4085",2002,1,3,75,74
"4085",2002,1,4,58,48
"4085",2002,1,5 - 9,180,234
"4085",2002,1,10 - 14,230,341
"4085",2002,1,15 - 19,557,1407
"4085",2002,1,20 - 24,672,1966
"4085",2002,1,25 - 29,668,1728
"4085",2002,1,30 - 34,1211,2747
"4085",2002,1,35 - 39,2336,4892
"4085",2002,1,40 - 44,3917,7724
"4085",2002,1,45 - 49,5851,11413
"4085",2002,1,50 - 54,8109,15714
"4085",2002,1,55 - 59,10064,20319
"4085",2002,1,60 - 64,18852,38805
"4085",2002,1,65 - 69,25174,47104
"4085",2002,1,70 - 74,38128,58419
"4085",2002,1,75 - 79,63573,57210
"4085",2002,1,80 - 84,81031,50117
"4085",2002,1,85 - 89,89305,38198
"4085",2002,1,90 - 94,74622,23099
"4085",2002,1,95+,26368,5648
"4085",2002,1,UNK,0,0
"4085",2002,2,Total,5425,5041
"4085",2002,2,0,14,19
"4085",2002,2,1,12,9
"4085",2002,2,2,3,3
"4085",2002,2,3,5,3
"4085",2002,2,4,1,2
"4085",2002,2,5 - 9,5,7
"4085",2002,2,10 - 14,8,15
"4085",2002,2,15 - 19,12,17
"4085",2002,2,20 - 24,9,17
"4085",2002,2,25 - 29,24,28
"4085",2002,2,30 - 34,35,58
"4085",2002,2,35 - 39,67,133
"4085",2002,2,40 - 44,85,214
"4085",2002,2,45 - 49,87,252
"4085",2002,2,50 - 54,111,247
"4085",2002,2,55 - 59,130,281
"4085",2002,2,60 - 64,255,514
"4085",2002,2,65 - 69,377,611
"4085",2002,2,70 - 74,568,753
"4085",2002,2,75 - 79,954,723
"4085",2002,2,80 - 84,980,541
"4085",2002,2,85 - 89,837,371
"4085",2002,2,90 - 94,639,187
"4085",2002,2,95+,207,36
"4085",2002,2,UNK,0,0
"4085",2002,3,Total,103196,112245
"4085",2002,3,0,16,9
"4085",2002,3,1,10,10
"4085",2002,3,2,11,8
"4085",2002,3,3,15,10
"4085",2002,3,4,12,12
"4085",2002,3,5 - 9,47,49
"4085",2002,3,10 - 14,44,61
"4085",2002,3,15 - 19,54,89
"4085",2002,3,20 - 24,91,120
"4085",2002,3,25 - 29,134,169
"4085",2002,3,30 - 34,404,315
"4085",2002,3,35 - 39,884,714
"4085",2002,3,40 - 44,1634,1521
"4085",2002,3,45 - 49,2801,3098
"4085",2002,3,50 - 54,4205,5357
"4085",2002,3,55 - 59,5405,8062
"4085",2002,3,60 - 64,9499,15524
"4085",2002,3,65 - 69,10797,17740
"4085",2002,3,70 - 74,13245,19942
"4085",2002,3,75 - 79,17146,16619
"4085",2002,3,80 - 84,16167,12127
"4085",2002,3,85 - 89,11808,6826
"4085",2002,3,90 - 94,7052,3288
"4085",2002,3,95+,1715,575
"4085",2002,3,UNK,0,0
"4085",2002,4,Total,233149,160629
"4085",2002,4,0,9,11
"4085",2002,4,1,13,11
"4085",2002,4,2,6,7
"4085",2002,4,3,7,2
"4085",2002,4,4,5,2
"4085",2002,4,5 - 9,8,10
"4085",2002,4,10 - 14,19,16
"4085",2002,4,15 - 19,46,74
"4085",2002,4,20 - 24,67,106
"4085",2002,4,25 - 29,86,124
"4085",2002,4,30 - 34,175,307
"4085",2002,4,35 - 39,353,804
"4085",2002,4,40 - 44,671,1633
"4085",2002,4,45 - 49,1000,2870
"4085",2002,4,50 - 54,1454,4264
"4085",2002,4,55 - 59,1895,5870
"4085",2002,4,60 - 64,4501,12508
"4085",2002,4,65 - 69,8158,17511
"4085",2002,4,70 - 74,15341,24221
"4085",2002,4,75 - 79,30516,26185
"4085",2002,4,80 - 84,44817,25391
"4085",2002,4,85 - 89,56019,21446
"4085",2002,4,90 - 94,49762,13700
"4085",2002,4,95+,18221,3556
"4085",2002,4,UNK,0,0
"4085",2002,5,Total,10600,9960
"4085",2002,5,0,181,243
"4085",2002,5,1,9,17
"4085",2002,5,2,7,7
"4085",2002,5,3,7,2
"4085",2002,5,4,0,2
"4085",2002,5,5 - 9,11,7
"4085",2002,5,10 - 14,5,15
"4085",2002,5,15 - 19,21,44
"4085",2002,5,20 - 24,29,92
"4085",2002,5,25 - 29,36,90
"4085",2002,5,30 - 34,65,160
"4085",2002,5,35 - 39,99,333
"4085",2002,5,40 - 44,161,481
"4085",2002,5,45 - 49,205,692
"4085",2002,5,50 - 54,245,741
"4085",2002,5,55 - 59,256,838
"4085",2002,5,60 - 64,430,1205
"4085",2002,5,65 - 69,482,1092
"4085",2002,5,70 - 74,679,1009
"4085",2002,5,75 - 79,1137,828
"4085",2002,5,80 - 84,1357,689
"4085",2002,5,85 - 89,1787,630
"4085",2002,5,90 - 94,2137,523
"4085",2002,5,95+,1254,220
"4085",2002,5,UNK,0,0
"4085",2002,6,Total,2816,5106
"4085",2002,6,0,0,0
"4085",2002,6,1,0,0
"4085",2002,6,2,1,0
"4085",2002,6,3,0,0
"4085",2002,6,4,0,0
"4085",2002,6,5 - 9,0,0
"4085",2002,6,10 - 14,1,0
"4085",2002,6,15 - 19,13,16
"4085",2002,6,20 - 24,18,92
"4085",2002,6,25 - 29,25,122
"4085",2002,6,30 - 34,39,161
"4085",2002,6,35 - 39,56,335
"4085",2002,6,40 - 44,108,459
"4085",2002,6,45 - 49,150,567
"4085",2002,6,50 - 54,150,538
"4085",2002,6,55 - 59,138,501
"4085",2002,6,60 - 64,192,685
"4085",2002,6,65 - 69,134,474
"4085",2002,6,70 - 74,127,333
"4085",2002,6,75 - 79,214,246
"4085",2002,6,80 - 84,317,200
"4085",2002,6,85 - 89,487,201
"4085",2002,6,90 - 94,453,130
"4085",2002,6,95+,193,46
"4085",2002,6,UNK,0,0
"4085",2002,7,Total,9730,8018
"4085",2002,7,0,33,38
"4085",2002,7,1,10,15
"4085",2002,7,2,10,3
"4085",2002,7,3,4,6
"4085",2002,7,4,7,2
"4085",2002,7,5 - 9,17,23
"4085",2002,7,10 - 14,22,32
"4085",2002,7,15 - 19,27,68
"4085",2002,7,20 - 24,33,61
"4085",2002,7,25 - 29,27,51
"4085",2002,7,30 - 34,48,92
"4085",2002,7,35 - 39,94,120
"4085",2002,7,40 - 44,107,196
"4085",2002,7,45 - 49,153,254
"4085",2002,7,50 - 54,167,268
"4085",2002,7,55 - 59,223,341
"4085",2002,7,60 - 64,416,643
"4085",2002,7,65 - 69,558,755
"4085",2002,7,70 - 74,937,1064
"4085",2002,7,75 - 79,1618,1314
"4085",2002,7,80 - 84,2045,1305
"4085",2002,7,85 - 89,1805,890
"4085",2002,7,90 - 94,1088,417
"4085",2002,7,95+,281,60
"4085",2002,7,UNK,0,0
"4085",2002,8,Total,16661,9694
"4085",2002,8,0,15,20
"4085",2002,8,1,5,3
"4085",2002,8,2,1,5
"4085",2002,8,3,4,4
"4085",2002,8,4,0,0
"4085",2002,8,5 - 9,5,8
"4085",2002,8,10 - 14,7,11
"4085",2002,8,15 - 19,12,10
"4085",2002,8,20 - 24,8,25
"4085",2002,8,25 - 29,20,14
"4085",2002,8,30 - 34,18,44
"4085",2002,8,35 - 39,43,91
"4085",2002,8,40 - 44,63,144
"4085",2002,8,45 - 49,116,209
"4085",2002,8,50 - 54,129,354
"4085",2002,8,55 - 59,195,421
"4085",2002,8,60 - 64,482,850
"4085",2002,8,65 - 69,888,1254
"4085",2002,8,70 - 74,1507,1573
"4085",2002,8,75 - 79,2628,1498
"4085",2002,8,80 - 84,3497,1427
"4085",2002,8,85 - 89,3533,1008
"4085",2002,8,90 - 94,2694,610
"4085",2002,8,95+,791,111
"4085",2002,8,UNK,0,0
"4085",2002,9,Total,20672,21177
"4085",2002,9,0,7,7
"4085",2002,9,1,6,2
"4085",2002,9,2,1,1
"4085",2002,9,3,1,4
"4085",2002,9,4,2,0
"4085",2002,9,5 - 9,3,3
"4085",2002,9,10 - 14,0,4
"4085",2002,9,15 - 19,7,9
"4085",2002,9,20 - 24,10,21
"4085",2002,9,25 - 29,18,42
"4085",2002,9,30 - 34,52,172
"4085",2002,9,35 - 39,199,510
"4085",2002,9,40 - 44,400,1031
"4085",2002,9,45 - 49,603,1428
"4085",2002,9,50 - 54,770,1786
"4085",2002,9,55 - 59,777,1782
"4085",2002,9,60 - 64,1246,2940
"4085",2002,9,65 - 69,1361,2768
"4085",2002,9,70 - 74,1864,2620
"4085",2002,9,75 - 79,2864,2231
"4085",2002,9,80 - 84,3460,1724
"4085",2002,9,85 - 89,3485,1157
"4085",2002,9,90 - 94,2740,756
"4085",2002,9,95+,796,179
"4085",2002,9,UNK,0,0
"4085",2002,10,Total,7112,5148
"4085",2002,10,0,0,2
"4085",2002,10,1,0,3
"4085",2002,10,2,1,0
"4085",2002,10,3,0,1
"4085",2002,10,4,0,0
"4085",2002,10,5 - 9,0,1
"4085",2002,10,10 - 14,2,1
"4085",2002,10,15 - 19,1,2
"4085",2002,10,20 - 24,0,2
"4085",2002,10,25 - 29,2,4
"4085",2002,10,30 - 34,7,11
"4085",2002,10,35 - 39,8,18
"4085",2002,10,40 - 44,21,27
"4085",2002,10,45 - 49,30,69
"4085",2002,10,50 - 54,61,76
"4085",2002,10,55 - 59,78,150
"4085",2002,10,60 - 64,189,274
"4085",2002,10,65 - 69,314,504
"4085",2002,10,70 - 74,580,695
"4085",2002,10,75 - 79,1068,912
"4085",2002,10,80 - 84,1491,903
"4085",2002,10,85 - 89,1665,829
"4085",2002,10,90 - 94,1237,537
"4085",2002,10,95+,357,127
"4085",2002,10,UNK,0,0
"4085",2002,11,Total,1424,1661
"4085",2002,11,0,1036,1261
"4085",2002,11,1,42,41
"4085",2002,11,2,10,15
"4085",2002,11,3,6,14
"4085",2002,11,4,10,4
"4085",2002,11,5 - 9,21,28
"4085",2002,11,10 - 14,22,25
"4085",2002,11,15 - 19,21,23
"4085",2002,11,20 - 24,12,21
"4085",2002,11,25 - 29,12,20
"4085",2002,11,30 - 34,9,21
"4085",2002,11,35 - 39,18,23
"4085",2002,11,40 - 44,22,22
"4085",2002,11,45 - 49,15,16
"4085",2002,11,50 - 54,19,35
"4085",2002,11,55 - 59,27,26
"4085",2002,11,60 - 64,28,34
"4085",2002,11,65 - 69,18,11
"4085",2002,11,70 - 74,16,8
"4085",2002,11,75 - 79,24,5
"4085",2002,11,80 - 84,14,5
"4085",2002,11,85 - 89,10,2
"4085",2002,11,90 - 94,10,0
"4085",2002,11,95+,2,1
"4085",2002,11,UNK,0,0
"4085",2002,12,Total,26084,27562
"4085",2002,12,0,11,13
"4085",2002,12,1,12,6
"4085",2002,12,2,3,8
"4085",2002,12,3,2,7
"4085",2002,12,4,3,1
"4085",2002,12,5 - 9,8,13
"4085",2002,12,10 - 14,12,20
"4085",2002,12,15 - 19,8,22
"4085",2002,12,20 - 24,21,15
"4085",2002,12,25 - 29,15,34
"4085",2002,12,30 - 34,31,54
"4085",2002,12,35 - 39,46,113
"4085",2002,12,40 - 44,101,177
"4085",2002,12,45 - 49,157,272
"4085",2002,12,50 - 54,286,468
"4085",2002,12,55 - 59,413,789
"4085",2002,12,60 - 64,811,1874
"4085",2002,12,65 - 69,1211,2778
"4085",2002,12,70 - 74,2171,4600
"4085",2002,12,75 - 79,3677,5168
"4085",2002,12,80 - 84,4738,4524
"4085",2002,12,85 - 89,5550,3755
"4085",2002,12,90 - 94,4915,2296
"4085",2002,12,95+,1882,555
"4085",2002,12,UNK,0,0
"4085",2002,13,Total,12586,21120
"4085",2002,13,0,27,33
"4085",2002,13,1,27,36
"4085",2002,13,2,18,19
"4085",2002,13,3,18,18
"4085",2002,13,4,12,21
"4085",2002,13,5 - 9,46,76
"4085",2002,13,10 - 14,77,132
"4085",2002,13,15 - 19,324,1013
"4085",2002,13,20 - 24,344,1365
"4085",2002,13,25 - 29,244,999
"4085",2002,13,30 - 34,292,1308
"4085",2002,13,35 - 39,414,1641
"4085",2002,13,40 - 44,487,1748
"4085",2002,13,45 - 49,486,1617
"4085",2002,13,50 - 54,454,1511
"4085",2002,13,55 - 59,448,1180
"4085",2002,13,60 - 64,663,1591
"4085",2002,13,65 - 69,672,1418
"4085",2002,13,70 - 74,804,1376
"4085",2002,13,75 - 79,1293,1252
"4085",2002,13,80 - 84,1623,1099
"4085",2002,13,85 - 89,1810,939
"4085",2002,13,90 - 94,1469,569
"4085",2002,13,95+,534,159
"4085",2002,13,UNK,0,0
"4085",2002,14,Total,278,326
"4085",2002,14,0,13,9
"4085",2002,14,1,0,0
"4085",2002,14,2,1,4
"4085",2002,14,3,4,1
"4085",2002,14,4,5,1
"4085",2002,14,5 - 9,7,4
"4085",2002,14,10 - 14,6,4
"4085",2002,14,15 - 19,6,13
"4085",2002,14,20 - 24,18,23
"4085",2002,14,25 - 29,20,25
"4085",2002,14,30 - 34,20,37
"4085",2002,14,35 - 39,37,38
"4085",2002,14,40 - 44,29,37
"4085",2002,14,45 - 49,22,37
"4085",2002,14,50 - 54,21,29
"4085",2002,14,55 - 59,12,15
"4085",2002,14,60 - 64,12,22
"4085",2002,14,65 - 69,5,13
"4085",2002,14,70 - 74,14,5
"4085",2002,14,75 - 79,13,2
"4085",2002,14,80 - 84,7,5
"4085",2002,14,85 - 89,4,2
"4085",2002,14,90 - 94,2,0
"4085",2002,14,95+,0,0
"4085",2002,14,UNK,0,0
"4085",2003,1,Total,457676,396270
"4085",2003,1,0,1290,1700
"4085",2003,1,1,125,157
"4085",2003,1,2,73,83
"4085",2003,1,3,62,78
"4085",2003,1,4,39,63
"4085",2003,1,5 - 9,202,275
"4085",2003,1,10 - 14,224,346
"4085",2003,1,15 - 19,532,1287
"4085",2003,1,20 - 24,636,1880
"4085",2003,1,25 - 29,654,1815
"4085",2003,1,30 - 34,1127,2573
"4085",2003,1,35 - 39,2291,4713
"4085",2003,1,40 - 44,3866,7694
"4085",2003,1,45 - 49,5698,11497
"4085",2003,1,50 - 54,8274,16045
"4085",2003,1,55 - 59,9901,19768
"4085",2003,1,60 - 64,18113,37333
"4085",2003,1,65 - 69,25912,49663
"4085",2003,1,70 - 74,37159,57650
"4085",2003,1,75 - 79,62565,60833
"4085",2003,1,80 - 84,91646,56291
"4085",2003,1,85 - 89,80400,34073
"4085",2003,1,90 - 94,78434,24423
"4085",2003,1,95+,28453,6030
"4085",2003,1,UNK,0,0
"4085",2003,2,Total,5745,5146
"4085",2003,2,0,11,21
"4085",2003,2,1,7,6
"4085",2003,2,2,9,6
"4085",2003,2,3,3,4
"4085",2003,2,4,0,6
"4085",2003,2,5 - 9,4,5
"4085",2003,2,10 - 14,3,7
"4085",2003,2,15 - 19,12,17
"4085",2003,2,20 - 24,7,18
"4085",2003,2,25 - 29,15,29
"4085",2003,2,30 - 34,50,73
"4085",2003,2,35 - 39,67,130
"4085",2003,2,40 - 44,74,179
"4085",2003,2,45 - 49,102,248
"4085",2003,2,50 - 54,114,247
"4085",2003,2,55 - 59,131,260
"4085",2003,2,60 - 64,252,458
"4085",2003,2,65 - 69,380,653
"4085",2003,2,70 - 74,644,730
"4085",2003,2,75 - 79,991,801
"4085",2003,2,80 - 84,1171,616
"4085",2003,2,85 - 89,799,329
"4085",2003,2,90 - 94,687,251
"4085",2003,2,95+,212,52
"4085",2003,2,UNK,0,0
"4085",2003,3,Total,101631,113157
"4085",2003,3,0,10,15
"4085",2003,3,1,7,15
"4085",2003,3,2,11,7
"4085",2003,3,3,12,8
"4085",2003,3,4,11,10
"4085",2003,3,5 - 9,47,69
"4085",2003,3,10 - 14,45,67
"4085",2003,3,15 - 19,68,82
"4085",2003,3,20 - 24,80,127
"4085",2003,3,25 - 29,132,139
"4085",2003,3,30 - 34,334,345
"4085",2003,3,35 - 39,860,709
"4085",2003,3,40 - 44,1674,1470
"4085",2003,3,45 - 49,2749,3064
"4085",2003,3,50 - 54,4275,5365
"4085",2003,3,55 - 59,5289,7709
"4085",2003,3,60 - 64,9173,14847
"4085",2003,3,65 - 69,11287,18509
"4085",2003,3,70 - 74,12888,19518
"4085",2003,3,75 - 79,16256,17779
"4085",2003,3,80 - 84,17433,13294
"4085",2003,3,85 - 89,10251,6083
"4085",2003,3,90 - 94,7039,3373
"4085",2003,3,95+,1700,553
"4085",2003,3,UNK,0,0
"4085",2003,4,Total,234412,162210
"4085",2003,4,0,12,22
"4085",2003,4,1,9,10
"4085",2003,4,2,5,5
"4085",2003,4,3,5,6
"4085",2003,4,4,2,6
"4085",2003,4,5 - 9,16,22
"4085",2003,4,10 - 14,20,38
"4085",2003,4,15 - 19,25,71
"4085",2003,4,20 - 24,77,97
"4085",2003,4,25 - 29,82,180
"4085",2003,4,30 - 34,165,316
"4085",2003,4,35 - 39,354,828
"4085",2003,4,40 - 44,620,1645
"4085",2003,4,45 - 49,909,2823
"4085",2003,4,50 - 54,1467,4309
"4085",2003,4,55 - 59,1805,5661
"4085",2003,4,60 - 64,4235,11899
"4085",2003,4,65 - 69,8098,18191
"4085",2003,4,70 - 74,14713,23579
"4085",2003,4,75 - 79,30093,27511
"4085",2003,4,80 - 84,50518,28114
"4085",2003,4,85 - 89,49968,18707
"4085",2003,4,90 - 94,51649,14434
"4085",2003,4,95+,19565,3736
"4085",2003,4,UNK,0,0
"4085",2003,5,Total,11301,10438
"4085",2003,5,0,197,262
"4085",2003,5,1,13,16
"4085",2003,5,2,4,2
"4085",2003,5,3,1,3
"4085",2003,5,4,2,1
"4085",2003,5,5 - 9,16,13
"4085",2003,5,10 - 14,13,17
"4085",2003,5,15 - 19,23,49
"4085",2003,5,20 - 24,32,106
"4085",2003,5,25 - 29,36,109
"4085",2003,5,30 - 34,60,164
"4085",2003,5,35 - 39,106,283
"4085",2003,5,40 - 44,203,567
"4085",2003,5,45 - 49,234,651
"4085",2003,5,50 - 54,256,806
"4085",2003,5,55 - 59,283,872
"4085",2003,5,60 - 64,440,1194
"4085",2003,5,65 - 69,554,1212
"4085",2003,5,70 - 74,738,1079
"4085",2003,5,75 - 79,1088,866
"4085",2003,5,80 - 84,1572,749
"4085",2003,5,85 - 89,1698,602
"4085",2003,5,90 - 94,2325,572
"4085",2003,5,95+,1407,243
"4085",2003,5,UNK,0,0
"4085",2003,6,Total,3230,5305
"4085",2003,6,0,0,0
"4085",2003,6,1,0,0
"4085",2003,6,2,0,0
"4085",2003,6,3,0,0
"4085",2003,6,4,0,0
"4085",2003,6,5 - 9,0,0
"4085",2003,6,10 - 14,2,1
"4085",2003,6,15 - 19,11,21
"4085",2003,6,20 - 24,23,103
"4085",2003,6,25 - 29,26,115
"4085",2003,6,30 - 34,44,170
"4085",2003,6,35 - 39,76,297
"4085",2003,6,40 - 44,97,503
"4085",2003,6,45 - 49,165,602
"4085",2003,6,50 - 54,138,558
"4085",2003,6,55 - 59,143,491
"4085",2003,6,60 - 64,170,646
"4085",2003,6,65 - 69,150,563
"4085",2003,6,70 - 74,140,376
"4085",2003,6,75 - 79,243,270
"4085",2003,6,80 - 84,440,213
"4085",2003,6,85 - 89,496,191
"4085",2003,6,90 - 94,618,139
"4085",2003,6,95+,248,46
"4085",2003,6,UNK,0,0
"4085",2003,7,Total,10000,8452
"4085",2003,7,0,21,48
"4085",2003,7,1,13,19
"4085",2003,7,2,6,7
"4085",2003,7,3,12,10
"4085",2003,7,4,5,5
"4085",2003,7,5 - 9,17,30
"4085",2003,7,10 - 14,14,32
"4085",2003,7,15 - 19,23,44
"4085",2003,7,20 - 24,30,68
"4085",2003,7,25 - 29,28,60
"4085",2003,7,30 - 34,44,94
"4085",2003,7,35 - 39,84,141
"4085",2003,7,40 - 44,101,203
"4085",2003,7,45 - 49,157,253
"4085",2003,7,50 - 54,222,298
"4085",2003,7,55 - 59,232,334
"4085",2003,7,60 - 64,416,584
"4085",2003,7,65 - 69,626,810
"4085",2003,7,70 - 74,858,1173
"4085",2003,7,75 - 79,1562,1418
"4085",2003,7,80 - 84,2344,1488
"4085",2003,7,85 - 89,1609,832
"4085",2003,7,90 - 94,1271,435
"4085",2003,7,95+,305,66
"4085",2003,7,UNK,0,0
"4085",2003,8,Total,17081,10110
"4085",2003,8,0,15,21
"4085",2003,8,1,5,9
"4085",2003,8,2,2,2
"4085",2003,8,3,2,3
"4085",2003,8,4,1,4
"4085",2003,8,5 - 9,11,13
"4085",2003,8,10 - 14,14,12
"4085",2003,8,15 - 19,18,18
"4085",2003,8,20 - 24,16,9
"4085",2003,8,25 - 29,19,25
"4085",2003,8,30 - 34,15,47
"4085",2003,8,35 - 39,36,80
"4085",2003,8,40 - 44,66,145
"4085",2003,8,45 - 49,112,231
"4085",2003,8,50 - 54,156,351
"4085",2003,8,55 - 59,199,423
"4085",2003,8,60 - 64,429,896
"4085",2003,8,65 - 69,912,1327
"4085",2003,8,70 - 74,1465,1602
"4085",2003,8,75 - 79,2534,1581
"4085",2003,8,80 - 84,4043,1637
"4085",2003,8,85 - 89,3202,924
"4085",2003,8,90 - 94,2970,604
"4085",2003,8,95+,839,146
"4085",2003,8,UNK,0,0
"4085",2003,9,Total,20894,21369
"4085",2003,9,0,5,8
"4085",2003,9,1,5,2
"4085",2003,9,2,1,1
"4085",2003,9,3,1,0
"4085",2003,9,4,0,2
"4085",2003,9,5 - 9,4,2
"4085",2003,9,10 - 14,6,2
"4085",2003,9,15 - 19,5,6
"4085",2003,9,20 - 24,11,17
"4085",2003,9,25 - 29,24,28
"4085",2003,9,30 - 34,48,124
"4085",2003,9,35 - 39,172,466
"4085",2003,9,40 - 44,382,990
"4085",2003,9,45 - 49,562,1483
"4085",2003,9,50 - 54,772,1814
"4085",2003,9,55 - 59,786,1727
"4085",2003,9,60 - 64,1165,2810
"4085",2003,9,65 - 69,1430,3000
"4085",2003,9,70 - 74,1793,2501
"4085",2003,9,75 - 79,2775,2288
"4085",2003,9,80 - 84,4006,1984
"4085",2003,9,85 - 89,3232,1150
"4085",2003,9,90 - 94,2866,774
"4085",2003,9,95+,843,190
"4085",2003,9,UNK,0,0
"4085",2003,10,Total,7669,5512
"4085",2003,10,0,0,0
"4085",2003,10,1,0,1
"4085",2003,10,2,0,1
"4085",2003,10,3,0,1
"4085",2003,10,4,1,1
"4085",2003,10,5 - 9,1,1
"4085",2003,10,10 - 14,0,1
"4085",2003,10,15 - 19,1,2
"4085",2003,10,20 - 24,3,1
"4085",2003,10,25 - 29,5,2
"4085",2003,10,30 - 34,2,8
"4085",2003,10,35 - 39,11,22
"4085",2003,10,40 - 44,26,33
"4085",2003,10,45 - 49,40,41
"4085",2003,10,50 - 54,61,99
"4085",2003,10,55 - 59,77,147
"4085",2003,10,60 - 64,198,300
"4085",2003,10,65 - 69,319,548
"4085",2003,10,70 - 74,572,757
"4085",2003,10,75 - 79,1167,945
"4085",2003,10,80 - 84,1824,1037
"4085",2003,10,85 - 89,1521,773
"4085",2003,10,90 - 94,1420,656
"4085",2003,10,95+,420,135
"4085",2003,10,UNK,0,0
"4085",2003,11,Total,1354,1691
"4085",2003,11,0,968,1235
"4085",2003,11,1,27,35
"4085",2003,11,2,14,20
"4085",2003,11,3,7,11
"4085",2003,11,4,7,9
"4085",2003,11,5 - 9,21,26
"4085",2003,11,10 - 14,22,28
"4085",2003,11,15 - 19,18,35
"4085",2003,11,20 - 24,14,21
"4085",2003,11,25 - 29,6,20
"4085",2003,11,30 - 34,21,24
"4085",2003,11,35 - 39,18,25
"4085",2003,11,40 - 44,20,27
"4085",2003,11,45 - 49,19,22
"4085",2003,11,50 - 54,24,41
"4085",2003,11,55 - 59,34,32
"4085",2003,11,60 - 64,27,34
"4085",2003,11,65 - 69,18,20
"4085",2003,11,70 - 74,10,9
"4085",2003,11,75 - 79,11,8
"4085",2003,11,80 - 84,20,4
"4085",2003,11,85 - 89,17,4
"4085",2003,11,90 - 94,7,1
"4085",2003,11,95+,4,0
"4085",2003,11,UNK,0,0
"4085",2003,12,Total,28391,29623
"4085",2003,12,0,11,14
"4085",2003,12,1,11,8
"4085",2003,12,2,3,4
"4085",2003,12,3,2,1
"4085",2003,12,4,4,2
"4085",2003,12,5 - 9,7,9
"4085",2003,12,10 - 14,11,14
"4085",2003,12,15 - 19,21,25
"4085",2003,12,20 - 24,20,28
"4085",2003,12,25 - 29,16,25
"4085",2003,12,30 - 34,30,29
"4085",2003,12,35 - 39,60,93
"4085",2003,12,40 - 44,108,163
"4085",2003,12,45 - 49,148,272
"4085",2003,12,50 - 54,270,524
"4085",2003,12,55 - 59,394,826
"4085",2003,12,60 - 64,840,1888
"4085",2003,12,65 - 69,1262,3090
"4085",2003,12,70 - 74,2185,4695
"4085",2003,12,75 - 79,3993,5690
"4085",2003,12,80 - 84,5752,5558
"4085",2003,12,85 - 89,5496,3488
"4085",2003,12,90 - 94,5562,2496
"4085",2003,12,95+,2185,681
"4085",2003,12,UNK,0,0
"4085",2003,13,Total,12719,21349
"4085",2003,13,0,29,32
"4085",2003,13,1,22,33
"4085",2003,13,2,14,25
"4085",2003,13,3,13,27
"4085",2003,13,4,5,17
"4085",2003,13,5 - 9,50,77
"4085",2003,13,10 - 14,70,123
"4085",2003,13,15 - 19,296,899
"4085",2003,13,20 - 24,303,1262
"4085",2003,13,25 - 29,234,1051
"4085",2003,13,30 - 34,267,1145
"4085",2003,13,35 - 39,400,1587
"4085",2003,13,40 - 44,449,1721
"4085",2003,13,45 - 49,449,1736
"4085",2003,13,50 - 54,460,1541
"4085",2003,13,55 - 59,456,1192
"4085",2003,13,60 - 64,620,1587
"4085",2003,13,65 - 69,675,1539
"4085",2003,13,70 - 74,833,1409
"4085",2003,13,75 - 79,1337,1405
"4085",2003,13,80 - 84,1939,1343
"4085",2003,13,85 - 89,1663,855
"4085",2003,13,90 - 94,1577,590
"4085",2003,13,95+,558,153
"4085",2003,13,UNK,0,0
"4085",2003,14,Total,246,307
"4085",2003,14,0,6,13
"4085",2003,14,1,4,2
"4085",2003,14,2,2,2
"4085",2003,14,3,3,3
"4085",2003,14,4,1,0
"4085",2003,14,5 - 9,5,3
"4085",2003,14,10 - 14,3,3
"4085",2003,14,15 - 19,7,13
"4085",2003,14,20 - 24,13,15
"4085",2003,14,25 - 29,20,26
"4085",2003,14,30 - 34,26,27
"4085",2003,14,35 - 39,29,34
"4085",2003,14,40 - 44,21,27
"4085",2003,14,45 - 49,24,32
"4085",2003,14,50 - 54,12,30
"4085",2003,14,55 - 59,18,23
"4085",2003,14,60 - 64,12,20
"4085",2003,14,65 - 69,10,9
"4085",2003,14,70 - 74,11,7
"4085",2003,14,75 - 79,7,8
"4085",2003,14,80 - 84,7,8
"4085",2003,14,85 - 89,2,1
"4085",2003,14,90 - 94,3,0
"4085",2003,14,95+,0,1
"4085",2003,14,UNK,0,0
"4085",2004,1,Total,434883,383388
"4085",2004,1,0,1289,1629
"4085",2004,1,1,110,144
"4085",2004,1,2,71,68
"4085",2004,1,3,57,65
"4085",2004,1,4,52,52
"4085",2004,1,5 - 9,166,216
"4085",2004,1,10 - 14,178,272
"4085",2004,1,15 - 19,525,1185
"4085",2004,1,20 - 24,643,1718
"4085",2004,1,25 - 29,629,1640
"4085",2004,1,30 - 34,972,2266
"4085",2004,1,35 - 39,2041,4359
"4085",2004,1,40 - 44,3577,7610
"4085",2004,1,45 - 49,5782,11031
"4085",2004,1,50 - 54,7987,15793
"4085",2004,1,55 - 59,9749,18755
"4085",2004,1,60 - 64,16934,34627
"4085",2004,1,65 - 69,26072,49454
"4085",2004,1,70 - 74,34389,54165
"4085",2004,1,75 - 79,58784,62092
"4085",2004,1,80 - 84,93248,57563
"4085",2004,1,85 - 89,67535,29082
"4085",2004,1,90 - 94,75701,23545
"4085",2004,1,95+,28392,6057
"4085",2004,1,UNK,0,0
"4085",2004,2,Total,5845,5217
"4085",2004,2,0,18,15
"4085",2004,2,1,8,8
"4085",2004,2,2,3,4
"4085",2004,2,3,2,3
"4085",2004,2,4,3,1
"4085",2004,2,5 - 9,5,5
"4085",2004,2,10 - 14,5,4
"4085",2004,2,15 - 19,8,15
"4085",2004,2,20 - 24,13,20
"4085",2004,2,25 - 29,18,23
"4085",2004,2,30 - 34,39,72
"4085",2004,2,35 - 39,48,133
"4085",2004,2,40 - 44,83,193
"4085",2004,2,45 - 49,86,222
"4085",2004,2,50 - 54,103,223
"4085",2004,2,55 - 59,133,238
"4085",2004,2,60 - 64,243,452
"4085",2004,2,65 - 69,391,631
"4085",2004,2,70 - 74,602,738
"4085",2004,2,75 - 79,979,845
"4085",2004,2,80 - 84,1362,755
"4085",2004,2,85 - 89,730,343
"4085",2004,2,90 - 94,731,220
"4085",2004,2,95+,232,54
"4085",2004,2,UNK,0,0
"4085",2004,3,Total,101502,113361
"4085",2004,3,0,15,15
"4085",2004,3,1,12,15
"4085",2004,3,2,11,7
"4085",2004,3,3,11,14
"4085",2004,3,4,11,13
"4085",2004,3,5 - 9,38,57
"4085",2004,3,10 - 14,40,50
"4085",2004,3,15 - 19,84,95
"4085",2004,3,20 - 24,84,107
"4085",2004,3,25 - 29,134,153
"4085",2004,3,30 - 34,324,278
"4085",2004,3,35 - 39,778,652
"4085",2004,3,40 - 44,1602,1471
"4085",2004,3,45 - 49,2792,2898
"4085",2004,3,50 - 54,4167,5311
"4085",2004,3,55 - 59,5252,7356
"4085",2004,3,60 - 64,8741,14167
"4085",2004,3,65 - 69,11777,19271
"4085",2004,3,70 - 74,12478,19026
"4085",2004,3,75 - 79,16449,18995
"4085",2004,3,80 - 84,18381,14032
"4085",2004,3,85 - 89,9193,5482
"4085",2004,3,90 - 94,7338,3294
"4085",2004,3,95+,1790,602
"4085",2004,3,UNK,0,0
"4085",2004,4,Total,216004,152468
"4085",2004,4,0,18,14
"4085",2004,4,1,10,10
"4085",2004,4,2,5,5
"4085",2004,4,3,0,4
"4085",2004,4,4,5,3
"4085",2004,4,5 - 9,15,12
"4085",2004,4,10 - 14,13,18
"4085",2004,4,15 - 19,43,60
"4085",2004,4,20 - 24,68,108
"4085",2004,4,25 - 29,72,121
"4085",2004,4,30 - 34,138,282
"4085",2004,4,35 - 39,320,732
"4085",2004,4,40 - 44,550,1709
"4085",2004,4,45 - 49,965,2783
"4085",2004,4,50 - 54,1324,4169
"4085",2004,4,55 - 59,1763,5194
"4085",2004,4,60 - 64,3762,10621
"4085",2004,4,65 - 69,7839,17221
"4085",2004,4,70 - 74,13017,21415
"4085",2004,4,75 - 79,26875,26960
"4085",2004,4,80 - 84,50297,28312
"4085",2004,4,85 - 89,40776,15479
"4085",2004,4,90 - 94,48978,13593
"4085",2004,4,95+,19151,3643
"4085",2004,4,UNK,0,0
"4085",2004,5,Total,10633,10049
"4085",2004,5,0,160,265
"4085",2004,5,1,12,13
"4085",2004,5,2,7,6
"4085",2004,5,3,4,2
"4085",2004,5,4,4,4
"4085",2004,5,5 - 9,9,8
"4085",2004,5,10 - 14,9,18
"4085",2004,5,15 - 19,33,59
"4085",2004,5,20 - 24,40,95
"4085",2004,5,25 - 29,39,104
"4085",2004,5,30 - 34,43,162
"4085",2004,5,35 - 39,102,285
"4085",2004,5,40 - 44,147,528
"4085",2004,5,45 - 49,224,683
"4085",2004,5,50 - 54,287,758
"4085",2004,5,55 - 59,298,762
"4085",2004,5,60 - 64,386,1149
"4085",2004,5,65 - 69,535,1204
"4085",2004,5,70 - 74,618,964
"4085",2004,5,75 - 79,1007,913
"4085",2004,5,80 - 84,1592,769
"4085",2004,5,85 - 89,1439,496
"4085",2004,5,90 - 94,2172,541
"4085",2004,5,95+,1466,261
"4085",2004,5,UNK,0,0
"4085",2004,6,Total,4088,5428
"4085",2004,6,0,0,0
"4085",2004,6,1,0,0
"4085",2004,6,2,0,0
"4085",2004,6,3,0,0
"4085",2004,6,4,0,0
"4085",2004,6,5 - 9,0,0
"4085",2004,6,10 - 14,0,1
"4085",2004,6,15 - 19,9,10
"4085",2004,6,20 - 24,18,74
"4085",2004,6,25 - 29,17,109
"4085",2004,6,30 - 34,33,131
"4085",2004,6,35 - 39,67,309
"4085",2004,6,40 - 44,102,436
"4085",2004,6,45 - 49,143,608
"4085",2004,6,50 - 54,146,623
"4085",2004,6,55 - 59,152,510
"4085",2004,6,60 - 64,180,606
"4085",2004,6,65 - 69,165,544
"4085",2004,6,70 - 74,180,351
"4085",2004,6,75 - 79,305,326
"4085",2004,6,80 - 84,654,308
"4085",2004,6,85 - 89,623,213
"4085",2004,6,90 - 94,908,215
"4085",2004,6,95+,386,54
"4085",2004,6,UNK,0,0
"4085",2004,7,Total,9364,8311
"4085",2004,7,0,24,33
"4085",2004,7,1,8,18
"4085",2004,7,2,10,3
"4085",2004,7,3,5,7
"4085",2004,7,4,6,5
"4085",2004,7,5 - 9,17,25
"4085",2004,7,10 - 14,19,28
"4085",2004,7,15 - 19,32,56
"4085",2004,7,20 - 24,36,48
"4085",2004,7,25 - 29,29,56
"4085",2004,7,30 - 34,32,66
"4085",2004,7,35 - 39,82,138
"4085",2004,7,40 - 44,107,221
"4085",2004,7,45 - 49,157,231
"4085",2004,7,50 - 54,197,303
"4085",2004,7,55 - 59,229,329
"4085",2004,7,60 - 64,377,585
"4085",2004,7,65 - 69,555,843
"4085",2004,7,70 - 74,794,1065
"4085",2004,7,75 - 79,1482,1539
"4085",2004,7,80 - 84,2294,1509
"4085",2004,7,85 - 89,1391,686
"4085",2004,7,90 - 94,1186,440
"4085",2004,7,95+,295,77
"4085",2004,7,UNK,0,0
"4085",2004,8,Total,16644,10397
"4085",2004,8,0,10,26
"4085",2004,8,1,5,5
"4085",2004,8,2,3,6
"4085",2004,8,3,4,5
"4085",2004,8,4,2,4
"4085",2004,8,5 - 9,6,12
"4085",2004,8,10 - 14,7,12
"4085",2004,8,15 - 19,17,10
"4085",2004,8,20 - 24,18,14
"4085",2004,8,25 - 29,19,29
"4085",2004,8,30 - 34,27,38
"4085",2004,8,35 - 39,34,101
"4085",2004,8,40 - 44,70,174
"4085",2004,8,45 - 49,106,231
"4085",2004,8,50 - 54,147,368
"4085",2004,8,55 - 59,216,456
"4085",2004,8,60 - 64,440,845
"4085",2004,8,65 - 69,838,1397
"4085",2004,8,70 - 74,1377,1628
"4085",2004,8,75 - 79,2414,1683
"4085",2004,8,80 - 84,4098,1668
"4085",2004,8,85 - 89,2910,887
"4085",2004,8,90 - 94,2979,660
"4085",2004,8,95+,897,138
"4085",2004,8,UNK,0,0
"4085",2004,9,Total,20909,21304
"4085",2004,9,0,6,4
"4085",2004,9,1,2,3
"4085",2004,9,2,2,2
"4085",2004,9,3,0,0
"4085",2004,9,4,1,0
"4085",2004,9,5 - 9,2,0
"4085",2004,9,10 - 14,2,5
"4085",2004,9,15 - 19,6,10
"4085",2004,9,20 - 24,12,14
"4085",2004,9,25 - 29,14,40
"4085",2004,9,30 - 34,55,107
"4085",2004,9,35 - 39,140,423
"4085",2004,9,40 - 44,328,906
"4085",2004,9,45 - 49,571,1416
"4085",2004,9,50 - 54,718,1812
"4085",2004,9,55 - 59,761,1708
"4085",2004,9,60 - 64,1126,2559
"4085",2004,9,65 - 69,1430,3011
"4085",2004,9,70 - 74,1741,2602
"4085",2004,9,75 - 79,2902,2565
"4085",2004,9,80 - 84,4285,2103
"4085",2004,9,85 - 89,2952,981
"4085",2004,9,90 - 94,2905,818
"4085",2004,9,95+,948,215
"4085",2004,9,UNK,0,0
"4085",2004,10,Total,7658,5588
"4085",2004,10,0,0,0
"4085",2004,10,1,0,0
"4085",2004,10,2,0,1
"4085",2004,10,3,1,0
"4085",2004,10,4,0,0
"4085",2004,10,5 - 9,0,2
"4085",2004,10,10 - 14,0,0
"4085",2004,10,15 - 19,2,3
"4085",2004,10,20 - 24,2,4
"4085",2004,10,25 - 29,5,10
"4085",2004,10,30 - 34,3,7
"4085",2004,10,35 - 39,8,20
"4085",2004,10,40 - 44,18,28
"4085",2004,10,45 - 49,33,48
"4085",2004,10,50 - 54,61,87
"4085",2004,10,55 - 59,72,130
"4085",2004,10,60 - 64,159,247
"4085",2004,10,65 - 69,322,526
"4085",2004,10,70 - 74,557,723
"4085",2004,10,75 - 79,1164,1024
"4085",2004,10,80 - 84,1903,1177
"4085",2004,10,85 - 89,1411,734
"4085",2004,10,90 - 94,1439,656
"4085",2004,10,95+,498,161
"4085",2004,10,UNK,0,0
"4085",2004,11,Total,1373,1646
"4085",2004,11,0,996,1199
"4085",2004,11,1,19,24
"4085",2004,11,2,11,9
"4085",2004,11,3,6,4
"4085",2004,11,4,5,5
"4085",2004,11,5 - 9,22,27
"4085",2004,11,10 - 14,19,25
"4085",2004,11,15 - 19,18,27
"4085",2004,11,20 - 24,16,22
"4085",2004,11,25 - 29,17,8
"4085",2004,11,30 - 34,15,18
"4085",2004,11,35 - 39,20,29
"4085",2004,11,40 - 44,20,27
"4085",2004,11,45 - 49,18,23
"4085",2004,11,50 - 54,31,44
"4085",2004,11,55 - 59,22,39
"4085",2004,11,60 - 64,32,43
"4085",2004,11,65 - 69,27,29
"4085",2004,11,70 - 74,10,17
"4085",2004,11,75 - 79,15,10
"4085",2004,11,80 - 84,20,9
"4085",2004,11,85 - 89,6,3
"4085",2004,11,90 - 94,6,4
"4085",2004,11,95+,2,1
"4085",2004,11,UNK,0,0
"4085",2004,12,Total,25286,27214
"4085",2004,12,0,12,18
"4085",2004,12,1,8,8
"4085",2004,12,2,4,4
"4085",2004,12,3,1,6
"4085",2004,12,4,4,3
"4085",2004,12,5 - 9,6,5
"4085",2004,12,10 - 14,9,11
"4085",2004,12,15 - 19,12,14
"4085",2004,12,20 - 24,11,19
"4085",2004,12,25 - 29,15,27
"4085",2004,12,30 - 34,21,33
"4085",2004,12,35 - 39,35,70
"4085",2004,12,40 - 44,88,166
"4085",2004,12,45 - 49,170,260
"4085",2004,12,50 - 54,282,479
"4085",2004,12,55 - 59,391,754
"4085",2004,12,60 - 64,777,1663
"4085",2004,12,65 - 69,1260,2966
"4085",2004,12,70 - 74,1927,4061
"4085",2004,12,75 - 79,3449,5426
"4085",2004,12,80 - 84,5601,5295
"4085",2004,12,85 - 89,4236,2918
"4085",2004,12,90 - 94,4990,2335
"4085",2004,12,95+,1977,673
"4085",2004,12,UNK,0,0
"4085",2004,13,Total,12306,20483
"4085",2004,13,0,16,24
"4085",2004,13,1,24,35
"4085",2004,13,2,14,18
"4085",2004,13,3,19,20
"4085",2004,13,4,8,13
"4085",2004,13,5 - 9,37,56
"4085",2004,13,10 - 14,49,91
"4085",2004,13,15 - 19,248,806
"4085",2004,13,20 - 24,297,1161
"4085",2004,13,25 - 29,218,937
"4085",2004,13,30 - 34,202,1040
"4085",2004,13,35 - 39,365,1420
"4085",2004,13,40 - 44,411,1691
"4085",2004,13,45 - 49,456,1554
"4085",2004,13,50 - 54,462,1536
"4085",2004,13,55 - 59,383,1193
"4085",2004,13,60 - 64,561,1537
"4085",2004,13,65 - 69,714,1574
"4085",2004,13,70 - 74,815,1345
"4085",2004,13,75 - 79,1281,1506
"4085",2004,13,80 - 84,2089,1377
"4085",2004,13,85 - 89,1456,736
"4085",2004,13,90 - 94,1615,659
"4085",2004,13,95+,566,154
"4085",2004,13,UNK,0,0
"4085",2004,14,Total,246,280
"4085",2004,14,0,9,11
"4085",2004,14,1,2,2
"4085",2004,14,2,1,2
"4085",2004,14,3,3,0
"4085",2004,14,4,1,0
"4085",2004,14,5 - 9,7,4
"4085",2004,14,10 - 14,2,3
"4085",2004,14,15 - 19,6,15
"4085",2004,14,20 - 24,17,27
"4085",2004,14,25 - 29,16,20
"4085",2004,14,30 - 34,18,17
"4085",2004,14,35 - 39,24,28
"4085",2004,14,40 - 44,28,33
"4085",2004,14,45 - 49,19,30
"4085",2004,14,50 - 54,19,22
"4085",2004,14,55 - 59,14,16
"4085",2004,14,60 - 64,14,16
"4085",2004,14,65 - 69,12,10
"4085",2004,14,70 - 74,9,6
"4085",2004,14,75 - 79,9,11
"4085",2004,14,80 - 84,9,5
"4085",2004,14,85 - 89,5,2
"4085",2004,14,90 - 94,2,0
"4085",2004,14,95+,0,0
"4085",2004,14,UNK,0,0
