"","Year","Cause","Age","Female","Male"
"4020",1998,1,Total,52484,51925
"4020",1998,1,0,263,327
"4020",1998,1,1,21,31
"4020",1998,1,2,19,12
"4020",1998,1,3,7,22
"4020",1998,1,4,12,15
"4020",1998,1,5 - 9,55,47
"4020",1998,1,10 - 14,47,54
"4020",1998,1,15 - 19,79,233
"4020",1998,1,20 - 24,104,378
"4020",1998,1,25 - 29,133,402
"4020",1998,1,30 - 34,217,465
"4020",1998,1,35 - 39,352,603
"4020",1998,1,40 - 44,572,916
"4020",1998,1,45 - 49,818,1387
"4020",1998,1,50 - 54,1133,1945
"4020",1998,1,55 - 59,1258,2368
"4020",1998,1,60 - 64,1895,3625
"4020",1998,1,65 - 69,3216,5958
"4020",1998,1,70 - 74,5085,8156
"4020",1998,1,75 - 79,7439,8839
"4020",1998,1,80 - 84,8443,6843
"4020",1998,1,85 - 89,11322,6038
"4020",1998,1,90 - 94,7336,2584
"4020",1998,1,95+,2639,657
"4020",1998,1,UNK,19,20
"4020",1998,2,Total,759,629
"4020",1998,2,0,10,5
"4020",1998,2,1,3,2
"4020",1998,2,2,2,3
"4020",1998,2,3,0,1
"4020",1998,2,4,0,2
"4020",1998,2,5 - 9,2,3
"4020",1998,2,10 - 14,1,0
"4020",1998,2,15 - 19,4,2
"4020",1998,2,20 - 24,4,0
"4020",1998,2,25 - 29,4,7
"4020",1998,2,30 - 34,7,16
"4020",1998,2,35 - 39,7,12
"4020",1998,2,40 - 44,7,7
"4020",1998,2,45 - 49,13,20
"4020",1998,2,50 - 54,11,24
"4020",1998,2,55 - 59,12,27
"4020",1998,2,60 - 64,25,49
"4020",1998,2,65 - 69,49,76
"4020",1998,2,70 - 74,91,109
"4020",1998,2,75 - 79,117,102
"4020",1998,2,80 - 84,120,68
"4020",1998,2,85 - 89,146,70
"4020",1998,2,90 - 94,88,22
"4020",1998,2,95+,36,2
"4020",1998,2,UNK,0,0
"4020",1998,3,Total,12104,15826
"4020",1998,3,0,4,1
"4020",1998,3,1,3,1
"4020",1998,3,2,2,1
"4020",1998,3,3,1,1
"4020",1998,3,4,2,4
"4020",1998,3,5 - 9,10,10
"4020",1998,3,10 - 14,12,9
"4020",1998,3,15 - 19,10,12
"4020",1998,3,20 - 24,10,16
"4020",1998,3,25 - 29,21,18
"4020",1998,3,30 - 34,51,36
"4020",1998,3,35 - 39,115,80
"4020",1998,3,40 - 44,225,211
"4020",1998,3,45 - 49,386,417
"4020",1998,3,50 - 54,580,733
"4020",1998,3,55 - 59,659,1043
"4020",1998,3,60 - 64,940,1591
"4020",1998,3,65 - 69,1354,2435
"4020",1998,3,70 - 74,1776,2995
"4020",1998,3,75 - 79,1950,2802
"4020",1998,3,80 - 84,1548,1689
"4020",1998,3,85 - 89,1489,1228
"4020",1998,3,90 - 94,749,419
"4020",1998,3,95+,205,70
"4020",1998,3,UNK,2,4
"4020",1998,4,Total,20752,16825
"4020",1998,4,0,4,1
"4020",1998,4,1,1,0
"4020",1998,4,2,1,0
"4020",1998,4,3,0,0
"4020",1998,4,4,1,0
"4020",1998,4,5 - 9,4,0
"4020",1998,4,10 - 14,1,1
"4020",1998,4,15 - 19,5,8
"4020",1998,4,20 - 24,5,8
"4020",1998,4,25 - 29,10,12
"4020",1998,4,30 - 34,21,34
"4020",1998,4,35 - 39,47,62
"4020",1998,4,40 - 44,80,170
"4020",1998,4,45 - 49,137,327
"4020",1998,4,50 - 54,181,497
"4020",1998,4,55 - 59,223,583
"4020",1998,4,60 - 64,416,1019
"4020",1998,4,65 - 69,925,1852
"4020",1998,4,70 - 74,1757,2681
"4020",1998,4,75 - 79,3045,3163
"4020",1998,4,80 - 84,3860,2664
"4020",1998,4,85 - 89,5421,2365
"4020",1998,4,90 - 94,3421,1098
"4020",1998,4,95+,1180,277
"4020",1998,4,UNK,6,3
"4020",1998,5,Total,2136,1337
"4020",1998,5,0,35,51
"4020",1998,5,1,2,6
"4020",1998,5,2,0,1
"4020",1998,5,3,0,0
"4020",1998,5,4,0,0
"4020",1998,5,5 - 9,0,0
"4020",1998,5,10 - 14,1,1
"4020",1998,5,15 - 19,1,7
"4020",1998,5,20 - 24,2,14
"4020",1998,5,25 - 29,3,17
"4020",1998,5,30 - 34,9,13
"4020",1998,5,35 - 39,10,14
"4020",1998,5,40 - 44,15,37
"4020",1998,5,45 - 49,27,55
"4020",1998,5,50 - 54,37,61
"4020",1998,5,55 - 59,22,46
"4020",1998,5,60 - 64,40,65
"4020",1998,5,65 - 69,63,139
"4020",1998,5,70 - 74,111,135
"4020",1998,5,75 - 79,187,148
"4020",1998,5,80 - 84,273,191
"4020",1998,5,85 - 89,497,173
"4020",1998,5,90 - 94,486,112
"4020",1998,5,95+,312,49
"4020",1998,5,UNK,3,2
"4020",1998,6,Total,2051,1104
"4020",1998,6,0,0,0
"4020",1998,6,1,0,0
"4020",1998,6,2,0,0
"4020",1998,6,3,0,0
"4020",1998,6,4,0,0
"4020",1998,6,5 - 9,0,0
"4020",1998,6,10 - 14,0,0
"4020",1998,6,15 - 19,1,3
"4020",1998,6,20 - 24,0,13
"4020",1998,6,25 - 29,3,12
"4020",1998,6,30 - 34,6,16
"4020",1998,6,35 - 39,3,29
"4020",1998,6,40 - 44,10,35
"4020",1998,6,45 - 49,14,38
"4020",1998,6,50 - 54,13,35
"4020",1998,6,55 - 59,10,39
"4020",1998,6,60 - 64,25,33
"4020",1998,6,65 - 69,29,58
"4020",1998,6,70 - 74,100,109
"4020",1998,6,75 - 79,196,162
"4020",1998,6,80 - 84,385,173
"4020",1998,6,85 - 89,633,232
"4020",1998,6,90 - 94,463,92
"4020",1998,6,95+,160,24
"4020",1998,6,UNK,0,1
"4020",1998,7,Total,1568,1187
"4020",1998,7,0,8,9
"4020",1998,7,1,2,1
"4020",1998,7,2,0,1
"4020",1998,7,3,1,1
"4020",1998,7,4,0,3
"4020",1998,7,5 - 9,3,2
"4020",1998,7,10 - 14,3,2
"4020",1998,7,15 - 19,5,9
"4020",1998,7,20 - 24,2,12
"4020",1998,7,25 - 29,4,8
"4020",1998,7,30 - 34,9,12
"4020",1998,7,35 - 39,12,21
"4020",1998,7,40 - 44,15,24
"4020",1998,7,45 - 49,14,29
"4020",1998,7,50 - 54,29,34
"4020",1998,7,55 - 59,31,45
"4020",1998,7,60 - 64,54,49
"4020",1998,7,65 - 69,93,119
"4020",1998,7,70 - 74,184,177
"4020",1998,7,75 - 79,239,210
"4020",1998,7,80 - 84,321,200
"4020",1998,7,85 - 89,318,169
"4020",1998,7,90 - 94,176,46
"4020",1998,7,95+,44,3
"4020",1998,7,UNK,1,1
"4020",1998,8,Total,1353,817
"4020",1998,8,0,6,3
"4020",1998,8,1,1,2
"4020",1998,8,2,1,0
"4020",1998,8,3,0,3
"4020",1998,8,4,1,0
"4020",1998,8,5 - 9,1,1
"4020",1998,8,10 - 14,0,3
"4020",1998,8,15 - 19,1,4
"4020",1998,8,20 - 24,1,2
"4020",1998,8,25 - 29,2,5
"4020",1998,8,30 - 34,4,7
"4020",1998,8,35 - 39,8,7
"4020",1998,8,40 - 44,13,12
"4020",1998,8,45 - 49,9,16
"4020",1998,8,50 - 54,19,32
"4020",1998,8,55 - 59,17,36
"4020",1998,8,60 - 64,33,62
"4020",1998,8,65 - 69,86,75
"4020",1998,8,70 - 74,135,140
"4020",1998,8,75 - 79,229,145
"4020",1998,8,80 - 84,229,107
"4020",1998,8,85 - 89,295,98
"4020",1998,8,90 - 94,200,41
"4020",1998,8,95+,61,16
"4020",1998,8,UNK,1,0
"4020",1998,9,Total,2367,2086
"4020",1998,9,0,2,2
"4020",1998,9,1,0,2
"4020",1998,9,2,1,1
"4020",1998,9,3,0,0
"4020",1998,9,4,0,0
"4020",1998,9,5 - 9,0,2
"4020",1998,9,10 - 14,2,0
"4020",1998,9,15 - 19,0,0
"4020",1998,9,20 - 24,0,2
"4020",1998,9,25 - 29,3,3
"4020",1998,9,30 - 34,8,10
"4020",1998,9,35 - 39,17,37
"4020",1998,9,40 - 44,40,90
"4020",1998,9,45 - 49,57,122
"4020",1998,9,50 - 54,76,152
"4020",1998,9,55 - 59,88,138
"4020",1998,9,60 - 64,99,172
"4020",1998,9,65 - 69,136,221
"4020",1998,9,70 - 74,214,289
"4020",1998,9,75 - 79,325,261
"4020",1998,9,80 - 84,358,234
"4020",1998,9,85 - 89,487,227
"4020",1998,9,90 - 94,352,100
"4020",1998,9,95+,102,21
"4020",1998,9,UNK,0,0
"4020",1998,10,Total,899,635
"4020",1998,10,0,0,0
"4020",1998,10,1,0,0
"4020",1998,10,2,0,0
"4020",1998,10,3,0,1
"4020",1998,10,4,0,0
"4020",1998,10,5 - 9,0,0
"4020",1998,10,10 - 14,0,0
"4020",1998,10,15 - 19,1,0
"4020",1998,10,20 - 24,0,0
"4020",1998,10,25 - 29,0,0
"4020",1998,10,30 - 34,0,0
"4020",1998,10,35 - 39,2,2
"4020",1998,10,40 - 44,7,1
"4020",1998,10,45 - 49,4,7
"4020",1998,10,50 - 54,4,10
"4020",1998,10,55 - 59,8,19
"4020",1998,10,60 - 64,24,25
"4020",1998,10,65 - 69,38,49
"4020",1998,10,70 - 74,61,77
"4020",1998,10,75 - 79,130,128
"4020",1998,10,80 - 84,162,106
"4020",1998,10,85 - 89,251,127
"4020",1998,10,90 - 94,168,68
"4020",1998,10,95+,38,15
"4020",1998,10,UNK,1,0
"4020",1998,11,Total,240,302
"4020",1998,11,0,185,242
"4020",1998,11,1,3,3
"4020",1998,11,2,3,0
"4020",1998,11,3,1,2
"4020",1998,11,4,1,1
"4020",1998,11,5 - 9,3,1
"4020",1998,11,10 - 14,0,2
"4020",1998,11,15 - 19,5,3
"4020",1998,11,20 - 24,2,3
"4020",1998,11,25 - 29,3,5
"4020",1998,11,30 - 34,3,4
"4020",1998,11,35 - 39,1,2
"4020",1998,11,40 - 44,2,5
"4020",1998,11,45 - 49,6,6
"4020",1998,11,50 - 54,2,6
"4020",1998,11,55 - 59,3,4
"4020",1998,11,60 - 64,2,4
"4020",1998,11,65 - 69,1,0
"4020",1998,11,70 - 74,3,2
"4020",1998,11,75 - 79,2,0
"4020",1998,11,80 - 84,4,1
"4020",1998,11,85 - 89,2,1
"4020",1998,11,90 - 94,0,2
"4020",1998,11,95+,0,0
"4020",1998,11,UNK,3,3
"4020",1998,12,Total,5014,6909
"4020",1998,12,0,3,6
"4020",1998,12,1,2,0
"4020",1998,12,2,0,0
"4020",1998,12,3,0,0
"4020",1998,12,4,1,0
"4020",1998,12,5 - 9,2,2
"4020",1998,12,10 - 14,1,3
"4020",1998,12,15 - 19,3,6
"4020",1998,12,20 - 24,2,5
"4020",1998,12,25 - 29,1,6
"4020",1998,12,30 - 34,6,13
"4020",1998,12,35 - 39,11,14
"4020",1998,12,40 - 44,18,27
"4020",1998,12,45 - 49,38,48
"4020",1998,12,50 - 54,63,96
"4020",1998,12,55 - 59,69,177
"4020",1998,12,60 - 64,112,355
"4020",1998,12,65 - 69,268,685
"4020",1998,12,70 - 74,431,1153
"4020",1998,12,75 - 79,695,1424
"4020",1998,12,80 - 84,811,1145
"4020",1998,12,85 - 89,1224,1111
"4020",1998,12,90 - 94,889,486
"4020",1998,12,95+,363,144
"4020",1998,12,UNK,1,3
"4020",1998,13,Total,2518,3842
"4020",1998,13,0,4,5
"4020",1998,13,1,3,12
"4020",1998,13,2,9,5
"4020",1998,13,3,3,13
"4020",1998,13,4,5,4
"4020",1998,13,5 - 9,25,25
"4020",1998,13,10 - 14,25,30
"4020",1998,13,15 - 19,39,175
"4020",1998,13,20 - 24,72,291
"4020",1998,13,25 - 29,65,293
"4020",1998,13,30 - 34,81,289
"4020",1998,13,35 - 39,101,307
"4020",1998,13,40 - 44,121,285
"4020",1998,13,45 - 49,98,288
"4020",1998,13,50 - 54,107,243
"4020",1998,13,55 - 59,102,193
"4020",1998,13,60 - 64,109,182
"4020",1998,13,65 - 69,138,210
"4020",1998,13,70 - 74,175,249
"4020",1998,13,75 - 79,237,237
"4020",1998,13,80 - 84,259,216
"4020",1998,13,85 - 89,397,180
"4020",1998,13,90 - 94,236,78
"4020",1998,13,95+,106,29
"4020",1998,13,UNK,1,3
"4020",1998,14,Total,95,111
"4020",1998,14,0,2,1
"4020",1998,14,1,1,0
"4020",1998,14,2,0,0
"4020",1998,14,3,1,0
"4020",1998,14,4,1,1
"4020",1998,14,5 - 9,4,1
"4020",1998,14,10 - 14,1,3
"4020",1998,14,15 - 19,4,2
"4020",1998,14,20 - 24,5,13
"4020",1998,14,25 - 29,8,14
"4020",1998,14,30 - 34,6,13
"4020",1998,14,35 - 39,8,14
"4020",1998,14,40 - 44,12,8
"4020",1998,14,45 - 49,10,10
"4020",1998,14,50 - 54,3,8
"4020",1998,14,55 - 59,4,6
"4020",1998,14,60 - 64,2,4
"4020",1998,14,65 - 69,5,8
"4020",1998,14,70 - 74,3,1
"4020",1998,14,75 - 79,5,1
"4020",1998,14,80 - 84,2,2
"4020",1998,14,85 - 89,7,1
"4020",1998,14,90 - 94,1,0
"4020",1998,14,95+,0,0
"4020",1998,14,UNK,0,0
"4020",1999,1,Total,52499,52112
"4020",1999,1,0,235,319
"4020",1999,1,1,22,26
"4020",1999,1,2,6,18
"4020",1999,1,3,8,18
"4020",1999,1,4,9,13
"4020",1999,1,5 - 9,37,56
"4020",1999,1,10 - 14,43,55
"4020",1999,1,15 - 19,89,223
"4020",1999,1,20 - 24,124,360
"4020",1999,1,25 - 29,136,407
"4020",1999,1,30 - 34,190,487
"4020",1999,1,35 - 39,340,655
"4020",1999,1,40 - 44,559,917
"4020",1999,1,45 - 49,775,1418
"4020",1999,1,50 - 54,1068,2070
"4020",1999,1,55 - 59,1188,2439
"4020",1999,1,60 - 64,1875,3623
"4020",1999,1,65 - 69,3058,5753
"4020",1999,1,70 - 74,4901,7767
"4020",1999,1,75 - 79,7887,9479
"4020",1999,1,80 - 84,7792,6334
"4020",1999,1,85 - 89,11362,6199
"4020",1999,1,90 - 94,7780,2778
"4020",1999,1,95+,3015,696
"4020",1999,1,UNK,0,2
"4020",1999,2,Total,853,743
"4020",1999,2,0,4,12
"4020",1999,2,1,2,4
"4020",1999,2,2,0,2
"4020",1999,2,3,1,3
"4020",1999,2,4,0,1
"4020",1999,2,5 - 9,0,1
"4020",1999,2,10 - 14,0,1
"4020",1999,2,15 - 19,2,3
"4020",1999,2,20 - 24,3,4
"4020",1999,2,25 - 29,3,2
"4020",1999,2,30 - 34,10,13
"4020",1999,2,35 - 39,8,14
"4020",1999,2,40 - 44,7,19
"4020",1999,2,45 - 49,12,23
"4020",1999,2,50 - 54,6,26
"4020",1999,2,55 - 59,14,27
"4020",1999,2,60 - 64,19,47
"4020",1999,2,65 - 69,55,70
"4020",1999,2,70 - 74,81,112
"4020",1999,2,75 - 79,149,136
"4020",1999,2,80 - 84,130,79
"4020",1999,2,85 - 89,192,93
"4020",1999,2,90 - 94,109,43
"4020",1999,2,95+,46,8
"4020",1999,2,UNK,0,0
"4020",1999,3,Total,11780,15561
"4020",1999,3,0,1,1
"4020",1999,3,1,0,3
"4020",1999,3,2,0,5
"4020",1999,3,3,2,4
"4020",1999,3,4,3,4
"4020",1999,3,5 - 9,7,6
"4020",1999,3,10 - 14,9,7
"4020",1999,3,15 - 19,7,18
"4020",1999,3,20 - 24,14,29
"4020",1999,3,25 - 29,24,23
"4020",1999,3,30 - 34,48,34
"4020",1999,3,35 - 39,110,75
"4020",1999,3,40 - 44,249,203
"4020",1999,3,45 - 49,351,457
"4020",1999,3,50 - 54,548,770
"4020",1999,3,55 - 59,609,1014
"4020",1999,3,60 - 64,913,1483
"4020",1999,3,65 - 69,1259,2301
"4020",1999,3,70 - 74,1632,2874
"4020",1999,3,75 - 79,1971,2829
"4020",1999,3,80 - 84,1388,1603
"4020",1999,3,85 - 89,1618,1268
"4020",1999,3,90 - 94,788,471
"4020",1999,3,95+,229,79
"4020",1999,3,UNK,0,0
"4020",1999,4,Total,20527,16500
"4020",1999,4,0,3,4
"4020",1999,4,1,0,0
"4020",1999,4,2,0,2
"4020",1999,4,3,0,0
"4020",1999,4,4,0,0
"4020",1999,4,5 - 9,3,3
"4020",1999,4,10 - 14,0,1
"4020",1999,4,15 - 19,5,9
"4020",1999,4,20 - 24,14,12
"4020",1999,4,25 - 29,9,14
"4020",1999,4,30 - 34,19,35
"4020",1999,4,35 - 39,43,96
"4020",1999,4,40 - 44,78,157
"4020",1999,4,45 - 49,122,328
"4020",1999,4,50 - 54,180,513
"4020",1999,4,55 - 59,228,648
"4020",1999,4,60 - 64,440,1043
"4020",1999,4,65 - 69,839,1743
"4020",1999,4,70 - 74,1715,2366
"4020",1999,4,75 - 79,3136,3263
"4020",1999,4,80 - 84,3460,2422
"4020",1999,4,85 - 89,5189,2442
"4020",1999,4,90 - 94,3647,1104
"4020",1999,4,95+,1397,294
"4020",1999,4,UNK,0,1
"4020",1999,5,Total,2400,1668
"4020",1999,5,0,26,68
"4020",1999,5,1,4,2
"4020",1999,5,2,0,1
"4020",1999,5,3,0,2
"4020",1999,5,4,0,1
"4020",1999,5,5 - 9,0,0
"4020",1999,5,10 - 14,1,0
"4020",1999,5,15 - 19,4,6
"4020",1999,5,20 - 24,4,11
"4020",1999,5,25 - 29,5,17
"4020",1999,5,30 - 34,5,17
"4020",1999,5,35 - 39,13,27
"4020",1999,5,40 - 44,18,40
"4020",1999,5,45 - 49,15,40
"4020",1999,5,50 - 54,34,52
"4020",1999,5,55 - 59,20,70
"4020",1999,5,60 - 64,35,96
"4020",1999,5,65 - 69,72,103
"4020",1999,5,70 - 74,109,181
"4020",1999,5,75 - 79,253,253
"4020",1999,5,80 - 84,339,195
"4020",1999,5,85 - 89,574,258
"4020",1999,5,90 - 94,536,167
"4020",1999,5,95+,333,61
"4020",1999,5,UNK,0,0
"4020",1999,6,Total,2059,1316
"4020",1999,6,0,0,0
"4020",1999,6,1,0,0
"4020",1999,6,2,0,0
"4020",1999,6,3,0,1
"4020",1999,6,4,0,0
"4020",1999,6,5 - 9,0,1
"4020",1999,6,10 - 14,1,2
"4020",1999,6,15 - 19,2,5
"4020",1999,6,20 - 24,1,14
"4020",1999,6,25 - 29,3,25
"4020",1999,6,30 - 34,10,29
"4020",1999,6,35 - 39,9,28
"4020",1999,6,40 - 44,12,37
"4020",1999,6,45 - 49,18,45
"4020",1999,6,50 - 54,27,62
"4020",1999,6,55 - 59,11,45
"4020",1999,6,60 - 64,20,55
"4020",1999,6,65 - 69,43,64
"4020",1999,6,70 - 74,74,94
"4020",1999,6,75 - 79,218,195
"4020",1999,6,80 - 84,348,200
"4020",1999,6,85 - 89,604,242
"4020",1999,6,90 - 94,495,140
"4020",1999,6,95+,163,32
"4020",1999,6,UNK,0,0
"4020",1999,7,Total,1682,1176
"4020",1999,7,0,15,11
"4020",1999,7,1,3,2
"4020",1999,7,2,0,1
"4020",1999,7,3,0,1
"4020",1999,7,4,0,0
"4020",1999,7,5 - 9,4,1
"4020",1999,7,10 - 14,3,1
"4020",1999,7,15 - 19,4,5
"4020",1999,7,20 - 24,5,7
"4020",1999,7,25 - 29,3,13
"4020",1999,7,30 - 34,7,10
"4020",1999,7,35 - 39,11,13
"4020",1999,7,40 - 44,15,23
"4020",1999,7,45 - 49,18,21
"4020",1999,7,50 - 54,24,37
"4020",1999,7,55 - 59,34,35
"4020",1999,7,60 - 64,62,56
"4020",1999,7,65 - 69,96,118
"4020",1999,7,70 - 74,200,173
"4020",1999,7,75 - 79,301,262
"4020",1999,7,80 - 84,253,166
"4020",1999,7,85 - 89,376,177
"4020",1999,7,90 - 94,193,37
"4020",1999,7,95+,55,6
"4020",1999,7,UNK,0,0
"4020",1999,8,Total,1899,1150
"4020",1999,8,0,5,5
"4020",1999,8,1,4,3
"4020",1999,8,2,2,1
"4020",1999,8,3,1,0
"4020",1999,8,4,0,2
"4020",1999,8,5 - 9,2,3
"4020",1999,8,10 - 14,1,3
"4020",1999,8,15 - 19,3,4
"4020",1999,8,20 - 24,4,3
"4020",1999,8,25 - 29,5,5
"4020",1999,8,30 - 34,3,9
"4020",1999,8,35 - 39,5,11
"4020",1999,8,40 - 44,10,14
"4020",1999,8,45 - 49,17,26
"4020",1999,8,50 - 54,21,30
"4020",1999,8,55 - 59,27,41
"4020",1999,8,60 - 64,51,73
"4020",1999,8,65 - 69,123,154
"4020",1999,8,70 - 74,197,192
"4020",1999,8,75 - 79,343,228
"4020",1999,8,80 - 84,328,131
"4020",1999,8,85 - 89,415,145
"4020",1999,8,90 - 94,255,50
"4020",1999,8,95+,77,17
"4020",1999,8,UNK,0,0
"4020",1999,9,Total,2239,2001
"4020",1999,9,0,0,1
"4020",1999,9,1,3,1
"4020",1999,9,2,0,0
"4020",1999,9,3,0,0
"4020",1999,9,4,0,0
"4020",1999,9,5 - 9,2,1
"4020",1999,9,10 - 14,1,1
"4020",1999,9,15 - 19,0,2
"4020",1999,9,20 - 24,1,3
"4020",1999,9,25 - 29,3,3
"4020",1999,9,30 - 34,4,15
"4020",1999,9,35 - 39,17,44
"4020",1999,9,40 - 44,29,74
"4020",1999,9,45 - 49,71,125
"4020",1999,9,50 - 54,75,179
"4020",1999,9,55 - 59,74,146
"4020",1999,9,60 - 64,94,156
"4020",1999,9,65 - 69,146,233
"4020",1999,9,70 - 74,185,250
"4020",1999,9,75 - 79,307,306
"4020",1999,9,80 - 84,304,175
"4020",1999,9,85 - 89,490,169
"4020",1999,9,90 - 94,329,90
"4020",1999,9,95+,104,27
"4020",1999,9,UNK,0,0
"4020",1999,10,Total,871,650
"4020",1999,10,0,0,0
"4020",1999,10,1,0,0
"4020",1999,10,2,0,0
"4020",1999,10,3,0,0
"4020",1999,10,4,0,0
"4020",1999,10,5 - 9,1,0
"4020",1999,10,10 - 14,0,1
"4020",1999,10,15 - 19,0,0
"4020",1999,10,20 - 24,0,0
"4020",1999,10,25 - 29,0,2
"4020",1999,10,30 - 34,0,1
"4020",1999,10,35 - 39,3,3
"4020",1999,10,40 - 44,3,3
"4020",1999,10,45 - 49,4,5
"4020",1999,10,50 - 54,8,12
"4020",1999,10,55 - 59,7,12
"4020",1999,10,60 - 64,15,28
"4020",1999,10,65 - 69,37,50
"4020",1999,10,70 - 74,65,82
"4020",1999,10,75 - 79,140,136
"4020",1999,10,80 - 84,154,109
"4020",1999,10,85 - 89,232,123
"4020",1999,10,90 - 94,154,65
"4020",1999,10,95+,48,18
"4020",1999,10,UNK,0,0
"4020",1999,11,Total,197,239
"4020",1999,11,0,163,204
"4020",1999,11,1,3,3
"4020",1999,11,2,0,0
"4020",1999,11,3,1,0
"4020",1999,11,4,1,1
"4020",1999,11,5 - 9,3,5
"4020",1999,11,10 - 14,1,2
"4020",1999,11,15 - 19,3,4
"4020",1999,11,20 - 24,2,4
"4020",1999,11,25 - 29,4,1
"4020",1999,11,30 - 34,1,0
"4020",1999,11,35 - 39,2,2
"4020",1999,11,40 - 44,3,2
"4020",1999,11,45 - 49,3,3
"4020",1999,11,50 - 54,4,1
"4020",1999,11,55 - 59,1,1
"4020",1999,11,60 - 64,1,2
"4020",1999,11,65 - 69,0,4
"4020",1999,11,70 - 74,0,0
"4020",1999,11,75 - 79,0,0
"4020",1999,11,80 - 84,1,0
"4020",1999,11,85 - 89,0,0
"4020",1999,11,90 - 94,0,0
"4020",1999,11,95+,0,0
"4020",1999,11,UNK,0,0
"4020",1999,12,Total,4899,6733
"4020",1999,12,0,3,2
"4020",1999,12,1,0,3
"4020",1999,12,2,1,1
"4020",1999,12,3,0,0
"4020",1999,12,4,0,0
"4020",1999,12,5 - 9,0,2
"4020",1999,12,10 - 14,1,0
"4020",1999,12,15 - 19,2,5
"4020",1999,12,20 - 24,3,1
"4020",1999,12,25 - 29,3,8
"4020",1999,12,30 - 34,7,10
"4020",1999,12,35 - 39,10,17
"4020",1999,12,40 - 44,14,20
"4020",1999,12,45 - 49,28,62
"4020",1999,12,50 - 54,41,96
"4020",1999,12,55 - 59,63,151
"4020",1999,12,60 - 64,115,322
"4020",1999,12,65 - 69,220,652
"4020",1999,12,70 - 74,426,1150
"4020",1999,12,75 - 79,690,1533
"4020",1999,12,80 - 84,772,999
"4020",1999,12,85 - 89,1195,1070
"4020",1999,12,90 - 94,912,498
"4020",1999,12,95+,393,131
"4020",1999,12,UNK,0,0
"4020",1999,13,Total,2359,3897
"4020",1999,13,0,7,6
"4020",1999,13,1,2,5
"4020",1999,13,2,3,4
"4020",1999,13,3,1,6
"4020",1999,13,4,5,4
"4020",1999,13,5 - 9,13,25
"4020",1999,13,10 - 14,19,34
"4020",1999,13,15 - 19,54,155
"4020",1999,13,20 - 24,65,259
"4020",1999,13,25 - 29,68,280
"4020",1999,13,30 - 34,67,290
"4020",1999,13,35 - 39,94,312
"4020",1999,13,40 - 44,110,310
"4020",1999,13,45 - 49,106,260
"4020",1999,13,50 - 54,89,274
"4020",1999,13,55 - 59,86,226
"4020",1999,13,60 - 64,95,237
"4020",1999,13,65 - 69,130,228
"4020",1999,13,70 - 74,161,236
"4020",1999,13,75 - 79,286,278
"4020",1999,13,80 - 84,213,203
"4020",1999,13,85 - 89,330,168
"4020",1999,13,90 - 94,252,82
"4020",1999,13,95+,103,15
"4020",1999,13,UNK,0,0
"4020",1999,14,Total,92,161
"4020",1999,14,0,8,3
"4020",1999,14,1,0,0
"4020",1999,14,2,0,1
"4020",1999,14,3,1,1
"4020",1999,14,4,0,0
"4020",1999,14,5 - 9,2,6
"4020",1999,14,10 - 14,6,1
"4020",1999,14,15 - 19,3,8
"4020",1999,14,20 - 24,7,11
"4020",1999,14,25 - 29,4,12
"4020",1999,14,30 - 34,4,23
"4020",1999,14,35 - 39,10,13
"4020",1999,14,40 - 44,7,13
"4020",1999,14,45 - 49,5,16
"4020",1999,14,50 - 54,4,8
"4020",1999,14,55 - 59,4,16
"4020",1999,14,60 - 64,2,4
"4020",1999,14,65 - 69,4,2
"4020",1999,14,70 - 74,6,8
"4020",1999,14,75 - 79,5,7
"4020",1999,14,80 - 84,6,4
"4020",1999,14,85 - 89,3,2
"4020",1999,14,90 - 94,0,1
"4020",1999,14,95+,1,0
"4020",1999,14,UNK,0,1
"4020",2000,1,Total,52571,52254
"4020",2000,1,0,256,304
"4020",2000,1,1,21,30
"4020",2000,1,2,12,25
"4020",2000,1,3,14,18
"4020",2000,1,4,9,10
"4020",2000,1,5 - 9,25,41
"4020",2000,1,10 - 14,45,52
"4020",2000,1,15 - 19,91,234
"4020",2000,1,20 - 24,136,414
"4020",2000,1,25 - 29,143,404
"4020",2000,1,30 - 34,226,512
"4020",2000,1,35 - 39,338,669
"4020",2000,1,40 - 44,523,939
"4020",2000,1,45 - 49,786,1407
"4020",2000,1,50 - 54,1112,2084
"4020",2000,1,55 - 59,1257,2405
"4020",2000,1,60 - 64,1879,3405
"4020",2000,1,65 - 69,2878,5538
"4020",2000,1,70 - 74,4863,7761
"4020",2000,1,75 - 79,7800,9497
"4020",2000,1,80 - 84,7760,6626
"4020",2000,1,85 - 89,11503,6328
"4020",2000,1,90 - 94,7876,2808
"4020",2000,1,95+,3018,743
"4020",2000,1,UNK,0,0
"4020",2000,2,Total,1107,955
"4020",2000,2,0,4,5
"4020",2000,2,1,4,1
"4020",2000,2,2,3,1
"4020",2000,2,3,2,4
"4020",2000,2,4,0,2
"4020",2000,2,5 - 9,2,2
"4020",2000,2,10 - 14,3,0
"4020",2000,2,15 - 19,4,1
"4020",2000,2,20 - 24,2,2
"4020",2000,2,25 - 29,2,5
"4020",2000,2,30 - 34,12,10
"4020",2000,2,35 - 39,11,16
"4020",2000,2,40 - 44,5,20
"4020",2000,2,45 - 49,4,22
"4020",2000,2,50 - 54,20,38
"4020",2000,2,55 - 59,23,42
"4020",2000,2,60 - 64,26,51
"4020",2000,2,65 - 69,80,100
"4020",2000,2,70 - 74,114,144
"4020",2000,2,75 - 79,191,178
"4020",2000,2,80 - 84,180,124
"4020",2000,2,85 - 89,231,127
"4020",2000,2,90 - 94,142,47
"4020",2000,2,95+,42,13
"4020",2000,2,UNK,0,0
"4020",2000,3,Total,11560,15494
"4020",2000,3,0,2,2
"4020",2000,3,1,2,2
"4020",2000,3,2,2,3
"4020",2000,3,3,3,1
"4020",2000,3,4,3,4
"4020",2000,3,5 - 9,5,8
"4020",2000,3,10 - 14,10,11
"4020",2000,3,15 - 19,5,17
"4020",2000,3,20 - 24,9,21
"4020",2000,3,25 - 29,25,21
"4020",2000,3,30 - 34,52,47
"4020",2000,3,35 - 39,113,95
"4020",2000,3,40 - 44,212,188
"4020",2000,3,45 - 49,373,413
"4020",2000,3,50 - 54,560,755
"4020",2000,3,55 - 59,627,1028
"4020",2000,3,60 - 64,909,1443
"4020",2000,3,65 - 69,1202,2268
"4020",2000,3,70 - 74,1616,2818
"4020",2000,3,75 - 79,1919,2830
"4020",2000,3,80 - 84,1421,1647
"4020",2000,3,85 - 89,1522,1319
"4020",2000,3,90 - 94,751,465
"4020",2000,3,95+,217,88
"4020",2000,3,UNK,0,0
"4020",2000,4,Total,20892,17154
"4020",2000,4,0,0,3
"4020",2000,4,1,0,0
"4020",2000,4,2,0,0
"4020",2000,4,3,0,0
"4020",2000,4,4,0,0
"4020",2000,4,5 - 9,3,2
"4020",2000,4,10 - 14,0,0
"4020",2000,4,15 - 19,3,5
"4020",2000,4,20 - 24,6,8
"4020",2000,4,25 - 29,18,11
"4020",2000,4,30 - 34,29,41
"4020",2000,4,35 - 39,40,84
"4020",2000,4,40 - 44,92,170
"4020",2000,4,45 - 49,132,336
"4020",2000,4,50 - 54,191,554
"4020",2000,4,55 - 59,258,665
"4020",2000,4,60 - 64,423,950
"4020",2000,4,65 - 69,786,1715
"4020",2000,4,70 - 74,1708,2549
"4020",2000,4,75 - 79,3188,3497
"4020",2000,4,80 - 84,3465,2576
"4020",2000,4,85 - 89,5451,2552
"4020",2000,4,90 - 94,3736,1119
"4020",2000,4,95+,1363,317
"4020",2000,4,UNK,0,0
"4020",2000,5,Total,1670,1102
"4020",2000,5,0,40,44
"4020",2000,5,1,2,3
"4020",2000,5,2,1,2
"4020",2000,5,3,0,0
"4020",2000,5,4,0,0
"4020",2000,5,5 - 9,0,1
"4020",2000,5,10 - 14,0,0
"4020",2000,5,15 - 19,0,2
"4020",2000,5,20 - 24,3,5
"4020",2000,5,25 - 29,3,4
"4020",2000,5,30 - 34,6,8
"4020",2000,5,35 - 39,2,19
"4020",2000,5,40 - 44,7,25
"4020",2000,5,45 - 49,15,32
"4020",2000,5,50 - 54,22,59
"4020",2000,5,55 - 59,22,48
"4020",2000,5,60 - 64,36,76
"4020",2000,5,65 - 69,51,103
"4020",2000,5,70 - 74,88,136
"4020",2000,5,75 - 79,169,171
"4020",2000,5,80 - 84,198,109
"4020",2000,5,85 - 89,360,145
"4020",2000,5,90 - 94,395,72
"4020",2000,5,95+,250,38
"4020",2000,5,UNK,0,0
"4020",2000,6,Total,1889,1095
"4020",2000,6,0,0,0
"4020",2000,6,1,0,0
"4020",2000,6,2,0,0
"4020",2000,6,3,0,0
"4020",2000,6,4,0,0
"4020",2000,6,5 - 9,0,0
"4020",2000,6,10 - 14,1,0
"4020",2000,6,15 - 19,1,8
"4020",2000,6,20 - 24,2,17
"4020",2000,6,25 - 29,1,20
"4020",2000,6,30 - 34,2,19
"4020",2000,6,35 - 39,4,35
"4020",2000,6,40 - 44,15,28
"4020",2000,6,45 - 49,18,43
"4020",2000,6,50 - 54,20,41
"4020",2000,6,55 - 59,21,29
"4020",2000,6,60 - 64,21,49
"4020",2000,6,65 - 69,43,64
"4020",2000,6,70 - 74,69,84
"4020",2000,6,75 - 79,208,149
"4020",2000,6,80 - 84,280,174
"4020",2000,6,85 - 89,570,209
"4020",2000,6,90 - 94,458,109
"4020",2000,6,95+,155,17
"4020",2000,6,UNK,0,0
"4020",2000,7,Total,1662,1188
"4020",2000,7,0,5,11
"4020",2000,7,1,6,1
"4020",2000,7,2,0,5
"4020",2000,7,3,0,0
"4020",2000,7,4,1,0
"4020",2000,7,5 - 9,2,3
"4020",2000,7,10 - 14,3,8
"4020",2000,7,15 - 19,1,8
"4020",2000,7,20 - 24,1,9
"4020",2000,7,25 - 29,3,8
"4020",2000,7,30 - 34,9,7
"4020",2000,7,35 - 39,7,11
"4020",2000,7,40 - 44,15,32
"4020",2000,7,45 - 49,21,35
"4020",2000,7,50 - 54,25,39
"4020",2000,7,55 - 59,24,38
"4020",2000,7,60 - 64,62,74
"4020",2000,7,65 - 69,94,104
"4020",2000,7,70 - 74,180,186
"4020",2000,7,75 - 79,316,231
"4020",2000,7,80 - 84,284,181
"4020",2000,7,85 - 89,355,150
"4020",2000,7,90 - 94,199,39
"4020",2000,7,95+,49,8
"4020",2000,7,UNK,0,0
"4020",2000,8,Total,1622,891
"4020",2000,8,0,13,3
"4020",2000,8,1,1,2
"4020",2000,8,2,0,0
"4020",2000,8,3,0,3
"4020",2000,8,4,1,0
"4020",2000,8,5 - 9,2,2
"4020",2000,8,10 - 14,1,4
"4020",2000,8,15 - 19,2,3
"4020",2000,8,20 - 24,6,3
"4020",2000,8,25 - 29,2,5
"4020",2000,8,30 - 34,3,7
"4020",2000,8,35 - 39,7,13
"4020",2000,8,40 - 44,9,22
"4020",2000,8,45 - 49,10,28
"4020",2000,8,50 - 54,16,37
"4020",2000,8,55 - 59,19,38
"4020",2000,8,60 - 64,49,68
"4020",2000,8,65 - 69,86,79
"4020",2000,8,70 - 74,152,153
"4020",2000,8,75 - 79,237,144
"4020",2000,8,80 - 84,274,105
"4020",2000,8,85 - 89,347,102
"4020",2000,8,90 - 94,278,52
"4020",2000,8,95+,107,18
"4020",2000,8,UNK,0,0
"4020",2000,9,Total,2370,2139
"4020",2000,9,0,0,2
"4020",2000,9,1,0,2
"4020",2000,9,2,0,0
"4020",2000,9,3,0,0
"4020",2000,9,4,0,0
"4020",2000,9,5 - 9,0,0
"4020",2000,9,10 - 14,0,0
"4020",2000,9,15 - 19,2,0
"4020",2000,9,20 - 24,1,3
"4020",2000,9,25 - 29,4,3
"4020",2000,9,30 - 34,6,6
"4020",2000,9,35 - 39,16,30
"4020",2000,9,40 - 44,35,90
"4020",2000,9,45 - 49,67,126
"4020",2000,9,50 - 54,73,160
"4020",2000,9,55 - 59,70,153
"4020",2000,9,60 - 64,101,187
"4020",2000,9,65 - 69,115,225
"4020",2000,9,70 - 74,216,270
"4020",2000,9,75 - 79,323,298
"4020",2000,9,80 - 84,375,220
"4020",2000,9,85 - 89,525,219
"4020",2000,9,90 - 94,321,116
"4020",2000,9,95+,120,29
"4020",2000,9,UNK,0,0
"4020",2000,10,Total,831,600
"4020",2000,10,0,0,0
"4020",2000,10,1,0,0
"4020",2000,10,2,0,0
"4020",2000,10,3,0,0
"4020",2000,10,4,0,0
"4020",2000,10,5 - 9,0,0
"4020",2000,10,10 - 14,0,0
"4020",2000,10,15 - 19,0,0
"4020",2000,10,20 - 24,1,1
"4020",2000,10,25 - 29,0,1
"4020",2000,10,30 - 34,2,0
"4020",2000,10,35 - 39,0,3
"4020",2000,10,40 - 44,0,2
"4020",2000,10,45 - 49,4,5
"4020",2000,10,50 - 54,6,13
"4020",2000,10,55 - 59,12,10
"4020",2000,10,60 - 64,14,29
"4020",2000,10,65 - 69,30,32
"4020",2000,10,70 - 74,64,72
"4020",2000,10,75 - 79,139,113
"4020",2000,10,80 - 84,132,107
"4020",2000,10,85 - 89,220,118
"4020",2000,10,90 - 94,139,71
"4020",2000,10,95+,68,23
"4020",2000,10,UNK,0,0
"4020",2000,11,Total,228,284
"4020",2000,11,0,176,220
"4020",2000,11,1,1,8
"4020",2000,11,2,1,2
"4020",2000,11,3,1,2
"4020",2000,11,4,2,0
"4020",2000,11,5 - 9,1,0
"4020",2000,11,10 - 14,4,1
"4020",2000,11,15 - 19,2,2
"4020",2000,11,20 - 24,2,3
"4020",2000,11,25 - 29,0,3
"4020",2000,11,30 - 34,3,3
"4020",2000,11,35 - 39,4,4
"4020",2000,11,40 - 44,3,2
"4020",2000,11,45 - 49,2,3
"4020",2000,11,50 - 54,2,3
"4020",2000,11,55 - 59,0,5
"4020",2000,11,60 - 64,4,5
"4020",2000,11,65 - 69,3,7
"4020",2000,11,70 - 74,5,4
"4020",2000,11,75 - 79,4,3
"4020",2000,11,80 - 84,4,2
"4020",2000,11,85 - 89,2,2
"4020",2000,11,90 - 94,1,0
"4020",2000,11,95+,1,0
"4020",2000,11,UNK,0,0
"4020",2000,12,Total,5304,6681
"4020",2000,12,0,4,3
"4020",2000,12,1,0,0
"4020",2000,12,2,0,0
"4020",2000,12,3,1,0
"4020",2000,12,4,0,0
"4020",2000,12,5 - 9,1,0
"4020",2000,12,10 - 14,1,2
"4020",2000,12,15 - 19,1,3
"4020",2000,12,20 - 24,4,6
"4020",2000,12,25 - 29,5,3
"4020",2000,12,30 - 34,9,10
"4020",2000,12,35 - 39,11,14
"4020",2000,12,40 - 44,17,32
"4020",2000,12,45 - 49,25,50
"4020",2000,12,50 - 54,46,107
"4020",2000,12,55 - 59,68,128
"4020",2000,12,60 - 64,113,263
"4020",2000,12,65 - 69,229,578
"4020",2000,12,70 - 74,421,1043
"4020",2000,12,75 - 79,709,1481
"4020",2000,12,80 - 84,785,1085
"4020",2000,12,85 - 89,1368,1118
"4020",2000,12,90 - 94,1021,600
"4020",2000,12,95+,465,155
"4020",2000,12,UNK,0,0
"4020",2000,13,Total,2506,4166
"4020",2000,13,0,6,8
"4020",2000,13,1,4,10
"4020",2000,13,2,5,10
"4020",2000,13,3,5,6
"4020",2000,13,4,2,4
"4020",2000,13,5 - 9,8,22
"4020",2000,13,10 - 14,20,26
"4020",2000,13,15 - 19,65,177
"4020",2000,13,20 - 24,93,325
"4020",2000,13,25 - 29,77,297
"4020",2000,13,30 - 34,82,337
"4020",2000,13,35 - 39,111,330
"4020",2000,13,40 - 44,102,316
"4020",2000,13,45 - 49,104,302
"4020",2000,13,50 - 54,120,263
"4020",2000,13,55 - 59,98,203
"4020",2000,13,60 - 64,99,189
"4020",2000,13,65 - 69,118,229
"4020",2000,13,70 - 74,169,256
"4020",2000,13,75 - 79,268,303
"4020",2000,13,80 - 84,224,231
"4020",2000,13,85 - 89,352,205
"4020",2000,13,90 - 94,265,93
"4020",2000,13,95+,109,24
"4020",2000,13,UNK,0,0
"4020",2000,14,Total,68,105
"4020",2000,14,0,5,3
"4020",2000,14,1,0,1
"4020",2000,14,2,0,1
"4020",2000,14,3,1,1
"4020",2000,14,4,0,0
"4020",2000,14,5 - 9,1,1
"4020",2000,14,10 - 14,2,0
"4020",2000,14,15 - 19,3,8
"4020",2000,14,20 - 24,4,10
"4020",2000,14,25 - 29,3,19
"4020",2000,14,30 - 34,8,15
"4020",2000,14,35 - 39,8,12
"4020",2000,14,40 - 44,6,8
"4020",2000,14,45 - 49,6,7
"4020",2000,14,50 - 54,2,5
"4020",2000,14,55 - 59,8,7
"4020",2000,14,60 - 64,1,2
"4020",2000,14,65 - 69,3,5
"4020",2000,14,70 - 74,1,0
"4020",2000,14,75 - 79,2,0
"4020",2000,14,80 - 84,1,0
"4020",2000,14,85 - 89,3,0
"4020",2000,14,90 - 94,0,0
"4020",2000,14,95+,0,0
"4020",2000,14,UNK,0,0
"4020",2001,1,Total,51799,51193
"4020",2001,1,0,223,308
"4020",2001,1,1,26,23
"4020",2001,1,2,18,22
"4020",2001,1,3,9,17
"4020",2001,1,4,12,14
"4020",2001,1,5 - 9,40,56
"4020",2001,1,10 - 14,42,57
"4020",2001,1,15 - 19,95,218
"4020",2001,1,20 - 24,109,383
"4020",2001,1,25 - 29,131,391
"4020",2001,1,30 - 34,190,465
"4020",2001,1,35 - 39,342,607
"4020",2001,1,40 - 44,541,997
"4020",2001,1,45 - 49,777,1477
"4020",2001,1,50 - 54,1143,2046
"4020",2001,1,55 - 59,1325,2473
"4020",2001,1,60 - 64,1689,3340
"4020",2001,1,65 - 69,2838,5082
"4020",2001,1,70 - 74,4717,7311
"4020",2001,1,75 - 79,7589,9161
"4020",2001,1,80 - 84,8183,7076
"4020",2001,1,85 - 89,10680,6067
"4020",2001,1,90 - 94,7906,2853
"4020",2001,1,95+,3174,748
"4020",2001,1,UNK,0,1
"4020",2001,2,Total,1240,993
"4020",2001,2,0,3,7
"4020",2001,2,1,2,2
"4020",2001,2,2,0,4
"4020",2001,2,3,3,2
"4020",2001,2,4,0,1
"4020",2001,2,5 - 9,4,2
"4020",2001,2,10 - 14,1,0
"4020",2001,2,15 - 19,3,8
"4020",2001,2,20 - 24,7,2
"4020",2001,2,25 - 29,7,6
"4020",2001,2,30 - 34,8,6
"4020",2001,2,35 - 39,11,14
"4020",2001,2,40 - 44,16,23
"4020",2001,2,45 - 49,16,32
"4020",2001,2,50 - 54,28,39
"4020",2001,2,55 - 59,17,36
"4020",2001,2,60 - 64,31,58
"4020",2001,2,65 - 69,67,99
"4020",2001,2,70 - 74,125,135
"4020",2001,2,75 - 79,212,188
"4020",2001,2,80 - 84,178,142
"4020",2001,2,85 - 89,242,123
"4020",2001,2,90 - 94,195,52
"4020",2001,2,95+,64,12
"4020",2001,2,UNK,0,0
"4020",2001,3,Total,11595,15455
"4020",2001,3,0,1,4
"4020",2001,3,1,2,2
"4020",2001,3,2,0,2
"4020",2001,3,3,1,2
"4020",2001,3,4,2,3
"4020",2001,3,5 - 9,7,12
"4020",2001,3,10 - 14,8,14
"4020",2001,3,15 - 19,15,18
"4020",2001,3,20 - 24,7,19
"4020",2001,3,25 - 29,26,22
"4020",2001,3,30 - 34,36,36
"4020",2001,3,35 - 39,104,64
"4020",2001,3,40 - 44,204,184
"4020",2001,3,45 - 49,377,453
"4020",2001,3,50 - 54,557,762
"4020",2001,3,55 - 59,701,1088
"4020",2001,3,60 - 64,851,1527
"4020",2001,3,65 - 69,1231,2128
"4020",2001,3,70 - 74,1666,2683
"4020",2001,3,75 - 79,1945,2850
"4020",2001,3,80 - 84,1523,1870
"4020",2001,3,85 - 89,1345,1174
"4020",2001,3,90 - 94,776,442
"4020",2001,3,95+,210,96
"4020",2001,3,UNK,0,0
"4020",2001,4,Total,20294,16478
"4020",2001,4,0,3,2
"4020",2001,4,1,1,1
"4020",2001,4,2,0,2
"4020",2001,4,3,0,0
"4020",2001,4,4,1,0
"4020",2001,4,5 - 9,1,3
"4020",2001,4,10 - 14,1,3
"4020",2001,4,15 - 19,3,4
"4020",2001,4,20 - 24,8,10
"4020",2001,4,25 - 29,11,20
"4020",2001,4,30 - 34,22,31
"4020",2001,4,35 - 39,33,68
"4020",2001,4,40 - 44,80,197
"4020",2001,4,45 - 49,113,315
"4020",2001,4,50 - 54,171,477
"4020",2001,4,55 - 59,242,632
"4020",2001,4,60 - 64,349,875
"4020",2001,4,65 - 69,767,1551
"4020",2001,4,70 - 74,1549,2483
"4020",2001,4,75 - 79,3048,3234
"4020",2001,4,80 - 84,3644,2660
"4020",2001,4,85 - 89,5057,2443
"4020",2001,4,90 - 94,3735,1136
"4020",2001,4,95+,1455,331
"4020",2001,4,UNK,0,0
"4020",2001,5,Total,1639,1083
"4020",2001,5,0,29,43
"4020",2001,5,1,1,2
"4020",2001,5,2,0,0
"4020",2001,5,3,0,0
"4020",2001,5,4,0,0
"4020",2001,5,5 - 9,1,1
"4020",2001,5,10 - 14,0,2
"4020",2001,5,15 - 19,1,2
"4020",2001,5,20 - 24,2,8
"4020",2001,5,25 - 29,1,10
"4020",2001,5,30 - 34,4,12
"4020",2001,5,35 - 39,7,18
"4020",2001,5,40 - 44,12,30
"4020",2001,5,45 - 49,13,35
"4020",2001,5,50 - 54,16,52
"4020",2001,5,55 - 59,25,53
"4020",2001,5,60 - 64,24,62
"4020",2001,5,65 - 69,51,71
"4020",2001,5,70 - 74,101,119
"4020",2001,5,75 - 79,154,152
"4020",2001,5,80 - 84,200,112
"4020",2001,5,85 - 89,340,146
"4020",2001,5,90 - 94,396,97
"4020",2001,5,95+,261,56
"4020",2001,5,UNK,0,0
"4020",2001,6,Total,1995,1180
"4020",2001,6,0,0,0
"4020",2001,6,1,0,0
"4020",2001,6,2,0,0
"4020",2001,6,3,0,0
"4020",2001,6,4,0,0
"4020",2001,6,5 - 9,0,0
"4020",2001,6,10 - 14,0,0
"4020",2001,6,15 - 19,1,4
"4020",2001,6,20 - 24,1,19
"4020",2001,6,25 - 29,1,18
"4020",2001,6,30 - 34,8,23
"4020",2001,6,35 - 39,11,34
"4020",2001,6,40 - 44,12,35
"4020",2001,6,45 - 49,13,48
"4020",2001,6,50 - 54,17,57
"4020",2001,6,55 - 59,10,35
"4020",2001,6,60 - 64,15,43
"4020",2001,6,65 - 69,28,52
"4020",2001,6,70 - 74,93,87
"4020",2001,6,75 - 79,209,172
"4020",2001,6,80 - 84,317,202
"4020",2001,6,85 - 89,611,229
"4020",2001,6,90 - 94,472,105
"4020",2001,6,95+,176,16
"4020",2001,6,UNK,0,1
"4020",2001,7,Total,1638,1238
"4020",2001,7,0,4,7
"4020",2001,7,1,3,5
"4020",2001,7,2,0,2
"4020",2001,7,3,0,4
"4020",2001,7,4,2,1
"4020",2001,7,5 - 9,7,2
"4020",2001,7,10 - 14,6,6
"4020",2001,7,15 - 19,6,7
"4020",2001,7,20 - 24,4,5
"4020",2001,7,25 - 29,3,9
"4020",2001,7,30 - 34,7,7
"4020",2001,7,35 - 39,18,10
"4020",2001,7,40 - 44,11,31
"4020",2001,7,45 - 49,16,45
"4020",2001,7,50 - 54,28,34
"4020",2001,7,55 - 59,29,48
"4020",2001,7,60 - 64,44,53
"4020",2001,7,65 - 69,91,100
"4020",2001,7,70 - 74,154,157
"4020",2001,7,75 - 79,316,251
"4020",2001,7,80 - 84,305,215
"4020",2001,7,85 - 89,350,170
"4020",2001,7,90 - 94,183,60
"4020",2001,7,95+,51,9
"4020",2001,7,UNK,0,0
"4020",2001,8,Total,1540,899
"4020",2001,8,0,3,5
"4020",2001,8,1,2,0
"4020",2001,8,2,5,1
"4020",2001,8,3,1,2
"4020",2001,8,4,0,0
"4020",2001,8,5 - 9,3,1
"4020",2001,8,10 - 14,2,1
"4020",2001,8,15 - 19,2,3
"4020",2001,8,20 - 24,1,4
"4020",2001,8,25 - 29,3,2
"4020",2001,8,30 - 34,1,7
"4020",2001,8,35 - 39,2,7
"4020",2001,8,40 - 44,10,19
"4020",2001,8,45 - 49,13,20
"4020",2001,8,50 - 54,22,39
"4020",2001,8,55 - 59,25,48
"4020",2001,8,60 - 64,36,46
"4020",2001,8,65 - 69,75,82
"4020",2001,8,70 - 74,140,130
"4020",2001,8,75 - 79,213,161
"4020",2001,8,80 - 84,276,141
"4020",2001,8,85 - 89,321,113
"4020",2001,8,90 - 94,261,55
"4020",2001,8,95+,123,12
"4020",2001,8,UNK,0,0
"4020",2001,9,Total,2393,2105
"4020",2001,9,0,0,3
"4020",2001,9,1,0,0
"4020",2001,9,2,0,0
"4020",2001,9,3,0,0
"4020",2001,9,4,0,0
"4020",2001,9,5 - 9,0,0
"4020",2001,9,10 - 14,0,1
"4020",2001,9,15 - 19,1,1
"4020",2001,9,20 - 24,3,2
"4020",2001,9,25 - 29,1,3
"4020",2001,9,30 - 34,11,10
"4020",2001,9,35 - 39,21,35
"4020",2001,9,40 - 44,36,73
"4020",2001,9,45 - 49,60,127
"4020",2001,9,50 - 54,92,175
"4020",2001,9,55 - 59,65,170
"4020",2001,9,60 - 64,103,161
"4020",2001,9,65 - 69,119,183
"4020",2001,9,70 - 74,198,253
"4020",2001,9,75 - 79,329,298
"4020",2001,9,80 - 84,367,247
"4020",2001,9,85 - 89,490,231
"4020",2001,9,90 - 94,346,110
"4020",2001,9,95+,151,22
"4020",2001,9,UNK,0,0
"4020",2001,10,Total,857,613
"4020",2001,10,0,0,0
"4020",2001,10,1,0,0
"4020",2001,10,2,0,0
"4020",2001,10,3,0,0
"4020",2001,10,4,0,0
"4020",2001,10,5 - 9,0,0
"4020",2001,10,10 - 14,0,0
"4020",2001,10,15 - 19,0,0
"4020",2001,10,20 - 24,0,0
"4020",2001,10,25 - 29,1,1
"4020",2001,10,30 - 34,1,2
"4020",2001,10,35 - 39,3,1
"4020",2001,10,40 - 44,4,6
"4020",2001,10,45 - 49,3,3
"4020",2001,10,50 - 54,7,12
"4020",2001,10,55 - 59,6,15
"4020",2001,10,60 - 64,16,12
"4020",2001,10,65 - 69,31,34
"4020",2001,10,70 - 74,65,70
"4020",2001,10,75 - 79,109,122
"4020",2001,10,80 - 84,184,120
"4020",2001,10,85 - 89,200,121
"4020",2001,10,90 - 94,164,75
"4020",2001,10,95+,63,19
"4020",2001,10,UNK,0,0
"4020",2001,11,Total,214,256
"4020",2001,11,0,167,212
"4020",2001,11,1,1,2
"4020",2001,11,2,2,4
"4020",2001,11,3,2,2
"4020",2001,11,4,1,1
"4020",2001,11,5 - 9,0,2
"4020",2001,11,10 - 14,1,2
"4020",2001,11,15 - 19,1,4
"4020",2001,11,20 - 24,2,1
"4020",2001,11,25 - 29,3,2
"4020",2001,11,30 - 34,2,3
"4020",2001,11,35 - 39,2,3
"4020",2001,11,40 - 44,2,2
"4020",2001,11,45 - 49,2,1
"4020",2001,11,50 - 54,7,4
"4020",2001,11,55 - 59,6,5
"4020",2001,11,60 - 64,1,1
"4020",2001,11,65 - 69,2,2
"4020",2001,11,70 - 74,2,1
"4020",2001,11,75 - 79,5,0
"4020",2001,11,80 - 84,1,1
"4020",2001,11,85 - 89,0,1
"4020",2001,11,90 - 94,0,0
"4020",2001,11,95+,2,0
"4020",2001,11,UNK,0,0
"4020",2001,12,Total,4955,6261
"4020",2001,12,0,2,3
"4020",2001,12,1,0,0
"4020",2001,12,2,2,0
"4020",2001,12,3,0,0
"4020",2001,12,4,0,0
"4020",2001,12,5 - 9,0,2
"4020",2001,12,10 - 14,1,0
"4020",2001,12,15 - 19,1,3
"4020",2001,12,20 - 24,0,3
"4020",2001,12,25 - 29,3,3
"4020",2001,12,30 - 34,2,5
"4020",2001,12,35 - 39,8,20
"4020",2001,12,40 - 44,20,28
"4020",2001,12,45 - 49,32,56
"4020",2001,12,50 - 54,55,86
"4020",2001,12,55 - 59,79,111
"4020",2001,12,60 - 64,120,268
"4020",2001,12,65 - 69,209,520
"4020",2001,12,70 - 74,393,929
"4020",2001,12,75 - 79,670,1378
"4020",2001,12,80 - 84,798,1095
"4020",2001,12,85 - 89,1156,1043
"4020",2001,12,90 - 94,956,579
"4020",2001,12,95+,448,129
"4020",2001,12,UNK,0,0
"4020",2001,13,Total,2540,4131
"4020",2001,13,0,7,15
"4020",2001,13,1,13,7
"4020",2001,13,2,9,6
"4020",2001,13,3,2,5
"4020",2001,13,4,4,6
"4020",2001,13,5 - 9,17,28
"4020",2001,13,10 - 14,20,28
"4020",2001,13,15 - 19,60,156
"4020",2001,13,20 - 24,68,298
"4020",2001,13,25 - 29,63,285
"4020",2001,13,30 - 34,73,294
"4020",2001,13,35 - 39,108,319
"4020",2001,13,40 - 44,117,347
"4020",2001,13,45 - 49,107,319
"4020",2001,13,50 - 54,129,302
"4020",2001,13,55 - 59,102,220
"4020",2001,13,60 - 64,80,210
"4020",2001,13,65 - 69,135,220
"4020",2001,13,70 - 74,170,212
"4020",2001,13,75 - 79,265,284
"4020",2001,13,80 - 84,248,212
"4020",2001,13,85 - 89,366,210
"4020",2001,13,90 - 94,268,113
"4020",2001,13,95+,109,35
"4020",2001,13,UNK,0,0
"4020",2001,14,Total,69,122
"4020",2001,14,0,2,5
"4020",2001,14,1,1,2
"4020",2001,14,2,0,1
"4020",2001,14,3,0,0
"4020",2001,14,4,1,2
"4020",2001,14,5 - 9,0,3
"4020",2001,14,10 - 14,2,0
"4020",2001,14,15 - 19,1,5
"4020",2001,14,20 - 24,4,10
"4020",2001,14,25 - 29,6,10
"4020",2001,14,30 - 34,10,25
"4020",2001,14,35 - 39,9,13
"4020",2001,14,40 - 44,6,13
"4020",2001,14,45 - 49,9,17
"4020",2001,14,50 - 54,5,3
"4020",2001,14,55 - 59,3,3
"4020",2001,14,60 - 64,4,5
"4020",2001,14,65 - 69,2,2
"4020",2001,14,70 - 74,1,3
"4020",2001,14,75 - 79,1,0
"4020",2001,14,80 - 84,0,0
"4020",2001,14,85 - 89,2,0
"4020",2001,14,90 - 94,0,0
"4020",2001,14,95+,0,0
"4020",2001,14,UNK,0,0
"4020",2002,1,Total,53083,52205
"4020",2002,1,0,204,304
"4020",2002,1,1,20,27
"4020",2002,1,2,12,16
"4020",2002,1,3,9,17
"4020",2002,1,4,11,7
"4020",2002,1,5 - 9,36,51
"4020",2002,1,10 - 14,38,44
"4020",2002,1,15 - 19,78,194
"4020",2002,1,20 - 24,102,359
"4020",2002,1,25 - 29,139,367
"4020",2002,1,30 - 34,190,415
"4020",2002,1,35 - 39,315,626
"4020",2002,1,40 - 44,491,914
"4020",2002,1,45 - 49,773,1457
"4020",2002,1,50 - 54,1164,2050
"4020",2002,1,55 - 59,1410,2675
"4020",2002,1,60 - 64,1744,3238
"4020",2002,1,65 - 69,2763,5038
"4020",2002,1,70 - 74,4598,7320
"4020",2002,1,75 - 79,7553,9481
"4020",2002,1,80 - 84,9360,8086
"4020",2002,1,85 - 89,10294,5669
"4020",2002,1,90 - 94,8389,3042
"4020",2002,1,95+,3390,808
"4020",2002,1,UNK,0,0
"4020",2002,2,Total,1316,1114
"4020",2002,2,0,12,8
"4020",2002,2,1,1,2
"4020",2002,2,2,0,1
"4020",2002,2,3,1,2
"4020",2002,2,4,1,0
"4020",2002,2,5 - 9,1,1
"4020",2002,2,10 - 14,2,2
"4020",2002,2,15 - 19,2,1
"4020",2002,2,20 - 24,4,0
"4020",2002,2,25 - 29,1,5
"4020",2002,2,30 - 34,11,9
"4020",2002,2,35 - 39,11,11
"4020",2002,2,40 - 44,14,24
"4020",2002,2,45 - 49,17,26
"4020",2002,2,50 - 54,30,44
"4020",2002,2,55 - 59,22,43
"4020",2002,2,60 - 64,16,74
"4020",2002,2,65 - 69,66,96
"4020",2002,2,70 - 74,140,166
"4020",2002,2,75 - 79,206,219
"4020",2002,2,80 - 84,247,183
"4020",2002,2,85 - 89,250,116
"4020",2002,2,90 - 94,198,64
"4020",2002,2,95+,63,17
"4020",2002,2,UNK,0,0
"4020",2002,3,Total,11822,15599
"4020",2002,3,0,3,5
"4020",2002,3,1,4,2
"4020",2002,3,2,2,3
"4020",2002,3,3,1,3
"4020",2002,3,4,2,2
"4020",2002,3,5 - 9,6,10
"4020",2002,3,10 - 14,9,10
"4020",2002,3,15 - 19,10,16
"4020",2002,3,20 - 24,10,15
"4020",2002,3,25 - 29,27,14
"4020",2002,3,30 - 34,55,45
"4020",2002,3,35 - 39,115,85
"4020",2002,3,40 - 44,174,186
"4020",2002,3,45 - 49,355,433
"4020",2002,3,50 - 54,563,747
"4020",2002,3,55 - 59,709,1115
"4020",2002,3,60 - 64,863,1401
"4020",2002,3,65 - 69,1220,2185
"4020",2002,3,70 - 74,1551,2641
"4020",2002,3,75 - 79,1969,2955
"4020",2002,3,80 - 84,1735,1997
"4020",2002,3,85 - 89,1332,1139
"4020",2002,3,90 - 94,864,488
"4020",2002,3,95+,243,102
"4020",2002,3,UNK,0,0
"4020",2002,4,Total,20502,16760
"4020",2002,4,0,1,1
"4020",2002,4,1,0,0
"4020",2002,4,2,1,0
"4020",2002,4,3,0,0
"4020",2002,4,4,0,1
"4020",2002,4,5 - 9,5,1
"4020",2002,4,10 - 14,5,2
"4020",2002,4,15 - 19,6,9
"4020",2002,4,20 - 24,6,14
"4020",2002,4,25 - 29,13,15
"4020",2002,4,30 - 34,14,33
"4020",2002,4,35 - 39,37,97
"4020",2002,4,40 - 44,89,162
"4020",2002,4,45 - 49,122,302
"4020",2002,4,50 - 54,220,506
"4020",2002,4,55 - 59,249,713
"4020",2002,4,60 - 64,383,827
"4020",2002,4,65 - 69,749,1473
"4020",2002,4,70 - 74,1506,2375
"4020",2002,4,75 - 79,2892,3302
"4020",2002,4,80 - 84,4046,3100
"4020",2002,4,85 - 89,4698,2239
"4020",2002,4,90 - 94,3914,1249
"4020",2002,4,95+,1546,339
"4020",2002,4,UNK,0,0
"4020",2002,5,Total,1680,1093
"4020",2002,5,0,24,37
"4020",2002,5,1,1,1
"4020",2002,5,2,0,0
"4020",2002,5,3,0,0
"4020",2002,5,4,0,0
"4020",2002,5,5 - 9,0,0
"4020",2002,5,10 - 14,0,0
"4020",2002,5,15 - 19,2,1
"4020",2002,5,20 - 24,2,3
"4020",2002,5,25 - 29,2,4
"4020",2002,5,30 - 34,2,7
"4020",2002,5,35 - 39,2,14
"4020",2002,5,40 - 44,9,27
"4020",2002,5,45 - 49,7,38
"4020",2002,5,50 - 54,24,48
"4020",2002,5,55 - 59,29,67
"4020",2002,5,60 - 64,34,83
"4020",2002,5,65 - 69,38,85
"4020",2002,5,70 - 74,79,117
"4020",2002,5,75 - 79,172,147
"4020",2002,5,80 - 84,267,160
"4020",2002,5,85 - 89,338,131
"4020",2002,5,90 - 94,378,78
"4020",2002,5,95+,270,45
"4020",2002,5,UNK,0,0
"4020",2002,6,Total,2052,1150
"4020",2002,6,0,0,0
"4020",2002,6,1,0,0
"4020",2002,6,2,0,0
"4020",2002,6,3,0,0
"4020",2002,6,4,0,0
"4020",2002,6,5 - 9,0,0
"4020",2002,6,10 - 14,0,1
"4020",2002,6,15 - 19,1,3
"4020",2002,6,20 - 24,3,12
"4020",2002,6,25 - 29,6,15
"4020",2002,6,30 - 34,9,15
"4020",2002,6,35 - 39,5,20
"4020",2002,6,40 - 44,12,31
"4020",2002,6,45 - 49,10,43
"4020",2002,6,50 - 54,17,57
"4020",2002,6,55 - 59,22,34
"4020",2002,6,60 - 64,20,37
"4020",2002,6,65 - 69,30,45
"4020",2002,6,70 - 74,73,95
"4020",2002,6,75 - 79,181,173
"4020",2002,6,80 - 84,361,199
"4020",2002,6,85 - 89,582,210
"4020",2002,6,90 - 94,496,129
"4020",2002,6,95+,224,31
"4020",2002,6,UNK,0,0
"4020",2002,7,Total,1862,1323
"4020",2002,7,0,10,18
"4020",2002,7,1,6,4
"4020",2002,7,2,2,1
"4020",2002,7,3,0,1
"4020",2002,7,4,0,0
"4020",2002,7,5 - 9,3,4
"4020",2002,7,10 - 14,2,5
"4020",2002,7,15 - 19,4,7
"4020",2002,7,20 - 24,6,11
"4020",2002,7,25 - 29,2,9
"4020",2002,7,30 - 34,12,9
"4020",2002,7,35 - 39,8,18
"4020",2002,7,40 - 44,11,30
"4020",2002,7,45 - 49,28,48
"4020",2002,7,50 - 54,37,46
"4020",2002,7,55 - 59,45,42
"4020",2002,7,60 - 64,49,62
"4020",2002,7,65 - 69,86,109
"4020",2002,7,70 - 74,182,159
"4020",2002,7,75 - 79,345,296
"4020",2002,7,80 - 84,398,242
"4020",2002,7,85 - 89,353,138
"4020",2002,7,90 - 94,208,54
"4020",2002,7,95+,65,10
"4020",2002,7,UNK,0,0
"4020",2002,8,Total,1613,964
"4020",2002,8,0,4,9
"4020",2002,8,1,0,1
"4020",2002,8,2,1,0
"4020",2002,8,3,0,0
"4020",2002,8,4,0,2
"4020",2002,8,5 - 9,1,4
"4020",2002,8,10 - 14,2,2
"4020",2002,8,15 - 19,1,5
"4020",2002,8,20 - 24,4,1
"4020",2002,8,25 - 29,4,7
"4020",2002,8,30 - 34,3,12
"4020",2002,8,35 - 39,6,7
"4020",2002,8,40 - 44,12,23
"4020",2002,8,45 - 49,15,30
"4020",2002,8,50 - 54,13,36
"4020",2002,8,55 - 59,25,45
"4020",2002,8,60 - 64,39,68
"4020",2002,8,65 - 69,71,89
"4020",2002,8,70 - 74,148,120
"4020",2002,8,75 - 79,268,156
"4020",2002,8,80 - 84,283,156
"4020",2002,8,85 - 89,336,107
"4020",2002,8,90 - 94,281,69
"4020",2002,8,95+,96,15
"4020",2002,8,UNK,0,0
"4020",2002,9,Total,2398,2132
"4020",2002,9,0,0,2
"4020",2002,9,1,2,1
"4020",2002,9,2,0,0
"4020",2002,9,3,0,0
"4020",2002,9,4,0,0
"4020",2002,9,5 - 9,0,0
"4020",2002,9,10 - 14,0,0
"4020",2002,9,15 - 19,3,2
"4020",2002,9,20 - 24,2,2
"4020",2002,9,25 - 29,1,4
"4020",2002,9,30 - 34,6,12
"4020",2002,9,35 - 39,11,30
"4020",2002,9,40 - 44,35,67
"4020",2002,9,45 - 49,50,127
"4020",2002,9,50 - 54,80,172
"4020",2002,9,55 - 59,88,183
"4020",2002,9,60 - 64,81,190
"4020",2002,9,65 - 69,121,171
"4020",2002,9,70 - 74,209,284
"4020",2002,9,75 - 79,358,290
"4020",2002,9,80 - 84,407,269
"4020",2002,9,85 - 89,431,191
"4020",2002,9,90 - 94,366,110
"4020",2002,9,95+,147,25
"4020",2002,9,UNK,0,0
"4020",2002,10,Total,903,626
"4020",2002,10,0,0,0
"4020",2002,10,1,0,0
"4020",2002,10,2,0,0
"4020",2002,10,3,0,0
"4020",2002,10,4,0,0
"4020",2002,10,5 - 9,0,0
"4020",2002,10,10 - 14,0,1
"4020",2002,10,15 - 19,0,0
"4020",2002,10,20 - 24,0,0
"4020",2002,10,25 - 29,0,1
"4020",2002,10,30 - 34,0,0
"4020",2002,10,35 - 39,1,1
"4020",2002,10,40 - 44,3,5
"4020",2002,10,45 - 49,6,6
"4020",2002,10,50 - 54,2,5
"4020",2002,10,55 - 59,17,14
"4020",2002,10,60 - 64,12,15
"4020",2002,10,65 - 69,31,40
"4020",2002,10,70 - 74,67,70
"4020",2002,10,75 - 79,133,118
"4020",2002,10,80 - 84,169,146
"4020",2002,10,85 - 89,214,120
"4020",2002,10,90 - 94,186,64
"4020",2002,10,95+,62,20
"4020",2002,10,UNK,0,0
"4020",2002,11,Total,205,263
"4020",2002,11,0,139,198
"4020",2002,11,1,0,5
"4020",2002,11,2,2,5
"4020",2002,11,3,0,2
"4020",2002,11,4,2,0
"4020",2002,11,5 - 9,7,4
"4020",2002,11,10 - 14,0,1
"4020",2002,11,15 - 19,2,4
"4020",2002,11,20 - 24,0,3
"4020",2002,11,25 - 29,3,6
"4020",2002,11,30 - 34,6,3
"4020",2002,11,35 - 39,3,2
"4020",2002,11,40 - 44,4,6
"4020",2002,11,45 - 49,6,2
"4020",2002,11,50 - 54,5,3
"4020",2002,11,55 - 59,3,7
"4020",2002,11,60 - 64,4,2
"4020",2002,11,65 - 69,5,0
"4020",2002,11,70 - 74,5,3
"4020",2002,11,75 - 79,5,3
"4020",2002,11,80 - 84,3,3
"4020",2002,11,85 - 89,1,0
"4020",2002,11,90 - 94,0,1
"4020",2002,11,95+,0,0
"4020",2002,11,UNK,0,0
"4020",2002,12,Total,5382,6726
"4020",2002,12,0,1,12
"4020",2002,12,1,2,0
"4020",2002,12,2,0,0
"4020",2002,12,3,0,0
"4020",2002,12,4,2,0
"4020",2002,12,5 - 9,1,2
"4020",2002,12,10 - 14,0,0
"4020",2002,12,15 - 19,2,5
"4020",2002,12,20 - 24,1,4
"4020",2002,12,25 - 29,3,6
"4020",2002,12,30 - 34,1,7
"4020",2002,12,35 - 39,6,14
"4020",2002,12,40 - 44,18,33
"4020",2002,12,45 - 49,25,58
"4020",2002,12,50 - 54,50,99
"4020",2002,12,55 - 59,77,167
"4020",2002,12,60 - 64,118,252
"4020",2002,12,65 - 69,180,503
"4020",2002,12,70 - 74,396,990
"4020",2002,12,75 - 79,703,1475
"4020",2002,12,80 - 84,999,1318
"4020",2002,12,85 - 89,1233,1035
"4020",2002,12,90 - 94,1075,584
"4020",2002,12,95+,489,162
"4020",2002,12,UNK,0,0
"4020",2002,13,Total,2469,3896
"4020",2002,13,0,6,10
"4020",2002,13,1,2,7
"4020",2002,13,2,4,5
"4020",2002,13,3,6,8
"4020",2002,13,4,3,2
"4020",2002,13,5 - 9,12,19
"4020",2002,13,10 - 14,17,18
"4020",2002,13,15 - 19,40,139
"4020",2002,13,20 - 24,58,280
"4020",2002,13,25 - 29,70,270
"4020",2002,13,30 - 34,59,249
"4020",2002,13,35 - 39,96,310
"4020",2002,13,40 - 44,103,303
"4020",2002,13,45 - 49,118,326
"4020",2002,13,50 - 54,110,265
"4020",2002,13,55 - 59,109,228
"4020",2002,13,60 - 64,97,204
"4020",2002,13,65 - 69,125,214
"4020",2002,13,70 - 74,171,227
"4020",2002,13,75 - 79,217,267
"4020",2002,13,80 - 84,301,242
"4020",2002,13,85 - 89,345,164
"4020",2002,13,90 - 94,277,113
"4020",2002,13,95+,123,26
"4020",2002,13,UNK,0,0
"4020",2002,14,Total,82,116
"4020",2002,14,0,3,1
"4020",2002,14,1,1,3
"4020",2002,14,2,0,0
"4020",2002,14,3,0,0
"4020",2002,14,4,1,0
"4020",2002,14,5 - 9,0,5
"4020",2002,14,10 - 14,0,2
"4020",2002,14,15 - 19,4,2
"4020",2002,14,20 - 24,4,11
"4020",2002,14,25 - 29,6,10
"4020",2002,14,30 - 34,11,13
"4020",2002,14,35 - 39,8,15
"4020",2002,14,40 - 44,7,13
"4020",2002,14,45 - 49,6,13
"4020",2002,14,50 - 54,6,13
"4020",2002,14,55 - 59,5,5
"4020",2002,14,60 - 64,2,4
"4020",2002,14,65 - 69,3,0
"4020",2002,14,70 - 74,6,2
"4020",2002,14,75 - 79,4,1
"4020",2002,14,80 - 84,1,2
"4020",2002,14,85 - 89,3,1
"4020",2002,14,90 - 94,0,0
"4020",2002,14,95+,1,0
"4020",2002,14,UNK,0,0
"4020",2003,1,Total,54126,52083
"4020",2003,1,0,209,284
"4020",2003,1,1,27,25
"4020",2003,1,2,17,13
"4020",2003,1,3,8,14
"4020",2003,1,4,9,7
"4020",2003,1,5 - 9,22,30
"4020",2003,1,10 - 14,33,59
"4020",2003,1,15 - 19,65,184
"4020",2003,1,20 - 24,110,326
"4020",2003,1,25 - 29,130,364
"4020",2003,1,30 - 34,172,379
"4020",2003,1,35 - 39,280,597
"4020",2003,1,40 - 44,481,881
"4020",2003,1,45 - 49,774,1403
"4020",2003,1,50 - 54,1105,2006
"4020",2003,1,55 - 59,1496,2783
"4020",2003,1,60 - 64,1744,3103
"4020",2003,1,65 - 69,2644,4719
"4020",2003,1,70 - 74,4658,7276
"4020",2003,1,75 - 79,7660,9197
"4020",2003,1,80 - 84,10621,9121
"4020",2003,1,85 - 89,9508,5180
"4020",2003,1,90 - 94,8612,3283
"4020",2003,1,95+,3741,849
"4020",2003,1,UNK,0,0
"4020",2003,2,Total,1527,1194
"4020",2003,2,0,4,4
"4020",2003,2,1,6,2
"4020",2003,2,2,3,3
"4020",2003,2,3,0,3
"4020",2003,2,4,0,0
"4020",2003,2,5 - 9,2,2
"4020",2003,2,10 - 14,0,2
"4020",2003,2,15 - 19,0,2
"4020",2003,2,20 - 24,0,2
"4020",2003,2,25 - 29,8,4
"4020",2003,2,30 - 34,4,7
"4020",2003,2,35 - 39,11,13
"4020",2003,2,40 - 44,16,22
"4020",2003,2,45 - 49,13,20
"4020",2003,2,50 - 54,19,32
"4020",2003,2,55 - 59,32,56
"4020",2003,2,60 - 64,40,63
"4020",2003,2,65 - 69,66,102
"4020",2003,2,70 - 74,128,165
"4020",2003,2,75 - 79,239,221
"4020",2003,2,80 - 84,342,239
"4020",2003,2,85 - 89,274,130
"4020",2003,2,90 - 94,231,76
"4020",2003,2,95+,89,24
"4020",2003,2,UNK,0,0
"4020",2003,3,Total,11659,15285
"4020",2003,3,0,1,0
"4020",2003,3,1,0,1
"4020",2003,3,2,1,0
"4020",2003,3,3,0,2
"4020",2003,3,4,0,2
"4020",2003,3,5 - 9,3,9
"4020",2003,3,10 - 14,5,13
"4020",2003,3,15 - 19,12,9
"4020",2003,3,20 - 24,22,16
"4020",2003,3,25 - 29,22,30
"4020",2003,3,30 - 34,45,37
"4020",2003,3,35 - 39,88,80
"4020",2003,3,40 - 44,171,207
"4020",2003,3,45 - 49,352,432
"4020",2003,3,50 - 54,531,756
"4020",2003,3,55 - 59,754,1115
"4020",2003,3,60 - 64,821,1355
"4020",2003,3,65 - 69,1179,1924
"4020",2003,3,70 - 74,1592,2766
"4020",2003,3,75 - 79,1947,2775
"4020",2003,3,80 - 84,1867,2175
"4020",2003,3,85 - 89,1181,950
"4020",2003,3,90 - 94,809,526
"4020",2003,3,95+,256,105
"4020",2003,3,UNK,0,0
"4020",2003,4,Total,20501,16568
"4020",2003,4,0,0,1
"4020",2003,4,1,2,1
"4020",2003,4,2,1,0
"4020",2003,4,3,2,0
"4020",2003,4,4,0,0
"4020",2003,4,5 - 9,1,0
"4020",2003,4,10 - 14,1,5
"4020",2003,4,15 - 19,6,7
"4020",2003,4,20 - 24,10,11
"4020",2003,4,25 - 29,9,16
"4020",2003,4,30 - 34,20,25
"4020",2003,4,35 - 39,34,65
"4020",2003,4,40 - 44,70,156
"4020",2003,4,45 - 49,134,312
"4020",2003,4,50 - 54,202,472
"4020",2003,4,55 - 59,266,758
"4020",2003,4,60 - 64,369,841
"4020",2003,4,65 - 69,664,1338
"4020",2003,4,70 - 74,1537,2247
"4020",2003,4,75 - 79,2882,3196
"4020",2003,4,80 - 84,4521,3447
"4020",2003,4,85 - 89,4274,2053
"4020",2003,4,90 - 94,3861,1296
"4020",2003,4,95+,1635,321
"4020",2003,4,UNK,0,0
"4020",2003,5,Total,1691,1048
"4020",2003,5,0,23,36
"4020",2003,5,1,0,3
"4020",2003,5,2,0,0
"4020",2003,5,3,0,0
"4020",2003,5,4,0,0
"4020",2003,5,5 - 9,0,0
"4020",2003,5,10 - 14,0,0
"4020",2003,5,15 - 19,0,4
"4020",2003,5,20 - 24,1,7
"4020",2003,5,25 - 29,1,3
"4020",2003,5,30 - 34,4,5
"4020",2003,5,35 - 39,5,13
"4020",2003,5,40 - 44,13,26
"4020",2003,5,45 - 49,14,37
"4020",2003,5,50 - 54,13,50
"4020",2003,5,55 - 59,24,59
"4020",2003,5,60 - 64,31,57
"4020",2003,5,65 - 69,32,86
"4020",2003,5,70 - 74,78,109
"4020",2003,5,75 - 79,158,134
"4020",2003,5,80 - 84,239,148
"4020",2003,5,85 - 89,328,117
"4020",2003,5,90 - 94,396,99
"4020",2003,5,95+,331,55
"4020",2003,5,UNK,0,0
"4020",2003,6,Total,2119,1201
"4020",2003,6,0,0,0
"4020",2003,6,1,0,0
"4020",2003,6,2,0,0
"4020",2003,6,3,0,0
"4020",2003,6,4,1,0
"4020",2003,6,5 - 9,1,0
"4020",2003,6,10 - 14,0,0
"4020",2003,6,15 - 19,2,5
"4020",2003,6,20 - 24,2,9
"4020",2003,6,25 - 29,5,7
"4020",2003,6,30 - 34,3,25
"4020",2003,6,35 - 39,5,19
"4020",2003,6,40 - 44,14,28
"4020",2003,6,45 - 49,15,38
"4020",2003,6,50 - 54,16,40
"4020",2003,6,55 - 59,15,44
"4020",2003,6,60 - 64,27,34
"4020",2003,6,65 - 69,23,57
"4020",2003,6,70 - 74,68,86
"4020",2003,6,75 - 79,213,171
"4020",2003,6,80 - 84,423,257
"4020",2003,6,85 - 89,537,211
"4020",2003,6,90 - 94,540,139
"4020",2003,6,95+,209,31
"4020",2003,6,UNK,0,0
"4020",2003,7,Total,2181,1511
"4020",2003,7,0,7,7
"4020",2003,7,1,2,6
"4020",2003,7,2,1,3
"4020",2003,7,3,2,2
"4020",2003,7,4,1,1
"4020",2003,7,5 - 9,1,3
"4020",2003,7,10 - 14,5,3
"4020",2003,7,15 - 19,2,9
"4020",2003,7,20 - 24,4,6
"4020",2003,7,25 - 29,3,8
"4020",2003,7,30 - 34,5,10
"4020",2003,7,35 - 39,14,16
"4020",2003,7,40 - 44,20,23
"4020",2003,7,45 - 49,23,32
"4020",2003,7,50 - 54,42,40
"4020",2003,7,55 - 59,55,61
"4020",2003,7,60 - 64,60,73
"4020",2003,7,65 - 69,93,119
"4020",2003,7,70 - 74,185,201
"4020",2003,7,75 - 79,388,331
"4020",2003,7,80 - 84,567,322
"4020",2003,7,85 - 89,374,154
"4020",2003,7,90 - 94,258,72
"4020",2003,7,95+,69,9
"4020",2003,7,UNK,0,0
"4020",2003,8,Total,1754,1030
"4020",2003,8,0,3,4
"4020",2003,8,1,3,1
"4020",2003,8,2,1,0
"4020",2003,8,3,0,0
"4020",2003,8,4,2,0
"4020",2003,8,5 - 9,1,2
"4020",2003,8,10 - 14,3,6
"4020",2003,8,15 - 19,1,2
"4020",2003,8,20 - 24,4,3
"4020",2003,8,25 - 29,5,1
"4020",2003,8,30 - 34,4,5
"4020",2003,8,35 - 39,7,10
"4020",2003,8,40 - 44,7,8
"4020",2003,8,45 - 49,19,27
"4020",2003,8,50 - 54,20,46
"4020",2003,8,55 - 59,27,56
"4020",2003,8,60 - 64,43,60
"4020",2003,8,65 - 69,75,99
"4020",2003,8,70 - 74,156,133
"4020",2003,8,75 - 79,229,172
"4020",2003,8,80 - 84,381,177
"4020",2003,8,85 - 89,335,109
"4020",2003,8,90 - 94,285,83
"4020",2003,8,95+,143,26
"4020",2003,8,UNK,0,0
"4020",2003,9,Total,2380,2111
"4020",2003,9,0,1,1
"4020",2003,9,1,2,0
"4020",2003,9,2,0,0
"4020",2003,9,3,0,0
"4020",2003,9,4,0,0
"4020",2003,9,5 - 9,1,0
"4020",2003,9,10 - 14,0,0
"4020",2003,9,15 - 19,0,2
"4020",2003,9,20 - 24,1,0
"4020",2003,9,25 - 29,0,5
"4020",2003,9,30 - 34,6,12
"4020",2003,9,35 - 39,17,31
"4020",2003,9,40 - 44,32,57
"4020",2003,9,45 - 49,54,120
"4020",2003,9,50 - 54,78,159
"4020",2003,9,55 - 59,89,193
"4020",2003,9,60 - 64,79,152
"4020",2003,9,65 - 69,112,192
"4020",2003,9,70 - 74,201,259
"4020",2003,9,75 - 79,312,293
"4020",2003,9,80 - 84,442,320
"4020",2003,9,85 - 89,418,184
"4020",2003,9,90 - 94,373,103
"4020",2003,9,95+,162,28
"4020",2003,9,UNK,0,0
"4020",2003,10,Total,954,626
"4020",2003,10,0,1,0
"4020",2003,10,1,0,0
"4020",2003,10,2,0,1
"4020",2003,10,3,0,0
"4020",2003,10,4,0,0
"4020",2003,10,5 - 9,0,0
"4020",2003,10,10 - 14,2,1
"4020",2003,10,15 - 19,0,0
"4020",2003,10,20 - 24,1,0
"4020",2003,10,25 - 29,2,0
"4020",2003,10,30 - 34,0,0
"4020",2003,10,35 - 39,1,3
"4020",2003,10,40 - 44,2,1
"4020",2003,10,45 - 49,2,3
"4020",2003,10,50 - 54,8,9
"4020",2003,10,55 - 59,12,12
"4020",2003,10,60 - 64,22,14
"4020",2003,10,65 - 69,33,41
"4020",2003,10,70 - 74,58,80
"4020",2003,10,75 - 79,132,114
"4020",2003,10,80 - 84,205,145
"4020",2003,10,85 - 89,200,96
"4020",2003,10,90 - 94,193,84
"4020",2003,10,95+,80,22
"4020",2003,10,UNK,0,0
"4020",2003,11,Total,213,271
"4020",2003,11,0,165,215
"4020",2003,11,1,3,1
"4020",2003,11,2,0,0
"4020",2003,11,3,1,1
"4020",2003,11,4,0,0
"4020",2003,11,5 - 9,4,2
"4020",2003,11,10 - 14,1,0
"4020",2003,11,15 - 19,0,1
"4020",2003,11,20 - 24,2,10
"4020",2003,11,25 - 29,4,6
"4020",2003,11,30 - 34,7,3
"4020",2003,11,35 - 39,1,2
"4020",2003,11,40 - 44,2,1
"4020",2003,11,45 - 49,2,6
"4020",2003,11,50 - 54,4,4
"4020",2003,11,55 - 59,4,6
"4020",2003,11,60 - 64,4,5
"4020",2003,11,65 - 69,1,2
"4020",2003,11,70 - 74,0,4
"4020",2003,11,75 - 79,3,0
"4020",2003,11,80 - 84,4,1
"4020",2003,11,85 - 89,0,0
"4020",2003,11,90 - 94,1,0
"4020",2003,11,95+,0,1
"4020",2003,11,UNK,0,0
"4020",2003,12,Total,5819,6938
"4020",2003,12,0,1,5
"4020",2003,12,1,0,1
"4020",2003,12,2,4,0
"4020",2003,12,3,0,0
"4020",2003,12,4,1,1
"4020",2003,12,5 - 9,0,2
"4020",2003,12,10 - 14,1,1
"4020",2003,12,15 - 19,0,5
"4020",2003,12,20 - 24,4,6
"4020",2003,12,25 - 29,3,3
"4020",2003,12,30 - 34,4,9
"4020",2003,12,35 - 39,9,14
"4020",2003,12,40 - 44,15,22
"4020",2003,12,45 - 49,30,65
"4020",2003,12,50 - 54,61,84
"4020",2003,12,55 - 59,104,176
"4020",2003,12,60 - 64,123,264
"4020",2003,12,65 - 69,211,526
"4020",2003,12,70 - 74,418,966
"4020",2003,12,75 - 79,805,1441
"4020",2003,12,80 - 84,1131,1530
"4020",2003,12,85 - 89,1122,976
"4020",2003,12,90 - 94,1206,645
"4020",2003,12,95+,566,196
"4020",2003,12,UNK,0,0
"4020",2003,13,Total,2431,3826
"4020",2003,13,0,0,3
"4020",2003,13,1,9,6
"4020",2003,13,2,5,3
"4020",2003,13,3,3,6
"4020",2003,13,4,4,2
"4020",2003,13,5 - 9,7,8
"4020",2003,13,10 - 14,13,26
"4020",2003,13,15 - 19,35,132
"4020",2003,13,20 - 24,53,250
"4020",2003,13,25 - 29,61,271
"4020",2003,13,30 - 34,66,226
"4020",2003,13,35 - 39,80,317
"4020",2003,13,40 - 44,108,321
"4020",2003,13,45 - 49,106,302
"4020",2003,13,50 - 54,97,300
"4020",2003,13,55 - 59,93,227
"4020",2003,13,60 - 64,106,169
"4020",2003,13,65 - 69,118,201
"4020",2003,13,70 - 74,175,205
"4020",2003,13,75 - 79,231,274
"4020",2003,13,80 - 84,314,268
"4020",2003,13,85 - 89,315,157
"4020",2003,13,90 - 94,306,126
"4020",2003,13,95+,126,26
"4020",2003,13,UNK,0,0
"4020",2003,14,Total,59,85
"4020",2003,14,0,3,4
"4020",2003,14,1,0,2
"4020",2003,14,2,1,3
"4020",2003,14,3,0,0
"4020",2003,14,4,0,1
"4020",2003,14,5 - 9,1,1
"4020",2003,14,10 - 14,2,1
"4020",2003,14,15 - 19,4,4
"4020",2003,14,20 - 24,2,5
"4020",2003,14,25 - 29,3,8
"4020",2003,14,30 - 34,3,14
"4020",2003,14,35 - 39,4,13
"4020",2003,14,40 - 44,8,6
"4020",2003,14,45 - 49,5,3
"4020",2003,14,50 - 54,5,5
"4020",2003,14,55 - 59,4,6
"4020",2003,14,60 - 64,4,3
"4020",2003,14,65 - 69,6,2
"4020",2003,14,70 - 74,1,1
"4020",2003,14,75 - 79,1,0
"4020",2003,14,80 - 84,1,2
"4020",2003,14,85 - 89,0,1
"4020",2003,14,90 - 94,1,0
"4020",2003,14,95+,0,0
"4020",2003,14,UNK,0,0
"4020",2004,1,Total,50885,50368
"4020",2004,1,0,209,249
"4020",2004,1,1,18,18
"4020",2004,1,2,14,13
"4020",2004,1,3,6,11
"4020",2004,1,4,4,10
"4020",2004,1,5 - 9,26,30
"4020",2004,1,10 - 14,33,35
"4020",2004,1,15 - 19,67,189
"4020",2004,1,20 - 24,78,327
"4020",2004,1,25 - 29,113,335
"4020",2004,1,30 - 34,161,398
"4020",2004,1,35 - 39,304,503
"4020",2004,1,40 - 44,474,880
"4020",2004,1,45 - 49,733,1346
"4020",2004,1,50 - 54,1147,1997
"4020",2004,1,55 - 59,1437,2685
"4020",2004,1,60 - 64,1576,3099
"4020",2004,1,65 - 69,2473,4451
"4020",2004,1,70 - 74,4310,6871
"4020",2004,1,75 - 79,7175,8927
"4020",2004,1,80 - 84,10833,9379
"4020",2004,1,85 - 89,8151,4720
"4020",2004,1,90 - 94,8103,3106
"4020",2004,1,95+,3439,788
"4020",2004,1,UNK,1,1
"4020",2004,2,Total,1469,1180
"4020",2004,2,0,2,9
"4020",2004,2,1,4,1
"4020",2004,2,2,1,1
"4020",2004,2,3,2,0
"4020",2004,2,4,1,1
"4020",2004,2,5 - 9,2,2
"4020",2004,2,10 - 14,1,1
"4020",2004,2,15 - 19,2,2
"4020",2004,2,20 - 24,1,2
"4020",2004,2,25 - 29,4,3
"4020",2004,2,30 - 34,5,13
"4020",2004,2,35 - 39,12,5
"4020",2004,2,40 - 44,12,19
"4020",2004,2,45 - 49,20,32
"4020",2004,2,50 - 54,15,45
"4020",2004,2,55 - 59,28,54
"4020",2004,2,60 - 64,44,70
"4020",2004,2,65 - 69,71,100
"4020",2004,2,70 - 74,141,155
"4020",2004,2,75 - 79,220,227
"4020",2004,2,80 - 84,360,226
"4020",2004,2,85 - 89,231,127
"4020",2004,2,90 - 94,216,68
"4020",2004,2,95+,74,17
"4020",2004,2,UNK,0,0
"4020",2004,3,Total,11572,15126
"4020",2004,3,0,4,2
"4020",2004,3,1,1,0
"4020",2004,3,2,3,5
"4020",2004,3,3,1,4
"4020",2004,3,4,1,1
"4020",2004,3,5 - 9,6,8
"4020",2004,3,10 - 14,10,5
"4020",2004,3,15 - 19,11,13
"4020",2004,3,20 - 24,8,19
"4020",2004,3,25 - 29,23,24
"4020",2004,3,30 - 34,43,41
"4020",2004,3,35 - 39,109,56
"4020",2004,3,40 - 44,204,186
"4020",2004,3,45 - 49,321,399
"4020",2004,3,50 - 54,565,707
"4020",2004,3,55 - 59,741,1107
"4020",2004,3,60 - 64,821,1398
"4020",2004,3,65 - 69,1081,1858
"4020",2004,3,70 - 74,1576,2593
"4020",2004,3,75 - 79,1829,2827
"4020",2004,3,80 - 84,2066,2377
"4020",2004,3,85 - 89,1069,928
"4020",2004,3,90 - 94,838,484
"4020",2004,3,95+,241,84
"4020",2004,3,UNK,0,0
"4020",2004,4,Total,19318,15984
"4020",2004,4,0,3,2
"4020",2004,4,1,1,1
"4020",2004,4,2,0,0
"4020",2004,4,3,0,0
"4020",2004,4,4,0,0
"4020",2004,4,5 - 9,1,0
"4020",2004,4,10 - 14,3,3
"4020",2004,4,15 - 19,7,6
"4020",2004,4,20 - 24,10,11
"4020",2004,4,25 - 29,10,14
"4020",2004,4,30 - 34,14,24
"4020",2004,4,35 - 39,41,54
"4020",2004,4,40 - 44,55,156
"4020",2004,4,45 - 49,128,262
"4020",2004,4,50 - 54,186,481
"4020",2004,4,55 - 59,250,688
"4020",2004,4,60 - 64,305,819
"4020",2004,4,65 - 69,624,1310
"4020",2004,4,70 - 74,1283,2182
"4020",2004,4,75 - 79,2732,3011
"4020",2004,4,80 - 84,4658,3512
"4020",2004,4,85 - 89,3723,1867
"4020",2004,4,90 - 94,3720,1274
"4020",2004,4,95+,1564,307
"4020",2004,4,UNK,0,0
"4020",2004,5,Total,1479,1057
"4020",2004,5,0,17,34
"4020",2004,5,1,0,2
"4020",2004,5,2,0,0
"4020",2004,5,3,0,0
"4020",2004,5,4,0,0
"4020",2004,5,5 - 9,0,0
"4020",2004,5,10 - 14,0,0
"4020",2004,5,15 - 19,1,5
"4020",2004,5,20 - 24,0,7
"4020",2004,5,25 - 29,0,5
"4020",2004,5,30 - 34,2,6
"4020",2004,5,35 - 39,6,16
"4020",2004,5,40 - 44,9,25
"4020",2004,5,45 - 49,16,50
"4020",2004,5,50 - 54,23,57
"4020",2004,5,55 - 59,30,73
"4020",2004,5,60 - 64,21,53
"4020",2004,5,65 - 69,35,76
"4020",2004,5,70 - 74,96,95
"4020",2004,5,75 - 79,126,146
"4020",2004,5,80 - 84,232,146
"4020",2004,5,85 - 89,268,112
"4020",2004,5,90 - 94,344,99
"4020",2004,5,95+,253,50
"4020",2004,5,UNK,0,0
"4020",2004,6,Total,2003,1089
"4020",2004,6,0,0,0
"4020",2004,6,1,0,0
"4020",2004,6,2,0,0
"4020",2004,6,3,0,0
"4020",2004,6,4,0,0
"4020",2004,6,5 - 9,0,0
"4020",2004,6,10 - 14,1,2
"4020",2004,6,15 - 19,0,1
"4020",2004,6,20 - 24,1,6
"4020",2004,6,25 - 29,1,7
"4020",2004,6,30 - 34,3,15
"4020",2004,6,35 - 39,6,17
"4020",2004,6,40 - 44,10,27
"4020",2004,6,45 - 49,18,49
"4020",2004,6,50 - 54,24,34
"4020",2004,6,55 - 59,18,37
"4020",2004,6,60 - 64,17,47
"4020",2004,6,65 - 69,30,51
"4020",2004,6,70 - 74,71,78
"4020",2004,6,75 - 79,195,151
"4020",2004,6,80 - 84,433,241
"4020",2004,6,85 - 89,444,150
"4020",2004,6,90 - 94,521,143
"4020",2004,6,95+,210,33
"4020",2004,6,UNK,0,0
"4020",2004,7,Total,1859,1488
"4020",2004,7,0,6,9
"4020",2004,7,1,2,2
"4020",2004,7,2,1,0
"4020",2004,7,3,1,0
"4020",2004,7,4,0,0
"4020",2004,7,5 - 9,3,4
"4020",2004,7,10 - 14,2,2
"4020",2004,7,15 - 19,3,12
"4020",2004,7,20 - 24,3,7
"4020",2004,7,25 - 29,3,8
"4020",2004,7,30 - 34,8,12
"4020",2004,7,35 - 39,9,12
"4020",2004,7,40 - 44,9,33
"4020",2004,7,45 - 49,26,33
"4020",2004,7,50 - 54,27,53
"4020",2004,7,55 - 59,43,63
"4020",2004,7,60 - 64,43,55
"4020",2004,7,65 - 69,77,107
"4020",2004,7,70 - 74,150,190
"4020",2004,7,75 - 79,336,303
"4020",2004,7,80 - 84,452,344
"4020",2004,7,85 - 89,303,142
"4020",2004,7,90 - 94,271,80
"4020",2004,7,95+,81,17
"4020",2004,7,UNK,0,0
"4020",2004,8,Total,1701,965
"4020",2004,8,0,1,6
"4020",2004,8,1,0,2
"4020",2004,8,2,1,0
"4020",2004,8,3,0,1
"4020",2004,8,4,0,0
"4020",2004,8,5 - 9,1,2
"4020",2004,8,10 - 14,2,1
"4020",2004,8,15 - 19,3,1
"4020",2004,8,20 - 24,1,2
"4020",2004,8,25 - 29,3,1
"4020",2004,8,30 - 34,4,5
"4020",2004,8,35 - 39,4,7
"4020",2004,8,40 - 44,6,15
"4020",2004,8,45 - 49,10,32
"4020",2004,8,50 - 54,23,32
"4020",2004,8,55 - 59,28,50
"4020",2004,8,60 - 64,35,65
"4020",2004,8,65 - 69,90,91
"4020",2004,8,70 - 74,157,141
"4020",2004,8,75 - 79,254,175
"4020",2004,8,80 - 84,368,171
"4020",2004,8,85 - 89,272,75
"4020",2004,8,90 - 94,309,75
"4020",2004,8,95+,129,15
"4020",2004,8,UNK,0,0
"4020",2004,9,Total,2330,2079
"4020",2004,9,0,0,0
"4020",2004,9,1,3,1
"4020",2004,9,2,0,0
"4020",2004,9,3,0,0
"4020",2004,9,4,0,0
"4020",2004,9,5 - 9,0,1
"4020",2004,9,10 - 14,0,0
"4020",2004,9,15 - 19,0,0
"4020",2004,9,20 - 24,1,2
"4020",2004,9,25 - 29,0,5
"4020",2004,9,30 - 34,3,7
"4020",2004,9,35 - 39,8,35
"4020",2004,9,40 - 44,42,48
"4020",2004,9,45 - 49,44,120
"4020",2004,9,50 - 54,94,182
"4020",2004,9,55 - 59,93,190
"4020",2004,9,60 - 64,74,141
"4020",2004,9,65 - 69,104,184
"4020",2004,9,70 - 74,196,253
"4020",2004,9,75 - 79,326,286
"4020",2004,9,80 - 84,478,337
"4020",2004,9,85 - 89,370,163
"4020",2004,9,90 - 94,347,96
"4020",2004,9,95+,147,27
"4020",2004,9,UNK,0,1
"4020",2004,10,Total,853,658
"4020",2004,10,0,0,1
"4020",2004,10,1,0,0
"4020",2004,10,2,0,0
"4020",2004,10,3,0,0
"4020",2004,10,4,0,0
"4020",2004,10,5 - 9,0,0
"4020",2004,10,10 - 14,0,0
"4020",2004,10,15 - 19,0,0
"4020",2004,10,20 - 24,0,0
"4020",2004,10,25 - 29,0,0
"4020",2004,10,30 - 34,0,1
"4020",2004,10,35 - 39,0,1
"4020",2004,10,40 - 44,0,0
"4020",2004,10,45 - 49,5,7
"4020",2004,10,50 - 54,4,7
"4020",2004,10,55 - 59,7,11
"4020",2004,10,60 - 64,14,21
"4020",2004,10,65 - 69,18,36
"4020",2004,10,70 - 74,67,65
"4020",2004,10,75 - 79,127,130
"4020",2004,10,80 - 84,194,165
"4020",2004,10,85 - 89,172,110
"4020",2004,10,90 - 94,179,81
"4020",2004,10,95+,66,22
"4020",2004,10,UNK,0,0
"4020",2004,11,Total,218,212
"4020",2004,11,0,165,175
"4020",2004,11,1,0,3
"4020",2004,11,2,2,1
"4020",2004,11,3,1,2
"4020",2004,11,4,1,0
"4020",2004,11,5 - 9,3,1
"4020",2004,11,10 - 14,1,2
"4020",2004,11,15 - 19,1,4
"4020",2004,11,20 - 24,0,1
"4020",2004,11,25 - 29,1,4
"4020",2004,11,30 - 34,4,1
"4020",2004,11,35 - 39,1,1
"4020",2004,11,40 - 44,3,5
"4020",2004,11,45 - 49,2,1
"4020",2004,11,50 - 54,8,2
"4020",2004,11,55 - 59,12,1
"4020",2004,11,60 - 64,1,1
"4020",2004,11,65 - 69,2,2
"4020",2004,11,70 - 74,1,3
"4020",2004,11,75 - 79,4,0
"4020",2004,11,80 - 84,3,1
"4020",2004,11,85 - 89,1,0
"4020",2004,11,90 - 94,1,1
"4020",2004,11,95+,0,0
"4020",2004,11,UNK,0,0
"4020",2004,12,Total,4990,6219
"4020",2004,12,0,1,2
"4020",2004,12,1,0,0
"4020",2004,12,2,2,0
"4020",2004,12,3,0,0
"4020",2004,12,4,0,2
"4020",2004,12,5 - 9,1,1
"4020",2004,12,10 - 14,1,3
"4020",2004,12,15 - 19,1,1
"4020",2004,12,20 - 24,1,2
"4020",2004,12,25 - 29,5,3
"4020",2004,12,30 - 34,4,10
"4020",2004,12,35 - 39,12,13
"4020",2004,12,40 - 44,16,21
"4020",2004,12,45 - 49,27,48
"4020",2004,12,50 - 54,56,83
"4020",2004,12,55 - 59,67,137
"4020",2004,12,60 - 64,108,223
"4020",2004,12,65 - 69,189,443
"4020",2004,12,70 - 74,348,821
"4020",2004,12,75 - 79,693,1320
"4020",2004,12,80 - 84,1054,1498
"4020",2004,12,85 - 89,914,842
"4020",2004,12,90 - 94,998,575
"4020",2004,12,95+,491,171
"4020",2004,12,UNK,1,0
"4020",2004,13,Total,2233,3838
"4020",2004,13,0,4,8
"4020",2004,13,1,7,6
"4020",2004,13,2,2,5
"4020",2004,13,3,1,3
"4020",2004,13,4,1,5
"4020",2004,13,5 - 9,8,10
"4020",2004,13,10 - 14,12,16
"4020",2004,13,15 - 19,31,138
"4020",2004,13,20 - 24,46,258
"4020",2004,13,25 - 29,54,253
"4020",2004,13,30 - 34,63,246
"4020",2004,13,35 - 39,85,278
"4020",2004,13,40 - 44,98,331
"4020",2004,13,45 - 49,101,300
"4020",2004,13,50 - 54,110,293
"4020",2004,13,55 - 59,102,250
"4020",2004,13,60 - 64,79,186
"4020",2004,13,65 - 69,122,165
"4020",2004,13,70 - 74,155,241
"4020",2004,13,75 - 79,224,286
"4020",2004,13,80 - 84,363,278
"4020",2004,13,85 - 89,233,154
"4020",2004,13,90 - 94,238,91
"4020",2004,13,95+,94,37
"4020",2004,13,UNK,0,0
"4020",2004,14,Total,84,94
"4020",2004,14,0,5,1
"4020",2004,14,1,0,0
"4020",2004,14,2,2,0
"4020",2004,14,3,0,1
"4020",2004,14,4,0,0
"4020",2004,14,5 - 9,1,1
"4020",2004,14,10 - 14,0,0
"4020",2004,14,15 - 19,5,5
"4020",2004,14,20 - 24,5,8
"4020",2004,14,25 - 29,7,7
"4020",2004,14,30 - 34,6,13
"4020",2004,14,35 - 39,9,8
"4020",2004,14,40 - 44,5,11
"4020",2004,14,45 - 49,10,6
"4020",2004,14,50 - 54,5,12
"4020",2004,14,55 - 59,6,8
"4020",2004,14,60 - 64,2,3
"4020",2004,14,65 - 69,0,3
"4020",2004,14,70 - 74,4,3
"4020",2004,14,75 - 79,7,3
"4020",2004,14,80 - 84,1,0
"4020",2004,14,85 - 89,2,0
"4020",2004,14,90 - 94,1,1
"4020",2004,14,95+,1,0
"4020",2004,14,UNK,0,0
"4020",2005,1,Total,51985,50949
"4020",2005,1,0,206,264
"4020",2005,1,1,13,31
"4020",2005,1,2,17,17
"4020",2005,1,3,11,13
"4020",2005,1,4,7,6
"4020",2005,1,5 - 9,36,37
"4020",2005,1,10 - 14,30,50
"4020",2005,1,15 - 19,62,157
"4020",2005,1,20 - 24,74,274
"4020",2005,1,25 - 29,101,316
"4020",2005,1,30 - 34,177,371
"4020",2005,1,35 - 39,269,509
"4020",2005,1,40 - 44,493,886
"4020",2005,1,45 - 49,771,1344
"4020",2005,1,50 - 54,1142,1922
"4020",2005,1,55 - 59,1454,2881
"4020",2005,1,60 - 64,1704,3141
"4020",2005,1,65 - 69,2500,4441
"4020",2005,1,70 - 74,4295,6751
"4020",2005,1,75 - 79,6931,8725
"4020",2005,1,80 - 84,10910,9604
"4020",2005,1,85 - 89,8759,5126
"4020",2005,1,90 - 94,8320,3230
"4020",2005,1,95+,3703,852
"4020",2005,1,UNK,0,1
"4020",2005,2,Total,1399,1158
"4020",2005,2,0,2,8
"4020",2005,2,1,1,3
"4020",2005,2,2,2,1
"4020",2005,2,3,1,1
"4020",2005,2,4,0,0
"4020",2005,2,5 - 9,2,1
"4020",2005,2,10 - 14,1,0
"4020",2005,2,15 - 19,0,4
"4020",2005,2,20 - 24,6,2
"4020",2005,2,25 - 29,4,1
"4020",2005,2,30 - 34,5,5
"4020",2005,2,35 - 39,5,9
"4020",2005,2,40 - 44,12,22
"4020",2005,2,45 - 49,13,26
"4020",2005,2,50 - 54,25,39
"4020",2005,2,55 - 59,26,55
"4020",2005,2,60 - 64,40,53
"4020",2005,2,65 - 69,82,86
"4020",2005,2,70 - 74,132,149
"4020",2005,2,75 - 79,200,213
"4020",2005,2,80 - 84,314,248
"4020",2005,2,85 - 89,254,129
"4020",2005,2,90 - 94,202,77
"4020",2005,2,95+,70,26
"4020",2005,2,UNK,0,0
"4020",2005,3,Total,11653,15557
"4020",2005,3,0,3,0
"4020",2005,3,1,1,4
"4020",2005,3,2,3,2
"4020",2005,3,3,3,3
"4020",2005,3,4,4,2
"4020",2005,3,5 - 9,8,13
"4020",2005,3,10 - 14,7,9
"4020",2005,3,15 - 19,9,14
"4020",2005,3,20 - 24,9,15
"4020",2005,3,25 - 29,19,15
"4020",2005,3,30 - 34,49,45
"4020",2005,3,35 - 39,94,64
"4020",2005,3,40 - 44,202,165
"4020",2005,3,45 - 49,332,403
"4020",2005,3,50 - 54,599,694
"4020",2005,3,55 - 59,728,1188
"4020",2005,3,60 - 64,864,1407
"4020",2005,3,65 - 69,1105,1914
"4020",2005,3,70 - 74,1520,2600
"4020",2005,3,75 - 79,1880,2879
"4020",2005,3,80 - 84,2026,2485
"4020",2005,3,85 - 89,1168,1006
"4020",2005,3,90 - 94,767,527
"4020",2005,3,95+,253,103
"4020",2005,3,UNK,0,0
"4020",2005,4,Total,19003,15597
"4020",2005,4,0,2,2
"4020",2005,4,1,2,1
"4020",2005,4,2,0,3
"4020",2005,4,3,0,1
"4020",2005,4,4,1,0
"4020",2005,4,5 - 9,1,1
"4020",2005,4,10 - 14,3,2
"4020",2005,4,15 - 19,2,8
"4020",2005,4,20 - 24,9,9
"4020",2005,4,25 - 29,10,16
"4020",2005,4,30 - 34,18,18
"4020",2005,4,35 - 39,35,62
"4020",2005,4,40 - 44,78,143
"4020",2005,4,45 - 49,135,293
"4020",2005,4,50 - 54,170,419
"4020",2005,4,55 - 59,253,706
"4020",2005,4,60 - 64,326,795
"4020",2005,4,65 - 69,571,1171
"4020",2005,4,70 - 74,1264,2035
"4020",2005,4,75 - 79,2521,2900
"4020",2005,4,80 - 84,4453,3405
"4020",2005,4,85 - 89,3793,1983
"4020",2005,4,90 - 94,3716,1286
"4020",2005,4,95+,1640,338
"4020",2005,4,UNK,0,0
"4020",0,5,Total,0,0
"4020",0,5,0,0,0
"4020",0,5,1,0,0
"4020",0,5,2,0,0
"4020",0,5,3,0,0
"4020",0,5,4,0,0
"4020",0,5,5 - 9,0,0
"4020",0,5,10 - 14,0,0
"4020",0,5,15 - 19,0,0
"4020",0,5,20 - 24,0,0
"4020",0,5,25 - 29,0,0
"4020",0,5,30 - 34,0,0
"4020",0,5,35 - 39,0,0
"4020",0,5,40 - 44,0,0
"4020",0,5,45 - 49,0,0
"4020",0,5,50 - 54,0,0
"4020",0,5,55 - 59,0,0
"4020",0,5,60 - 64,0,0
"4020",0,5,65 - 69,0,0
"4020",0,5,70 - 74,0,0
"4020",0,5,75 - 79,0,0
"4020",0,5,80 - 84,0,0
"4020",0,5,85 - 89,0,0
"4020",0,5,90 - 94,0,0
"4020",0,5,95+,0,0
"4020",0,5,UNK,0,0
"4020",2005,6,Total,2022,1098
"4020",2005,6,0,0,0
"4020",2005,6,1,0,1
"4020",2005,6,2,0,0
"4020",2005,6,3,1,0
"4020",2005,6,4,0,0
"4020",2005,6,5 - 9,0,0
"4020",2005,6,10 - 14,0,0
"4020",2005,6,15 - 19,0,1
"4020",2005,6,20 - 24,1,4
"4020",2005,6,25 - 29,2,10
"4020",2005,6,30 - 34,3,13
"4020",2005,6,35 - 39,5,16
"4020",2005,6,40 - 44,10,30
"4020",2005,6,45 - 49,20,34
"4020",2005,6,50 - 54,16,44
"4020",2005,6,55 - 59,25,44
"4020",2005,6,60 - 64,17,39
"4020",2005,6,65 - 69,30,48
"4020",2005,6,70 - 74,83,91
"4020",2005,6,75 - 79,188,150
"4020",2005,6,80 - 84,430,248
"4020",2005,6,85 - 89,444,169
"4020",2005,6,90 - 94,528,128
"4020",2005,6,95+,219,28
"4020",2005,6,UNK,0,0
"4020",2005,7,Total,2187,1521
"4020",2005,7,0,8,8
"4020",2005,7,1,0,5
"4020",2005,7,2,1,2
"4020",2005,7,3,0,0
"4020",2005,7,4,1,1
"4020",2005,7,5 - 9,4,4
"4020",2005,7,10 - 14,4,4
"4020",2005,7,15 - 19,0,13
"4020",2005,7,20 - 24,4,7
"4020",2005,7,25 - 29,7,9
"4020",2005,7,30 - 34,5,9
"4020",2005,7,35 - 39,10,13
"4020",2005,7,40 - 44,10,25
"4020",2005,7,45 - 49,22,29
"4020",2005,7,50 - 54,29,52
"4020",2005,7,55 - 59,40,54
"4020",2005,7,60 - 64,51,64
"4020",2005,7,65 - 69,89,111
"4020",2005,7,70 - 74,190,195
"4020",2005,7,75 - 79,317,310
"4020",2005,7,80 - 84,557,336
"4020",2005,7,85 - 89,416,185
"4020",2005,7,90 - 94,318,70
"4020",2005,7,95+,104,15
"4020",2005,7,UNK,0,0
"4020",2005,8,Total,1694,1016
"4020",2005,8,0,4,4
"4020",2005,8,1,1,6
"4020",2005,8,2,0,0
"4020",2005,8,3,1,1
"4020",2005,8,4,0,0
"4020",2005,8,5 - 9,4,4
"4020",2005,8,10 - 14,1,1
"4020",2005,8,15 - 19,3,3
"4020",2005,8,20 - 24,4,1
"4020",2005,8,25 - 29,1,3
"4020",2005,8,30 - 34,4,1
"4020",2005,8,35 - 39,6,9
"4020",2005,8,40 - 44,9,23
"4020",2005,8,45 - 49,14,21
"4020",2005,8,50 - 54,20,40
"4020",2005,8,55 - 59,26,54
"4020",2005,8,60 - 64,29,56
"4020",2005,8,65 - 69,86,90
"4020",2005,8,70 - 74,118,120
"4020",2005,8,75 - 79,235,152
"4020",2005,8,80 - 84,369,212
"4020",2005,8,85 - 89,331,108
"4020",2005,8,90 - 94,282,82
"4020",2005,8,95+,146,25
"4020",2005,8,UNK,0,0
"4020",2005,9,Total,2408,2192
"4020",2005,9,0,0,1
"4020",2005,9,1,0,0
"4020",2005,9,2,0,0
"4020",2005,9,3,0,0
"4020",2005,9,4,0,0
"4020",2005,9,5 - 9,0,0
"4020",2005,9,10 - 14,0,1
"4020",2005,9,15 - 19,1,0
"4020",2005,9,20 - 24,1,3
"4020",2005,9,25 - 29,0,6
"4020",2005,9,30 - 34,2,10
"4020",2005,9,35 - 39,6,33
"4020",2005,9,40 - 44,26,62
"4020",2005,9,45 - 49,58,112
"4020",2005,9,50 - 54,74,165
"4020",2005,9,55 - 59,82,223
"4020",2005,9,60 - 64,84,174
"4020",2005,9,65 - 69,103,182
"4020",2005,9,70 - 74,213,230
"4020",2005,9,75 - 79,299,307
"4020",2005,9,80 - 84,493,331
"4020",2005,9,85 - 89,404,179
"4020",2005,9,90 - 94,394,129
"4020",2005,9,95+,168,44
"4020",2005,9,UNK,0,0
"4020",2005,10,Total,988,697
"4020",2005,10,0,0,0
"4020",2005,10,1,0,0
"4020",2005,10,2,0,0
"4020",2005,10,3,1,0
"4020",2005,10,4,0,0
"4020",2005,10,5 - 9,0,0
"4020",2005,10,10 - 14,0,0
"4020",2005,10,15 - 19,0,0
"4020",2005,10,20 - 24,0,0
"4020",2005,10,25 - 29,0,1
"4020",2005,10,30 - 34,2,1
"4020",2005,10,35 - 39,0,2
"4020",2005,10,40 - 44,0,4
"4020",2005,10,45 - 49,4,7
"4020",2005,10,50 - 54,3,8
"4020",2005,10,55 - 59,11,20
"4020",2005,10,60 - 64,16,17
"4020",2005,10,65 - 69,35,31
"4020",2005,10,70 - 74,71,61
"4020",2005,10,75 - 79,121,123
"4020",2005,10,80 - 84,244,170
"4020",2005,10,85 - 89,206,132
"4020",2005,10,90 - 94,202,88
"4020",2005,10,95+,72,32
"4020",2005,10,UNK,0,0
"4020",2005,11,Total,132,148
"4020",2005,11,0,115,139
"4020",2005,11,1,0,2
"4020",2005,11,2,0,1
"4020",2005,11,3,0,0
"4020",2005,11,4,0,0
"4020",2005,11,5 - 9,1,0
"4020",2005,11,10 - 14,1,3
"4020",2005,11,15 - 19,0,0
"4020",2005,11,20 - 24,1,0
"4020",2005,11,25 - 29,4,0
"4020",2005,11,30 - 34,0,0
"4020",2005,11,35 - 39,1,0
"4020",2005,11,40 - 44,2,1
"4020",2005,11,45 - 49,1,0
"4020",2005,11,50 - 54,0,1
"4020",2005,11,55 - 59,1,0
"4020",2005,11,60 - 64,0,0
"4020",2005,11,65 - 69,0,0
"4020",2005,11,70 - 74,0,1
"4020",2005,11,75 - 79,1,0
"4020",2005,11,80 - 84,2,0
"4020",2005,11,85 - 89,1,0
"4020",2005,11,90 - 94,1,0
"4020",2005,11,95+,0,0
"4020",2005,11,UNK,0,0
"4020",2005,12,Total,5641,6512
"4020",2005,12,0,4,7
"4020",2005,12,1,0,1
"4020",2005,12,2,2,0
"4020",2005,12,3,3,0
"4020",2005,12,4,0,1
"4020",2005,12,5 - 9,1,1
"4020",2005,12,10 - 14,1,3
"4020",2005,12,15 - 19,1,1
"4020",2005,12,20 - 24,2,2
"4020",2005,12,25 - 29,0,7
"4020",2005,12,30 - 34,8,5
"4020",2005,12,35 - 39,8,11
"4020",2005,12,40 - 44,19,27
"4020",2005,12,45 - 49,22,46
"4020",2005,12,50 - 54,40,117
"4020",2005,12,55 - 59,76,159
"4020",2005,12,60 - 64,121,267
"4020",2005,12,65 - 69,210,485
"4020",2005,12,70 - 74,405,877
"4020",2005,12,75 - 79,704,1217
"4020",2005,12,80 - 84,1232,1595
"4020",2005,12,85 - 89,1047,916
"4020",2005,12,90 - 94,1146,604
"4020",2005,12,95+,589,163
"4020",2005,12,UNK,0,0
"4020",0,13,Total,0,0
"4020",0,13,0,0,0
"4020",0,13,1,0,0
"4020",0,13,2,0,0
"4020",0,13,3,0,0
"4020",0,13,4,0,0
"4020",0,13,5 - 9,0,0
"4020",0,13,10 - 14,0,0
"4020",0,13,15 - 19,0,0
"4020",0,13,20 - 24,0,0
"4020",0,13,25 - 29,0,0
"4020",0,13,30 - 34,0,0
"4020",0,13,35 - 39,0,0
"4020",0,13,40 - 44,0,0
"4020",0,13,45 - 49,0,0
"4020",0,13,50 - 54,0,0
"4020",0,13,55 - 59,0,0
"4020",0,13,60 - 64,0,0
"4020",0,13,65 - 69,0,0
"4020",0,13,70 - 74,0,0
"4020",0,13,75 - 79,0,0
"4020",0,13,80 - 84,0,0
"4020",0,13,85 - 89,0,0
"4020",0,13,90 - 94,0,0
"4020",0,13,95+,0,0
"4020",0,13,UNK,0,0
"4020",0,14,Total,0,0
"4020",0,14,0,0,0
"4020",0,14,1,0,0
"4020",0,14,2,0,0
"4020",0,14,3,0,0
"4020",0,14,4,0,0
"4020",0,14,5 - 9,0,0
"4020",0,14,10 - 14,0,0
"4020",0,14,15 - 19,0,0
"4020",0,14,20 - 24,0,0
"4020",0,14,25 - 29,0,0
"4020",0,14,30 - 34,0,0
"4020",0,14,35 - 39,0,0
"4020",0,14,40 - 44,0,0
"4020",0,14,45 - 49,0,0
"4020",0,14,50 - 54,0,0
"4020",0,14,55 - 59,0,0
"4020",0,14,60 - 64,0,0
"4020",0,14,65 - 69,0,0
"4020",0,14,70 - 74,0,0
"4020",0,14,75 - 79,0,0
"4020",0,14,80 - 84,0,0
"4020",0,14,85 - 89,0,0
"4020",0,14,90 - 94,0,0
"4020",0,14,95+,0,0
"4020",0,14,UNK,0,0
