"","Year","Cause","Age","Female","Male"
"4085",1990,1,Total,496352,425093
"4085",1990,1,0,2665,3720
"4085",1990,1,1,647,848
"4085",1990,1,2,0,0
"4085",1990,1,3,0,0
"4085",1990,1,4,0,0
"4085",1990,1,5 - 9,408,532
"4085",1990,1,10 - 14,328,510
"4085",1990,1,15 - 19,706,1878
"4085",1990,1,20 - 24,1262,3590
"4085",1990,1,25 - 29,1456,4042
"4085",1990,1,30 - 34,1864,4627
"4085",1990,1,35 - 39,2861,5785
"4085",1990,1,40 - 44,3622,7031
"4085",1990,1,45 - 49,6379,13061
"4085",1990,1,50 - 54,10401,23013
"4085",1990,1,55 - 59,13221,28847
"4085",1990,1,60 - 64,21381,39100
"4085",1990,1,65 - 69,36605,45136
"4085",1990,1,70 - 74,38072,38920
"4085",1990,1,75 - 79,88104,70583
"4085",1990,1,80 - 84,115062,71338
"4085",1990,1,85 - 89,151305,62529
"4085",1990,1,90 - 94,0,0
"4085",1990,1,95+,0,0
"4085",1990,1,UNK,3,3
"4085",1990,2,Total,3131,2882
"4085",1990,2,0,39,57
"4085",1990,2,1,32,32
"4085",1990,2,2,0,0
"4085",1990,2,3,0,0
"4085",1990,2,4,0,0
"4085",1990,2,5 - 9,13,9
"4085",1990,2,10 - 14,4,7
"4085",1990,2,15 - 19,15,17
"4085",1990,2,20 - 24,7,21
"4085",1990,2,25 - 29,13,23
"4085",1990,2,30 - 34,22,32
"4085",1990,2,35 - 39,25,60
"4085",1990,2,40 - 44,30,60
"4085",1990,2,45 - 49,45,114
"4085",1990,2,50 - 54,64,168
"4085",1990,2,55 - 59,91,194
"4085",1990,2,60 - 64,174,296
"4085",1990,2,65 - 69,249,330
"4085",1990,2,70 - 74,261,288
"4085",1990,2,75 - 79,537,437
"4085",1990,2,80 - 84,670,422
"4085",1990,2,85 - 89,840,315
"4085",1990,2,90 - 94,0,0
"4085",1990,2,95+,0,0
"4085",1990,2,UNK,0,0
"4085",1990,3,Total,105380,105332
"4085",1990,3,0,21,23
"4085",1990,3,1,72,82
"4085",1990,3,2,0,0
"4085",1990,3,3,0,0
"4085",1990,3,4,0,0
"4085",1990,3,5 - 9,61,86
"4085",1990,3,10 - 14,49,71
"4085",1990,3,15 - 19,83,133
"4085",1990,3,20 - 24,136,260
"4085",1990,3,25 - 29,272,359
"4085",1990,3,30 - 34,524,483
"4085",1990,3,35 - 39,1075,841
"4085",1990,3,40 - 44,1618,1538
"4085",1990,3,45 - 49,3033,3720
"4085",1990,3,50 - 54,5115,7390
"4085",1990,3,55 - 59,6221,9727
"4085",1990,3,60 - 64,9063,13261
"4085",1990,3,65 - 69,13410,14555
"4085",1990,3,70 - 74,11075,11429
"4085",1990,3,75 - 79,18846,17493
"4085",1990,3,80 - 84,18597,14476
"4085",1990,3,85 - 89,16109,9405
"4085",1990,3,90 - 94,0,0
"4085",1990,3,95+,0,0
"4085",1990,3,UNK,0,0
"4085",1990,4,Total,270151,192841
"4085",1990,4,0,30,52
"4085",1990,4,1,36,34
"4085",1990,4,2,0,0
"4085",1990,4,3,0,0
"4085",1990,4,4,0,0
"4085",1990,4,5 - 9,19,25
"4085",1990,4,10 - 14,35,37
"4085",1990,4,15 - 19,54,75
"4085",1990,4,20 - 24,107,141
"4085",1990,4,25 - 29,146,254
"4085",1990,4,30 - 34,207,545
"4085",1990,4,35 - 39,438,965
"4085",1990,4,40 - 44,575,1637
"4085",1990,4,45 - 49,1052,3412
"4085",1990,4,50 - 54,2046,6880
"4085",1990,4,55 - 59,3358,10258
"4085",1990,4,60 - 64,6911,15922
"4085",1990,4,65 - 69,14663,20103
"4085",1990,4,70 - 74,18358,18696
"4085",1990,4,75 - 79,49817,36955
"4085",1990,4,80 - 84,71489,39761
"4085",1990,4,85 - 89,100810,37089
"4085",1990,4,90 - 94,0,0
"4085",1990,4,95+,0,0
"4085",1990,4,UNK,0,0
"4085",1990,5,Total,14634,12962
"4085",1990,5,0,574,851
"4085",1990,5,1,50,70
"4085",1990,5,2,0,0
"4085",1990,5,3,0,0
"4085",1990,5,4,0,0
"4085",1990,5,5 - 9,44,57
"4085",1990,5,10 - 14,53,76
"4085",1990,5,15 - 19,30,76
"4085",1990,5,20 - 24,85,210
"4085",1990,5,25 - 29,95,267
"4085",1990,5,30 - 34,97,345
"4085",1990,5,35 - 39,152,423
"4085",1990,5,40 - 44,153,434
"4085",1990,5,45 - 49,263,702
"4085",1990,5,50 - 54,349,1069
"4085",1990,5,55 - 59,327,1036
"4085",1990,5,60 - 64,516,1041
"4085",1990,5,65 - 69,759,1014
"4085",1990,5,70 - 74,804,746
"4085",1990,5,75 - 79,1695,1184
"4085",1990,5,80 - 84,2627,1370
"4085",1990,5,85 - 89,5959,1988
"4085",1990,5,90 - 94,0,0
"4085",1990,5,95+,0,0
"4085",1990,5,UNK,2,3
"4085",1990,6,Total,3834,6107
"4085",1990,6,0,0,2
"4085",1990,6,1,2,3
"4085",1990,6,2,0,0
"4085",1990,6,3,0,0
"4085",1990,6,4,0,0
"4085",1990,6,5 - 9,2,1
"4085",1990,6,10 - 14,1,3
"4085",1990,6,15 - 19,10,30
"4085",1990,6,20 - 24,71,194
"4085",1990,6,25 - 29,72,342
"4085",1990,6,30 - 34,80,377
"4085",1990,6,35 - 39,101,446
"4085",1990,6,40 - 44,113,377
"4085",1990,6,45 - 49,169,611
"4085",1990,6,50 - 54,201,841
"4085",1990,6,55 - 59,189,669
"4085",1990,6,60 - 64,208,565
"4085",1990,6,65 - 69,257,366
"4085",1990,6,70 - 74,235,210
"4085",1990,6,75 - 79,484,372
"4085",1990,6,80 - 84,687,365
"4085",1990,6,85 - 89,952,333
"4085",1990,6,90 - 94,0,0
"4085",1990,6,95+,0,0
"4085",1990,6,UNK,0,0
"4085",1990,7,Total,6751,5796
"4085",1990,7,0,59,84
"4085",1990,7,1,60,75
"4085",1990,7,2,0,0
"4085",1990,7,3,0,0
"4085",1990,7,4,0,0
"4085",1990,7,5 - 9,29,40
"4085",1990,7,10 - 14,26,29
"4085",1990,7,15 - 19,20,60
"4085",1990,7,20 - 24,53,94
"4085",1990,7,25 - 29,41,91
"4085",1990,7,30 - 34,59,95
"4085",1990,7,35 - 39,67,135
"4085",1990,7,40 - 44,90,128
"4085",1990,7,45 - 49,123,195
"4085",1990,7,50 - 54,197,313
"4085",1990,7,55 - 59,253,313
"4085",1990,7,60 - 64,362,433
"4085",1990,7,65 - 69,636,539
"4085",1990,7,70 - 74,616,548
"4085",1990,7,75 - 79,1447,997
"4085",1990,7,80 - 84,1447,1028
"4085",1990,7,85 - 89,1166,599
"4085",1990,7,90 - 94,0,0
"4085",1990,7,95+,0,0
"4085",1990,7,UNK,0,0
"4085",1990,8,Total,14919,8417
"4085",1990,8,0,25,37
"4085",1990,8,1,17,18
"4085",1990,8,2,0,0
"4085",1990,8,3,0,0
"4085",1990,8,4,0,0
"4085",1990,8,5 - 9,7,13
"4085",1990,8,10 - 14,14,16
"4085",1990,8,15 - 19,21,16
"4085",1990,8,20 - 24,40,50
"4085",1990,8,25 - 29,62,147
"4085",1990,8,30 - 34,60,291
"4085",1990,8,35 - 39,67,274
"4085",1990,8,40 - 44,68,295
"4085",1990,8,45 - 49,114,398
"4085",1990,8,50 - 54,204,488
"4085",1990,8,55 - 59,355,624
"4085",1990,8,60 - 64,689,677
"4085",1990,8,65 - 69,1346,838
"4085",1990,8,70 - 74,1413,770
"4085",1990,8,75 - 79,3326,1342
"4085",1990,8,80 - 84,3741,1300
"4085",1990,8,85 - 89,3350,823
"4085",1990,8,90 - 94,0,0
"4085",1990,8,95+,0,0
"4085",1990,8,UNK,0,0
"4085",1990,9,Total,20209,21573
"4085",1990,9,0,13,23
"4085",1990,9,1,11,6
"4085",1990,9,2,0,0
"4085",1990,9,3,0,0
"4085",1990,9,4,0,0
"4085",1990,9,5 - 9,6,5
"4085",1990,9,10 - 14,5,9
"4085",1990,9,15 - 19,5,6
"4085",1990,9,20 - 24,18,36
"4085",1990,9,25 - 29,64,140
"4085",1990,9,30 - 34,144,383
"4085",1990,9,35 - 39,282,647
"4085",1990,9,40 - 44,372,835
"4085",1990,9,45 - 49,604,1405
"4085",1990,9,50 - 54,856,2372
"4085",1990,9,55 - 59,977,2368
"4085",1990,9,60 - 64,1265,2616
"4085",1990,9,65 - 69,1801,2374
"4085",1990,9,70 - 74,1545,1578
"4085",1990,9,75 - 79,3341,2481
"4085",1990,9,80 - 84,4162,2422
"4085",1990,9,85 - 89,4738,1867
"4085",1990,9,90 - 94,0,0
"4085",1990,9,95+,0,0
"4085",1990,9,UNK,0,0
"4085",1990,10,Total,5928,5145
"4085",1990,10,0,2,1
"4085",1990,10,1,4,4
"4085",1990,10,2,0,0
"4085",1990,10,3,0,0
"4085",1990,10,4,0,0
"4085",1990,10,5 - 9,2,0
"4085",1990,10,10 - 14,3,0
"4085",1990,10,15 - 19,4,4
"4085",1990,10,20 - 24,7,12
"4085",1990,10,25 - 29,12,23
"4085",1990,10,30 - 34,19,30
"4085",1990,10,35 - 39,28,30
"4085",1990,10,40 - 44,30,53
"4085",1990,10,45 - 49,61,78
"4085",1990,10,50 - 54,122,198
"4085",1990,10,55 - 59,172,267
"4085",1990,10,60 - 64,312,324
"4085",1990,10,65 - 69,518,429
"4085",1990,10,70 - 74,521,437
"4085",1990,10,75 - 79,1204,967
"4085",1990,10,80 - 84,1377,1106
"4085",1990,10,85 - 89,1530,1182
"4085",1990,10,90 - 94,0,0
"4085",1990,10,95+,0,0
"4085",1990,10,UNK,0,0
"4085",1990,11,Total,2258,2928
"4085",1990,11,0,1725,2364
"4085",1990,11,1,125,126
"4085",1990,11,2,0,0
"4085",1990,11,3,0,0
"4085",1990,11,4,0,0
"4085",1990,11,5 - 9,40,44
"4085",1990,11,10 - 14,28,32
"4085",1990,11,15 - 19,22,37
"4085",1990,11,20 - 24,23,33
"4085",1990,11,25 - 29,27,30
"4085",1990,11,30 - 34,18,21
"4085",1990,11,35 - 39,17,29
"4085",1990,11,40 - 44,17,21
"4085",1990,11,45 - 49,22,25
"4085",1990,11,50 - 54,32,37
"4085",1990,11,55 - 59,15,27
"4085",1990,11,60 - 64,23,33
"4085",1990,11,65 - 69,25,19
"4085",1990,11,70 - 74,17,7
"4085",1990,11,75 - 79,34,24
"4085",1990,11,80 - 84,32,13
"4085",1990,11,85 - 89,16,6
"4085",1990,11,90 - 94,0,0
"4085",1990,11,95+,0,0
"4085",1990,11,UNK,0,0
"4085",1990,12,Total,26101,31560
"4085",1990,12,0,66,83
"4085",1990,12,1,52,49
"4085",1990,12,2,0,0
"4085",1990,12,3,0,0
"4085",1990,12,4,0,0
"4085",1990,12,5 - 9,18,14
"4085",1990,12,10 - 14,11,16
"4085",1990,12,15 - 19,19,35
"4085",1990,12,20 - 24,38,47
"4085",1990,12,25 - 29,61,83
"4085",1990,12,30 - 34,53,97
"4085",1990,12,35 - 39,75,136
"4085",1990,12,40 - 44,84,159
"4085",1990,12,45 - 49,179,351
"4085",1990,12,50 - 54,292,732
"4085",1990,12,55 - 59,427,1257
"4085",1990,12,60 - 64,876,2181
"4085",1990,12,65 - 69,1566,3125
"4085",1990,12,70 - 74,1809,3111
"4085",1990,12,75 - 79,4345,6300
"4085",1990,12,80 - 84,6125,6926
"4085",1990,12,85 - 89,10005,6858
"4085",1990,12,90 - 94,0,0
"4085",1990,12,95+,0,0
"4085",1990,12,UNK,0,0
"4085",1990,13,Total,18125,27038
"4085",1990,13,0,82,125
"4085",1990,13,1,173,332
"4085",1990,13,2,0,0
"4085",1990,13,3,0,0
"4085",1990,13,4,0,0
"4085",1990,13,5 - 9,151,226
"4085",1990,13,10 - 14,91,207
"4085",1990,13,15 - 19,390,1355
"4085",1990,13,20 - 24,619,2437
"4085",1990,13,25 - 29,527,2226
"4085",1990,13,30 - 34,503,1870
"4085",1990,13,35 - 39,474,1725
"4085",1990,13,40 - 44,424,1419
"4085",1990,13,45 - 49,657,1951
"4085",1990,13,50 - 54,821,2390
"4085",1990,13,55 - 59,685,1944
"4085",1990,13,60 - 64,783,1554
"4085",1990,13,65 - 69,1042,1199
"4085",1990,13,70 - 74,983,902
"4085",1990,13,75 - 79,2163,1650
"4085",1990,13,80 - 84,3074,1791
"4085",1990,13,85 - 89,4482,1735
"4085",1990,13,90 - 94,0,0
"4085",1990,13,95+,0,0
"4085",1990,13,UNK,1,0
"4085",1990,14,Total,335,465
"4085",1990,14,0,23,11
"4085",1990,14,1,8,9
"4085",1990,14,2,0,0
"4085",1990,14,3,0,0
"4085",1990,14,4,0,0
"4085",1990,14,5 - 9,10,9
"4085",1990,14,10 - 14,4,1
"4085",1990,14,15 - 19,24,23
"4085",1990,14,20 - 24,22,40
"4085",1990,14,25 - 29,22,42
"4085",1990,14,30 - 34,32,43
"4085",1990,14,35 - 39,27,53
"4085",1990,14,40 - 44,26,46
"4085",1990,14,45 - 49,20,46
"4085",1990,14,50 - 54,18,52
"4085",1990,14,55 - 59,25,35
"4085",1990,14,60 - 64,5,23
"4085",1990,14,65 - 69,12,11
"4085",1990,14,70 - 74,14,8
"4085",1990,14,75 - 79,14,4
"4085",1990,14,80 - 84,17,7
"4085",1990,14,85 - 89,12,2
"4085",1990,14,90 - 94,0,0
"4085",1990,14,95+,0,0
"4085",1990,14,UNK,0,0
"4085",1991,1,Total,489427,421818
"4085",1991,1,0,2432,3279
"4085",1991,1,1,619,832
"4085",1991,1,2,0,0
"4085",1991,1,3,0,0
"4085",1991,1,4,0,0
"4085",1991,1,5 - 9,357,482
"4085",1991,1,10 - 14,309,449
"4085",1991,1,15 - 19,716,1819
"4085",1991,1,20 - 24,1106,3590
"4085",1991,1,25 - 29,1476,4389
"4085",1991,1,30 - 34,2029,4939
"4085",1991,1,35 - 39,2798,6156
"4085",1991,1,40 - 44,3855,7953
"4085",1991,1,45 - 49,5852,11898
"4085",1991,1,50 - 54,10838,23249
"4085",1991,1,55 - 59,13177,28892
"4085",1991,1,60 - 64,20787,40542
"4085",1991,1,65 - 69,34846,43896
"4085",1991,1,70 - 74,41284,42072
"4085",1991,1,75 - 79,79964,64084
"4085",1991,1,80 - 84,113670,69509
"4085",1991,1,85 - 89,153312,63788
"4085",1991,1,90 - 94,0,0
"4085",1991,1,95+,0,0
"4085",1991,1,UNK,0,0
"4085",1991,2,Total,2880,2665
"4085",1991,2,0,47,54
"4085",1991,2,1,33,39
"4085",1991,2,2,0,0
"4085",1991,2,3,0,0
"4085",1991,2,4,0,0
"4085",1991,2,5 - 9,7,7
"4085",1991,2,10 - 14,6,8
"4085",1991,2,15 - 19,7,16
"4085",1991,2,20 - 24,17,22
"4085",1991,2,25 - 29,24,33
"4085",1991,2,30 - 34,12,31
"4085",1991,2,35 - 39,24,43
"4085",1991,2,40 - 44,35,72
"4085",1991,2,45 - 49,34,73
"4085",1991,2,50 - 54,73,135
"4085",1991,2,55 - 59,85,208
"4085",1991,2,60 - 64,124,270
"4085",1991,2,65 - 69,246,268
"4085",1991,2,70 - 74,241,282
"4085",1991,2,75 - 79,457,368
"4085",1991,2,80 - 84,624,395
"4085",1991,2,85 - 89,784,341
"4085",1991,2,90 - 94,0,0
"4085",1991,2,95+,0,0
"4085",1991,2,UNK,0,0
"4085",1991,3,Total,108349,107626
"4085",1991,3,0,17,17
"4085",1991,3,1,75,101
"4085",1991,3,2,0,0
"4085",1991,3,3,0,0
"4085",1991,3,4,0,0
"4085",1991,3,5 - 9,72,93
"4085",1991,3,10 - 14,75,86
"4085",1991,3,15 - 19,88,131
"4085",1991,3,20 - 24,153,230
"4085",1991,3,25 - 29,310,372
"4085",1991,3,30 - 34,571,497
"4085",1991,3,35 - 39,1043,852
"4085",1991,3,40 - 44,1659,1738
"4085",1991,3,45 - 49,2874,3357
"4085",1991,3,50 - 54,5433,7415
"4085",1991,3,55 - 59,6279,9943
"4085",1991,3,60 - 64,9023,14223
"4085",1991,3,65 - 69,13092,14732
"4085",1991,3,70 - 74,12712,12819
"4085",1991,3,75 - 79,18225,16305
"4085",1991,3,80 - 84,19413,14693
"4085",1991,3,85 - 89,17235,10022
"4085",1991,3,90 - 94,0,0
"4085",1991,3,95+,0,0
"4085",1991,3,UNK,0,0
"4085",1991,4,Total,265390,190384
"4085",1991,4,0,23,36
"4085",1991,4,1,31,38
"4085",1991,4,2,0,0
"4085",1991,4,3,0,0
"4085",1991,4,4,0,0
"4085",1991,4,5 - 9,21,12
"4085",1991,4,10 - 14,17,23
"4085",1991,4,15 - 19,43,59
"4085",1991,4,20 - 24,81,141
"4085",1991,4,25 - 29,173,283
"4085",1991,4,30 - 34,236,498
"4085",1991,4,35 - 39,398,982
"4085",1991,4,40 - 44,598,1747
"4085",1991,4,45 - 49,940,3127
"4085",1991,4,50 - 54,2055,7049
"4085",1991,4,55 - 59,3259,10224
"4085",1991,4,60 - 64,6761,16348
"4085",1991,4,65 - 69,13661,19385
"4085",1991,4,70 - 74,19382,20065
"4085",1991,4,75 - 79,44700,33473
"4085",1991,4,80 - 84,70477,38760
"4085",1991,4,85 - 89,102534,38134
"4085",1991,4,90 - 94,0,0
"4085",1991,4,95+,0,0
"4085",1991,4,UNK,0,0
"4085",1991,5,Total,12045,10797
"4085",1991,5,0,554,824
"4085",1991,5,1,47,53
"4085",1991,5,2,0,0
"4085",1991,5,3,0,0
"4085",1991,5,4,0,0
"4085",1991,5,5 - 9,15,16
"4085",1991,5,10 - 14,14,14
"4085",1991,5,15 - 19,24,62
"4085",1991,5,20 - 24,42,135
"4085",1991,5,25 - 29,71,208
"4085",1991,5,30 - 34,99,288
"4085",1991,5,35 - 39,106,371
"4085",1991,5,40 - 44,164,428
"4085",1991,5,45 - 49,206,596
"4085",1991,5,50 - 54,284,950
"4085",1991,5,55 - 59,324,876
"4085",1991,5,60 - 64,410,954
"4085",1991,5,65 - 69,666,766
"4085",1991,5,70 - 74,705,651
"4085",1991,5,75 - 79,1260,913
"4085",1991,5,80 - 84,2041,1057
"4085",1991,5,85 - 89,5013,1635
"4085",1991,5,90 - 94,0,0
"4085",1991,5,95+,0,0
"4085",1991,5,UNK,0,0
"4085",1991,6,Total,3629,6689
"4085",1991,6,0,1,0
"4085",1991,6,1,0,0
"4085",1991,6,2,0,0
"4085",1991,6,3,0,0
"4085",1991,6,4,0,0
"4085",1991,6,5 - 9,1,1
"4085",1991,6,10 - 14,2,3
"4085",1991,6,15 - 19,30,50
"4085",1991,6,20 - 24,67,276
"4085",1991,6,25 - 29,87,432
"4085",1991,6,30 - 34,102,538
"4085",1991,6,35 - 39,97,530
"4085",1991,6,40 - 44,126,485
"4085",1991,6,45 - 49,155,548
"4085",1991,6,50 - 54,221,895
"4085",1991,6,55 - 59,181,747
"4085",1991,6,60 - 64,168,587
"4085",1991,6,65 - 69,219,364
"4085",1991,6,70 - 74,209,235
"4085",1991,6,75 - 79,369,322
"4085",1991,6,80 - 84,617,333
"4085",1991,6,85 - 89,977,343
"4085",1991,6,90 - 94,0,0
"4085",1991,6,95+,0,0
"4085",1991,6,UNK,0,0
"4085",1991,7,Total,7142,5942
"4085",1991,7,0,37,64
"4085",1991,7,1,51,77
"4085",1991,7,2,0,0
"4085",1991,7,3,0,0
"4085",1991,7,4,0,0
"4085",1991,7,5 - 9,40,42
"4085",1991,7,10 - 14,27,50
"4085",1991,7,15 - 19,30,82
"4085",1991,7,20 - 24,39,83
"4085",1991,7,25 - 29,41,87
"4085",1991,7,30 - 34,73,110
"4085",1991,7,35 - 39,82,123
"4085",1991,7,40 - 44,94,136
"4085",1991,7,45 - 49,129,183
"4085",1991,7,50 - 54,196,316
"4085",1991,7,55 - 59,232,352
"4085",1991,7,60 - 64,404,435
"4085",1991,7,65 - 69,627,528
"4085",1991,7,70 - 74,765,591
"4085",1991,7,75 - 79,1433,1005
"4085",1991,7,80 - 84,1571,1041
"4085",1991,7,85 - 89,1271,637
"4085",1991,7,90 - 94,0,0
"4085",1991,7,95+,0,0
"4085",1991,7,UNK,0,0
"4085",1991,8,Total,14912,8686
"4085",1991,8,0,33,36
"4085",1991,8,1,14,23
"4085",1991,8,2,0,0
"4085",1991,8,3,0,0
"4085",1991,8,4,0,0
"4085",1991,8,5 - 9,6,13
"4085",1991,8,10 - 14,11,15
"4085",1991,8,15 - 19,13,26
"4085",1991,8,20 - 24,26,51
"4085",1991,8,25 - 29,40,179
"4085",1991,8,30 - 34,89,342
"4085",1991,8,35 - 39,76,369
"4085",1991,8,40 - 44,74,316
"4085",1991,8,45 - 49,86,419
"4085",1991,8,50 - 54,195,534
"4085",1991,8,55 - 59,355,586
"4085",1991,8,60 - 64,612,682
"4085",1991,8,65 - 69,1258,821
"4085",1991,8,70 - 74,1678,850
"4085",1991,8,75 - 79,3033,1234
"4085",1991,8,80 - 84,3742,1283
"4085",1991,8,85 - 89,3571,907
"4085",1991,8,90 - 94,0,0
"4085",1991,8,95+,0,0
"4085",1991,8,UNK,0,0
"4085",1991,9,Total,20624,22420
"4085",1991,9,0,19,12
"4085",1991,9,1,16,8
"4085",1991,9,2,0,0
"4085",1991,9,3,0,0
"4085",1991,9,4,0,0
"4085",1991,9,5 - 9,2,4
"4085",1991,9,10 - 14,4,4
"4085",1991,9,15 - 19,3,10
"4085",1991,9,20 - 24,25,30
"4085",1991,9,25 - 29,59,171
"4085",1991,9,30 - 34,174,402
"4085",1991,9,35 - 39,292,799
"4085",1991,9,40 - 44,424,1039
"4085",1991,9,45 - 49,568,1392
"4085",1991,9,50 - 54,1035,2525
"4085",1991,9,55 - 59,1099,2599
"4085",1991,9,60 - 64,1309,2749
"4085",1991,9,65 - 69,1806,2334
"4085",1991,9,70 - 74,1742,1710
"4085",1991,9,75 - 79,2990,2337
"4085",1991,9,80 - 84,4098,2343
"4085",1991,9,85 - 89,4959,1952
"4085",1991,9,90 - 94,0,0
"4085",1991,9,95+,0,0
"4085",1991,9,UNK,0,0
"4085",1991,10,Total,5478,4528
"4085",1991,10,0,4,3
"4085",1991,10,1,4,6
"4085",1991,10,2,0,0
"4085",1991,10,3,0,0
"4085",1991,10,4,0,0
"4085",1991,10,5 - 9,1,1
"4085",1991,10,10 - 14,1,2
"4085",1991,10,15 - 19,1,3
"4085",1991,10,20 - 24,3,12
"4085",1991,10,25 - 29,12,17
"4085",1991,10,30 - 34,10,10
"4085",1991,10,35 - 39,24,31
"4085",1991,10,40 - 44,30,31
"4085",1991,10,45 - 49,47,66
"4085",1991,10,50 - 54,112,151
"4085",1991,10,55 - 59,166,208
"4085",1991,10,60 - 64,259,298
"4085",1991,10,65 - 69,403,393
"4085",1991,10,70 - 74,544,438
"4085",1991,10,75 - 79,988,768
"4085",1991,10,80 - 84,1333,1003
"4085",1991,10,85 - 89,1536,1087
"4085",1991,10,90 - 94,0,0
"4085",1991,10,95+,0,0
"4085",1991,10,UNK,0,0
"4085",1991,11,Total,2051,2564
"4085",1991,11,0,1557,2052
"4085",1991,11,1,132,146
"4085",1991,11,2,0,0
"4085",1991,11,3,0,0
"4085",1991,11,4,0,0
"4085",1991,11,5 - 9,41,36
"4085",1991,11,10 - 14,21,27
"4085",1991,11,15 - 19,29,32
"4085",1991,11,20 - 24,24,34
"4085",1991,11,25 - 29,21,25
"4085",1991,11,30 - 34,27,22
"4085",1991,11,35 - 39,20,20
"4085",1991,11,40 - 44,8,7
"4085",1991,11,45 - 49,13,15
"4085",1991,11,50 - 54,22,16
"4085",1991,11,55 - 59,20,24
"4085",1991,11,60 - 64,18,19
"4085",1991,11,65 - 69,15,30
"4085",1991,11,70 - 74,20,15
"4085",1991,11,75 - 79,16,17
"4085",1991,11,80 - 84,27,13
"4085",1991,11,85 - 89,20,14
"4085",1991,11,90 - 94,0,0
"4085",1991,11,95+,0,0
"4085",1991,11,UNK,0,0
"4085",1991,12,Total,24111,29681
"4085",1991,12,0,36,60
"4085",1991,12,1,33,39
"4085",1991,12,2,0,0
"4085",1991,12,3,0,0
"4085",1991,12,4,0,0
"4085",1991,12,5 - 9,15,13
"4085",1991,12,10 - 14,12,18
"4085",1991,12,15 - 19,16,41
"4085",1991,12,20 - 24,34,49
"4085",1991,12,25 - 29,47,79
"4085",1991,12,30 - 34,53,90
"4085",1991,12,35 - 39,80,115
"4085",1991,12,40 - 44,79,172
"4085",1991,12,45 - 49,143,279
"4085",1991,12,50 - 54,308,714
"4085",1991,12,55 - 59,420,1139
"4085",1991,12,60 - 64,797,2142
"4085",1991,12,65 - 69,1522,2903
"4085",1991,12,70 - 74,1784,3301
"4085",1991,12,75 - 79,3743,5446
"4085",1991,12,80 - 84,5720,6554
"4085",1991,12,85 - 89,9269,6527
"4085",1991,12,90 - 94,0,0
"4085",1991,12,95+,0,0
"4085",1991,12,UNK,0,0
"4085",1991,13,Total,18289,27474
"4085",1991,13,0,82,103
"4085",1991,13,1,163,277
"4085",1991,13,2,0,0
"4085",1991,13,3,0,0
"4085",1991,13,4,0,0
"4085",1991,13,5 - 9,122,233
"4085",1991,13,10 - 14,101,186
"4085",1991,13,15 - 19,397,1283
"4085",1991,13,20 - 24,529,2477
"4085",1991,13,25 - 29,520,2438
"4085",1991,13,30 - 34,506,2034
"4085",1991,13,35 - 39,513,1829
"4085",1991,13,40 - 44,512,1703
"4085",1991,13,45 - 49,601,1754
"4085",1991,13,50 - 54,807,2430
"4085",1991,13,55 - 59,651,1842
"4085",1991,13,60 - 64,716,1654
"4085",1991,13,65 - 69,985,1191
"4085",1991,13,70 - 74,1078,915
"4085",1991,13,75 - 79,2044,1580
"4085",1991,13,80 - 84,3067,1694
"4085",1991,13,85 - 89,4895,1851
"4085",1991,13,90 - 94,0,0
"4085",1991,13,95+,0,0
"4085",1991,13,UNK,0,0
"4085",1991,14,Total,379,537
"4085",1991,14,0,18,11
"4085",1991,14,1,12,17
"4085",1991,14,2,0,0
"4085",1991,14,3,0,0
"4085",1991,14,4,0,0
"4085",1991,14,5 - 9,6,8
"4085",1991,14,10 - 14,10,7
"4085",1991,14,15 - 19,24,19
"4085",1991,14,20 - 24,42,39
"4085",1991,14,25 - 29,36,55
"4085",1991,14,30 - 34,34,63
"4085",1991,14,35 - 39,18,69
"4085",1991,14,40 - 44,26,52
"4085",1991,14,45 - 49,22,50
"4085",1991,14,50 - 54,24,53
"4085",1991,14,55 - 59,15,34
"4085",1991,14,60 - 64,10,16
"4085",1991,14,65 - 69,21,9
"4085",1991,14,70 - 74,10,12
"4085",1991,14,75 - 79,22,8
"4085",1991,14,80 - 84,19,4
"4085",1991,14,85 - 89,10,11
"4085",1991,14,90 - 94,0,0
"4085",1991,14,95+,0,0
"4085",1991,14,UNK,0,0
"4085",1992,1,Total,474860,410583
"4085",1992,1,0,2141,2851
"4085",1992,1,1,540,725
"4085",1992,1,2,0,0
"4085",1992,1,3,0,0
"4085",1992,1,4,0,0
"4085",1992,1,5 - 9,330,443
"4085",1992,1,10 - 14,301,431
"4085",1992,1,15 - 19,642,1625
"4085",1992,1,20 - 24,1073,3322
"4085",1992,1,25 - 29,1493,4165
"4085",1992,1,30 - 34,1924,5007
"4085",1992,1,35 - 39,2734,6155
"4085",1992,1,40 - 44,4013,8190
"4085",1992,1,45 - 49,5467,10923
"4085",1992,1,50 - 54,10216,22552
"4085",1992,1,55 - 59,13469,29557
"4085",1992,1,60 - 64,19585,40224
"4085",1992,1,65 - 69,32375,43161
"4085",1992,1,70 - 74,44744,46311
"4085",1992,1,75 - 79,69369,55393
"4085",1992,1,80 - 84,109476,66429
"4085",1992,1,85 - 89,154968,63119
"4085",1992,1,90 - 94,0,0
"4085",1992,1,95+,0,0
"4085",1992,1,UNK,0,0
"4085",1992,2,Total,2897,2577
"4085",1992,2,0,20,33
"4085",1992,2,1,16,26
"4085",1992,2,2,0,0
"4085",1992,2,3,0,0
"4085",1992,2,4,0,0
"4085",1992,2,5 - 9,5,6
"4085",1992,2,10 - 14,7,12
"4085",1992,2,15 - 19,14,19
"4085",1992,2,20 - 24,21,18
"4085",1992,2,25 - 29,22,30
"4085",1992,2,30 - 34,15,34
"4085",1992,2,35 - 39,23,42
"4085",1992,2,40 - 44,31,77
"4085",1992,2,45 - 49,35,87
"4085",1992,2,50 - 54,60,152
"4085",1992,2,55 - 59,112,171
"4085",1992,2,60 - 64,126,276
"4085",1992,2,65 - 69,237,308
"4085",1992,2,70 - 74,317,292
"4085",1992,2,75 - 79,421,315
"4085",1992,2,80 - 84,583,360
"4085",1992,2,85 - 89,832,319
"4085",1992,2,90 - 94,0,0
"4085",1992,2,95+,0,0
"4085",1992,2,UNK,0,0
"4085",1992,3,Total,108704,108903
"4085",1992,3,0,16,19
"4085",1992,3,1,61,98
"4085",1992,3,2,0,0
"4085",1992,3,3,0,0
"4085",1992,3,4,0,0
"4085",1992,3,5 - 9,64,80
"4085",1992,3,10 - 14,60,84
"4085",1992,3,15 - 19,70,115
"4085",1992,3,20 - 24,145,207
"4085",1992,3,25 - 29,316,313
"4085",1992,3,30 - 34,560,502
"4085",1992,3,35 - 39,1007,876
"4085",1992,3,40 - 44,1782,1732
"4085",1992,3,45 - 49,2709,3220
"4085",1992,3,50 - 54,5280,7617
"4085",1992,3,55 - 59,6627,10420
"4085",1992,3,60 - 64,8709,14447
"4085",1992,3,65 - 69,12544,14966
"4085",1992,3,70 - 74,14102,14424
"4085",1992,3,75 - 79,16555,14623
"4085",1992,3,80 - 84,19824,14659
"4085",1992,3,85 - 89,18273,10501
"4085",1992,3,90 - 94,0,0
"4085",1992,3,95+,0,0
"4085",1992,3,UNK,0,0
"4085",1992,4,Total,255290,181950
"4085",1992,4,0,22,30
"4085",1992,4,1,29,28
"4085",1992,4,2,0,0
"4085",1992,4,3,0,0
"4085",1992,4,4,0,0
"4085",1992,4,5 - 9,14,17
"4085",1992,4,10 - 14,19,22
"4085",1992,4,15 - 19,31,61
"4085",1992,4,20 - 24,83,124
"4085",1992,4,25 - 29,138,274
"4085",1992,4,30 - 34,231,477
"4085",1992,4,35 - 39,355,966
"4085",1992,4,40 - 44,583,1775
"4085",1992,4,45 - 49,911,2766
"4085",1992,4,50 - 54,1815,6556
"4085",1992,4,55 - 59,3163,10229
"4085",1992,4,60 - 64,6237,15888
"4085",1992,4,65 - 69,12557,18577
"4085",1992,4,70 - 74,20759,21844
"4085",1992,4,75 - 79,37984,28352
"4085",1992,4,80 - 84,66980,36596
"4085",1992,4,85 - 89,103379,37368
"4085",1992,4,90 - 94,0,0
"4085",1992,4,95+,0,0
"4085",1992,4,UNK,0,0
"4085",1992,5,Total,11067,9753
"4085",1992,5,0,430,582
"4085",1992,5,1,32,38
"4085",1992,5,2,0,0
"4085",1992,5,3,0,0
"4085",1992,5,4,0,0
"4085",1992,5,5 - 9,6,8
"4085",1992,5,10 - 14,7,16
"4085",1992,5,15 - 19,26,45
"4085",1992,5,20 - 24,36,153
"4085",1992,5,25 - 29,66,203
"4085",1992,5,30 - 34,81,256
"4085",1992,5,35 - 39,135,310
"4085",1992,5,40 - 44,172,420
"4085",1992,5,45 - 49,177,500
"4085",1992,5,50 - 54,301,897
"4085",1992,5,55 - 59,332,877
"4085",1992,5,60 - 64,364,853
"4085",1992,5,65 - 69,563,726
"4085",1992,5,70 - 74,713,669
"4085",1992,5,75 - 79,1039,720
"4085",1992,5,80 - 84,1828,947
"4085",1992,5,85 - 89,4759,1533
"4085",1992,5,90 - 94,0,0
"4085",1992,5,95+,0,0
"4085",1992,5,UNK,0,0
"4085",1992,6,Total,3988,6851
"4085",1992,6,0,0,0
"4085",1992,6,1,2,1
"4085",1992,6,2,0,0
"4085",1992,6,3,0,0
"4085",1992,6,4,0,0
"4085",1992,6,5 - 9,1,0
"4085",1992,6,10 - 14,2,0
"4085",1992,6,15 - 19,24,59
"4085",1992,6,20 - 24,81,310
"4085",1992,6,25 - 29,98,467
"4085",1992,6,30 - 34,86,528
"4085",1992,6,35 - 39,114,504
"4085",1992,6,40 - 44,126,476
"4085",1992,6,45 - 49,176,507
"4085",1992,6,50 - 54,211,873
"4085",1992,6,55 - 59,180,826
"4085",1992,6,60 - 64,176,624
"4085",1992,6,65 - 69,205,358
"4085",1992,6,70 - 74,213,241
"4085",1992,6,75 - 79,347,267
"4085",1992,6,80 - 84,708,388
"4085",1992,6,85 - 89,1238,422
"4085",1992,6,90 - 94,0,0
"4085",1992,6,95+,0,0
"4085",1992,6,UNK,0,0
"4085",1992,7,Total,7167,6033
"4085",1992,7,0,36,41
"4085",1992,7,1,51,50
"4085",1992,7,2,0,0
"4085",1992,7,3,0,0
"4085",1992,7,4,0,0
"4085",1992,7,5 - 9,27,48
"4085",1992,7,10 - 14,34,30
"4085",1992,7,15 - 19,18,67
"4085",1992,7,20 - 24,33,80
"4085",1992,7,25 - 29,57,96
"4085",1992,7,30 - 34,47,123
"4085",1992,7,35 - 39,68,129
"4085",1992,7,40 - 44,98,175
"4085",1992,7,45 - 49,115,154
"4085",1992,7,50 - 54,193,271
"4085",1992,7,55 - 59,255,324
"4085",1992,7,60 - 64,334,437
"4085",1992,7,65 - 69,551,555
"4085",1992,7,70 - 74,863,667
"4085",1992,7,75 - 79,1290,989
"4085",1992,7,80 - 84,1643,1117
"4085",1992,7,85 - 89,1454,680
"4085",1992,7,90 - 94,0,0
"4085",1992,7,95+,0,0
"4085",1992,7,UNK,0,0
"4085",1992,8,Total,14813,8738
"4085",1992,8,0,25,25
"4085",1992,8,1,17,21
"4085",1992,8,2,0,0
"4085",1992,8,3,0,0
"4085",1992,8,4,0,0
"4085",1992,8,5 - 9,10,10
"4085",1992,8,10 - 14,14,12
"4085",1992,8,15 - 19,11,20
"4085",1992,8,20 - 24,26,40
"4085",1992,8,25 - 29,61,189
"4085",1992,8,30 - 34,89,364
"4085",1992,8,35 - 39,84,393
"4085",1992,8,40 - 44,88,348
"4085",1992,8,45 - 49,77,383
"4085",1992,8,50 - 54,172,561
"4085",1992,8,55 - 59,323,606
"4085",1992,8,60 - 64,606,727
"4085",1992,8,65 - 69,1193,729
"4085",1992,8,70 - 74,1782,924
"4085",1992,8,75 - 79,2598,1113
"4085",1992,8,80 - 84,3841,1316
"4085",1992,8,85 - 89,3796,957
"4085",1992,8,90 - 94,0,0
"4085",1992,8,95+,0,0
"4085",1992,8,UNK,0,0
"4085",1992,9,Total,19923,21942
"4085",1992,9,0,9,7
"4085",1992,9,1,6,13
"4085",1992,9,2,0,0
"4085",1992,9,3,0,0
"4085",1992,9,4,0,0
"4085",1992,9,5 - 9,3,4
"4085",1992,9,10 - 14,5,7
"4085",1992,9,15 - 19,10,10
"4085",1992,9,20 - 24,19,32
"4085",1992,9,25 - 29,70,138
"4085",1992,9,30 - 34,181,396
"4085",1992,9,35 - 39,298,786
"4085",1992,9,40 - 44,477,1096
"4085",1992,9,45 - 49,532,1329
"4085",1992,9,50 - 54,969,2393
"4085",1992,9,55 - 59,1101,2756
"4085",1992,9,60 - 64,1164,2774
"4085",1992,9,65 - 69,1563,2281
"4085",1992,9,70 - 74,1895,1983
"4085",1992,9,75 - 79,2659,1950
"4085",1992,9,80 - 84,3967,2098
"4085",1992,9,85 - 89,4995,1889
"4085",1992,9,90 - 94,0,0
"4085",1992,9,95+,0,0
"4085",1992,9,UNK,0,0
"4085",1992,10,Total,5287,4196
"4085",1992,10,0,5,1
"4085",1992,10,1,4,3
"4085",1992,10,2,0,0
"4085",1992,10,3,0,0
"4085",1992,10,4,0,0
"4085",1992,10,5 - 9,0,2
"4085",1992,10,10 - 14,1,1
"4085",1992,10,15 - 19,3,1
"4085",1992,10,20 - 24,5,6
"4085",1992,10,25 - 29,7,8
"4085",1992,10,30 - 34,8,15
"4085",1992,10,35 - 39,23,29
"4085",1992,10,40 - 44,30,42
"4085",1992,10,45 - 49,41,48
"4085",1992,10,50 - 54,76,144
"4085",1992,10,55 - 59,131,184
"4085",1992,10,60 - 64,235,276
"4085",1992,10,65 - 69,390,326
"4085",1992,10,70 - 74,579,447
"4085",1992,10,75 - 79,868,667
"4085",1992,10,80 - 84,1291,937
"4085",1992,10,85 - 89,1590,1059
"4085",1992,10,90 - 94,0,0
"4085",1992,10,95+,0,0
"4085",1992,10,UNK,0,0
"4085",1992,11,Total,1982,2489
"4085",1992,11,0,1486,1978
"4085",1992,11,1,110,139
"4085",1992,11,2,0,0
"4085",1992,11,3,0,0
"4085",1992,11,4,0,0
"4085",1992,11,5 - 9,31,42
"4085",1992,11,10 - 14,33,33
"4085",1992,11,15 - 19,27,39
"4085",1992,11,20 - 24,27,29
"4085",1992,11,25 - 29,25,19
"4085",1992,11,30 - 34,17,29
"4085",1992,11,35 - 39,20,25
"4085",1992,11,40 - 44,14,18
"4085",1992,11,45 - 49,18,21
"4085",1992,11,50 - 54,22,18
"4085",1992,11,55 - 59,21,25
"4085",1992,11,60 - 64,11,14
"4085",1992,11,65 - 69,24,15
"4085",1992,11,70 - 74,18,11
"4085",1992,11,75 - 79,31,14
"4085",1992,11,80 - 84,29,9
"4085",1992,11,85 - 89,18,11
"4085",1992,11,90 - 94,0,0
"4085",1992,11,95+,0,0
"4085",1992,11,UNK,0,0
"4085",1992,12,Total,22158,28202
"4085",1992,12,0,32,57
"4085",1992,12,1,26,35
"4085",1992,12,2,0,0
"4085",1992,12,3,0,0
"4085",1992,12,4,0,0
"4085",1992,12,5 - 9,13,15
"4085",1992,12,10 - 14,11,17
"4085",1992,12,15 - 19,19,21
"4085",1992,12,20 - 24,36,41
"4085",1992,12,25 - 29,39,66
"4085",1992,12,30 - 34,50,71
"4085",1992,12,35 - 39,71,129
"4085",1992,12,40 - 44,94,191
"4085",1992,12,45 - 49,112,260
"4085",1992,12,50 - 54,250,634
"4085",1992,12,55 - 59,443,1108
"4085",1992,12,60 - 64,755,2180
"4085",1992,12,65 - 69,1335,2903
"4085",1992,12,70 - 74,1993,3538
"4085",1992,12,75 - 79,3211,4816
"4085",1992,12,80 - 84,5032,5953
"4085",1992,12,85 - 89,8636,6167
"4085",1992,12,90 - 94,0,0
"4085",1992,12,95+,0,0
"4085",1992,12,UNK,0,0
"4085",1992,13,Total,17177,26625
"4085",1992,13,0,48,54
"4085",1992,13,1,161,258
"4085",1992,13,2,0,0
"4085",1992,13,3,0,0
"4085",1992,13,4,0,0
"4085",1992,13,5 - 9,141,202
"4085",1992,13,10 - 14,98,188
"4085",1992,13,15 - 19,367,1135
"4085",1992,13,20 - 24,496,2230
"4085",1992,13,25 - 29,520,2289
"4085",1992,13,30 - 34,490,2122
"4085",1992,13,35 - 39,478,1899
"4085",1992,13,40 - 44,459,1764
"4085",1992,13,45 - 49,504,1573
"4085",1992,13,50 - 54,769,2303
"4085",1992,13,55 - 59,672,1891
"4085",1992,13,60 - 64,687,1562
"4085",1992,13,65 - 69,935,1236
"4085",1992,13,70 - 74,1134,1044
"4085",1992,13,75 - 79,1777,1289
"4085",1992,13,80 - 84,2786,1699
"4085",1992,13,85 - 89,4655,1887
"4085",1992,13,90 - 94,0,0
"4085",1992,13,95+,0,0
"4085",1992,13,UNK,0,0
"4085",1992,14,Total,398,551
"4085",1992,14,0,11,16
"4085",1992,14,1,14,10
"4085",1992,14,2,0,0
"4085",1992,14,3,0,0
"4085",1992,14,4,0,0
"4085",1992,14,5 - 9,8,5
"4085",1992,14,10 - 14,5,6
"4085",1992,14,15 - 19,16,25
"4085",1992,14,20 - 24,40,44
"4085",1992,14,25 - 29,43,60
"4085",1992,14,30 - 34,41,69
"4085",1992,14,35 - 39,33,49
"4085",1992,14,40 - 44,34,49
"4085",1992,14,45 - 49,29,44
"4085",1992,14,50 - 54,31,63
"4085",1992,14,55 - 59,7,47
"4085",1992,14,60 - 64,16,22
"4085",1992,14,65 - 69,16,9
"4085",1992,14,70 - 74,12,6
"4085",1992,14,75 - 79,11,13
"4085",1992,14,80 - 84,19,9
"4085",1992,14,85 - 89,12,5
"4085",1992,14,90 - 94,0,0
"4085",1992,14,95+,0,0
"4085",1992,14,UNK,0,0
"4085",1993,1,Total,481396,415874
"4085",1993,1,0,1978,2687
"4085",1993,1,1,516,675
"4085",1993,1,2,0,0
"4085",1993,1,3,0,0
"4085",1993,1,4,0,0
"4085",1993,1,5 - 9,307,445
"4085",1993,1,10 - 14,318,463
"4085",1993,1,15 - 19,659,1602
"4085",1993,1,20 - 24,907,3046
"4085",1993,1,25 - 29,1407,3809
"4085",1993,1,30 - 34,2042,4893
"4085",1993,1,35 - 39,2701,6217
"4085",1993,1,40 - 44,4284,8264
"4085",1993,1,45 - 49,5371,10738
"4085",1993,1,50 - 54,10209,21894
"4085",1993,1,55 - 59,13913,30671
"4085",1993,1,60 - 64,19099,39804
"4085",1993,1,65 - 69,31401,45726
"4085",1993,1,70 - 74,50609,52111
"4085",1993,1,75 - 79,61158,48336
"4085",1993,1,80 - 84,110150,67317
"4085",1993,1,85 - 89,164367,67176
"4085",1993,1,90 - 94,0,0
"4085",1993,1,95+,0,0
"4085",1993,1,UNK,0,0
"4085",1993,2,Total,2970,2686
"4085",1993,2,0,20,34
"4085",1993,2,1,27,28
"4085",1993,2,2,0,0
"4085",1993,2,3,0,0
"4085",1993,2,4,0,0
"4085",1993,2,5 - 9,7,14
"4085",1993,2,10 - 14,5,8
"4085",1993,2,15 - 19,11,11
"4085",1993,2,20 - 24,10,11
"4085",1993,2,25 - 29,16,20
"4085",1993,2,30 - 34,25,37
"4085",1993,2,35 - 39,21,51
"4085",1993,2,40 - 44,41,82
"4085",1993,2,45 - 49,36,67
"4085",1993,2,50 - 54,81,140
"4085",1993,2,55 - 59,108,217
"4085",1993,2,60 - 64,145,268
"4085",1993,2,65 - 69,237,333
"4085",1993,2,70 - 74,322,354
"4085",1993,2,75 - 79,378,293
"4085",1993,2,80 - 84,591,365
"4085",1993,2,85 - 89,889,353
"4085",1993,2,90 - 94,0,0
"4085",1993,2,95+,0,0
"4085",1993,2,UNK,0,0
"4085",1993,3,Total,109322,110442
"4085",1993,3,0,17,16
"4085",1993,3,1,73,62
"4085",1993,3,2,0,0
"4085",1993,3,3,0,0
"4085",1993,3,4,0,0
"4085",1993,3,5 - 9,71,85
"4085",1993,3,10 - 14,69,79
"4085",1993,3,15 - 19,74,123
"4085",1993,3,20 - 24,130,197
"4085",1993,3,25 - 29,311,311
"4085",1993,3,30 - 34,595,494
"4085",1993,3,35 - 39,1036,837
"4085",1993,3,40 - 44,1910,1712
"4085",1993,3,45 - 49,2705,3069
"4085",1993,3,50 - 54,5377,7519
"4085",1993,3,55 - 59,6859,10826
"4085",1993,3,60 - 64,8449,14348
"4085",1993,3,65 - 69,12166,15757
"4085",1993,3,70 - 74,16126,16162
"4085",1993,3,75 - 79,14278,12828
"4085",1993,3,80 - 84,19852,14985
"4085",1993,3,85 - 89,19224,11032
"4085",1993,3,90 - 94,0,0
"4085",1993,3,95+,0,0
"4085",1993,3,UNK,0,0
"4085",1993,4,Total,257184,183712
"4085",1993,4,0,18,31
"4085",1993,4,1,29,27
"4085",1993,4,2,0,0
"4085",1993,4,3,0,0
"4085",1993,4,4,0,0
"4085",1993,4,5 - 9,20,21
"4085",1993,4,10 - 14,14,33
"4085",1993,4,15 - 19,41,54
"4085",1993,4,20 - 24,77,130
"4085",1993,4,25 - 29,137,228
"4085",1993,4,30 - 34,225,513
"4085",1993,4,35 - 39,380,949
"4085",1993,4,40 - 44,673,1776
"4085",1993,4,45 - 49,827,2775
"4085",1993,4,50 - 54,1758,6264
"4085",1993,4,55 - 59,3245,10303
"4085",1993,4,60 - 64,5963,15447
"4085",1993,4,65 - 69,11917,19693
"4085",1993,4,70 - 74,23093,24329
"4085",1993,4,75 - 79,33249,24631
"4085",1993,4,80 - 84,66623,36832
"4085",1993,4,85 - 89,108895,39676
"4085",1993,4,90 - 94,0,0
"4085",1993,4,95+,0,0
"4085",1993,4,UNK,0,0
"4085",1993,5,Total,11245,9824
"4085",1993,5,0,379,576
"4085",1993,5,1,40,51
"4085",1993,5,2,0,0
"4085",1993,5,3,0,0
"4085",1993,5,4,0,0
"4085",1993,5,5 - 9,11,14
"4085",1993,5,10 - 14,11,16
"4085",1993,5,15 - 19,17,35
"4085",1993,5,20 - 24,33,146
"4085",1993,5,25 - 29,60,188
"4085",1993,5,30 - 34,97,266
"4085",1993,5,35 - 39,106,364
"4085",1993,5,40 - 44,181,434
"4085",1993,5,45 - 49,172,508
"4085",1993,5,50 - 54,261,802
"4085",1993,5,55 - 59,296,938
"4085",1993,5,60 - 64,364,855
"4085",1993,5,65 - 69,572,767
"4085",1993,5,70 - 74,790,761
"4085",1993,5,75 - 79,948,570
"4085",1993,5,80 - 84,1817,949
"4085",1993,5,85 - 89,5090,1584
"4085",1993,5,90 - 94,0,0
"4085",1993,5,95+,0,0
"4085",1993,5,UNK,0,0
"4085",1993,6,Total,3975,6912
"4085",1993,6,0,0,1
"4085",1993,6,1,1,2
"4085",1993,6,2,0,0
"4085",1993,6,3,0,0
"4085",1993,6,4,0,0
"4085",1993,6,5 - 9,0,1
"4085",1993,6,10 - 14,1,1
"4085",1993,6,15 - 19,24,42
"4085",1993,6,20 - 24,55,229
"4085",1993,6,25 - 29,104,399
"4085",1993,6,30 - 34,99,479
"4085",1993,6,35 - 39,101,543
"4085",1993,6,40 - 44,140,555
"4085",1993,6,45 - 49,135,543
"4085",1993,6,50 - 54,218,860
"4085",1993,6,55 - 59,223,853
"4085",1993,6,60 - 64,178,646
"4085",1993,6,65 - 69,191,365
"4085",1993,6,70 - 74,242,311
"4085",1993,6,75 - 79,323,239
"4085",1993,6,80 - 84,687,405
"4085",1993,6,85 - 89,1253,438
"4085",1993,6,90 - 94,0,0
"4085",1993,6,95+,0,0
"4085",1993,6,UNK,0,0
"4085",1993,7,Total,7448,6170
"4085",1993,7,0,38,70
"4085",1993,7,1,36,72
"4085",1993,7,2,0,0
"4085",1993,7,3,0,0
"4085",1993,7,4,0,0
"4085",1993,7,5 - 9,35,35
"4085",1993,7,10 - 14,33,42
"4085",1993,7,15 - 19,23,81
"4085",1993,7,20 - 24,36,79
"4085",1993,7,25 - 29,39,82
"4085",1993,7,30 - 34,68,124
"4085",1993,7,35 - 39,76,149
"4085",1993,7,40 - 44,106,161
"4085",1993,7,45 - 49,114,187
"4085",1993,7,50 - 54,175,285
"4085",1993,7,55 - 59,277,363
"4085",1993,7,60 - 64,314,402
"4085",1993,7,65 - 69,590,552
"4085",1993,7,70 - 74,981,794
"4085",1993,7,75 - 79,1209,848
"4085",1993,7,80 - 84,1760,1049
"4085",1993,7,85 - 89,1538,795
"4085",1993,7,90 - 94,0,0
"4085",1993,7,95+,0,0
"4085",1993,7,UNK,0,0
"4085",1993,8,Total,17869,10694
"4085",1993,8,0,26,32
"4085",1993,8,1,13,19
"4085",1993,8,2,0,0
"4085",1993,8,3,0,0
"4085",1993,8,4,0,0
"4085",1993,8,5 - 9,9,9
"4085",1993,8,10 - 14,11,16
"4085",1993,8,15 - 19,16,22
"4085",1993,8,20 - 24,26,50
"4085",1993,8,25 - 29,66,203
"4085",1993,8,30 - 34,108,385
"4085",1993,8,35 - 39,89,438
"4085",1993,8,40 - 44,99,439
"4085",1993,8,45 - 49,98,433
"4085",1993,8,50 - 54,204,598
"4085",1993,8,55 - 59,412,698
"4085",1993,8,60 - 64,716,891
"4085",1993,8,65 - 69,1226,1040
"4085",1993,8,70 - 74,2259,1316
"4085",1993,8,75 - 79,2743,1175
"4085",1993,8,80 - 84,4627,1632
"4085",1993,8,85 - 89,5121,1298
"4085",1993,8,90 - 94,0,0
"4085",1993,8,95+,0,0
"4085",1993,8,UNK,0,0
"4085",1993,9,Total,20126,22154
"4085",1993,9,0,7,15
"4085",1993,9,1,7,12
"4085",1993,9,2,0,0
"4085",1993,9,3,0,0
"4085",1993,9,4,0,0
"4085",1993,9,5 - 9,3,5
"4085",1993,9,10 - 14,5,1
"4085",1993,9,15 - 19,10,2
"4085",1993,9,20 - 24,12,27
"4085",1993,9,25 - 29,54,123
"4085",1993,9,30 - 34,169,405
"4085",1993,9,35 - 39,315,802
"4085",1993,9,40 - 44,467,1106
"4085",1993,9,45 - 49,561,1284
"4085",1993,9,50 - 54,938,2353
"4085",1993,9,55 - 59,1066,2913
"4085",1993,9,60 - 64,1152,2805
"4085",1993,9,65 - 69,1641,2437
"4085",1993,9,70 - 74,2204,2188
"4085",1993,9,75 - 79,2307,1569
"4085",1993,9,80 - 84,3969,2129
"4085",1993,9,85 - 89,5239,1978
"4085",1993,9,90 - 94,0,0
"4085",1993,9,95+,0,0
"4085",1993,9,UNK,0,0
"4085",1993,10,Total,5211,4178
"4085",1993,10,0,0,1
"4085",1993,10,1,1,5
"4085",1993,10,2,0,0
"4085",1993,10,3,0,0
"4085",1993,10,4,0,0
"4085",1993,10,5 - 9,0,3
"4085",1993,10,10 - 14,3,2
"4085",1993,10,15 - 19,2,1
"4085",1993,10,20 - 24,4,4
"4085",1993,10,25 - 29,7,9
"4085",1993,10,30 - 34,13,15
"4085",1993,10,35 - 39,14,29
"4085",1993,10,40 - 44,25,44
"4085",1993,10,45 - 49,35,57
"4085",1993,10,50 - 54,61,128
"4085",1993,10,55 - 59,145,219
"4085",1993,10,60 - 64,240,268
"4085",1993,10,65 - 69,393,369
"4085",1993,10,70 - 74,607,488
"4085",1993,10,75 - 79,762,578
"4085",1993,10,80 - 84,1286,877
"4085",1993,10,85 - 89,1613,1081
"4085",1993,10,90 - 94,0,0
"4085",1993,10,95+,0,0
"4085",1993,10,UNK,0,0
"4085",1993,11,Total,1896,2291
"4085",1993,11,0,1371,1783
"4085",1993,11,1,114,139
"4085",1993,11,2,0,0
"4085",1993,11,3,0,0
"4085",1993,11,4,0,0
"4085",1993,11,5 - 9,42,48
"4085",1993,11,10 - 14,27,26
"4085",1993,11,15 - 19,27,46
"4085",1993,11,20 - 24,27,35
"4085",1993,11,25 - 29,33,24
"4085",1993,11,30 - 34,27,19
"4085",1993,11,35 - 39,15,17
"4085",1993,11,40 - 44,25,18
"4085",1993,11,45 - 49,15,18
"4085",1993,11,50 - 54,24,25
"4085",1993,11,55 - 59,29,23
"4085",1993,11,60 - 64,16,19
"4085",1993,11,65 - 69,15,20
"4085",1993,11,70 - 74,13,9
"4085",1993,11,75 - 79,23,2
"4085",1993,11,80 - 84,25,7
"4085",1993,11,85 - 89,28,13
"4085",1993,11,90 - 94,0,0
"4085",1993,11,95+,0,0
"4085",1993,11,UNK,0,0
"4085",1993,12,Total,23933,29001
"4085",1993,12,0,30,41
"4085",1993,12,1,19,26
"4085",1993,12,2,0,0
"4085",1993,12,3,0,0
"4085",1993,12,4,0,0
"4085",1993,12,5 - 9,12,14
"4085",1993,12,10 - 14,14,9
"4085",1993,12,15 - 19,19,25
"4085",1993,12,20 - 24,18,39
"4085",1993,12,25 - 29,37,66
"4085",1993,12,30 - 34,57,95
"4085",1993,12,35 - 39,64,103
"4085",1993,12,40 - 44,111,165
"4085",1993,12,45 - 49,150,268
"4085",1993,12,50 - 54,263,658
"4085",1993,12,55 - 59,453,1209
"4085",1993,12,60 - 64,775,2151
"4085",1993,12,65 - 69,1413,3045
"4085",1993,12,70 - 74,2338,3991
"4085",1993,12,75 - 79,3063,4238
"4085",1993,12,80 - 84,5394,6190
"4085",1993,12,85 - 89,9703,6668
"4085",1993,12,90 - 94,0,0
"4085",1993,12,95+,0,0
"4085",1993,12,UNK,0,0
"4085",1993,13,Total,16116,25592
"4085",1993,13,0,57,66
"4085",1993,13,1,138,217
"4085",1993,13,2,0,0
"4085",1993,13,3,0,0
"4085",1993,13,4,0,0
"4085",1993,13,5 - 9,85,183
"4085",1993,13,10 - 14,105,223
"4085",1993,13,15 - 19,373,1136
"4085",1993,13,20 - 24,431,2034
"4085",1993,13,25 - 29,486,2086
"4085",1993,13,30 - 34,494,1982
"4085",1993,13,35 - 39,424,1851
"4085",1993,13,40 - 44,448,1689
"4085",1993,13,45 - 49,464,1460
"4085",1993,13,50 - 54,742,2127
"4085",1993,13,55 - 59,673,1973
"4085",1993,13,60 - 64,635,1528
"4085",1993,13,65 - 69,793,1190
"4085",1993,13,70 - 74,1178,1190
"4085",1993,13,75 - 79,1373,1144
"4085",1993,13,80 - 84,2694,1607
"4085",1993,13,85 - 89,4523,1906
"4085",1993,13,90 - 94,0,0
"4085",1993,13,95+,0,0
"4085",1993,13,UNK,0,0
"4085",1993,14,Total,403,563
"4085",1993,14,0,10,16
"4085",1993,14,1,13,8
"4085",1993,14,2,0,0
"4085",1993,14,3,0,0
"4085",1993,14,4,0,0
"4085",1993,14,5 - 9,7,10
"4085",1993,14,10 - 14,15,5
"4085",1993,14,15 - 19,16,22
"4085",1993,14,20 - 24,33,58
"4085",1993,14,25 - 29,37,52
"4085",1993,14,30 - 34,39,64
"4085",1993,14,35 - 39,34,57
"4085",1993,14,40 - 44,32,57
"4085",1993,14,45 - 49,26,51
"4085",1993,14,50 - 54,39,60
"4085",1993,14,55 - 59,25,45
"4085",1993,14,60 - 64,10,20
"4085",1993,14,65 - 69,14,15
"4085",1993,14,70 - 74,17,9
"4085",1993,14,75 - 79,14,5
"4085",1993,14,80 - 84,13,4
"4085",1993,14,85 - 89,9,5
"4085",1993,14,90 - 94,0,0
"4085",1993,14,95+,0,0
"4085",1993,14,UNK,0,0
"4085",1994,1,Total,475286,409375
"4085",1994,1,0,1855,2454
"4085",1994,1,1,524,629
"4085",1994,1,2,0,0
"4085",1994,1,3,0,0
"4085",1994,1,4,0,0
"4085",1994,1,5 - 9,292,425
"4085",1994,1,10 - 14,294,431
"4085",1994,1,15 - 19,650,1671
"4085",1994,1,20 - 24,855,2729
"4085",1994,1,25 - 29,1245,3704
"4085",1994,1,30 - 34,1998,4998
"4085",1994,1,35 - 39,2653,6296
"4085",1994,1,40 - 44,4112,8577
"4085",1994,1,45 - 49,5201,10453
"4085",1994,1,50 - 54,9775,20557
"4085",1994,1,55 - 59,14217,31457
"4085",1994,1,60 - 64,18436,38354
"4085",1994,1,65 - 69,30423,47930
"4085",1994,1,70 - 74,53011,54361
"4085",1994,1,75 - 79,52499,41390
"4085",1994,1,80 - 84,107663,65411
"4085",1994,1,85 - 89,169583,67546
"4085",1994,1,90 - 94,0,0
"4085",1994,1,95+,0,0
"4085",1994,1,UNK,0,2
"4085",1994,2,Total,3119,2879
"4085",1994,2,0,22,26
"4085",1994,2,1,20,21
"4085",1994,2,2,0,0
"4085",1994,2,3,0,0
"4085",1994,2,4,0,0
"4085",1994,2,5 - 9,7,6
"4085",1994,2,10 - 14,3,8
"4085",1994,2,15 - 19,11,13
"4085",1994,2,20 - 24,8,17
"4085",1994,2,25 - 29,7,23
"4085",1994,2,30 - 34,21,39
"4085",1994,2,35 - 39,24,61
"4085",1994,2,40 - 44,28,86
"4085",1994,2,45 - 49,31,91
"4085",1994,2,50 - 54,59,139
"4085",1994,2,55 - 59,109,269
"4085",1994,2,60 - 64,172,271
"4085",1994,2,65 - 69,258,340
"4085",1994,2,70 - 74,449,404
"4085",1994,2,75 - 79,360,295
"4085",1994,2,80 - 84,651,412
"4085",1994,2,85 - 89,879,358
"4085",1994,2,90 - 94,0,0
"4085",1994,2,95+,0,0
"4085",1994,2,UNK,0,0
"4085",1994,3,Total,108564,109848
"4085",1994,3,0,15,15
"4085",1994,3,1,57,83
"4085",1994,3,2,0,0
"4085",1994,3,3,0,0
"4085",1994,3,4,0,0
"4085",1994,3,5 - 9,68,97
"4085",1994,3,10 - 14,62,67
"4085",1994,3,15 - 19,69,105
"4085",1994,3,20 - 24,118,165
"4085",1994,3,25 - 29,265,285
"4085",1994,3,30 - 34,592,519
"4085",1994,3,35 - 39,980,858
"4085",1994,3,40 - 44,1852,1663
"4085",1994,3,45 - 49,2621,2983
"4085",1994,3,50 - 54,5081,7004
"4085",1994,3,55 - 59,7067,11071
"4085",1994,3,60 - 64,8186,13691
"4085",1994,3,65 - 69,11916,16908
"4085",1994,3,70 - 74,16935,17082
"4085",1994,3,75 - 79,12614,11215
"4085",1994,3,80 - 84,19750,14743
"4085",1994,3,85 - 89,20316,11294
"4085",1994,3,90 - 94,0,0
"4085",1994,3,95+,0,0
"4085",1994,3,UNK,0,0
"4085",1994,4,Total,252219,178323
"4085",1994,4,0,15,27
"4085",1994,4,1,30,23
"4085",1994,4,2,0,0
"4085",1994,4,3,0,0
"4085",1994,4,4,0,0
"4085",1994,4,5 - 9,14,21
"4085",1994,4,10 - 14,16,24
"4085",1994,4,15 - 19,46,62
"4085",1994,4,20 - 24,76,109
"4085",1994,4,25 - 29,134,227
"4085",1994,4,30 - 34,235,510
"4085",1994,4,35 - 39,388,948
"4085",1994,4,40 - 44,648,1794
"4085",1994,4,45 - 49,834,2612
"4085",1994,4,50 - 54,1706,5850
"4085",1994,4,55 - 59,3395,10505
"4085",1994,4,60 - 64,5668,14712
"4085",1994,4,65 - 69,11415,20096
"4085",1994,4,70 - 74,23954,25150
"4085",1994,4,75 - 79,28133,20754
"4085",1994,4,80 - 84,64528,35488
"4085",1994,4,85 - 89,110984,39411
"4085",1994,4,90 - 94,0,0
"4085",1994,4,95+,0,0
"4085",1994,4,UNK,0,0
"4085",1994,5,Total,11836,10063
"4085",1994,5,0,342,481
"4085",1994,5,1,32,48
"4085",1994,5,2,0,0
"4085",1994,5,3,0,0
"4085",1994,5,4,0,0
"4085",1994,5,5 - 9,5,15
"4085",1994,5,10 - 14,14,12
"4085",1994,5,15 - 19,20,68
"4085",1994,5,20 - 24,35,122
"4085",1994,5,25 - 29,56,191
"4085",1994,5,30 - 34,110,278
"4085",1994,5,35 - 39,118,360
"4085",1994,5,40 - 44,153,452
"4085",1994,5,45 - 49,179,478
"4085",1994,5,50 - 54,283,798
"4085",1994,5,55 - 59,316,971
"4085",1994,5,60 - 64,374,899
"4085",1994,5,65 - 69,537,873
"4085",1994,5,70 - 74,881,778
"4085",1994,5,75 - 79,818,527
"4085",1994,5,80 - 84,1845,939
"4085",1994,5,85 - 89,5718,1773
"4085",1994,5,90 - 94,0,0
"4085",1994,5,95+,0,0
"4085",1994,5,UNK,0,0
"4085",1994,6,Total,4206,7175
"4085",1994,6,0,0,0
"4085",1994,6,1,2,0
"4085",1994,6,2,0,0
"4085",1994,6,3,0,0
"4085",1994,6,4,0,0
"4085",1994,6,5 - 9,0,0
"4085",1994,6,10 - 14,0,1
"4085",1994,6,15 - 19,24,29
"4085",1994,6,20 - 24,57,202
"4085",1994,6,25 - 29,76,352
"4085",1994,6,30 - 34,109,444
"4085",1994,6,35 - 39,106,582
"4085",1994,6,40 - 44,116,619
"4085",1994,6,45 - 49,143,567
"4085",1994,6,50 - 54,233,886
"4085",1994,6,55 - 59,214,966
"4085",1994,6,60 - 64,191,688
"4085",1994,6,65 - 69,186,446
"4085",1994,6,70 - 74,274,313
"4085",1994,6,75 - 79,311,197
"4085",1994,6,80 - 84,724,382
"4085",1994,6,85 - 89,1440,500
"4085",1994,6,90 - 94,0,0
"4085",1994,6,95+,0,0
"4085",1994,6,UNK,0,1
"4085",1994,7,Total,7503,6293
"4085",1994,7,0,42,41
"4085",1994,7,1,47,47
"4085",1994,7,2,0,0
"4085",1994,7,3,0,0
"4085",1994,7,4,0,0
"4085",1994,7,5 - 9,24,31
"4085",1994,7,10 - 14,27,38
"4085",1994,7,15 - 19,24,41
"4085",1994,7,20 - 24,27,58
"4085",1994,7,25 - 29,43,71
"4085",1994,7,30 - 34,46,119
"4085",1994,7,35 - 39,69,128
"4085",1994,7,40 - 44,87,174
"4085",1994,7,45 - 49,103,150
"4085",1994,7,50 - 54,190,266
"4085",1994,7,55 - 59,250,404
"4085",1994,7,60 - 64,338,445
"4085",1994,7,65 - 69,573,569
"4085",1994,7,70 - 74,1014,847
"4085",1994,7,75 - 79,993,799
"4085",1994,7,80 - 84,1841,1230
"4085",1994,7,85 - 89,1765,835
"4085",1994,7,90 - 94,0,0
"4085",1994,7,95+,0,0
"4085",1994,7,UNK,0,0
"4085",1994,8,Total,17074,10481
"4085",1994,8,0,25,24
"4085",1994,8,1,19,12
"4085",1994,8,2,0,0
"4085",1994,8,3,0,0
"4085",1994,8,4,0,0
"4085",1994,8,5 - 9,9,7
"4085",1994,8,10 - 14,6,13
"4085",1994,8,15 - 19,15,21
"4085",1994,8,20 - 24,24,43
"4085",1994,8,25 - 29,73,171
"4085",1994,8,30 - 34,112,416
"4085",1994,8,35 - 39,108,452
"4085",1994,8,40 - 44,100,452
"4085",1994,8,45 - 49,92,384
"4085",1994,8,50 - 54,207,600
"4085",1994,8,55 - 59,355,749
"4085",1994,8,60 - 64,664,918
"4085",1994,8,65 - 69,1139,1066
"4085",1994,8,70 - 74,2381,1254
"4085",1994,8,75 - 79,2209,1045
"4085",1994,8,80 - 84,4346,1513
"4085",1994,8,85 - 89,5190,1341
"4085",1994,8,90 - 94,0,0
"4085",1994,8,95+,0,0
"4085",1994,8,UNK,0,0
"4085",1994,9,Total,20622,22205
"4085",1994,9,0,9,13
"4085",1994,9,1,8,5
"4085",1994,9,2,0,0
"4085",1994,9,3,0,0
"4085",1994,9,4,0,0
"4085",1994,9,5 - 9,4,6
"4085",1994,9,10 - 14,4,6
"4085",1994,9,15 - 19,4,11
"4085",1994,9,20 - 24,9,22
"4085",1994,9,25 - 29,34,120
"4085",1994,9,30 - 34,177,370
"4085",1994,9,35 - 39,298,759
"4085",1994,9,40 - 44,443,1221
"4085",1994,9,45 - 49,535,1248
"4085",1994,9,50 - 54,934,2176
"4085",1994,9,55 - 59,1123,3020
"4085",1994,9,60 - 64,1173,2799
"4085",1994,9,65 - 69,1578,2569
"4085",1994,9,70 - 74,2329,2245
"4085",1994,9,75 - 79,2137,1388
"4085",1994,9,80 - 84,4003,2146
"4085",1994,9,85 - 89,5820,2081
"4085",1994,9,90 - 94,0,0
"4085",1994,9,95+,0,0
"4085",1994,9,UNK,0,0
"4085",1994,10,Total,5515,4196
"4085",1994,10,0,1,1
"4085",1994,10,1,4,2
"4085",1994,10,2,0,0
"4085",1994,10,3,0,0
"4085",1994,10,4,0,0
"4085",1994,10,5 - 9,2,0
"4085",1994,10,10 - 14,1,1
"4085",1994,10,15 - 19,1,3
"4085",1994,10,20 - 24,5,6
"4085",1994,10,25 - 29,6,6
"4085",1994,10,30 - 34,8,20
"4085",1994,10,35 - 39,22,26
"4085",1994,10,40 - 44,30,44
"4085",1994,10,45 - 49,46,66
"4085",1994,10,50 - 54,86,119
"4085",1994,10,55 - 59,155,204
"4085",1994,10,60 - 64,192,307
"4085",1994,10,65 - 69,354,376
"4085",1994,10,70 - 74,669,554
"4085",1994,10,75 - 79,680,477
"4085",1994,10,80 - 84,1338,888
"4085",1994,10,85 - 89,1915,1096
"4085",1994,10,90 - 94,0,0
"4085",1994,10,95+,0,0
"4085",1994,10,UNK,0,0
"4085",1994,11,Total,1741,2204
"4085",1994,11,0,1305,1736
"4085",1994,11,1,123,141
"4085",1994,11,2,0,0
"4085",1994,11,3,0,0
"4085",1994,11,4,0,0
"4085",1994,11,5 - 9,33,34
"4085",1994,11,10 - 14,31,34
"4085",1994,11,15 - 19,30,35
"4085",1994,11,20 - 24,19,31
"4085",1994,11,25 - 29,19,27
"4085",1994,11,30 - 34,14,21
"4085",1994,11,35 - 39,15,18
"4085",1994,11,40 - 44,18,18
"4085",1994,11,45 - 49,14,10
"4085",1994,11,50 - 54,21,25
"4085",1994,11,55 - 59,20,22
"4085",1994,11,60 - 64,16,9
"4085",1994,11,65 - 69,14,18
"4085",1994,11,70 - 74,19,9
"4085",1994,11,75 - 79,5,7
"4085",1994,11,80 - 84,15,4
"4085",1994,11,85 - 89,10,5
"4085",1994,11,90 - 94,0,0
"4085",1994,11,95+,0,0
"4085",1994,11,UNK,0,0
"4085",1994,12,Total,24238,28586
"4085",1994,12,0,13,29
"4085",1994,12,1,28,26
"4085",1994,12,2,0,0
"4085",1994,12,3,0,0
"4085",1994,12,4,0,0
"4085",1994,12,5 - 9,8,10
"4085",1994,12,10 - 14,7,9
"4085",1994,12,15 - 19,24,21
"4085",1994,12,20 - 24,35,34
"4085",1994,12,25 - 29,39,57
"4085",1994,12,30 - 34,45,77
"4085",1994,12,35 - 39,50,118
"4085",1994,12,40 - 44,100,178
"4085",1994,12,45 - 49,120,256
"4085",1994,12,50 - 54,276,579
"4085",1994,12,55 - 59,444,1147
"4085",1994,12,60 - 64,770,2042
"4085",1994,12,65 - 69,1413,3225
"4085",1994,12,70 - 74,2478,4376
"4085",1994,12,75 - 79,2735,3670
"4085",1994,12,80 - 84,5522,5901
"4085",1994,12,85 - 89,10131,6831
"4085",1994,12,90 - 94,0,0
"4085",1994,12,95+,0,0
"4085",1994,12,UNK,0,0
"4085",1994,13,Total,14860,25106
"4085",1994,13,0,47,49
"4085",1994,13,1,140,200
"4085",1994,13,2,0,0
"4085",1994,13,3,0,0
"4085",1994,13,4,0,0
"4085",1994,13,5 - 9,102,181
"4085",1994,13,10 - 14,113,203
"4085",1994,13,15 - 19,361,1236
"4085",1994,13,20 - 24,404,1874
"4085",1994,13,25 - 29,434,2102
"4085",1994,13,30 - 34,463,2095
"4085",1994,13,35 - 39,405,1910
"4085",1994,13,40 - 44,466,1789
"4085",1994,13,45 - 49,427,1529
"4085",1994,13,50 - 54,628,2019
"4085",1994,13,55 - 59,665,1993
"4085",1994,13,60 - 64,575,1437
"4085",1994,13,65 - 69,794,1279
"4085",1994,13,70 - 74,1183,1148
"4085",1994,13,75 - 79,1106,839
"4085",1994,13,80 - 84,2289,1510
"4085",1994,13,85 - 89,4258,1712
"4085",1994,13,90 - 94,0,0
"4085",1994,13,95+,0,0
"4085",1994,13,UNK,0,1
"4085",1994,14,Total,373,581
"4085",1994,14,0,15,10
"4085",1994,14,1,8,19
"4085",1994,14,2,0,0
"4085",1994,14,3,0,0
"4085",1994,14,4,0,0
"4085",1994,14,5 - 9,13,14
"4085",1994,14,10 - 14,6,8
"4085",1994,14,15 - 19,16,22
"4085",1994,14,20 - 24,28,44
"4085",1994,14,25 - 29,36,61
"4085",1994,14,30 - 34,36,69
"4085",1994,14,35 - 39,49,61
"4085",1994,14,40 - 44,40,57
"4085",1994,14,45 - 49,23,54
"4085",1994,14,50 - 54,24,43
"4085",1994,14,55 - 59,17,42
"4085",1994,14,60 - 64,9,20
"4085",1994,14,65 - 69,14,13
"4085",1994,14,70 - 74,16,20
"4085",1994,14,75 - 79,3,8
"4085",1994,14,80 - 84,12,8
"4085",1994,14,85 - 89,8,8
"4085",1994,14,90 - 94,0,0
"4085",1994,14,95+,0,0
"4085",1994,14,UNK,0,0
"4085",1995,1,Total,473925,410663
"4085",1995,1,0,1729,2324
"4085",1995,1,1,426,600
"4085",1995,1,2,0,0
"4085",1995,1,3,0,0
"4085",1995,1,4,0,0
"4085",1995,1,5 - 9,328,388
"4085",1995,1,10 - 14,280,411
"4085",1995,1,15 - 19,689,1667
"4085",1995,1,20 - 24,841,2546
"4085",1995,1,25 - 29,1235,3480
"4085",1995,1,30 - 34,1940,4716
"4085",1995,1,35 - 39,2718,6295
"4085",1995,1,40 - 44,4166,8572
"4085",1995,1,45 - 49,5263,10597
"4085",1995,1,50 - 54,8990,18587
"4085",1995,1,55 - 59,14414,31674
"4085",1995,1,60 - 64,18277,38339
"4085",1995,1,65 - 69,29742,50482
"4085",1995,1,70 - 74,51269,54339
"4085",1995,1,75 - 79,51800,42448
"4085",1995,1,80 - 84,104429,63861
"4085",1995,1,85 - 89,175389,69337
"4085",1995,1,90 - 94,0,0
"4085",1995,1,95+,0,0
"4085",1995,1,UNK,0,0
"4085",1995,2,Total,3203,2881
"4085",1995,2,0,10,18
"4085",1995,2,1,20,27
"4085",1995,2,2,0,0
"4085",1995,2,3,0,0
"4085",1995,2,4,0,0
"4085",1995,2,5 - 9,7,4
"4085",1995,2,10 - 14,10,8
"4085",1995,2,15 - 19,9,10
"4085",1995,2,20 - 24,16,10
"4085",1995,2,25 - 29,13,22
"4085",1995,2,30 - 34,22,34
"4085",1995,2,35 - 39,27,67
"4085",1995,2,40 - 44,23,82
"4085",1995,2,45 - 49,51,92
"4085",1995,2,50 - 54,87,154
"4085",1995,2,55 - 59,97,224
"4085",1995,2,60 - 64,159,257
"4085",1995,2,65 - 69,278,426
"4085",1995,2,70 - 74,436,414
"4085",1995,2,75 - 79,407,323
"4085",1995,2,80 - 84,622,375
"4085",1995,2,85 - 89,909,334
"4085",1995,2,90 - 94,0,0
"4085",1995,2,95+,0,0
"4085",1995,2,UNK,0,0
"4085",1995,3,Total,107866,110731
"4085",1995,3,0,15,17
"4085",1995,3,1,53,77
"4085",1995,3,2,0,0
"4085",1995,3,3,0,0
"4085",1995,3,4,0,0
"4085",1995,3,5 - 9,78,84
"4085",1995,3,10 - 14,51,65
"4085",1995,3,15 - 19,75,96
"4085",1995,3,20 - 24,100,166
"4085",1995,3,25 - 29,257,309
"4085",1995,3,30 - 34,556,455
"4085",1995,3,35 - 39,1018,810
"4085",1995,3,40 - 44,1854,1724
"4085",1995,3,45 - 49,2664,3019
"4085",1995,3,50 - 54,4741,6312
"4085",1995,3,55 - 59,7247,11507
"4085",1995,3,60 - 64,8345,13707
"4085",1995,3,65 - 69,11599,17719
"4085",1995,3,70 - 74,16352,17074
"4085",1995,3,75 - 79,12861,11730
"4085",1995,3,80 - 84,19274,14178
"4085",1995,3,85 - 89,20726,11682
"4085",1995,3,90 - 94,0,0
"4085",1995,3,95+,0,0
"4085",1995,3,UNK,0,0
"4085",1995,4,Total,250912,178495
"4085",1995,4,0,12,18
"4085",1995,4,1,17,32
"4085",1995,4,2,0,0
"4085",1995,4,3,0,0
"4085",1995,4,4,0,0
"4085",1995,4,5 - 9,17,16
"4085",1995,4,10 - 14,16,37
"4085",1995,4,15 - 19,32,58
"4085",1995,4,20 - 24,71,117
"4085",1995,4,25 - 29,133,241
"4085",1995,4,30 - 34,232,462
"4085",1995,4,35 - 39,396,988
"4085",1995,4,40 - 44,651,1796
"4085",1995,4,45 - 49,852,2681
"4085",1995,4,50 - 54,1555,5281
"4085",1995,4,55 - 59,3305,10323
"4085",1995,4,60 - 64,5477,14543
"4085",1995,4,65 - 69,11220,21170
"4085",1995,4,70 - 74,23207,25050
"4085",1995,4,75 - 79,27056,20993
"4085",1995,4,80 - 84,62199,34413
"4085",1995,4,85 - 89,114464,40276
"4085",1995,4,90 - 94,0,0
"4085",1995,4,95+,0,0
"4085",1995,4,UNK,0,0
"4085",1995,5,Total,12173,10583
"4085",1995,5,0,326,507
"4085",1995,5,1,31,41
"4085",1995,5,2,0,0
"4085",1995,5,3,0,0
"4085",1995,5,4,0,0
"4085",1995,5,5 - 9,15,13
"4085",1995,5,10 - 14,6,9
"4085",1995,5,15 - 19,40,64
"4085",1995,5,20 - 24,39,129
"4085",1995,5,25 - 29,75,193
"4085",1995,5,30 - 34,121,279
"4085",1995,5,35 - 39,125,339
"4085",1995,5,40 - 44,177,470
"4085",1995,5,45 - 49,182,562
"4085",1995,5,50 - 54,269,795
"4085",1995,5,55 - 59,301,1060
"4085",1995,5,60 - 64,377,959
"4085",1995,5,65 - 69,533,969
"4085",1995,5,70 - 74,857,804
"4085",1995,5,75 - 79,818,616
"4085",1995,5,80 - 84,1817,931
"4085",1995,5,85 - 89,6064,1843
"4085",1995,5,90 - 94,0,0
"4085",1995,5,95+,0,0
"4085",1995,5,UNK,0,0
"4085",1995,6,Total,4346,7037
"4085",1995,6,0,0,0
"4085",1995,6,1,3,1
"4085",1995,6,2,0,0
"4085",1995,6,3,0,0
"4085",1995,6,4,0,0
"4085",1995,6,5 - 9,0,0
"4085",1995,6,10 - 14,2,2
"4085",1995,6,15 - 19,13,35
"4085",1995,6,20 - 24,46,163
"4085",1995,6,25 - 29,71,320
"4085",1995,6,30 - 34,82,426
"4085",1995,6,35 - 39,104,579
"4085",1995,6,40 - 44,134,651
"4085",1995,6,45 - 49,144,527
"4085",1995,6,50 - 54,195,722
"4085",1995,6,55 - 59,239,912
"4085",1995,6,60 - 64,189,710
"4085",1995,6,65 - 69,188,474
"4085",1995,6,70 - 74,278,331
"4085",1995,6,75 - 79,304,231
"4085",1995,6,80 - 84,773,390
"4085",1995,6,85 - 89,1581,563
"4085",1995,6,90 - 94,0,0
"4085",1995,6,95+,0,0
"4085",1995,6,UNK,0,0
"4085",1995,7,Total,7925,6750
"4085",1995,7,0,23,37
"4085",1995,7,1,45,52
"4085",1995,7,2,0,0
"4085",1995,7,3,0,0
"4085",1995,7,4,0,0
"4085",1995,7,5 - 9,33,26
"4085",1995,7,10 - 14,23,36
"4085",1995,7,15 - 19,32,75
"4085",1995,7,20 - 24,27,65
"4085",1995,7,25 - 29,47,95
"4085",1995,7,30 - 34,67,109
"4085",1995,7,35 - 39,78,141
"4085",1995,7,40 - 44,99,178
"4085",1995,7,45 - 49,109,184
"4085",1995,7,50 - 54,173,271
"4085",1995,7,55 - 59,288,398
"4085",1995,7,60 - 64,306,452
"4085",1995,7,65 - 69,527,602
"4085",1995,7,70 - 74,1038,871
"4085",1995,7,75 - 79,1131,843
"4085",1995,7,80 - 84,1929,1297
"4085",1995,7,85 - 89,1950,1018
"4085",1995,7,90 - 94,0,0
"4085",1995,7,95+,0,0
"4085",1995,7,UNK,0,0
"4085",1995,8,Total,17396,10972
"4085",1995,8,0,20,26
"4085",1995,8,1,12,16
"4085",1995,8,2,0,0
"4085",1995,8,3,0,0
"4085",1995,8,4,0,0
"4085",1995,8,5 - 9,4,10
"4085",1995,8,10 - 14,7,12
"4085",1995,8,15 - 19,18,22
"4085",1995,8,20 - 24,26,38
"4085",1995,8,25 - 29,69,148
"4085",1995,8,30 - 34,128,399
"4085",1995,8,35 - 39,99,482
"4085",1995,8,40 - 44,78,417
"4085",1995,8,45 - 49,100,414
"4085",1995,8,50 - 54,178,551
"4085",1995,8,55 - 59,384,827
"4085",1995,8,60 - 64,628,994
"4085",1995,8,65 - 69,1161,1173
"4085",1995,8,70 - 74,2243,1401
"4085",1995,8,75 - 79,2272,1048
"4085",1995,8,80 - 84,4298,1548
"4085",1995,8,85 - 89,5671,1446
"4085",1995,8,90 - 94,0,0
"4085",1995,8,95+,0,0
"4085",1995,8,UNK,0,0
"4085",1995,9,Total,20074,21747
"4085",1995,9,0,8,8
"4085",1995,9,1,6,5
"4085",1995,9,2,0,0
"4085",1995,9,3,0,0
"4085",1995,9,4,0,0
"4085",1995,9,5 - 9,2,6
"4085",1995,9,10 - 14,2,4
"4085",1995,9,15 - 19,10,4
"4085",1995,9,20 - 24,17,14
"4085",1995,9,25 - 29,40,96
"4085",1995,9,30 - 34,139,372
"4085",1995,9,35 - 39,259,777
"4085",1995,9,40 - 44,467,1126
"4085",1995,9,45 - 49,548,1269
"4085",1995,9,50 - 54,832,1981
"4085",1995,9,55 - 59,1131,2904
"4085",1995,9,60 - 64,1160,2826
"4085",1995,9,65 - 69,1526,2590
"4085",1995,9,70 - 74,2150,2167
"4085",1995,9,75 - 79,2019,1466
"4085",1995,9,80 - 84,3820,2049
"4085",1995,9,85 - 89,5938,2083
"4085",1995,9,90 - 94,0,0
"4085",1995,9,95+,0,0
"4085",1995,9,UNK,0,0
"4085",1995,10,Total,5627,4249
"4085",1995,10,0,0,1
"4085",1995,10,1,1,3
"4085",1995,10,2,0,0
"4085",1995,10,3,0,0
"4085",1995,10,4,0,0
"4085",1995,10,5 - 9,2,1
"4085",1995,10,10 - 14,0,0
"4085",1995,10,15 - 19,4,5
"4085",1995,10,20 - 24,4,4
"4085",1995,10,25 - 29,5,11
"4085",1995,10,30 - 34,20,10
"4085",1995,10,35 - 39,19,30
"4085",1995,10,40 - 44,30,41
"4085",1995,10,45 - 49,32,61
"4085",1995,10,50 - 54,71,104
"4085",1995,10,55 - 59,116,214
"4085",1995,10,60 - 64,200,278
"4085",1995,10,65 - 69,339,388
"4085",1995,10,70 - 74,656,549
"4085",1995,10,75 - 79,680,485
"4085",1995,10,80 - 84,1354,928
"4085",1995,10,85 - 89,2094,1136
"4085",1995,10,90 - 94,0,0
"4085",1995,10,95+,0,0
"4085",1995,10,UNK,0,0
"4085",1995,11,Total,1704,2022
"4085",1995,11,0,1250,1604
"4085",1995,11,1,103,114
"4085",1995,11,2,0,0
"4085",1995,11,3,0,0
"4085",1995,11,4,0,0
"4085",1995,11,5 - 9,38,42
"4085",1995,11,10 - 14,31,14
"4085",1995,11,15 - 19,25,27
"4085",1995,11,20 - 24,23,21
"4085",1995,11,25 - 29,16,26
"4085",1995,11,30 - 34,21,28
"4085",1995,11,35 - 39,16,22
"4085",1995,11,40 - 44,21,17
"4085",1995,11,45 - 49,22,12
"4085",1995,11,50 - 54,22,16
"4085",1995,11,55 - 59,24,26
"4085",1995,11,60 - 64,20,19
"4085",1995,11,65 - 69,11,8
"4085",1995,11,70 - 74,16,9
"4085",1995,11,75 - 79,16,5
"4085",1995,11,80 - 84,19,2
"4085",1995,11,85 - 89,10,10
"4085",1995,11,90 - 94,0,0
"4085",1995,11,95+,0,0
"4085",1995,11,UNK,0,0
"4085",1995,12,Total,24822,29076
"4085",1995,12,0,12,28
"4085",1995,12,1,20,23
"4085",1995,12,2,0,0
"4085",1995,12,3,0,0
"4085",1995,12,4,0,0
"4085",1995,12,5 - 9,8,15
"4085",1995,12,10 - 14,10,11
"4085",1995,12,15 - 19,22,21
"4085",1995,12,20 - 24,22,31
"4085",1995,12,25 - 29,43,55
"4085",1995,12,30 - 34,39,73
"4085",1995,12,35 - 39,58,118
"4085",1995,12,40 - 44,119,205
"4085",1995,12,45 - 49,121,263
"4085",1995,12,50 - 54,240,563
"4085",1995,12,55 - 59,467,1195
"4085",1995,12,60 - 64,728,2070
"4085",1995,12,65 - 69,1417,3427
"4085",1995,12,70 - 74,2590,4359
"4085",1995,12,75 - 79,2757,3683
"4085",1995,12,80 - 84,5394,6028
"4085",1995,12,85 - 89,10755,6908
"4085",1995,12,90 - 94,0,0
"4085",1995,12,95+,0,0
"4085",1995,12,UNK,0,0
"4085",1995,13,Total,14336,24105
"4085",1995,13,0,35,41
"4085",1995,13,1,102,185
"4085",1995,13,2,0,0
"4085",1995,13,3,0,0
"4085",1995,13,4,0,0
"4085",1995,13,5 - 9,103,164
"4085",1995,13,10 - 14,106,198
"4085",1995,13,15 - 19,391,1225
"4085",1995,13,20 - 24,399,1719
"4085",1995,13,25 - 29,403,1890
"4085",1995,13,30 - 34,459,1984
"4085",1995,13,35 - 39,455,1857
"4085",1995,13,40 - 44,453,1792
"4085",1995,13,45 - 49,396,1434
"4085",1995,13,50 - 54,564,1742
"4085",1995,13,55 - 59,706,1947
"4085",1995,13,60 - 64,572,1382
"4085",1995,13,65 - 69,735,1358
"4085",1995,13,70 - 74,1058,1127
"4085",1995,13,75 - 79,1101,872
"4085",1995,13,80 - 84,2219,1471
"4085",1995,13,85 - 89,4079,1717
"4085",1995,13,90 - 94,0,0
"4085",1995,13,95+,0,0
"4085",1995,13,UNK,0,0
"4085",1995,14,Total,352,574
"4085",1995,14,0,13,16
"4085",1995,14,1,7,18
"4085",1995,14,2,0,0
"4085",1995,14,3,0,0
"4085",1995,14,4,0,0
"4085",1995,14,5 - 9,12,4
"4085",1995,14,10 - 14,9,9
"4085",1995,14,15 - 19,12,21
"4085",1995,14,20 - 24,34,58
"4085",1995,14,25 - 29,32,64
"4085",1995,14,30 - 34,33,70
"4085",1995,14,35 - 39,41,65
"4085",1995,14,40 - 44,38,51
"4085",1995,14,45 - 49,23,54
"4085",1995,14,50 - 54,22,47
"4085",1995,14,55 - 59,13,41
"4085",1995,14,60 - 64,11,20
"4085",1995,14,65 - 69,11,14
"4085",1995,14,70 - 74,12,9
"4085",1995,14,75 - 79,9,6
"4085",1995,14,80 - 84,12,1
"4085",1995,14,85 - 89,8,6
"4085",1995,14,90 - 94,0,0
"4085",1995,14,95+,0,0
"4085",1995,14,UNK,0,0
"4085",1996,1,Total,474761,408082
"4085",1996,1,0,1690,2272
"4085",1996,1,1,394,474
"4085",1996,1,2,0,0
"4085",1996,1,3,0,0
"4085",1996,1,4,0,0
"4085",1996,1,5 - 9,254,365
"4085",1996,1,10 - 14,263,406
"4085",1996,1,15 - 19,665,1622
"4085",1996,1,20 - 24,783,2385
"4085",1996,1,25 - 29,1182,3293
"4085",1996,1,30 - 34,1840,4658
"4085",1996,1,35 - 39,2803,5958
"4085",1996,1,40 - 44,4091,8280
"4085",1996,1,45 - 49,5782,11179
"4085",1996,1,50 - 54,8092,16713
"4085",1996,1,55 - 59,14314,31395
"4085",1996,1,60 - 64,18361,38642
"4085",1996,1,65 - 69,29055,51180
"4085",1996,1,70 - 74,48999,53228
"4085",1996,1,75 - 79,56391,46535
"4085",1996,1,80 - 84,97569,58922
"4085",1996,1,85 - 89,182233,70575
"4085",1996,1,90 - 94,0,0
"4085",1996,1,95+,0,0
"4085",1996,1,UNK,0,0
"4085",1996,2,Total,3524,3111
"4085",1996,2,0,22,10
"4085",1996,2,1,25,17
"4085",1996,2,2,0,0
"4085",1996,2,3,0,0
"4085",1996,2,4,0,0
"4085",1996,2,5 - 9,7,11
"4085",1996,2,10 - 14,3,8
"4085",1996,2,15 - 19,13,6
"4085",1996,2,20 - 24,11,8
"4085",1996,2,25 - 29,5,21
"4085",1996,2,30 - 34,21,33
"4085",1996,2,35 - 39,31,51
"4085",1996,2,40 - 44,33,94
"4085",1996,2,45 - 49,48,115
"4085",1996,2,50 - 54,58,150
"4085",1996,2,55 - 59,118,251
"4085",1996,2,60 - 64,191,316
"4085",1996,2,65 - 69,299,374
"4085",1996,2,70 - 74,472,446
"4085",1996,2,75 - 79,452,395
"4085",1996,2,80 - 84,606,375
"4085",1996,2,85 - 89,1109,430
"4085",1996,2,90 - 94,0,0
"4085",1996,2,95+,0,0
"4085",1996,2,UNK,0,0
"4085",1996,3,Total,107880,111184
"4085",1996,3,0,16,19
"4085",1996,3,1,50,54
"4085",1996,3,2,0,0
"4085",1996,3,3,0,0
"4085",1996,3,4,0,0
"4085",1996,3,5 - 9,54,60
"4085",1996,3,10 - 14,52,65
"4085",1996,3,15 - 19,73,110
"4085",1996,3,20 - 24,102,168
"4085",1996,3,25 - 29,251,274
"4085",1996,3,30 - 34,556,502
"4085",1996,3,35 - 39,1088,778
"4085",1996,3,40 - 44,1732,1631
"4085",1996,3,45 - 49,2883,3146
"4085",1996,3,50 - 54,4293,5824
"4085",1996,3,55 - 59,7387,11428
"4085",1996,3,60 - 64,8311,14080
"4085",1996,3,65 - 69,11494,18066
"4085",1996,3,70 - 74,15782,16896
"4085",1996,3,75 - 79,14438,12951
"4085",1996,3,80 - 84,17980,13163
"4085",1996,3,85 - 89,21338,11969
"4085",1996,3,90 - 94,0,0
"4085",1996,3,95+,0,0
"4085",1996,3,UNK,0,0
"4085",1996,4,Total,250196,175688
"4085",1996,4,0,18,18
"4085",1996,4,1,22,25
"4085",1996,4,2,0,0
"4085",1996,4,3,0,0
"4085",1996,4,4,0,0
"4085",1996,4,5 - 9,12,17
"4085",1996,4,10 - 14,13,26
"4085",1996,4,15 - 19,36,58
"4085",1996,4,20 - 24,46,106
"4085",1996,4,25 - 29,113,208
"4085",1996,4,30 - 34,217,494
"4085",1996,4,35 - 39,408,993
"4085",1996,4,40 - 44,673,1701
"4085",1996,4,45 - 49,951,2866
"4085",1996,4,50 - 54,1422,4576
"4085",1996,4,55 - 59,3071,10056
"4085",1996,4,60 - 64,5429,14181
"4085",1996,4,65 - 69,10653,21133
"4085",1996,4,70 - 74,21658,24006
"4085",1996,4,75 - 79,28996,22599
"4085",1996,4,80 - 84,57804,31705
"4085",1996,4,85 - 89,118654,40920
"4085",1996,4,90 - 94,0,0
"4085",1996,4,95+,0,0
"4085",1996,4,UNK,0,0
"4085",1996,5,Total,12142,10712
"4085",1996,5,0,332,439
"4085",1996,5,1,30,49
"4085",1996,5,2,0,0
"4085",1996,5,3,0,0
"4085",1996,5,4,0,0
"4085",1996,5,5 - 9,4,15
"4085",1996,5,10 - 14,8,20
"4085",1996,5,15 - 19,23,71
"4085",1996,5,20 - 24,37,124
"4085",1996,5,25 - 29,73,194
"4085",1996,5,30 - 34,111,260
"4085",1996,5,35 - 39,132,395
"4085",1996,5,40 - 44,183,518
"4085",1996,5,45 - 49,217,563
"4085",1996,5,50 - 54,220,782
"4085",1996,5,55 - 59,355,1098
"4085",1996,5,60 - 64,365,1033
"4085",1996,5,65 - 69,569,1019
"4085",1996,5,70 - 74,841,855
"4085",1996,5,75 - 79,951,662
"4085",1996,5,80 - 84,1654,901
"4085",1996,5,85 - 89,6037,1714
"4085",1996,5,90 - 94,0,0
"4085",1996,5,95+,0,0
"4085",1996,5,UNK,0,0
"4085",1996,6,Total,4595,7170
"4085",1996,6,0,0,0
"4085",1996,6,1,0,0
"4085",1996,6,2,0,0
"4085",1996,6,3,0,0
"4085",1996,6,4,0,0
"4085",1996,6,5 - 9,1,0
"4085",1996,6,10 - 14,1,1
"4085",1996,6,15 - 19,15,32
"4085",1996,6,20 - 24,38,203
"4085",1996,6,25 - 29,67,332
"4085",1996,6,30 - 34,78,455
"4085",1996,6,35 - 39,93,517
"4085",1996,6,40 - 44,143,610
"4085",1996,6,45 - 49,144,606
"4085",1996,6,50 - 54,188,665
"4085",1996,6,55 - 59,243,922
"4085",1996,6,60 - 64,204,698
"4085",1996,6,65 - 69,150,517
"4085",1996,6,70 - 74,253,349
"4085",1996,6,75 - 79,337,265
"4085",1996,6,80 - 84,774,411
"4085",1996,6,85 - 89,1866,587
"4085",1996,6,90 - 94,0,0
"4085",1996,6,95+,0,0
"4085",1996,6,UNK,0,0
"4085",1996,7,Total,8800,7165
"4085",1996,7,0,31,40
"4085",1996,7,1,37,46
"4085",1996,7,2,0,0
"4085",1996,7,3,0,0
"4085",1996,7,4,0,0
"4085",1996,7,5 - 9,37,35
"4085",1996,7,10 - 14,27,26
"4085",1996,7,15 - 19,26,57
"4085",1996,7,20 - 24,23,69
"4085",1996,7,25 - 29,45,85
"4085",1996,7,30 - 34,66,121
"4085",1996,7,35 - 39,90,148
"4085",1996,7,40 - 44,91,200
"4085",1996,7,45 - 49,131,190
"4085",1996,7,50 - 54,160,257
"4085",1996,7,55 - 59,288,398
"4085",1996,7,60 - 64,372,461
"4085",1996,7,65 - 69,562,652
"4085",1996,7,70 - 74,1014,890
"4085",1996,7,75 - 79,1261,990
"4085",1996,7,80 - 84,2053,1322
"4085",1996,7,85 - 89,2486,1178
"4085",1996,7,90 - 94,0,0
"4085",1996,7,95+,0,0
"4085",1996,7,UNK,0,0
"4085",1996,8,Total,17440,11192
"4085",1996,8,0,28,36
"4085",1996,8,1,10,23
"4085",1996,8,2,0,0
"4085",1996,8,3,0,0
"4085",1996,8,4,0,0
"4085",1996,8,5 - 9,5,4
"4085",1996,8,10 - 14,12,12
"4085",1996,8,15 - 19,14,17
"4085",1996,8,20 - 24,26,36
"4085",1996,8,25 - 29,57,135
"4085",1996,8,30 - 34,99,328
"4085",1996,8,35 - 39,94,388
"4085",1996,8,40 - 44,110,385
"4085",1996,8,45 - 49,130,378
"4085",1996,8,50 - 54,165,489
"4085",1996,8,55 - 59,371,821
"4085",1996,8,60 - 64,699,1067
"4085",1996,8,65 - 69,1176,1353
"4085",1996,8,70 - 74,2300,1439
"4085",1996,8,75 - 79,2494,1320
"4085",1996,8,80 - 84,3892,1499
"4085",1996,8,85 - 89,5758,1462
"4085",1996,8,90 - 94,0,0
"4085",1996,8,95+,0,0
"4085",1996,8,UNK,0,0
"4085",1996,9,Total,20259,21681
"4085",1996,9,0,4,8
"4085",1996,9,1,7,6
"4085",1996,9,2,0,0
"4085",1996,9,3,0,0
"4085",1996,9,4,0,0
"4085",1996,9,5 - 9,4,5
"4085",1996,9,10 - 14,3,4
"4085",1996,9,15 - 19,11,9
"4085",1996,9,20 - 24,13,26
"4085",1996,9,25 - 29,52,83
"4085",1996,9,30 - 34,108,344
"4085",1996,9,35 - 39,262,678
"4085",1996,9,40 - 44,459,1138
"4085",1996,9,45 - 49,591,1400
"4085",1996,9,50 - 54,740,1715
"4085",1996,9,55 - 59,1119,2914
"4085",1996,9,60 - 64,1170,2897
"4085",1996,9,65 - 69,1527,2669
"4085",1996,9,70 - 74,2142,2257
"4085",1996,9,75 - 79,2244,1649
"4085",1996,9,80 - 84,3606,1805
"4085",1996,9,85 - 89,6197,2074
"4085",1996,9,90 - 94,0,0
"4085",1996,9,95+,0,0
"4085",1996,9,UNK,0,0
"4085",1996,10,Total,5393,4146
"4085",1996,10,0,2,3
"4085",1996,10,1,2,2
"4085",1996,10,2,0,0
"4085",1996,10,3,0,0
"4085",1996,10,4,0,0
"4085",1996,10,5 - 9,2,1
"4085",1996,10,10 - 14,0,1
"4085",1996,10,15 - 19,3,2
"4085",1996,10,20 - 24,0,5
"4085",1996,10,25 - 29,5,9
"4085",1996,10,30 - 34,11,17
"4085",1996,10,35 - 39,13,21
"4085",1996,10,40 - 44,35,42
"4085",1996,10,45 - 49,35,49
"4085",1996,10,50 - 54,41,83
"4085",1996,10,55 - 59,112,200
"4085",1996,10,60 - 64,186,304
"4085",1996,10,65 - 69,335,455
"4085",1996,10,70 - 74,580,501
"4085",1996,10,75 - 79,695,546
"4085",1996,10,80 - 84,1278,799
"4085",1996,10,85 - 89,2058,1106
"4085",1996,10,90 - 94,0,0
"4085",1996,10,95+,0,0
"4085",1996,10,UNK,0,0
"4085",1996,11,Total,1598,2033
"4085",1996,11,0,1190,1615
"4085",1996,11,1,69,85
"4085",1996,11,2,0,0
"4085",1996,11,3,0,0
"4085",1996,11,4,0,0
"4085",1996,11,5 - 9,29,38
"4085",1996,11,10 - 14,30,26
"4085",1996,11,15 - 19,29,31
"4085",1996,11,20 - 24,17,17
"4085",1996,11,25 - 29,21,20
"4085",1996,11,30 - 34,25,24
"4085",1996,11,35 - 39,26,34
"4085",1996,11,40 - 44,14,20
"4085",1996,11,45 - 49,16,13
"4085",1996,11,50 - 54,15,18
"4085",1996,11,55 - 59,27,35
"4085",1996,11,60 - 64,19,18
"4085",1996,11,65 - 69,18,19
"4085",1996,11,70 - 74,18,5
"4085",1996,11,75 - 79,15,2
"4085",1996,11,80 - 84,10,7
"4085",1996,11,85 - 89,10,6
"4085",1996,11,90 - 94,0,0
"4085",1996,11,95+,0,0
"4085",1996,11,UNK,0,0
"4085",1996,12,Total,25148,28695
"4085",1996,12,0,13,20
"4085",1996,12,1,20,10
"4085",1996,12,2,0,0
"4085",1996,12,3,0,0
"4085",1996,12,4,0,0
"4085",1996,12,5 - 9,6,7
"4085",1996,12,10 - 14,11,13
"4085",1996,12,15 - 19,8,23
"4085",1996,12,20 - 24,18,35
"4085",1996,12,25 - 29,31,55
"4085",1996,12,30 - 34,37,92
"4085",1996,12,35 - 39,76,109
"4085",1996,12,40 - 44,81,189
"4085",1996,12,45 - 49,149,292
"4085",1996,12,50 - 54,237,516
"4085",1996,12,55 - 59,445,1194
"4085",1996,12,60 - 64,704,2010
"4085",1996,12,65 - 69,1380,3438
"4085",1996,12,70 - 74,2456,4334
"4085",1996,12,75 - 79,2946,4002
"4085",1996,12,80 - 84,5243,5370
"4085",1996,12,85 - 89,11287,6986
"4085",1996,12,90 - 94,0,0
"4085",1996,12,95+,0,0
"4085",1996,12,UNK,0,0
"4085",1996,13,Total,14276,23355
"4085",1996,13,0,22,52
"4085",1996,13,1,103,140
"4085",1996,13,2,0,0
"4085",1996,13,3,0,0
"4085",1996,13,4,0,0
"4085",1996,13,5 - 9,81,165
"4085",1996,13,10 - 14,92,195
"4085",1996,13,15 - 19,394,1166
"4085",1996,13,20 - 24,416,1533
"4085",1996,13,25 - 29,413,1805
"4085",1996,13,30 - 34,449,1917
"4085",1996,13,35 - 39,427,1759
"4085",1996,13,40 - 44,475,1666
"4085",1996,13,45 - 49,434,1490
"4085",1996,13,50 - 54,499,1540
"4085",1996,13,55 - 59,683,1961
"4085",1996,13,60 - 64,567,1457
"4085",1996,13,65 - 69,683,1303
"4085",1996,13,70 - 74,1104,1050
"4085",1996,13,75 - 79,1142,990
"4085",1996,13,80 - 84,2044,1345
"4085",1996,13,85 - 89,4248,1821
"4085",1996,13,90 - 94,0,0
"4085",1996,13,95+,0,0
"4085",1996,13,UNK,0,0
"4085",1996,14,Total,336,549
"4085",1996,14,0,7,9
"4085",1996,14,1,12,15
"4085",1996,14,2,0,0
"4085",1996,14,3,0,0
"4085",1996,14,4,0,0
"4085",1996,14,5 - 9,11,6
"4085",1996,14,10 - 14,8,6
"4085",1996,14,15 - 19,16,35
"4085",1996,14,20 - 24,22,51
"4085",1996,14,25 - 29,32,62
"4085",1996,14,30 - 34,27,61
"4085",1996,14,35 - 39,40,70
"4085",1996,14,40 - 44,32,64
"4085",1996,14,45 - 49,24,44
"4085",1996,14,50 - 54,17,38
"4085",1996,14,55 - 59,19,35
"4085",1996,14,60 - 64,12,18
"4085",1996,14,65 - 69,16,10
"4085",1996,14,70 - 74,11,8
"4085",1996,14,75 - 79,9,3
"4085",1996,14,80 - 84,13,8
"4085",1996,14,85 - 89,8,6
"4085",1996,14,90 - 94,0,0
"4085",1996,14,95+,0,0
"4085",1996,14,UNK,0,0
"4085",1997,1,Total,462072,398317
"4085",1997,1,0,1691,2260
"4085",1997,1,1,388,510
"4085",1997,1,2,0,0
"4085",1997,1,3,0,0
"4085",1997,1,4,0,0
"4085",1997,1,5 - 9,236,364
"4085",1997,1,10 - 14,250,369
"4085",1997,1,15 - 19,629,1713
"4085",1997,1,20 - 24,674,2167
"4085",1997,1,25 - 29,1033,2935
"4085",1997,1,30 - 34,1741,4246
"4085",1997,1,35 - 39,2715,5777
"4085",1997,1,40 - 44,4048,8069
"4085",1997,1,45 - 49,5789,11349
"4085",1997,1,50 - 54,7537,15316
"4085",1997,1,55 - 59,13960,29979
"4085",1997,1,60 - 64,18407,38482
"4085",1997,1,65 - 69,27135,50253
"4085",1997,1,70 - 74,45835,52085
"4085",1997,1,75 - 79,61552,51057
"4085",1997,1,80 - 84,85942,50958
"4085",1997,1,85 - 89,182510,70428
"4085",1997,1,90 - 94,0,0
"4085",1997,1,95+,0,0
"4085",1997,1,UNK,0,0
"4085",1997,2,Total,3682,3202
"4085",1997,2,0,15,19
"4085",1997,2,1,21,28
"4085",1997,2,2,0,0
"4085",1997,2,3,0,0
"4085",1997,2,4,0,0
"4085",1997,2,5 - 9,7,7
"4085",1997,2,10 - 14,10,5
"4085",1997,2,15 - 19,8,13
"4085",1997,2,20 - 24,11,14
"4085",1997,2,25 - 29,16,13
"4085",1997,2,30 - 34,27,43
"4085",1997,2,35 - 39,40,66
"4085",1997,2,40 - 44,53,82
"4085",1997,2,45 - 49,52,121
"4085",1997,2,50 - 54,67,139
"4085",1997,2,55 - 59,122,275
"4085",1997,2,60 - 64,192,323
"4085",1997,2,65 - 69,315,423
"4085",1997,2,70 - 74,458,455
"4085",1997,2,75 - 79,557,414
"4085",1997,2,80 - 84,599,345
"4085",1997,2,85 - 89,1112,417
"4085",1997,2,90 - 94,0,0
"4085",1997,2,95+,0,0
"4085",1997,2,UNK,0,0
"4085",1997,3,Total,105677,110045
"4085",1997,3,0,14,24
"4085",1997,3,1,51,53
"4085",1997,3,2,0,0
"4085",1997,3,3,0,0
"4085",1997,3,4,0,0
"4085",1997,3,5 - 9,55,80
"4085",1997,3,10 - 14,52,63
"4085",1997,3,15 - 19,69,103
"4085",1997,3,20 - 24,87,139
"4085",1997,3,25 - 29,212,260
"4085",1997,3,30 - 34,495,466
"4085",1997,3,35 - 39,1043,795
"4085",1997,3,40 - 44,1774,1641
"4085",1997,3,45 - 49,2871,3166
"4085",1997,3,50 - 54,3927,5348
"4085",1997,3,55 - 59,7325,11166
"4085",1997,3,60 - 64,8486,14220
"4085",1997,3,65 - 69,10935,17813
"4085",1997,3,70 - 74,15029,16850
"4085",1997,3,75 - 79,16059,14310
"4085",1997,3,80 - 84,15994,11703
"4085",1997,3,85 - 89,21199,11845
"4085",1997,3,90 - 94,0,0
"4085",1997,3,95+,0,0
"4085",1997,3,UNK,0,0
"4085",1997,4,Total,244369,171431
"4085",1997,4,0,15,21
"4085",1997,4,1,19,26
"4085",1997,4,2,0,0
"4085",1997,4,3,0,0
"4085",1997,4,4,0,0
"4085",1997,4,5 - 9,18,18
"4085",1997,4,10 - 14,18,34
"4085",1997,4,15 - 19,34,64
"4085",1997,4,20 - 24,48,106
"4085",1997,4,25 - 29,98,195
"4085",1997,4,30 - 34,190,426
"4085",1997,4,35 - 39,365,919
"4085",1997,4,40 - 44,670,1726
"4085",1997,4,45 - 49,987,2836
"4085",1997,4,50 - 54,1338,4353
"4085",1997,4,55 - 59,2895,9496
"4085",1997,4,60 - 64,5376,14187
"4085",1997,4,65 - 69,9879,20587
"4085",1997,4,70 - 74,20522,23312
"4085",1997,4,75 - 79,31422,24908
"4085",1997,4,80 - 84,50809,27228
"4085",1997,4,85 - 89,119666,40989
"4085",1997,4,90 - 94,0,0
"4085",1997,4,95+,0,0
"4085",1997,4,UNK,0,0
"4085",1997,5,Total,12347,10711
"4085",1997,5,0,300,449
"4085",1997,5,1,32,40
"4085",1997,5,2,0,0
"4085",1997,5,3,0,0
"4085",1997,5,4,0,0
"4085",1997,5,5 - 9,12,18
"4085",1997,5,10 - 14,10,12
"4085",1997,5,15 - 19,33,72
"4085",1997,5,20 - 24,39,114
"4085",1997,5,25 - 29,63,173
"4085",1997,5,30 - 34,101,277
"4085",1997,5,35 - 39,132,410
"4085",1997,5,40 - 44,171,514
"4085",1997,5,45 - 49,238,618
"4085",1997,5,50 - 54,276,667
"4085",1997,5,55 - 59,355,1144
"4085",1997,5,60 - 64,368,1031
"4085",1997,5,65 - 69,521,1036
"4085",1997,5,70 - 74,809,820
"4085",1997,5,75 - 79,1071,730
"4085",1997,5,80 - 84,1552,727
"4085",1997,5,85 - 89,6264,1859
"4085",1997,5,90 - 94,0,0
"4085",1997,5,95+,0,0
"4085",1997,5,UNK,0,0
"4085",1997,6,Total,4796,7098
"4085",1997,6,0,0,0
"4085",1997,6,1,1,0
"4085",1997,6,2,0,0
"4085",1997,6,3,0,0
"4085",1997,6,4,0,0
"4085",1997,6,5 - 9,0,1
"4085",1997,6,10 - 14,1,0
"4085",1997,6,15 - 19,16,46
"4085",1997,6,20 - 24,34,116
"4085",1997,6,25 - 29,49,274
"4085",1997,6,30 - 34,77,386
"4085",1997,6,35 - 39,111,489
"4085",1997,6,40 - 44,137,586
"4085",1997,6,45 - 49,173,630
"4085",1997,6,50 - 54,182,625
"4085",1997,6,55 - 59,238,869
"4085",1997,6,60 - 64,176,806
"4085",1997,6,65 - 69,184,608
"4085",1997,6,70 - 74,241,380
"4085",1997,6,75 - 79,372,316
"4085",1997,6,80 - 84,747,356
"4085",1997,6,85 - 89,2057,610
"4085",1997,6,90 - 94,0,0
"4085",1997,6,95+,0,0
"4085",1997,6,UNK,0,0
"4085",1997,7,Total,8554,7135
"4085",1997,7,0,14,33
"4085",1997,7,1,35,47
"4085",1997,7,2,0,0
"4085",1997,7,3,0,0
"4085",1997,7,4,0,0
"4085",1997,7,5 - 9,18,26
"4085",1997,7,10 - 14,27,39
"4085",1997,7,15 - 19,29,72
"4085",1997,7,20 - 24,22,59
"4085",1997,7,25 - 29,39,78
"4085",1997,7,30 - 34,56,113
"4085",1997,7,35 - 39,72,148
"4085",1997,7,40 - 44,104,142
"4085",1997,7,45 - 49,120,210
"4085",1997,7,50 - 54,140,204
"4085",1997,7,55 - 59,295,378
"4085",1997,7,60 - 64,335,452
"4085",1997,7,65 - 69,522,705
"4085",1997,7,70 - 74,930,900
"4085",1997,7,75 - 79,1444,1117
"4085",1997,7,80 - 84,1841,1206
"4085",1997,7,85 - 89,2511,1206
"4085",1997,7,90 - 94,0,0
"4085",1997,7,95+,0,0
"4085",1997,7,UNK,0,0
"4085",1997,8,Total,16411,9742
"4085",1997,8,0,25,29
"4085",1997,8,1,19,11
"4085",1997,8,2,0,0
"4085",1997,8,3,0,0
"4085",1997,8,4,0,0
"4085",1997,8,5 - 9,6,5
"4085",1997,8,10 - 14,8,12
"4085",1997,8,15 - 19,15,18
"4085",1997,8,20 - 24,19,23
"4085",1997,8,25 - 29,38,81
"4085",1997,8,30 - 34,88,186
"4085",1997,8,35 - 39,89,223
"4085",1997,8,40 - 44,84,227
"4085",1997,8,45 - 49,98,282
"4085",1997,8,50 - 54,138,390
"4085",1997,8,55 - 59,311,688
"4085",1997,8,60 - 64,628,951
"4085",1997,8,65 - 69,1003,1226
"4085",1997,8,70 - 74,1859,1296
"4085",1997,8,75 - 79,2753,1363
"4085",1997,8,80 - 84,3254,1219
"4085",1997,8,85 - 89,5976,1512
"4085",1997,8,90 - 94,0,0
"4085",1997,8,95+,0,0
"4085",1997,8,UNK,0,0
"4085",1997,9,Total,19576,21223
"4085",1997,9,0,12,11
"4085",1997,9,1,3,7
"4085",1997,9,2,0,0
"4085",1997,9,3,0,0
"4085",1997,9,4,0,0
"4085",1997,9,5 - 9,2,2
"4085",1997,9,10 - 14,4,2
"4085",1997,9,15 - 19,7,12
"4085",1997,9,20 - 24,10,19
"4085",1997,9,25 - 29,43,83
"4085",1997,9,30 - 34,132,302
"4085",1997,9,35 - 39,257,683
"4085",1997,9,40 - 44,467,1135
"4085",1997,9,45 - 49,520,1457
"4085",1997,9,50 - 54,668,1516
"4085",1997,9,55 - 59,1072,2581
"4085",1997,9,60 - 64,1180,2882
"4085",1997,9,65 - 69,1366,2734
"4085",1997,9,70 - 74,1997,2267
"4085",1997,9,75 - 79,2459,1823
"4085",1997,9,80 - 84,3245,1606
"4085",1997,9,85 - 89,6132,2101
"4085",1997,9,90 - 94,0,0
"4085",1997,9,95+,0,0
"4085",1997,9,UNK,0,0
"4085",1997,10,Total,5094,3972
"4085",1997,10,0,2,1
"4085",1997,10,1,4,3
"4085",1997,10,2,0,0
"4085",1997,10,3,0,0
"4085",1997,10,4,0,0
"4085",1997,10,5 - 9,2,3
"4085",1997,10,10 - 14,1,1
"4085",1997,10,15 - 19,3,1
"4085",1997,10,20 - 24,3,2
"4085",1997,10,25 - 29,5,13
"4085",1997,10,30 - 34,5,10
"4085",1997,10,35 - 39,14,28
"4085",1997,10,40 - 44,19,41
"4085",1997,10,45 - 49,29,48
"4085",1997,10,50 - 54,41,85
"4085",1997,10,55 - 59,98,165
"4085",1997,10,60 - 64,191,271
"4085",1997,10,65 - 69,299,386
"4085",1997,10,70 - 74,522,517
"4085",1997,10,75 - 79,724,589
"4085",1997,10,80 - 84,1050,695
"4085",1997,10,85 - 89,2082,1113
"4085",1997,10,90 - 94,0,0
"4085",1997,10,95+,0,0
"4085",1997,10,UNK,0,0
"4085",1997,11,Total,1656,2026
"4085",1997,11,0,1239,1595
"4085",1997,11,1,84,101
"4085",1997,11,2,0,0
"4085",1997,11,3,0,0
"4085",1997,11,4,0,0
"4085",1997,11,5 - 9,19,32
"4085",1997,11,10 - 14,27,21
"4085",1997,11,15 - 19,17,38
"4085",1997,11,20 - 24,16,13
"4085",1997,11,25 - 29,21,28
"4085",1997,11,30 - 34,25,25
"4085",1997,11,35 - 39,19,24
"4085",1997,11,40 - 44,13,15
"4085",1997,11,45 - 49,26,23
"4085",1997,11,50 - 54,19,20
"4085",1997,11,55 - 59,28,20
"4085",1997,11,60 - 64,26,24
"4085",1997,11,65 - 69,14,21
"4085",1997,11,70 - 74,16,8
"4085",1997,11,75 - 79,19,5
"4085",1997,11,80 - 84,11,7
"4085",1997,11,85 - 89,17,6
"4085",1997,11,90 - 94,0,0
"4085",1997,11,95+,0,0
"4085",1997,11,UNK,0,0
"4085",1997,12,Total,23469,26953
"4085",1997,12,0,15,19
"4085",1997,12,1,10,26
"4085",1997,12,2,0,0
"4085",1997,12,3,0,0
"4085",1997,12,4,0,0
"4085",1997,12,5 - 9,10,11
"4085",1997,12,10 - 14,12,15
"4085",1997,12,15 - 19,16,21
"4085",1997,12,20 - 24,20,28
"4085",1997,12,25 - 29,30,57
"4085",1997,12,30 - 34,52,78
"4085",1997,12,35 - 39,68,93
"4085",1997,12,40 - 44,60,175
"4085",1997,12,45 - 49,148,250
"4085",1997,12,50 - 54,204,476
"4085",1997,12,55 - 59,424,1108
"4085",1997,12,60 - 64,746,1733
"4085",1997,12,65 - 69,1231,3205
"4085",1997,12,70 - 74,2192,4039
"4085",1997,12,75 - 79,3014,4322
"4085",1997,12,80 - 84,4596,4514
"4085",1997,12,85 - 89,10621,6783
"4085",1997,12,90 - 94,0,0
"4085",1997,12,95+,0,0
"4085",1997,12,UNK,0,0
"4085",1997,13,Total,13084,22965
"4085",1997,13,0,32,48
"4085",1997,13,1,94,154
"4085",1997,13,2,0,0
"4085",1997,13,3,0,0
"4085",1997,13,4,0,0
"4085",1997,13,5 - 9,79,150
"4085",1997,13,10 - 14,69,153
"4085",1997,13,15 - 19,370,1223
"4085",1997,13,20 - 24,336,1492
"4085",1997,13,25 - 29,383,1617
"4085",1997,13,30 - 34,420,1869
"4085",1997,13,35 - 39,437,1838
"4085",1997,13,40 - 44,448,1725
"4085",1997,13,45 - 49,475,1641
"4085",1997,13,50 - 54,474,1418
"4085",1997,13,55 - 59,686,1968
"4085",1997,13,60 - 64,584,1452
"4085",1997,13,65 - 69,656,1323
"4085",1997,13,70 - 74,921,1064
"4085",1997,13,75 - 79,1231,983
"4085",1997,13,80 - 84,1680,1147
"4085",1997,13,85 - 89,3709,1700
"4085",1997,13,90 - 94,0,0
"4085",1997,13,95+,0,0
"4085",1997,13,UNK,0,0
"4085",1997,14,Total,302,450
"4085",1997,14,0,5,5
"4085",1997,14,1,9,8
"4085",1997,14,2,0,0
"4085",1997,14,3,0,0
"4085",1997,14,4,0,0
"4085",1997,14,5 - 9,6,8
"4085",1997,14,10 - 14,8,7
"4085",1997,14,15 - 19,7,25
"4085",1997,14,20 - 24,19,37
"4085",1997,14,25 - 29,20,54
"4085",1997,14,30 - 34,35,54
"4085",1997,14,35 - 39,34,50
"4085",1997,14,40 - 44,28,43
"4085",1997,14,45 - 49,17,44
"4085",1997,14,50 - 54,22,34
"4085",1997,14,55 - 59,22,31
"4085",1997,14,60 - 64,11,17
"4085",1997,14,65 - 69,12,11
"4085",1997,14,70 - 74,17,8
"4085",1997,14,75 - 79,12,5
"4085",1997,14,80 - 84,11,5
"4085",1997,14,85 - 89,7,4
"4085",1997,14,90 - 94,0,0
"4085",1997,14,95+,0,0
"4085",1997,14,UNK,0,0
