"","Year","Cause","Age","Female","Male"
"4290",1990,1,Total,46092,49050
"4290",1990,1,0,318,421
"4290",1990,1,1,22,23
"4290",1990,1,2,10,21
"4290",1990,1,3,9,18
"4290",1990,1,4,5,11
"4290",1990,1,5 - 9,31,46
"4290",1990,1,10 - 14,40,42
"4290",1990,1,15 - 19,74,181
"4290",1990,1,20 - 24,95,265
"4290",1990,1,25 - 29,127,298
"4290",1990,1,30 - 34,151,319
"4290",1990,1,35 - 39,223,411
"4290",1990,1,40 - 44,403,706
"4290",1990,1,45 - 49,589,976
"4290",1990,1,50 - 54,658,1168
"4290",1990,1,55 - 59,1077,1858
"4290",1990,1,60 - 64,1617,2961
"4290",1990,1,65 - 69,2886,4926
"4290",1990,1,70 - 74,4399,6986
"4290",1990,1,75 - 79,7101,9175
"4290",1990,1,80 - 84,9694,9030
"4290",1990,1,85 - 89,16563,9208
"4290",1990,1,90 - 94,0,0
"4290",1990,1,95+,0,0
"4290",1990,1,UNK,0,0
"4290",1990,2,Total,310,316
"4290",1990,2,0,7,6
"4290",1990,2,1,2,2
"4290",1990,2,2,0,0
"4290",1990,2,3,0,0
"4290",1990,2,4,0,1
"4290",1990,2,5 - 9,0,1
"4290",1990,2,10 - 14,1,0
"4290",1990,2,15 - 19,0,3
"4290",1990,2,20 - 24,1,1
"4290",1990,2,25 - 29,0,2
"4290",1990,2,30 - 34,1,3
"4290",1990,2,35 - 39,2,5
"4290",1990,2,40 - 44,1,3
"4290",1990,2,45 - 49,2,11
"4290",1990,2,50 - 54,3,5
"4290",1990,2,55 - 59,5,9
"4290",1990,2,60 - 64,12,18
"4290",1990,2,65 - 69,19,32
"4290",1990,2,70 - 74,31,50
"4290",1990,2,75 - 79,55,51
"4290",1990,2,80 - 84,72,59
"4290",1990,2,85 - 89,96,54
"4290",1990,2,90 - 94,0,0
"4290",1990,2,95+,0,0
"4290",1990,2,UNK,0,0
"4290",1990,3,Total,9989,10949
"4290",1990,3,0,7,5
"4290",1990,3,1,1,1
"4290",1990,3,2,0,4
"4290",1990,3,3,2,3
"4290",1990,3,4,1,3
"4290",1990,3,5 - 9,12,18
"4290",1990,3,10 - 14,10,3
"4290",1990,3,15 - 19,12,12
"4290",1990,3,20 - 24,8,19
"4290",1990,3,25 - 29,29,26
"4290",1990,3,30 - 34,35,28
"4290",1990,3,35 - 39,80,70
"4290",1990,3,40 - 44,197,137
"4290",1990,3,45 - 49,312,226
"4290",1990,3,50 - 54,342,318
"4290",1990,3,55 - 59,564,559
"4290",1990,3,60 - 64,767,915
"4290",1990,3,65 - 69,1266,1529
"4290",1990,3,70 - 74,1476,1971
"4290",1990,3,75 - 79,1696,2102
"4290",1990,3,80 - 84,1628,1720
"4290",1990,3,85 - 89,1544,1280
"4290",1990,3,90 - 94,0,0
"4290",1990,3,95+,0,0
"4290",1990,3,UNK,0,0
"4290",1990,4,Total,23837,24725
"4290",1990,4,0,3,4
"4290",1990,4,1,2,1
"4290",1990,4,2,0,1
"4290",1990,4,3,0,2
"4290",1990,4,4,1,0
"4290",1990,4,5 - 9,1,3
"4290",1990,4,10 - 14,3,3
"4290",1990,4,15 - 19,3,7
"4290",1990,4,20 - 24,8,8
"4290",1990,4,25 - 29,10,17
"4290",1990,4,30 - 34,12,26
"4290",1990,4,35 - 39,29,49
"4290",1990,4,40 - 44,51,157
"4290",1990,4,45 - 49,83,284
"4290",1990,4,50 - 54,111,407
"4290",1990,4,55 - 59,249,771
"4290",1990,4,60 - 64,468,1382
"4290",1990,4,65 - 69,1043,2504
"4290",1990,4,70 - 74,2012,3759
"4290",1990,4,75 - 79,3877,5115
"4290",1990,4,80 - 84,5678,5040
"4290",1990,4,85 - 89,10193,5185
"4290",1990,4,90 - 94,0,0
"4290",1990,4,95+,0,0
"4290",1990,4,UNK,0,0
"4290",1990,5,Total,846,605
"4290",1990,5,0,57,95
"4290",1990,5,1,1,2
"4290",1990,5,2,1,2
"4290",1990,5,3,0,0
"4290",1990,5,4,1,0
"4290",1990,5,5 - 9,0,0
"4290",1990,5,10 - 14,0,0
"4290",1990,5,15 - 19,0,1
"4290",1990,5,20 - 24,2,2
"4290",1990,5,25 - 29,4,4
"4290",1990,5,30 - 34,0,13
"4290",1990,5,35 - 39,3,8
"4290",1990,5,40 - 44,3,15
"4290",1990,5,45 - 49,4,10
"4290",1990,5,50 - 54,4,20
"4290",1990,5,55 - 59,3,27
"4290",1990,5,60 - 64,8,22
"4290",1990,5,65 - 69,10,19
"4290",1990,5,70 - 74,12,20
"4290",1990,5,75 - 79,41,38
"4290",1990,5,80 - 84,87,76
"4290",1990,5,85 - 89,605,231
"4290",1990,5,90 - 94,0,0
"4290",1990,5,95+,0,0
"4290",1990,5,UNK,0,0
"4290",1990,6,Total,1510,1095
"4290",1990,6,0,0,0
"4290",1990,6,1,0,0
"4290",1990,6,2,0,0
"4290",1990,6,3,0,0
"4290",1990,6,4,0,0
"4290",1990,6,5 - 9,0,0
"4290",1990,6,10 - 14,0,0
"4290",1990,6,15 - 19,1,1
"4290",1990,6,20 - 24,1,6
"4290",1990,6,25 - 29,0,18
"4290",1990,6,30 - 34,1,18
"4290",1990,6,35 - 39,10,34
"4290",1990,6,40 - 44,10,52
"4290",1990,6,45 - 49,12,52
"4290",1990,6,50 - 54,12,49
"4290",1990,6,55 - 59,22,61
"4290",1990,6,60 - 64,23,54
"4290",1990,6,65 - 69,37,63
"4290",1990,6,70 - 74,78,91
"4290",1990,6,75 - 79,171,160
"4290",1990,6,80 - 84,346,214
"4290",1990,6,85 - 89,786,222
"4290",1990,6,90 - 94,0,0
"4290",1990,6,95+,0,0
"4290",1990,6,UNK,0,0
"4290",1990,7,Total,559,557
"4290",1990,7,0,9,8
"4290",1990,7,1,2,1
"4290",1990,7,2,0,3
"4290",1990,7,3,0,1
"4290",1990,7,4,0,0
"4290",1990,7,5 - 9,1,3
"4290",1990,7,10 - 14,5,3
"4290",1990,7,15 - 19,0,7
"4290",1990,7,20 - 24,6,13
"4290",1990,7,25 - 29,4,3
"4290",1990,7,30 - 34,7,8
"4290",1990,7,35 - 39,8,10
"4290",1990,7,40 - 44,10,19
"4290",1990,7,45 - 49,20,21
"4290",1990,7,50 - 54,24,20
"4290",1990,7,55 - 59,24,31
"4290",1990,7,60 - 64,47,34
"4290",1990,7,65 - 69,51,63
"4290",1990,7,70 - 74,86,83
"4290",1990,7,75 - 79,94,86
"4290",1990,7,80 - 84,83,84
"4290",1990,7,85 - 89,78,56
"4290",1990,7,90 - 94,0,0
"4290",1990,7,95+,0,0
"4290",1990,7,UNK,0,0
"4290",1990,8,Total,1011,927
"4290",1990,8,0,3,4
"4290",1990,8,1,0,2
"4290",1990,8,2,0,1
"4290",1990,8,3,0,1
"4290",1990,8,4,0,1
"4290",1990,8,5 - 9,0,1
"4290",1990,8,10 - 14,3,2
"4290",1990,8,15 - 19,2,1
"4290",1990,8,20 - 24,3,3
"4290",1990,8,25 - 29,7,17
"4290",1990,8,30 - 34,6,17
"4290",1990,8,35 - 39,8,28
"4290",1990,8,40 - 44,14,29
"4290",1990,8,45 - 49,18,30
"4290",1990,8,50 - 54,20,30
"4290",1990,8,55 - 59,21,33
"4290",1990,8,60 - 64,35,53
"4290",1990,8,65 - 69,53,99
"4290",1990,8,70 - 74,114,114
"4290",1990,8,75 - 79,145,161
"4290",1990,8,80 - 84,211,160
"4290",1990,8,85 - 89,348,140
"4290",1990,8,90 - 94,0,0
"4290",1990,8,95+,0,0
"4290",1990,8,UNK,0,0
"4290",1990,9,Total,1446,1547
"4290",1990,9,0,2,1
"4290",1990,9,1,1,0
"4290",1990,9,2,0,0
"4290",1990,9,3,1,0
"4290",1990,9,4,0,0
"4290",1990,9,5 - 9,2,0
"4290",1990,9,10 - 14,1,0
"4290",1990,9,15 - 19,0,0
"4290",1990,9,20 - 24,0,3
"4290",1990,9,25 - 29,2,3
"4290",1990,9,30 - 34,3,9
"4290",1990,9,35 - 39,13,15
"4290",1990,9,40 - 44,15,44
"4290",1990,9,45 - 49,19,64
"4290",1990,9,50 - 54,29,72
"4290",1990,9,55 - 59,38,81
"4290",1990,9,60 - 64,67,127
"4290",1990,9,65 - 69,88,145
"4290",1990,9,70 - 74,137,183
"4290",1990,9,75 - 79,214,240
"4290",1990,9,80 - 84,297,277
"4290",1990,9,85 - 89,517,283
"4290",1990,9,90 - 94,0,0
"4290",1990,9,95+,0,0
"4290",1990,9,UNK,0,0
"4290",1990,10,Total,564,664
"4290",1990,10,0,1,2
"4290",1990,10,1,0,0
"4290",1990,10,2,1,0
"4290",1990,10,3,0,0
"4290",1990,10,4,0,0
"4290",1990,10,5 - 9,0,0
"4290",1990,10,10 - 14,1,0
"4290",1990,10,15 - 19,0,0
"4290",1990,10,20 - 24,0,1
"4290",1990,10,25 - 29,1,0
"4290",1990,10,30 - 34,2,0
"4290",1990,10,35 - 39,3,1
"4290",1990,10,40 - 44,0,2
"4290",1990,10,45 - 49,3,0
"4290",1990,10,50 - 54,3,8
"4290",1990,10,55 - 59,10,9
"4290",1990,10,60 - 64,10,14
"4290",1990,10,65 - 69,27,31
"4290",1990,10,70 - 74,46,75
"4290",1990,10,75 - 79,100,124
"4290",1990,10,80 - 84,147,183
"4290",1990,10,85 - 89,209,214
"4290",1990,10,90 - 94,0,0
"4290",1990,10,95+,0,0
"4290",1990,10,UNK,0,0
"4290",1990,11,Total,294,379
"4290",1990,11,0,221,288
"4290",1990,11,1,6,8
"4290",1990,11,2,3,5
"4290",1990,11,3,3,4
"4290",1990,11,4,0,2
"4290",1990,11,5 - 9,2,9
"4290",1990,11,10 - 14,1,6
"4290",1990,11,15 - 19,4,5
"4290",1990,11,20 - 24,0,4
"4290",1990,11,25 - 29,8,4
"4290",1990,11,30 - 34,3,2
"4290",1990,11,35 - 39,1,2
"4290",1990,11,40 - 44,1,0
"4290",1990,11,45 - 49,4,3
"4290",1990,11,50 - 54,3,2
"4290",1990,11,55 - 59,5,6
"4290",1990,11,60 - 64,7,2
"4290",1990,11,65 - 69,7,9
"4290",1990,11,70 - 74,4,4
"4290",1990,11,75 - 79,4,2
"4290",1990,11,80 - 84,5,5
"4290",1990,11,85 - 89,2,7
"4290",1990,11,90 - 94,0,0
"4290",1990,11,95+,0,0
"4290",1990,11,UNK,0,0
"4290",1990,12,Total,3356,3788
"4290",1990,12,0,5,4
"4290",1990,12,1,1,0
"4290",1990,12,2,0,1
"4290",1990,12,3,0,1
"4290",1990,12,4,0,0
"4290",1990,12,5 - 9,0,0
"4290",1990,12,10 - 14,1,1
"4290",1990,12,15 - 19,3,3
"4290",1990,12,20 - 24,2,6
"4290",1990,12,25 - 29,5,4
"4290",1990,12,30 - 34,9,6
"4290",1990,12,35 - 39,8,8
"4290",1990,12,40 - 44,8,22
"4290",1990,12,45 - 49,12,24
"4290",1990,12,50 - 54,27,34
"4290",1990,12,55 - 59,37,83
"4290",1990,12,60 - 64,60,120
"4290",1990,12,65 - 69,161,203
"4290",1990,12,70 - 74,209,388
"4290",1990,12,75 - 79,466,773
"4290",1990,12,80 - 84,775,926
"4290",1990,12,85 - 89,1567,1181
"4290",1990,12,90 - 94,0,0
"4290",1990,12,95+,0,0
"4290",1990,12,UNK,0,0
"4290",1990,13,Total,1772,3115
"4290",1990,13,0,1,4
"4290",1990,13,1,5,5
"4290",1990,13,2,4,4
"4290",1990,13,3,2,6
"4290",1990,13,4,1,4
"4290",1990,13,5 - 9,8,9
"4290",1990,13,10 - 14,13,21
"4290",1990,13,15 - 19,49,136
"4290",1990,13,20 - 24,59,191
"4290",1990,13,25 - 29,53,192
"4290",1990,13,30 - 34,64,180
"4290",1990,13,35 - 39,54,174
"4290",1990,13,40 - 44,86,217
"4290",1990,13,45 - 49,92,241
"4290",1990,13,50 - 54,72,189
"4290",1990,13,55 - 59,88,180
"4290",1990,13,60 - 64,90,206
"4290",1990,13,65 - 69,78,201
"4290",1990,13,70 - 74,125,202
"4290",1990,13,75 - 79,155,254
"4290",1990,13,80 - 84,252,230
"4290",1990,13,85 - 89,421,269
"4290",1990,13,90 - 94,0,0
"4290",1990,13,95+,0,0
"4290",1990,13,UNK,0,0
"4290",1990,14,Total,38,70
"4290",1990,14,0,2,0
"4290",1990,14,1,0,1
"4290",1990,14,2,1,0
"4290",1990,14,3,1,0
"4290",1990,14,4,1,0
"4290",1990,14,5 - 9,4,2
"4290",1990,14,10 - 14,1,1
"4290",1990,14,15 - 19,0,3
"4290",1990,14,20 - 24,4,8
"4290",1990,14,25 - 29,0,8
"4290",1990,14,30 - 34,4,7
"4290",1990,14,35 - 39,0,5
"4290",1990,14,40 - 44,5,8
"4290",1990,14,45 - 49,4,7
"4290",1990,14,50 - 54,1,5
"4290",1990,14,55 - 59,1,4
"4290",1990,14,60 - 64,0,1
"4290",1990,14,65 - 69,1,3
"4290",1990,14,70 - 74,2,0
"4290",1990,14,75 - 79,3,2
"4290",1990,14,80 - 84,2,3
"4290",1990,14,85 - 89,1,2
"4290",1990,14,90 - 94,0,0
"4290",1990,14,95+,0,0
"4290",1990,14,UNK,0,0
"4290",1991,1,Total,45939,48997
"4290",1991,1,0,335,418
"4290",1991,1,1,24,22
"4290",1991,1,2,15,12
"4290",1991,1,3,7,13
"4290",1991,1,4,13,10
"4290",1991,1,5 - 9,22,33
"4290",1991,1,10 - 14,41,30
"4290",1991,1,15 - 19,66,182
"4290",1991,1,20 - 24,75,240
"4290",1991,1,25 - 29,126,301
"4290",1991,1,30 - 34,148,335
"4290",1991,1,35 - 39,233,426
"4290",1991,1,40 - 44,408,693
"4290",1991,1,45 - 49,599,1051
"4290",1991,1,50 - 54,696,1171
"4290",1991,1,55 - 59,1022,1880
"4290",1991,1,60 - 64,1658,2901
"4290",1991,1,65 - 69,2786,4834
"4290",1991,1,70 - 74,4366,6909
"4290",1991,1,75 - 79,6892,8872
"4290",1991,1,80 - 84,9624,9162
"4290",1991,1,85 - 89,16783,9502
"4290",1991,1,90 - 94,0,0
"4290",1991,1,95+,0,0
"4290",1991,1,UNK,0,0
"4290",1991,2,Total,313,315
"4290",1991,2,0,6,9
"4290",1991,2,1,3,0
"4290",1991,2,2,1,2
"4290",1991,2,3,0,3
"4290",1991,2,4,0,1
"4290",1991,2,5 - 9,0,1
"4290",1991,2,10 - 14,0,0
"4290",1991,2,15 - 19,1,3
"4290",1991,2,20 - 24,2,1
"4290",1991,2,25 - 29,1,1
"4290",1991,2,30 - 34,2,4
"4290",1991,2,35 - 39,2,6
"4290",1991,2,40 - 44,2,4
"4290",1991,2,45 - 49,0,9
"4290",1991,2,50 - 54,1,7
"4290",1991,2,55 - 59,7,12
"4290",1991,2,60 - 64,12,17
"4290",1991,2,65 - 69,26,25
"4290",1991,2,70 - 74,42,43
"4290",1991,2,75 - 79,46,61
"4290",1991,2,80 - 84,65,52
"4290",1991,2,85 - 89,94,54
"4290",1991,2,90 - 94,0,0
"4290",1991,2,95+,0,0
"4290",1991,2,UNK,0,0
"4290",1991,3,Total,9895,11027
"4290",1991,3,0,2,3
"4290",1991,3,1,2,2
"4290",1991,3,2,2,1
"4290",1991,3,3,3,3
"4290",1991,3,4,3,3
"4290",1991,3,5 - 9,6,8
"4290",1991,3,10 - 14,10,9
"4290",1991,3,15 - 19,10,15
"4290",1991,3,20 - 24,11,10
"4290",1991,3,25 - 29,22,37
"4290",1991,3,30 - 34,32,50
"4290",1991,3,35 - 39,87,43
"4290",1991,3,40 - 44,181,128
"4290",1991,3,45 - 49,314,244
"4290",1991,3,50 - 54,386,346
"4290",1991,3,55 - 59,567,533
"4290",1991,3,60 - 64,799,914
"4290",1991,3,65 - 69,1200,1521
"4290",1991,3,70 - 74,1455,2043
"4290",1991,3,75 - 79,1670,2041
"4290",1991,3,80 - 84,1585,1752
"4290",1991,3,85 - 89,1548,1321
"4290",1991,3,90 - 94,0,0
"4290",1991,3,95+,0,0
"4290",1991,3,UNK,0,0
"4290",1991,4,Total,23645,24732
"4290",1991,4,0,6,12
"4290",1991,4,1,0,1
"4290",1991,4,2,2,1
"4290",1991,4,3,1,0
"4290",1991,4,4,0,0
"4290",1991,4,5 - 9,2,2
"4290",1991,4,10 - 14,2,2
"4290",1991,4,15 - 19,4,6
"4290",1991,4,20 - 24,2,14
"4290",1991,4,25 - 29,9,20
"4290",1991,4,30 - 34,19,33
"4290",1991,4,35 - 39,26,68
"4290",1991,4,40 - 44,51,123
"4290",1991,4,45 - 49,81,303
"4290",1991,4,50 - 54,122,401
"4290",1991,4,55 - 59,217,837
"4290",1991,4,60 - 64,487,1331
"4290",1991,4,65 - 69,1020,2392
"4290",1991,4,70 - 74,2007,3698
"4290",1991,4,75 - 79,3715,4892
"4290",1991,4,80 - 84,5706,5254
"4290",1991,4,85 - 89,10166,5342
"4290",1991,4,90 - 94,0,0
"4290",1991,4,95+,0,0
"4290",1991,4,UNK,0,0
"4290",1991,5,Total,852,605
"4290",1991,5,0,54,83
"4290",1991,5,1,1,1
"4290",1991,5,2,0,0
"4290",1991,5,3,0,0
"4290",1991,5,4,0,0
"4290",1991,5,5 - 9,0,1
"4290",1991,5,10 - 14,2,0
"4290",1991,5,15 - 19,0,3
"4290",1991,5,20 - 24,1,4
"4290",1991,5,25 - 29,0,6
"4290",1991,5,30 - 34,1,5
"4290",1991,5,35 - 39,3,8
"4290",1991,5,40 - 44,3,11
"4290",1991,5,45 - 49,8,15
"4290",1991,5,50 - 54,9,18
"4290",1991,5,55 - 59,5,20
"4290",1991,5,60 - 64,10,23
"4290",1991,5,65 - 69,14,30
"4290",1991,5,70 - 74,12,22
"4290",1991,5,75 - 79,32,52
"4290",1991,5,80 - 84,103,63
"4290",1991,5,85 - 89,594,240
"4290",1991,5,90 - 94,0,0
"4290",1991,5,95+,0,0
"4290",1991,5,UNK,0,0
"4290",1991,6,Total,1561,1117
"4290",1991,6,0,0,0
"4290",1991,6,1,0,0
"4290",1991,6,2,0,0
"4290",1991,6,3,0,0
"4290",1991,6,4,0,0
"4290",1991,6,5 - 9,0,0
"4290",1991,6,10 - 14,0,0
"4290",1991,6,15 - 19,1,1
"4290",1991,6,20 - 24,1,4
"4290",1991,6,25 - 29,3,14
"4290",1991,6,30 - 34,4,18
"4290",1991,6,35 - 39,8,25
"4290",1991,6,40 - 44,7,54
"4290",1991,6,45 - 49,12,58
"4290",1991,6,50 - 54,9,59
"4290",1991,6,55 - 59,9,45
"4290",1991,6,60 - 64,21,49
"4290",1991,6,65 - 69,38,70
"4290",1991,6,70 - 74,80,86
"4290",1991,6,75 - 79,175,154
"4290",1991,6,80 - 84,365,201
"4290",1991,6,85 - 89,828,279
"4290",1991,6,90 - 94,0,0
"4290",1991,6,95+,0,0
"4290",1991,6,UNK,0,0
"4290",1991,7,Total,530,608
"4290",1991,7,0,8,7
"4290",1991,7,1,0,1
"4290",1991,7,2,1,2
"4290",1991,7,3,0,0
"4290",1991,7,4,2,1
"4290",1991,7,5 - 9,0,2
"4290",1991,7,10 - 14,2,3
"4290",1991,7,15 - 19,6,8
"4290",1991,7,20 - 24,5,12
"4290",1991,7,25 - 29,7,11
"4290",1991,7,30 - 34,8,11
"4290",1991,7,35 - 39,6,19
"4290",1991,7,40 - 44,13,22
"4290",1991,7,45 - 49,14,22
"4290",1991,7,50 - 54,16,16
"4290",1991,7,55 - 59,27,32
"4290",1991,7,60 - 64,40,38
"4290",1991,7,65 - 69,70,66
"4290",1991,7,70 - 74,71,99
"4290",1991,7,75 - 79,70,103
"4290",1991,7,80 - 84,81,72
"4290",1991,7,85 - 89,83,61
"4290",1991,7,90 - 94,0,0
"4290",1991,7,95+,0,0
"4290",1991,7,UNK,0,0
"4290",1991,8,Total,1026,948
"4290",1991,8,0,8,10
"4290",1991,8,1,1,3
"4290",1991,8,2,2,0
"4290",1991,8,3,0,2
"4290",1991,8,4,0,0
"4290",1991,8,5 - 9,2,2
"4290",1991,8,10 - 14,0,1
"4290",1991,8,15 - 19,0,1
"4290",1991,8,20 - 24,0,4
"4290",1991,8,25 - 29,7,13
"4290",1991,8,30 - 34,6,17
"4290",1991,8,35 - 39,6,22
"4290",1991,8,40 - 44,12,32
"4290",1991,8,45 - 49,16,30
"4290",1991,8,50 - 54,10,23
"4290",1991,8,55 - 59,20,38
"4290",1991,8,60 - 64,26,67
"4290",1991,8,65 - 69,64,96
"4290",1991,8,70 - 74,115,117
"4290",1991,8,75 - 79,174,171
"4290",1991,8,80 - 84,222,151
"4290",1991,8,85 - 89,335,148
"4290",1991,8,90 - 94,0,0
"4290",1991,8,95+,0,0
"4290",1991,8,UNK,0,0
"4290",1991,9,Total,1467,1501
"4290",1991,9,0,1,5
"4290",1991,9,1,1,1
"4290",1991,9,2,0,0
"4290",1991,9,3,0,0
"4290",1991,9,4,0,1
"4290",1991,9,5 - 9,0,0
"4290",1991,9,10 - 14,0,0
"4290",1991,9,15 - 19,1,2
"4290",1991,9,20 - 24,0,0
"4290",1991,9,25 - 29,1,2
"4290",1991,9,30 - 34,4,8
"4290",1991,9,35 - 39,9,15
"4290",1991,9,40 - 44,18,41
"4290",1991,9,45 - 49,27,73
"4290",1991,9,50 - 54,38,59
"4290",1991,9,55 - 59,36,93
"4290",1991,9,60 - 64,69,113
"4290",1991,9,65 - 69,80,145
"4290",1991,9,70 - 74,133,168
"4290",1991,9,75 - 79,191,251
"4290",1991,9,80 - 84,275,252
"4290",1991,9,85 - 89,583,272
"4290",1991,9,90 - 94,0,0
"4290",1991,9,95+,0,0
"4290",1991,9,UNK,0,0
"4290",1991,10,Total,579,710
"4290",1991,10,0,4,1
"4290",1991,10,1,0,0
"4290",1991,10,2,0,0
"4290",1991,10,3,0,0
"4290",1991,10,4,0,0
"4290",1991,10,5 - 9,0,0
"4290",1991,10,10 - 14,0,0
"4290",1991,10,15 - 19,0,0
"4290",1991,10,20 - 24,0,1
"4290",1991,10,25 - 29,0,0
"4290",1991,10,30 - 34,0,1
"4290",1991,10,35 - 39,2,1
"4290",1991,10,40 - 44,4,5
"4290",1991,10,45 - 49,6,1
"4290",1991,10,50 - 54,3,4
"4290",1991,10,55 - 59,7,8
"4290",1991,10,60 - 64,13,22
"4290",1991,10,65 - 69,30,32
"4290",1991,10,70 - 74,53,59
"4290",1991,10,75 - 79,95,137
"4290",1991,10,80 - 84,132,186
"4290",1991,10,85 - 89,230,252
"4290",1991,10,90 - 94,0,0
"4290",1991,10,95+,0,0
"4290",1991,10,UNK,0,0
"4290",1991,11,Total,315,356
"4290",1991,11,0,234,275
"4290",1991,11,1,8,6
"4290",1991,11,2,4,3
"4290",1991,11,3,1,1
"4290",1991,11,4,3,0
"4290",1991,11,5 - 9,4,2
"4290",1991,11,10 - 14,6,2
"4290",1991,11,15 - 19,2,7
"4290",1991,11,20 - 24,2,6
"4290",1991,11,25 - 29,4,4
"4290",1991,11,30 - 34,4,4
"4290",1991,11,35 - 39,2,1
"4290",1991,11,40 - 44,0,5
"4290",1991,11,45 - 49,7,4
"4290",1991,11,50 - 54,2,8
"4290",1991,11,55 - 59,7,2
"4290",1991,11,60 - 64,5,7
"4290",1991,11,65 - 69,3,6
"4290",1991,11,70 - 74,2,3
"4290",1991,11,75 - 79,7,4
"4290",1991,11,80 - 84,6,3
"4290",1991,11,85 - 89,2,3
"4290",1991,11,90 - 94,0,0
"4290",1991,11,95+,0,0
"4290",1991,11,UNK,0,0
"4290",1991,12,Total,3421,3617
"4290",1991,12,0,8,4
"4290",1991,12,1,2,5
"4290",1991,12,2,1,0
"4290",1991,12,3,0,1
"4290",1991,12,4,0,0
"4290",1991,12,5 - 9,2,0
"4290",1991,12,10 - 14,0,0
"4290",1991,12,15 - 19,0,3
"4290",1991,12,20 - 24,1,7
"4290",1991,12,25 - 29,3,4
"4290",1991,12,30 - 34,8,4
"4290",1991,12,35 - 39,9,8
"4290",1991,12,40 - 44,16,23
"4290",1991,12,45 - 49,17,42
"4290",1991,12,50 - 54,18,34
"4290",1991,12,55 - 59,38,59
"4290",1991,12,60 - 64,76,108
"4290",1991,12,65 - 69,112,211
"4290",1991,12,70 - 74,217,338
"4290",1991,12,75 - 79,452,708
"4290",1991,12,80 - 84,757,893
"4290",1991,12,85 - 89,1684,1165
"4290",1991,12,90 - 94,0,0
"4290",1991,12,95+,0,0
"4290",1991,12,UNK,0,0
"4290",1991,13,Total,1746,3049
"4290",1991,13,0,2,5
"4290",1991,13,1,5,2
"4290",1991,13,2,2,3
"4290",1991,13,3,2,3
"4290",1991,13,4,4,4
"4290",1991,13,5 - 9,4,11
"4290",1991,13,10 - 14,17,13
"4290",1991,13,15 - 19,41,128
"4290",1991,13,20 - 24,46,172
"4290",1991,13,25 - 29,61,177
"4290",1991,13,30 - 34,53,167
"4290",1991,13,35 - 39,68,201
"4290",1991,13,40 - 44,93,228
"4290",1991,13,45 - 49,88,238
"4290",1991,13,50 - 54,72,184
"4290",1991,13,55 - 59,72,187
"4290",1991,13,60 - 64,75,190
"4290",1991,13,65 - 69,91,211
"4290",1991,13,70 - 74,128,191
"4290",1991,13,75 - 79,174,228
"4290",1991,13,80 - 84,215,227
"4290",1991,13,85 - 89,433,279
"4290",1991,13,90 - 94,0,0
"4290",1991,13,95+,0,0
"4290",1991,13,UNK,0,0
"4290",1991,14,Total,33,92
"4290",1991,14,0,2,2
"4290",1991,14,1,1,0
"4290",1991,14,2,0,0
"4290",1991,14,3,0,0
"4290",1991,14,4,1,0
"4290",1991,14,5 - 9,2,1
"4290",1991,14,10 - 14,0,0
"4290",1991,14,15 - 19,0,2
"4290",1991,14,20 - 24,1,5
"4290",1991,14,25 - 29,3,12
"4290",1991,14,30 - 34,4,8
"4290",1991,14,35 - 39,2,7
"4290",1991,14,40 - 44,4,15
"4290",1991,14,45 - 49,4,10
"4290",1991,14,50 - 54,2,8
"4290",1991,14,55 - 59,1,5
"4290",1991,14,60 - 64,2,9
"4290",1991,14,65 - 69,2,7
"4290",1991,14,70 - 74,0,1
"4290",1991,14,75 - 79,1,0
"4290",1991,14,80 - 84,1,0
"4290",1991,14,85 - 89,0,0
"4290",1991,14,90 - 94,0,0
"4290",1991,14,95+,0,0
"4290",1991,14,UNK,0,0
"4290",1992,1,Total,46005,48221
"4290",1992,1,0,269,369
"4290",1992,1,1,14,21
"4290",1992,1,2,11,20
"4290",1992,1,3,12,17
"4290",1992,1,4,4,12
"4290",1992,1,5 - 9,29,35
"4290",1992,1,10 - 14,32,39
"4290",1992,1,15 - 19,61,124
"4290",1992,1,20 - 24,87,225
"4290",1992,1,25 - 29,98,278
"4290",1992,1,30 - 34,139,300
"4290",1992,1,35 - 39,196,421
"4290",1992,1,40 - 44,359,629
"4290",1992,1,45 - 49,641,1026
"4290",1992,1,50 - 54,731,1195
"4290",1992,1,55 - 59,958,1717
"4290",1992,1,60 - 64,1635,2841
"4290",1992,1,65 - 69,2726,4594
"4290",1992,1,70 - 74,4487,6952
"4290",1992,1,75 - 79,6712,8504
"4290",1992,1,80 - 84,9548,9169
"4290",1992,1,85 - 89,17256,9733
"4290",1992,1,90 - 94,0,0
"4290",1992,1,95+,0,0
"4290",1992,1,UNK,0,0
"4290",1992,2,Total,385,329
"4290",1992,2,0,11,11
"4290",1992,2,1,1,2
"4290",1992,2,2,1,2
"4290",1992,2,3,0,1
"4290",1992,2,4,0,2
"4290",1992,2,5 - 9,0,1
"4290",1992,2,10 - 14,4,2
"4290",1992,2,15 - 19,1,3
"4290",1992,2,20 - 24,1,2
"4290",1992,2,25 - 29,1,5
"4290",1992,2,30 - 34,1,1
"4290",1992,2,35 - 39,0,8
"4290",1992,2,40 - 44,3,5
"4290",1992,2,45 - 49,1,6
"4290",1992,2,50 - 54,2,11
"4290",1992,2,55 - 59,4,7
"4290",1992,2,60 - 64,12,7
"4290",1992,2,65 - 69,29,21
"4290",1992,2,70 - 74,46,43
"4290",1992,2,75 - 79,56,58
"4290",1992,2,80 - 84,77,55
"4290",1992,2,85 - 89,134,76
"4290",1992,2,90 - 94,0,0
"4290",1992,2,95+,0,0
"4290",1992,2,UNK,0,0
"4290",1992,3,Total,9960,10973
"4290",1992,3,0,4,4
"4290",1992,3,1,1,0
"4290",1992,3,2,4,4
"4290",1992,3,3,5,4
"4290",1992,3,4,2,4
"4290",1992,3,5 - 9,6,9
"4290",1992,3,10 - 14,15,8
"4290",1992,3,15 - 19,6,13
"4290",1992,3,20 - 24,13,19
"4290",1992,3,25 - 29,22,24
"4290",1992,3,30 - 34,47,32
"4290",1992,3,35 - 39,78,59
"4290",1992,3,40 - 44,160,107
"4290",1992,3,45 - 49,331,266
"4290",1992,3,50 - 54,404,343
"4290",1992,3,55 - 59,544,524
"4290",1992,3,60 - 64,796,924
"4290",1992,3,65 - 69,1162,1465
"4290",1992,3,70 - 74,1571,1995
"4290",1992,3,75 - 79,1620,2041
"4290",1992,3,80 - 84,1598,1811
"4290",1992,3,85 - 89,1571,1317
"4290",1992,3,90 - 94,0,0
"4290",1992,3,95+,0,0
"4290",1992,3,UNK,0,0
"4290",1992,4,Total,23657,23994
"4290",1992,4,0,5,9
"4290",1992,4,1,2,0
"4290",1992,4,2,0,0
"4290",1992,4,3,0,0
"4290",1992,4,4,0,1
"4290",1992,4,5 - 9,0,1
"4290",1992,4,10 - 14,0,5
"4290",1992,4,15 - 19,4,8
"4290",1992,4,20 - 24,7,7
"4290",1992,4,25 - 29,11,10
"4290",1992,4,30 - 34,10,22
"4290",1992,4,35 - 39,18,65
"4290",1992,4,40 - 44,64,120
"4290",1992,4,45 - 49,106,255
"4290",1992,4,50 - 54,126,408
"4290",1992,4,55 - 59,204,674
"4290",1992,4,60 - 64,478,1312
"4290",1992,4,65 - 69,977,2271
"4290",1992,4,70 - 74,2012,3666
"4290",1992,4,75 - 79,3594,4667
"4290",1992,4,80 - 84,5652,5060
"4290",1992,4,85 - 89,10387,5433
"4290",1992,4,90 - 94,0,0
"4290",1992,4,95+,0,0
"4290",1992,4,UNK,0,0
"4290",1992,5,Total,861,625
"4290",1992,5,0,35,59
"4290",1992,5,1,0,0
"4290",1992,5,2,0,0
"4290",1992,5,3,0,0
"4290",1992,5,4,0,0
"4290",1992,5,5 - 9,1,1
"4290",1992,5,10 - 14,1,1
"4290",1992,5,15 - 19,3,4
"4290",1992,5,20 - 24,3,3
"4290",1992,5,25 - 29,0,10
"4290",1992,5,30 - 34,1,9
"4290",1992,5,35 - 39,0,6
"4290",1992,5,40 - 44,1,13
"4290",1992,5,45 - 49,1,26
"4290",1992,5,50 - 54,3,25
"4290",1992,5,55 - 59,8,21
"4290",1992,5,60 - 64,6,35
"4290",1992,5,65 - 69,11,31
"4290",1992,5,70 - 74,14,26
"4290",1992,5,75 - 79,29,42
"4290",1992,5,80 - 84,74,56
"4290",1992,5,85 - 89,670,257
"4290",1992,5,90 - 94,0,0
"4290",1992,5,95+,0,0
"4290",1992,5,UNK,0,0
"4290",1992,6,Total,1599,1090
"4290",1992,6,0,0,0
"4290",1992,6,1,0,0
"4290",1992,6,2,0,0
"4290",1992,6,3,0,0
"4290",1992,6,4,0,0
"4290",1992,6,5 - 9,1,0
"4290",1992,6,10 - 14,0,0
"4290",1992,6,15 - 19,1,0
"4290",1992,6,20 - 24,0,5
"4290",1992,6,25 - 29,2,10
"4290",1992,6,30 - 34,1,21
"4290",1992,6,35 - 39,8,27
"4290",1992,6,40 - 44,7,38
"4290",1992,6,45 - 49,12,61
"4290",1992,6,50 - 54,7,45
"4290",1992,6,55 - 59,9,40
"4290",1992,6,60 - 64,15,40
"4290",1992,6,65 - 69,31,53
"4290",1992,6,70 - 74,78,92
"4290",1992,6,75 - 79,189,148
"4290",1992,6,80 - 84,375,235
"4290",1992,6,85 - 89,863,275
"4290",1992,6,90 - 94,0,0
"4290",1992,6,95+,0,0
"4290",1992,6,UNK,0,0
"4290",1992,7,Total,576,566
"4290",1992,7,0,12,9
"4290",1992,7,1,2,2
"4290",1992,7,2,1,3
"4290",1992,7,3,0,1
"4290",1992,7,4,0,0
"4290",1992,7,5 - 9,1,3
"4290",1992,7,10 - 14,1,1
"4290",1992,7,15 - 19,2,3
"4290",1992,7,20 - 24,4,8
"4290",1992,7,25 - 29,5,7
"4290",1992,7,30 - 34,4,12
"4290",1992,7,35 - 39,6,3
"4290",1992,7,40 - 44,9,17
"4290",1992,7,45 - 49,23,27
"4290",1992,7,50 - 54,20,14
"4290",1992,7,55 - 59,11,33
"4290",1992,7,60 - 64,36,30
"4290",1992,7,65 - 69,61,57
"4290",1992,7,70 - 74,79,99
"4290",1992,7,75 - 79,90,95
"4290",1992,7,80 - 84,99,82
"4290",1992,7,85 - 89,110,60
"4290",1992,7,90 - 94,0,0
"4290",1992,7,95+,0,0
"4290",1992,7,UNK,0,0
"4290",1992,8,Total,983,1007
"4290",1992,8,0,1,11
"4290",1992,8,1,1,0
"4290",1992,8,2,0,0
"4290",1992,8,3,0,0
"4290",1992,8,4,0,0
"4290",1992,8,5 - 9,0,1
"4290",1992,8,10 - 14,1,1
"4290",1992,8,15 - 19,3,2
"4290",1992,8,20 - 24,2,3
"4290",1992,8,25 - 29,3,15
"4290",1992,8,30 - 34,4,19
"4290",1992,8,35 - 39,5,28
"4290",1992,8,40 - 44,6,33
"4290",1992,8,45 - 49,23,46
"4290",1992,8,50 - 54,23,35
"4290",1992,8,55 - 59,18,49
"4290",1992,8,60 - 64,35,57
"4290",1992,8,65 - 69,67,93
"4290",1992,8,70 - 74,119,136
"4290",1992,8,75 - 79,122,138
"4290",1992,8,80 - 84,195,176
"4290",1992,8,85 - 89,355,164
"4290",1992,8,90 - 94,0,0
"4290",1992,8,95+,0,0
"4290",1992,8,UNK,0,0
"4290",1992,9,Total,1554,1632
"4290",1992,9,0,4,4
"4290",1992,9,1,0,0
"4290",1992,9,2,0,1
"4290",1992,9,3,0,0
"4290",1992,9,4,0,0
"4290",1992,9,5 - 9,0,0
"4290",1992,9,10 - 14,0,0
"4290",1992,9,15 - 19,1,1
"4290",1992,9,20 - 24,2,0
"4290",1992,9,25 - 29,0,2
"4290",1992,9,30 - 34,5,11
"4290",1992,9,35 - 39,7,16
"4290",1992,9,40 - 44,27,52
"4290",1992,9,45 - 49,27,66
"4290",1992,9,50 - 54,32,71
"4290",1992,9,55 - 59,39,108
"4290",1992,9,60 - 64,66,113
"4290",1992,9,65 - 69,84,175
"4290",1992,9,70 - 74,164,192
"4290",1992,9,75 - 79,196,241
"4290",1992,9,80 - 84,312,270
"4290",1992,9,85 - 89,588,309
"4290",1992,9,90 - 94,0,0
"4290",1992,9,95+,0,0
"4290",1992,9,UNK,0,0
"4290",1992,10,Total,555,704
"4290",1992,10,0,0,4
"4290",1992,10,1,0,0
"4290",1992,10,2,0,0
"4290",1992,10,3,0,0
"4290",1992,10,4,0,0
"4290",1992,10,5 - 9,0,0
"4290",1992,10,10 - 14,0,0
"4290",1992,10,15 - 19,0,0
"4290",1992,10,20 - 24,0,1
"4290",1992,10,25 - 29,0,0
"4290",1992,10,30 - 34,3,0
"4290",1992,10,35 - 39,1,2
"4290",1992,10,40 - 44,1,1
"4290",1992,10,45 - 49,5,4
"4290",1992,10,50 - 54,2,4
"4290",1992,10,55 - 59,12,7
"4290",1992,10,60 - 64,13,19
"4290",1992,10,65 - 69,24,40
"4290",1992,10,70 - 74,41,68
"4290",1992,10,75 - 79,83,139
"4290",1992,10,80 - 84,127,169
"4290",1992,10,85 - 89,243,246
"4290",1992,10,90 - 94,0,0
"4290",1992,10,95+,0,0
"4290",1992,10,UNK,0,0
"4290",1992,11,Total,249,346
"4290",1992,11,0,183,246
"4290",1992,11,1,5,8
"4290",1992,11,2,2,4
"4290",1992,11,3,3,3
"4290",1992,11,4,0,3
"4290",1992,11,5 - 9,5,6
"4290",1992,11,10 - 14,1,2
"4290",1992,11,15 - 19,3,6
"4290",1992,11,20 - 24,2,4
"4290",1992,11,25 - 29,1,6
"4290",1992,11,30 - 34,1,3
"4290",1992,11,35 - 39,5,4
"4290",1992,11,40 - 44,2,4
"4290",1992,11,45 - 49,2,5
"4290",1992,11,50 - 54,3,5
"4290",1992,11,55 - 59,6,10
"4290",1992,11,60 - 64,4,6
"4290",1992,11,65 - 69,3,3
"4290",1992,11,70 - 74,5,4
"4290",1992,11,75 - 79,5,4
"4290",1992,11,80 - 84,4,5
"4290",1992,11,85 - 89,4,5
"4290",1992,11,90 - 94,0,0
"4290",1992,11,95+,0,0
"4290",1992,11,UNK,0,0
"4290",1992,12,Total,3454,3732
"4290",1992,12,0,5,6
"4290",1992,12,1,1,3
"4290",1992,12,2,0,2
"4290",1992,12,3,0,1
"4290",1992,12,4,1,0
"4290",1992,12,5 - 9,1,0
"4290",1992,12,10 - 14,1,0
"4290",1992,12,15 - 19,2,2
"4290",1992,12,20 - 24,0,3
"4290",1992,12,25 - 29,2,3
"4290",1992,12,30 - 34,3,3
"4290",1992,12,35 - 39,7,16
"4290",1992,12,40 - 44,3,21
"4290",1992,12,45 - 49,15,32
"4290",1992,12,50 - 54,15,36
"4290",1992,12,55 - 59,31,55
"4290",1992,12,60 - 64,70,110
"4290",1992,12,65 - 69,129,193
"4290",1992,12,70 - 74,205,360
"4290",1992,12,75 - 79,494,669
"4290",1992,12,80 - 84,736,952
"4290",1992,12,85 - 89,1733,1265
"4290",1992,12,90 - 94,0,0
"4290",1992,12,95+,0,0
"4290",1992,12,UNK,0,0
"4290",1992,13,Total,1627,2838
"4290",1992,13,0,4,4
"4290",1992,13,1,0,4
"4290",1992,13,2,3,3
"4290",1992,13,3,3,6
"4290",1992,13,4,1,2
"4290",1992,13,5 - 9,11,10
"4290",1992,13,10 - 14,7,19
"4290",1992,13,15 - 19,31,78
"4290",1992,13,20 - 24,50,164
"4290",1992,13,25 - 29,48,179
"4290",1992,13,30 - 34,53,158
"4290",1992,13,35 - 39,57,175
"4290",1992,13,40 - 44,70,208
"4290",1992,13,45 - 49,81,219
"4290",1992,13,50 - 54,85,190
"4290",1992,13,55 - 59,62,178
"4290",1992,13,60 - 64,85,171
"4290",1992,13,65 - 69,109,159
"4290",1992,13,70 - 74,95,223
"4290",1992,13,75 - 79,156,221
"4290",1992,13,80 - 84,204,224
"4290",1992,13,85 - 89,412,243
"4290",1992,13,90 - 94,0,0
"4290",1992,13,95+,0,0
"4290",1992,13,UNK,0,0
"4290",1992,14,Total,42,75
"4290",1992,14,0,1,0
"4290",1992,14,1,1,2
"4290",1992,14,2,0,1
"4290",1992,14,3,1,1
"4290",1992,14,4,0,0
"4290",1992,14,5 - 9,2,1
"4290",1992,14,10 - 14,1,0
"4290",1992,14,15 - 19,3,4
"4290",1992,14,20 - 24,1,6
"4290",1992,14,25 - 29,2,6
"4290",1992,14,30 - 34,4,7
"4290",1992,14,35 - 39,4,12
"4290",1992,14,40 - 44,3,7
"4290",1992,14,45 - 49,8,8
"4290",1992,14,50 - 54,4,6
"4290",1992,14,55 - 59,1,5
"4290",1992,14,60 - 64,2,2
"4290",1992,14,65 - 69,1,2
"4290",1992,14,70 - 74,1,3
"4290",1992,14,75 - 79,0,1
"4290",1992,14,80 - 84,1,0
"4290",1992,14,85 - 89,1,1
"4290",1992,14,90 - 94,0,0
"4290",1992,14,95+,0,0
"4290",1992,14,UNK,0,0
"4290",1993,1,Total,47801,48858
"4290",1993,1,0,237,327
"4290",1993,1,1,19,17
"4290",1993,1,2,13,17
"4290",1993,1,3,12,17
"4290",1993,1,4,6,15
"4290",1993,1,5 - 9,33,51
"4290",1993,1,10 - 14,34,44
"4290",1993,1,15 - 19,69,130
"4290",1993,1,20 - 24,92,217
"4290",1993,1,25 - 29,109,252
"4290",1993,1,30 - 34,150,297
"4290",1993,1,35 - 39,208,427
"4290",1993,1,40 - 44,319,609
"4290",1993,1,45 - 49,632,994
"4290",1993,1,50 - 54,718,1276
"4290",1993,1,55 - 59,976,1716
"4290",1993,1,60 - 64,1551,2633
"4290",1993,1,65 - 69,2650,4410
"4290",1993,1,70 - 74,4494,6878
"4290",1993,1,75 - 79,6719,8619
"4290",1993,1,80 - 84,9944,9426
"4290",1993,1,85 - 89,18816,10486
"4290",1993,1,90 - 94,0,0
"4290",1993,1,95+,0,0
"4290",1993,1,UNK,0,0
"4290",1993,2,Total,398,370
"4290",1993,2,0,6,7
"4290",1993,2,1,1,1
"4290",1993,2,2,0,0
"4290",1993,2,3,1,1
"4290",1993,2,4,0,1
"4290",1993,2,5 - 9,1,1
"4290",1993,2,10 - 14,3,0
"4290",1993,2,15 - 19,1,2
"4290",1993,2,20 - 24,2,5
"4290",1993,2,25 - 29,2,2
"4290",1993,2,30 - 34,1,3
"4290",1993,2,35 - 39,0,7
"4290",1993,2,40 - 44,0,5
"4290",1993,2,45 - 49,3,13
"4290",1993,2,50 - 54,6,6
"4290",1993,2,55 - 59,5,14
"4290",1993,2,60 - 64,8,16
"4290",1993,2,65 - 69,28,34
"4290",1993,2,70 - 74,42,41
"4290",1993,2,75 - 79,48,64
"4290",1993,2,80 - 84,84,72
"4290",1993,2,85 - 89,156,75
"4290",1993,2,90 - 94,0,0
"4290",1993,2,95+,0,0
"4290",1993,2,UNK,0,0
"4290",1993,3,Total,10260,11108
"4290",1993,3,0,2,0
"4290",1993,3,1,1,1
"4290",1993,3,2,1,2
"4290",1993,3,3,5,3
"4290",1993,3,4,2,4
"4290",1993,3,5 - 9,12,11
"4290",1993,3,10 - 14,8,9
"4290",1993,3,15 - 19,10,16
"4290",1993,3,20 - 24,17,19
"4290",1993,3,25 - 29,24,32
"4290",1993,3,30 - 34,47,37
"4290",1993,3,35 - 39,85,58
"4290",1993,3,40 - 44,162,106
"4290",1993,3,45 - 49,322,228
"4290",1993,3,50 - 54,416,354
"4290",1993,3,55 - 59,546,539
"4290",1993,3,60 - 64,744,870
"4290",1993,3,65 - 69,1219,1457
"4290",1993,3,70 - 74,1610,2000
"4290",1993,3,75 - 79,1708,2111
"4290",1993,3,80 - 84,1624,1873
"4290",1993,3,85 - 89,1695,1378
"4290",1993,3,90 - 94,0,0
"4290",1993,3,95+,0,0
"4290",1993,3,UNK,0,0
"4290",1993,4,Total,24196,24171
"4290",1993,4,0,1,6
"4290",1993,4,1,0,0
"4290",1993,4,2,1,1
"4290",1993,4,3,0,1
"4290",1993,4,4,1,0
"4290",1993,4,5 - 9,2,4
"4290",1993,4,10 - 14,2,5
"4290",1993,4,15 - 19,6,6
"4290",1993,4,20 - 24,5,13
"4290",1993,4,25 - 29,13,20
"4290",1993,4,30 - 34,12,28
"4290",1993,4,35 - 39,25,61
"4290",1993,4,40 - 44,36,129
"4290",1993,4,45 - 49,90,257
"4290",1993,4,50 - 54,111,434
"4290",1993,4,55 - 59,207,701
"4290",1993,4,60 - 64,429,1214
"4290",1993,4,65 - 69,906,2153
"4290",1993,4,70 - 74,1912,3533
"4290",1993,4,75 - 79,3471,4647
"4290",1993,4,80 - 84,5736,5186
"4290",1993,4,85 - 89,11230,5772
"4290",1993,4,90 - 94,0,0
"4290",1993,4,95+,0,0
"4290",1993,4,UNK,0,0
"4290",1993,5,Total,909,537
"4290",1993,5,0,33,54
"4290",1993,5,1,1,0
"4290",1993,5,2,0,1
"4290",1993,5,3,0,0
"4290",1993,5,4,0,0
"4290",1993,5,5 - 9,1,0
"4290",1993,5,10 - 14,0,3
"4290",1993,5,15 - 19,0,0
"4290",1993,5,20 - 24,0,3
"4290",1993,5,25 - 29,3,4
"4290",1993,5,30 - 34,4,3
"4290",1993,5,35 - 39,2,8
"4290",1993,5,40 - 44,6,16
"4290",1993,5,45 - 49,6,16
"4290",1993,5,50 - 54,3,13
"4290",1993,5,55 - 59,4,24
"4290",1993,5,60 - 64,12,25
"4290",1993,5,65 - 69,5,25
"4290",1993,5,70 - 74,19,25
"4290",1993,5,75 - 79,31,35
"4290",1993,5,80 - 84,108,46
"4290",1993,5,85 - 89,671,236
"4290",1993,5,90 - 94,0,0
"4290",1993,5,95+,0,0
"4290",1993,5,UNK,0,0
"4290",1993,6,Total,1657,1126
"4290",1993,6,0,0,0
"4290",1993,6,1,0,0
"4290",1993,6,2,0,0
"4290",1993,6,3,0,0
"4290",1993,6,4,0,0
"4290",1993,6,5 - 9,0,1
"4290",1993,6,10 - 14,0,0
"4290",1993,6,15 - 19,0,2
"4290",1993,6,20 - 24,2,6
"4290",1993,6,25 - 29,1,13
"4290",1993,6,30 - 34,6,29
"4290",1993,6,35 - 39,6,35
"4290",1993,6,40 - 44,7,42
"4290",1993,6,45 - 49,11,51
"4290",1993,6,50 - 54,9,55
"4290",1993,6,55 - 59,8,42
"4290",1993,6,60 - 64,26,44
"4290",1993,6,65 - 69,26,45
"4290",1993,6,70 - 74,74,99
"4290",1993,6,75 - 79,169,150
"4290",1993,6,80 - 84,379,222
"4290",1993,6,85 - 89,933,290
"4290",1993,6,90 - 94,0,0
"4290",1993,6,95+,0,0
"4290",1993,6,UNK,0,0
"4290",1993,7,Total,644,636
"4290",1993,7,0,10,10
"4290",1993,7,1,4,1
"4290",1993,7,2,3,4
"4290",1993,7,3,1,2
"4290",1993,7,4,0,1
"4290",1993,7,5 - 9,2,5
"4290",1993,7,10 - 14,2,5
"4290",1993,7,15 - 19,7,5
"4290",1993,7,20 - 24,5,5
"4290",1993,7,25 - 29,5,8
"4290",1993,7,30 - 34,5,8
"4290",1993,7,35 - 39,4,15
"4290",1993,7,40 - 44,11,20
"4290",1993,7,45 - 49,21,33
"4290",1993,7,50 - 54,15,20
"4290",1993,7,55 - 59,26,26
"4290",1993,7,60 - 64,30,31
"4290",1993,7,65 - 69,54,56
"4290",1993,7,70 - 74,97,92
"4290",1993,7,75 - 79,118,97
"4290",1993,7,80 - 84,109,110
"4290",1993,7,85 - 89,115,82
"4290",1993,7,90 - 94,0,0
"4290",1993,7,95+,0,0
"4290",1993,7,UNK,0,0
"4290",1993,8,Total,1117,1013
"4290",1993,8,0,1,0
"4290",1993,8,1,1,2
"4290",1993,8,2,0,0
"4290",1993,8,3,0,1
"4290",1993,8,4,0,0
"4290",1993,8,5 - 9,1,1
"4290",1993,8,10 - 14,1,1
"4290",1993,8,15 - 19,1,1
"4290",1993,8,20 - 24,3,2
"4290",1993,8,25 - 29,0,10
"4290",1993,8,30 - 34,4,21
"4290",1993,8,35 - 39,4,25
"4290",1993,8,40 - 44,9,28
"4290",1993,8,45 - 49,15,40
"4290",1993,8,50 - 54,15,36
"4290",1993,8,55 - 59,21,32
"4290",1993,8,60 - 64,42,70
"4290",1993,8,65 - 69,59,79
"4290",1993,8,70 - 74,112,161
"4290",1993,8,75 - 79,151,141
"4290",1993,8,80 - 84,272,171
"4290",1993,8,85 - 89,405,191
"4290",1993,8,90 - 94,0,0
"4290",1993,8,95+,0,0
"4290",1993,8,UNK,0,0
"4290",1993,9,Total,1460,1506
"4290",1993,9,0,0,2
"4290",1993,9,1,1,2
"4290",1993,9,2,1,1
"4290",1993,9,3,0,0
"4290",1993,9,4,0,1
"4290",1993,9,5 - 9,2,0
"4290",1993,9,10 - 14,2,0
"4290",1993,9,15 - 19,0,2
"4290",1993,9,20 - 24,1,2
"4290",1993,9,25 - 29,1,1
"4290",1993,9,30 - 34,1,3
"4290",1993,9,35 - 39,5,14
"4290",1993,9,40 - 44,13,42
"4290",1993,9,45 - 49,13,63
"4290",1993,9,50 - 54,26,90
"4290",1993,9,55 - 59,31,94
"4290",1993,9,60 - 64,61,91
"4290",1993,9,65 - 69,89,131
"4290",1993,9,70 - 74,158,228
"4290",1993,9,75 - 79,207,213
"4290",1993,9,80 - 84,271,243
"4290",1993,9,85 - 89,577,283
"4290",1993,9,90 - 94,0,0
"4290",1993,9,95+,0,0
"4290",1993,9,UNK,0,0
"4290",1993,10,Total,571,750
"4290",1993,10,0,0,0
"4290",1993,10,1,0,0
"4290",1993,10,2,0,0
"4290",1993,10,3,0,0
"4290",1993,10,4,0,0
"4290",1993,10,5 - 9,0,0
"4290",1993,10,10 - 14,0,0
"4290",1993,10,15 - 19,0,0
"4290",1993,10,20 - 24,0,0
"4290",1993,10,25 - 29,0,0
"4290",1993,10,30 - 34,0,0
"4290",1993,10,35 - 39,3,2
"4290",1993,10,40 - 44,2,3
"4290",1993,10,45 - 49,2,5
"4290",1993,10,50 - 54,2,5
"4290",1993,10,55 - 59,7,5
"4290",1993,10,60 - 64,9,13
"4290",1993,10,65 - 69,19,38
"4290",1993,10,70 - 74,47,62
"4290",1993,10,75 - 79,74,118
"4290",1993,10,80 - 84,147,197
"4290",1993,10,85 - 89,259,302
"4290",1993,10,90 - 94,0,0
"4290",1993,10,95+,0,0
"4290",1993,10,UNK,0,0
"4290",1993,11,Total,267,303
"4290",1993,11,0,175,234
"4290",1993,11,1,5,4
"4290",1993,11,2,2,2
"4290",1993,11,3,2,1
"4290",1993,11,4,0,0
"4290",1993,11,5 - 9,5,3
"4290",1993,11,10 - 14,4,4
"4290",1993,11,15 - 19,0,4
"4290",1993,11,20 - 24,2,1
"4290",1993,11,25 - 29,2,2
"4290",1993,11,30 - 34,0,2
"4290",1993,11,35 - 39,5,2
"4290",1993,11,40 - 44,4,1
"4290",1993,11,45 - 49,8,7
"4290",1993,11,50 - 54,3,4
"4290",1993,11,55 - 59,5,2
"4290",1993,11,60 - 64,3,4
"4290",1993,11,65 - 69,7,4
"4290",1993,11,70 - 74,9,4
"4290",1993,11,75 - 79,11,6
"4290",1993,11,80 - 84,9,7
"4290",1993,11,85 - 89,6,5
"4290",1993,11,90 - 94,0,0
"4290",1993,11,95+,0,0
"4290",1993,11,UNK,0,0
"4290",1993,12,Total,4129,4147
"4290",1993,12,0,4,11
"4290",1993,12,1,2,1
"4290",1993,12,2,2,2
"4290",1993,12,3,0,2
"4290",1993,12,4,0,0
"4290",1993,12,5 - 9,0,1
"4290",1993,12,10 - 14,2,1
"4290",1993,12,15 - 19,1,3
"4290",1993,12,20 - 24,2,4
"4290",1993,12,25 - 29,2,7
"4290",1993,12,30 - 34,5,4
"4290",1993,12,35 - 39,5,7
"4290",1993,12,40 - 44,5,17
"4290",1993,12,45 - 49,27,24
"4290",1993,12,50 - 54,27,40
"4290",1993,12,55 - 59,37,54
"4290",1993,12,60 - 64,94,93
"4290",1993,12,65 - 69,141,201
"4290",1993,12,70 - 74,244,397
"4290",1993,12,75 - 79,518,752
"4290",1993,12,80 - 84,883,1037
"4290",1993,12,85 - 89,2128,1489
"4290",1993,12,90 - 94,0,0
"4290",1993,12,95+,0,0
"4290",1993,12,UNK,0,0
"4290",1993,13,Total,1608,2792
"4290",1993,13,0,5,2
"4290",1993,13,1,3,5
"4290",1993,13,2,3,3
"4290",1993,13,3,2,4
"4290",1993,13,4,2,5
"4290",1993,13,5 - 9,5,21
"4290",1993,13,10 - 14,9,14
"4290",1993,13,15 - 19,42,82
"4290",1993,13,20 - 24,48,151
"4290",1993,13,25 - 29,50,148
"4290",1993,13,30 - 34,60,155
"4290",1993,13,35 - 39,59,186
"4290",1993,13,40 - 44,57,187
"4290",1993,13,45 - 49,106,242
"4290",1993,13,50 - 54,79,206
"4290",1993,13,55 - 59,70,175
"4290",1993,13,60 - 64,59,146
"4290",1993,13,65 - 69,64,162
"4290",1993,13,70 - 74,101,190
"4290",1993,13,75 - 79,134,225
"4290",1993,13,80 - 84,199,194
"4290",1993,13,85 - 89,451,289
"4290",1993,13,90 - 94,0,0
"4290",1993,13,95+,0,0
"4290",1993,13,UNK,0,0
"4290",1993,14,Total,37,76
"4290",1993,14,0,0,1
"4290",1993,14,1,0,0
"4290",1993,14,2,0,1
"4290",1993,14,3,1,0
"4290",1993,14,4,1,2
"4290",1993,14,5 - 9,2,2
"4290",1993,14,10 - 14,0,0
"4290",1993,14,15 - 19,0,5
"4290",1993,14,20 - 24,4,5
"4290",1993,14,25 - 29,2,5
"4290",1993,14,30 - 34,3,3
"4290",1993,14,35 - 39,2,5
"4290",1993,14,40 - 44,5,13
"4290",1993,14,45 - 49,2,11
"4290",1993,14,50 - 54,2,6
"4290",1993,14,55 - 59,0,3
"4290",1993,14,60 - 64,5,6
"4290",1993,14,65 - 69,3,5
"4290",1993,14,70 - 74,2,2
"4290",1993,14,75 - 79,1,0
"4290",1993,14,80 - 84,1,0
"4290",1993,14,85 - 89,1,1
"4290",1993,14,90 - 94,0,0
"4290",1993,14,95+,0,0
"4290",1993,14,UNK,0,0
"4290",1994,1,Total,45065,46385
"4290",1994,1,0,214,273
"4290",1994,1,1,15,24
"4290",1994,1,2,9,11
"4290",1994,1,3,3,13
"4290",1994,1,4,10,16
"4290",1994,1,5 - 9,20,36
"4290",1994,1,10 - 14,28,36
"4290",1994,1,15 - 19,47,112
"4290",1994,1,20 - 24,70,197
"4290",1994,1,25 - 29,115,263
"4290",1994,1,30 - 34,124,303
"4290",1994,1,35 - 39,234,441
"4290",1994,1,40 - 44,331,617
"4290",1994,1,45 - 49,646,979
"4290",1994,1,50 - 54,810,1271
"4290",1994,1,55 - 59,984,1680
"4290",1994,1,60 - 64,1506,2536
"4290",1994,1,65 - 69,2374,4066
"4290",1994,1,70 - 74,4266,6658
"4290",1994,1,75 - 79,6063,8040
"4290",1994,1,80 - 84,9290,8930
"4290",1994,1,85 - 89,17906,9883
"4290",1994,1,90 - 94,0,0
"4290",1994,1,95+,0,0
"4290",1994,1,UNK,0,0
"4290",1994,2,Total,362,298
"4290",1994,2,0,4,2
"4290",1994,2,1,1,1
"4290",1994,2,2,1,5
"4290",1994,2,3,0,1
"4290",1994,2,4,1,1
"4290",1994,2,5 - 9,0,1
"4290",1994,2,10 - 14,0,1
"4290",1994,2,15 - 19,1,2
"4290",1994,2,20 - 24,3,1
"4290",1994,2,25 - 29,0,1
"4290",1994,2,30 - 34,1,3
"4290",1994,2,35 - 39,1,2
"4290",1994,2,40 - 44,7,5
"4290",1994,2,45 - 49,3,1
"4290",1994,2,50 - 54,5,4
"4290",1994,2,55 - 59,4,9
"4290",1994,2,60 - 64,6,6
"4290",1994,2,65 - 69,19,23
"4290",1994,2,70 - 74,41,53
"4290",1994,2,75 - 79,52,52
"4290",1994,2,80 - 84,83,69
"4290",1994,2,85 - 89,129,55
"4290",1994,2,90 - 94,0,0
"4290",1994,2,95+,0,0
"4290",1994,2,UNK,0,0
"4290",1994,3,Total,9881,10924
"4290",1994,3,0,3,1
"4290",1994,3,1,3,4
"4290",1994,3,2,0,1
"4290",1994,3,3,0,3
"4290",1994,3,4,1,4
"4290",1994,3,5 - 9,6,13
"4290",1994,3,10 - 14,4,11
"4290",1994,3,15 - 19,7,9
"4290",1994,3,20 - 24,7,17
"4290",1994,3,25 - 29,20,25
"4290",1994,3,30 - 34,31,40
"4290",1994,3,35 - 39,99,61
"4290",1994,3,40 - 44,147,124
"4290",1994,3,45 - 49,318,233
"4290",1994,3,50 - 54,426,358
"4290",1994,3,55 - 59,556,542
"4290",1994,3,60 - 64,752,871
"4290",1994,3,65 - 69,1067,1345
"4290",1994,3,70 - 74,1512,1978
"4290",1994,3,75 - 79,1539,2044
"4290",1994,3,80 - 84,1661,1874
"4290",1994,3,85 - 89,1722,1366
"4290",1994,3,90 - 94,0,0
"4290",1994,3,95+,0,0
"4290",1994,3,UNK,0,0
"4290",1994,4,Total,22590,22795
"4290",1994,4,0,2,7
"4290",1994,4,1,0,0
"4290",1994,4,2,1,1
"4290",1994,4,3,0,0
"4290",1994,4,4,0,1
"4290",1994,4,5 - 9,1,1
"4290",1994,4,10 - 14,0,3
"4290",1994,4,15 - 19,2,5
"4290",1994,4,20 - 24,4,8
"4290",1994,4,25 - 29,8,12
"4290",1994,4,30 - 34,9,31
"4290",1994,4,35 - 39,18,60
"4290",1994,4,40 - 44,36,125
"4290",1994,4,45 - 49,92,271
"4290",1994,4,50 - 54,139,416
"4290",1994,4,55 - 59,194,656
"4290",1994,4,60 - 64,423,1139
"4290",1994,4,65 - 69,786,1942
"4290",1994,4,70 - 74,1846,3389
"4290",1994,4,75 - 79,3106,4315
"4290",1994,4,80 - 84,5293,4901
"4290",1994,4,85 - 89,10630,5512
"4290",1994,4,90 - 94,0,0
"4290",1994,4,95+,0,0
"4290",1994,4,UNK,0,0
"4290",1994,5,Total,919,520
"4290",1994,5,0,22,33
"4290",1994,5,1,1,2
"4290",1994,5,2,0,0
"4290",1994,5,3,0,0
"4290",1994,5,4,0,1
"4290",1994,5,5 - 9,0,1
"4290",1994,5,10 - 14,1,0
"4290",1994,5,15 - 19,0,2
"4290",1994,5,20 - 24,1,3
"4290",1994,5,25 - 29,3,7
"4290",1994,5,30 - 34,3,7
"4290",1994,5,35 - 39,5,10
"4290",1994,5,40 - 44,3,6
"4290",1994,5,45 - 49,2,20
"4290",1994,5,50 - 54,4,26
"4290",1994,5,55 - 59,9,19
"4290",1994,5,60 - 64,9,18
"4290",1994,5,65 - 69,9,16
"4290",1994,5,70 - 74,13,37
"4290",1994,5,75 - 79,40,25
"4290",1994,5,80 - 84,87,54
"4290",1994,5,85 - 89,707,233
"4290",1994,5,90 - 94,0,0
"4290",1994,5,95+,0,0
"4290",1994,5,UNK,0,0
"4290",1994,6,Total,1730,1104
"4290",1994,6,0,0,0
"4290",1994,6,1,0,1
"4290",1994,6,2,0,0
"4290",1994,6,3,0,0
"4290",1994,6,4,0,0
"4290",1994,6,5 - 9,0,1
"4290",1994,6,10 - 14,0,0
"4290",1994,6,15 - 19,1,2
"4290",1994,6,20 - 24,0,13
"4290",1994,6,25 - 29,5,15
"4290",1994,6,30 - 34,4,23
"4290",1994,6,35 - 39,5,34
"4290",1994,6,40 - 44,11,32
"4290",1994,6,45 - 49,19,48
"4290",1994,6,50 - 54,11,58
"4290",1994,6,55 - 59,10,40
"4290",1994,6,60 - 64,14,47
"4290",1994,6,65 - 69,26,55
"4290",1994,6,70 - 74,96,93
"4290",1994,6,75 - 79,161,138
"4290",1994,6,80 - 84,420,219
"4290",1994,6,85 - 89,947,285
"4290",1994,6,90 - 94,0,0
"4290",1994,6,95+,0,0
"4290",1994,6,UNK,0,0
"4290",1994,7,Total,572,588
"4290",1994,7,0,5,7
"4290",1994,7,1,2,2
"4290",1994,7,2,1,1
"4290",1994,7,3,0,0
"4290",1994,7,4,2,1
"4290",1994,7,5 - 9,2,1
"4290",1994,7,10 - 14,3,2
"4290",1994,7,15 - 19,3,3
"4290",1994,7,20 - 24,2,9
"4290",1994,7,25 - 29,4,9
"4290",1994,7,30 - 34,5,10
"4290",1994,7,35 - 39,6,17
"4290",1994,7,40 - 44,12,13
"4290",1994,7,45 - 49,15,19
"4290",1994,7,50 - 54,16,29
"4290",1994,7,55 - 59,20,31
"4290",1994,7,60 - 64,38,38
"4290",1994,7,65 - 69,48,69
"4290",1994,7,70 - 74,78,92
"4290",1994,7,75 - 79,79,94
"4290",1994,7,80 - 84,109,79
"4290",1994,7,85 - 89,122,62
"4290",1994,7,90 - 94,0,0
"4290",1994,7,95+,0,0
"4290",1994,7,UNK,0,0
"4290",1994,8,Total,964,965
"4290",1994,8,0,4,6
"4290",1994,8,1,0,3
"4290",1994,8,2,0,2
"4290",1994,8,3,0,0
"4290",1994,8,4,2,2
"4290",1994,8,5 - 9,1,3
"4290",1994,8,10 - 14,1,0
"4290",1994,8,15 - 19,0,2
"4290",1994,8,20 - 24,3,4
"4290",1994,8,25 - 29,5,12
"4290",1994,8,30 - 34,5,19
"4290",1994,8,35 - 39,13,35
"4290",1994,8,40 - 44,6,38
"4290",1994,8,45 - 49,12,47
"4290",1994,8,50 - 54,13,33
"4290",1994,8,55 - 59,15,47
"4290",1994,8,60 - 64,23,47
"4290",1994,8,65 - 69,52,78
"4290",1994,8,70 - 74,94,127
"4290",1994,8,75 - 79,134,142
"4290",1994,8,80 - 84,206,147
"4290",1994,8,85 - 89,375,171
"4290",1994,8,90 - 94,0,0
"4290",1994,8,95+,0,0
"4290",1994,8,UNK,0,0
"4290",1994,9,Total,1504,1432
"4290",1994,9,0,1,3
"4290",1994,9,1,1,1
"4290",1994,9,2,1,0
"4290",1994,9,3,0,1
"4290",1994,9,4,0,0
"4290",1994,9,5 - 9,0,1
"4290",1994,9,10 - 14,1,1
"4290",1994,9,15 - 19,1,1
"4290",1994,9,20 - 24,2,1
"4290",1994,9,25 - 29,1,6
"4290",1994,9,30 - 34,2,6
"4290",1994,9,35 - 39,8,18
"4290",1994,9,40 - 44,12,46
"4290",1994,9,45 - 49,30,58
"4290",1994,9,50 - 54,34,73
"4290",1994,9,55 - 59,39,88
"4290",1994,9,60 - 64,42,94
"4290",1994,9,65 - 69,74,127
"4290",1994,9,70 - 74,133,171
"4290",1994,9,75 - 79,211,210
"4290",1994,9,80 - 84,316,244
"4290",1994,9,85 - 89,595,282
"4290",1994,9,90 - 94,0,0
"4290",1994,9,95+,0,0
"4290",1994,9,UNK,0,0
"4290",1994,10,Total,534,702
"4290",1994,10,0,2,0
"4290",1994,10,1,0,0
"4290",1994,10,2,0,0
"4290",1994,10,3,0,0
"4290",1994,10,4,0,0
"4290",1994,10,5 - 9,0,0
"4290",1994,10,10 - 14,0,0
"4290",1994,10,15 - 19,0,0
"4290",1994,10,20 - 24,0,0
"4290",1994,10,25 - 29,0,0
"4290",1994,10,30 - 34,0,1
"4290",1994,10,35 - 39,2,3
"4290",1994,10,40 - 44,3,3
"4290",1994,10,45 - 49,2,3
"4290",1994,10,50 - 54,8,8
"4290",1994,10,55 - 59,0,3
"4290",1994,10,60 - 64,3,12
"4290",1994,10,65 - 69,16,24
"4290",1994,10,70 - 74,31,75
"4290",1994,10,75 - 79,76,108
"4290",1994,10,80 - 84,126,179
"4290",1994,10,85 - 89,265,283
"4290",1994,10,90 - 94,0,0
"4290",1994,10,95+,0,0
"4290",1994,10,UNK,0,0
"4290",1994,11,Total,237,264
"4290",1994,11,0,164,199
"4290",1994,11,1,3,7
"4290",1994,11,2,2,0
"4290",1994,11,3,2,2
"4290",1994,11,4,0,3
"4290",1994,11,5 - 9,1,0
"4290",1994,11,10 - 14,1,3
"4290",1994,11,15 - 19,1,4
"4290",1994,11,20 - 24,5,3
"4290",1994,11,25 - 29,3,2
"4290",1994,11,30 - 34,2,2
"4290",1994,11,35 - 39,2,0
"4290",1994,11,40 - 44,2,3
"4290",1994,11,45 - 49,4,3
"4290",1994,11,50 - 54,6,7
"4290",1994,11,55 - 59,3,2
"4290",1994,11,60 - 64,4,5
"4290",1994,11,65 - 69,4,1
"4290",1994,11,70 - 74,8,1
"4290",1994,11,75 - 79,8,6
"4290",1994,11,80 - 84,5,6
"4290",1994,11,85 - 89,7,5
"4290",1994,11,90 - 94,0,0
"4290",1994,11,95+,0,0
"4290",1994,11,UNK,0,0
"4290",1994,12,Total,3424,3532
"4290",1994,12,0,2,9
"4290",1994,12,1,0,0
"4290",1994,12,2,1,0
"4290",1994,12,3,0,0
"4290",1994,12,4,0,0
"4290",1994,12,5 - 9,1,1
"4290",1994,12,10 - 14,1,1
"4290",1994,12,15 - 19,0,0
"4290",1994,12,20 - 24,0,1
"4290",1994,12,25 - 29,2,4
"4290",1994,12,30 - 34,2,4
"4290",1994,12,35 - 39,6,7
"4290",1994,12,40 - 44,12,9
"4290",1994,12,45 - 49,12,23
"4290",1994,12,50 - 54,30,42
"4290",1994,12,55 - 59,37,52
"4290",1994,12,60 - 64,77,91
"4290",1994,12,65 - 69,129,167
"4290",1994,12,70 - 74,225,363
"4290",1994,12,75 - 79,443,638
"4290",1994,12,80 - 84,679,868
"4290",1994,12,85 - 89,1765,1252
"4290",1994,12,90 - 94,0,0
"4290",1994,12,95+,0,0
"4290",1994,12,UNK,0,0
"4290",1994,13,Total,1753,2841
"4290",1994,13,0,4,4
"4290",1994,13,1,4,3
"4290",1994,13,2,1,1
"4290",1994,13,3,1,5
"4290",1994,13,4,4,2
"4290",1994,13,5 - 9,8,12
"4290",1994,13,10 - 14,16,13
"4290",1994,13,15 - 19,29,79
"4290",1994,13,20 - 24,35,130
"4290",1994,13,25 - 29,59,154
"4290",1994,13,30 - 34,56,153
"4290",1994,13,35 - 39,63,186
"4290",1994,13,40 - 44,73,201
"4290",1994,13,45 - 49,133,241
"4290",1994,13,50 - 54,109,206
"4290",1994,13,55 - 59,87,182
"4290",1994,13,60 - 64,93,153
"4290",1994,13,65 - 69,116,188
"4290",1994,13,70 - 74,121,234
"4290",1994,13,75 - 79,137,201
"4290",1994,13,80 - 84,189,215
"4290",1994,13,85 - 89,415,278
"4290",1994,13,90 - 94,0,0
"4290",1994,13,95+,0,0
"4290",1994,13,UNK,0,0
"4290",1994,14,Total,37,70
"4290",1994,14,0,1,0
"4290",1994,14,1,0,0
"4290",1994,14,2,0,0
"4290",1994,14,3,0,1
"4290",1994,14,4,0,0
"4290",1994,14,5 - 9,0,1
"4290",1994,14,10 - 14,0,1
"4290",1994,14,15 - 19,1,3
"4290",1994,14,20 - 24,7,7
"4290",1994,14,25 - 29,5,14
"4290",1994,14,30 - 34,1,3
"4290",1994,14,35 - 39,4,6
"4290",1994,14,40 - 44,3,9
"4290",1994,14,45 - 49,2,9
"4290",1994,14,50 - 54,3,3
"4290",1994,14,55 - 59,1,4
"4290",1994,14,60 - 64,1,3
"4290",1994,14,65 - 69,1,4
"4290",1994,14,70 - 74,1,1
"4290",1994,14,75 - 79,1,1
"4290",1994,14,80 - 84,4,0
"4290",1994,14,85 - 89,1,0
"4290",1994,14,90 - 94,0,0
"4290",1994,14,95+,0,0
"4290",1994,14,UNK,0,0
"4290",1995,1,Total,46213,47428
"4290",1995,1,0,175,241
"4290",1995,1,1,9,21
"4290",1995,1,2,10,13
"4290",1995,1,3,5,6
"4290",1995,1,4,10,10
"4290",1995,1,5 - 9,23,35
"4290",1995,1,10 - 14,24,37
"4290",1995,1,15 - 19,56,117
"4290",1995,1,20 - 24,82,197
"4290",1995,1,25 - 29,101,215
"4290",1995,1,30 - 34,141,305
"4290",1995,1,35 - 39,177,365
"4290",1995,1,40 - 44,322,595
"4290",1995,1,45 - 49,587,980
"4290",1995,1,50 - 54,840,1360
"4290",1995,1,55 - 59,972,1660
"4290",1995,1,60 - 64,1502,2500
"4290",1995,1,65 - 69,2417,4026
"4290",1995,1,70 - 74,4123,6534
"4290",1995,1,75 - 79,6398,8298
"4290",1995,1,80 - 84,9360,9117
"4290",1995,1,85 - 89,18879,10796
"4290",1995,1,90 - 94,0,0
"4290",1995,1,95+,0,0
"4290",1995,1,UNK,0,0
"4290",1995,2,Total,405,358
"4290",1995,2,0,3,6
"4290",1995,2,1,0,1
"4290",1995,2,2,0,3
"4290",1995,2,3,0,1
"4290",1995,2,4,0,0
"4290",1995,2,5 - 9,0,0
"4290",1995,2,10 - 14,0,0
"4290",1995,2,15 - 19,3,1
"4290",1995,2,20 - 24,2,0
"4290",1995,2,25 - 29,2,3
"4290",1995,2,30 - 34,2,5
"4290",1995,2,35 - 39,5,7
"4290",1995,2,40 - 44,5,6
"4290",1995,2,45 - 49,8,10
"4290",1995,2,50 - 54,8,4
"4290",1995,2,55 - 59,4,12
"4290",1995,2,60 - 64,11,13
"4290",1995,2,65 - 69,11,31
"4290",1995,2,70 - 74,36,54
"4290",1995,2,75 - 79,68,58
"4290",1995,2,80 - 84,97,66
"4290",1995,2,85 - 89,140,77
"4290",1995,2,90 - 94,0,0
"4290",1995,2,95+,0,0
"4290",1995,2,UNK,0,0
"4290",1995,3,Total,10363,11006
"4290",1995,3,0,3,1
"4290",1995,3,1,2,3
"4290",1995,3,2,3,2
"4290",1995,3,3,2,1
"4290",1995,3,4,0,1
"4290",1995,3,5 - 9,3,8
"4290",1995,3,10 - 14,2,10
"4290",1995,3,15 - 19,6,14
"4290",1995,3,20 - 24,11,17
"4290",1995,3,25 - 29,26,21
"4290",1995,3,30 - 34,38,41
"4290",1995,3,35 - 39,58,44
"4290",1995,3,40 - 44,145,103
"4290",1995,3,45 - 49,310,223
"4290",1995,3,50 - 54,460,403
"4290",1995,3,55 - 59,565,509
"4290",1995,3,60 - 64,801,850
"4290",1995,3,65 - 69,1136,1313
"4290",1995,3,70 - 74,1469,2001
"4290",1995,3,75 - 79,1718,2094
"4290",1995,3,80 - 84,1794,1832
"4290",1995,3,85 - 89,1811,1515
"4290",1995,3,90 - 94,0,0
"4290",1995,3,95+,0,0
"4290",1995,3,UNK,0,0
"4290",1995,4,Total,23012,23377
"4290",1995,4,0,1,7
"4290",1995,4,1,0,0
"4290",1995,4,2,0,0
"4290",1995,4,3,0,2
"4290",1995,4,4,0,0
"4290",1995,4,5 - 9,0,1
"4290",1995,4,10 - 14,0,3
"4290",1995,4,15 - 19,4,4
"4290",1995,4,20 - 24,11,8
"4290",1995,4,25 - 29,7,19
"4290",1995,4,30 - 34,12,27
"4290",1995,4,35 - 39,25,55
"4290",1995,4,40 - 44,36,105
"4290",1995,4,45 - 49,93,269
"4290",1995,4,50 - 54,127,438
"4290",1995,4,55 - 59,183,675
"4290",1995,4,60 - 64,387,1100
"4290",1995,4,65 - 69,765,1927
"4290",1995,4,70 - 74,1736,3249
"4290",1995,4,75 - 79,3164,4436
"4290",1995,4,80 - 84,5227,5007
"4290",1995,4,85 - 89,11234,6045
"4290",1995,4,90 - 94,0,0
"4290",1995,4,95+,0,0
"4290",1995,4,UNK,0,0
"4290",1995,5,Total,991,563
"4290",1995,5,0,18,27
"4290",1995,5,1,0,1
"4290",1995,5,2,0,0
"4290",1995,5,3,0,0
"4290",1995,5,4,1,0
"4290",1995,5,5 - 9,0,1
"4290",1995,5,10 - 14,0,0
"4290",1995,5,15 - 19,2,0
"4290",1995,5,20 - 24,1,5
"4290",1995,5,25 - 29,1,4
"4290",1995,5,30 - 34,3,7
"4290",1995,5,35 - 39,1,11
"4290",1995,5,40 - 44,3,14
"4290",1995,5,45 - 49,4,24
"4290",1995,5,50 - 54,6,32
"4290",1995,5,55 - 59,6,14
"4290",1995,5,60 - 64,3,16
"4290",1995,5,65 - 69,16,30
"4290",1995,5,70 - 74,15,30
"4290",1995,5,75 - 79,40,29
"4290",1995,5,80 - 84,90,50
"4290",1995,5,85 - 89,781,268
"4290",1995,5,90 - 94,0,0
"4290",1995,5,95+,0,0
"4290",1995,5,UNK,0,0
"4290",1995,6,Total,1791,1146
"4290",1995,6,0,0,0
"4290",1995,6,1,0,0
"4290",1995,6,2,0,0
"4290",1995,6,3,0,0
"4290",1995,6,4,0,0
"4290",1995,6,5 - 9,1,0
"4290",1995,6,10 - 14,0,0
"4290",1995,6,15 - 19,1,0
"4290",1995,6,20 - 24,2,5
"4290",1995,6,25 - 29,4,7
"4290",1995,6,30 - 34,4,20
"4290",1995,6,35 - 39,5,26
"4290",1995,6,40 - 44,5,40
"4290",1995,6,45 - 49,11,36
"4290",1995,6,50 - 54,12,49
"4290",1995,6,55 - 59,11,48
"4290",1995,6,60 - 64,15,42
"4290",1995,6,65 - 69,32,53
"4290",1995,6,70 - 74,87,110
"4290",1995,6,75 - 79,174,145
"4290",1995,6,80 - 84,382,231
"4290",1995,6,85 - 89,1045,334
"4290",1995,6,90 - 94,0,0
"4290",1995,6,95+,0,0
"4290",1995,6,UNK,0,0
"4290",1995,7,Total,607,656
"4290",1995,7,0,2,5
"4290",1995,7,1,2,2
"4290",1995,7,2,0,1
"4290",1995,7,3,1,0
"4290",1995,7,4,2,1
"4290",1995,7,5 - 9,4,3
"4290",1995,7,10 - 14,5,4
"4290",1995,7,15 - 19,5,11
"4290",1995,7,20 - 24,2,4
"4290",1995,7,25 - 29,7,6
"4290",1995,7,30 - 34,7,11
"4290",1995,7,35 - 39,4,10
"4290",1995,7,40 - 44,10,16
"4290",1995,7,45 - 49,20,29
"4290",1995,7,50 - 54,30,34
"4290",1995,7,55 - 59,15,30
"4290",1995,7,60 - 64,32,44
"4290",1995,7,65 - 69,53,74
"4290",1995,7,70 - 74,78,90
"4290",1995,7,75 - 79,101,113
"4290",1995,7,80 - 84,97,87
"4290",1995,7,85 - 89,130,81
"4290",1995,7,90 - 94,0,0
"4290",1995,7,95+,0,0
"4290",1995,7,UNK,0,0
"4290",1995,8,Total,1046,1059
"4290",1995,8,0,2,3
"4290",1995,8,1,1,0
"4290",1995,8,2,0,0
"4290",1995,8,3,0,0
"4290",1995,8,4,1,1
"4290",1995,8,5 - 9,0,0
"4290",1995,8,10 - 14,0,0
"4290",1995,8,15 - 19,4,0
"4290",1995,8,20 - 24,1,5
"4290",1995,8,25 - 29,5,10
"4290",1995,8,30 - 34,10,21
"4290",1995,8,35 - 39,8,31
"4290",1995,8,40 - 44,11,39
"4290",1995,8,45 - 49,13,37
"4290",1995,8,50 - 54,22,48
"4290",1995,8,55 - 59,22,55
"4290",1995,8,60 - 64,32,50
"4290",1995,8,65 - 69,60,91
"4290",1995,8,70 - 74,115,157
"4290",1995,8,75 - 79,163,165
"4290",1995,8,80 - 84,190,166
"4290",1995,8,85 - 89,386,180
"4290",1995,8,90 - 94,0,0
"4290",1995,8,95+,0,0
"4290",1995,8,UNK,0,0
"4290",1995,9,Total,1538,1448
"4290",1995,9,0,2,2
"4290",1995,9,1,0,2
"4290",1995,9,2,0,0
"4290",1995,9,3,0,0
"4290",1995,9,4,0,0
"4290",1995,9,5 - 9,0,0
"4290",1995,9,10 - 14,1,0
"4290",1995,9,15 - 19,0,0
"4290",1995,9,20 - 24,1,3
"4290",1995,9,25 - 29,1,2
"4290",1995,9,30 - 34,2,8
"4290",1995,9,35 - 39,5,16
"4290",1995,9,40 - 44,18,36
"4290",1995,9,45 - 49,27,78
"4290",1995,9,50 - 54,33,68
"4290",1995,9,55 - 59,42,78
"4290",1995,9,60 - 64,51,92
"4290",1995,9,65 - 69,85,129
"4290",1995,9,70 - 74,126,178
"4290",1995,9,75 - 79,219,209
"4290",1995,9,80 - 84,306,235
"4290",1995,9,85 - 89,619,312
"4290",1995,9,90 - 94,0,0
"4290",1995,9,95+,0,0
"4290",1995,9,UNK,0,0
"4290",1995,10,Total,541,713
"4290",1995,10,0,0,0
"4290",1995,10,1,0,0
"4290",1995,10,2,0,0
"4290",1995,10,3,0,0
"4290",1995,10,4,0,0
"4290",1995,10,5 - 9,0,0
"4290",1995,10,10 - 14,0,0
"4290",1995,10,15 - 19,0,0
"4290",1995,10,20 - 24,0,0
"4290",1995,10,25 - 29,1,0
"4290",1995,10,30 - 34,0,0
"4290",1995,10,35 - 39,0,1
"4290",1995,10,40 - 44,0,0
"4290",1995,10,45 - 49,1,3
"4290",1995,10,50 - 54,3,0
"4290",1995,10,55 - 59,4,9
"4290",1995,10,60 - 64,8,14
"4290",1995,10,65 - 69,24,36
"4290",1995,10,70 - 74,48,63
"4290",1995,10,75 - 79,60,125
"4290",1995,10,80 - 84,118,184
"4290",1995,10,85 - 89,274,278
"4290",1995,10,90 - 94,0,0
"4290",1995,10,95+,0,0
"4290",1995,10,UNK,0,0
"4290",1995,11,Total,203,261
"4290",1995,11,0,139,183
"4290",1995,11,1,3,3
"4290",1995,11,2,2,4
"4290",1995,11,3,1,0
"4290",1995,11,4,2,2
"4290",1995,11,5 - 9,3,4
"4290",1995,11,10 - 14,3,3
"4290",1995,11,15 - 19,3,6
"4290",1995,11,20 - 24,5,2
"4290",1995,11,25 - 29,1,4
"4290",1995,11,30 - 34,3,6
"4290",1995,11,35 - 39,2,4
"4290",1995,11,40 - 44,4,2
"4290",1995,11,45 - 49,4,4
"4290",1995,11,50 - 54,5,4
"4290",1995,11,55 - 59,5,4
"4290",1995,11,60 - 64,3,4
"4290",1995,11,65 - 69,1,7
"4290",1995,11,70 - 74,4,4
"4290",1995,11,75 - 79,2,3
"4290",1995,11,80 - 84,5,3
"4290",1995,11,85 - 89,3,5
"4290",1995,11,90 - 94,0,0
"4290",1995,11,95+,0,0
"4290",1995,11,UNK,0,0
"4290",1995,12,Total,3591,3730
"4290",1995,12,0,0,3
"4290",1995,12,1,0,2
"4290",1995,12,2,0,0
"4290",1995,12,3,0,0
"4290",1995,12,4,0,0
"4290",1995,12,5 - 9,2,0
"4290",1995,12,10 - 14,0,1
"4290",1995,12,15 - 19,1,3
"4290",1995,12,20 - 24,1,0
"4290",1995,12,25 - 29,1,3
"4290",1995,12,30 - 34,4,3
"4290",1995,12,35 - 39,2,7
"4290",1995,12,40 - 44,9,13
"4290",1995,12,45 - 49,23,17
"4290",1995,12,50 - 54,32,31
"4290",1995,12,55 - 59,49,59
"4290",1995,12,60 - 64,82,84
"4290",1995,12,65 - 69,143,157
"4290",1995,12,70 - 74,249,383
"4290",1995,12,75 - 79,477,678
"4290",1995,12,80 - 84,735,973
"4290",1995,12,85 - 89,1781,1313
"4290",1995,12,90 - 94,0,0
"4290",1995,12,95+,0,0
"4290",1995,12,UNK,0,0
"4290",1995,13,Total,1520,2716
"4290",1995,13,0,3,3
"4290",1995,13,1,0,5
"4290",1995,13,2,3,3
"4290",1995,13,3,0,2
"4290",1995,13,4,3,5
"4290",1995,13,5 - 9,10,15
"4290",1995,13,10 - 14,11,14
"4290",1995,13,15 - 19,27,72
"4290",1995,13,20 - 24,41,141
"4290",1995,13,25 - 29,39,129
"4290",1995,13,30 - 34,49,147
"4290",1995,13,35 - 39,55,147
"4290",1995,13,40 - 44,72,212
"4290",1995,13,45 - 49,67,243
"4290",1995,13,50 - 54,88,241
"4290",1995,13,55 - 59,57,157
"4290",1995,13,60 - 64,60,176
"4290",1995,13,65 - 69,62,146
"4290",1995,13,70 - 74,86,177
"4290",1995,13,75 - 79,144,182
"4290",1995,13,80 - 84,215,212
"4290",1995,13,85 - 89,428,287
"4290",1995,13,90 - 94,0,0
"4290",1995,13,95+,0,0
"4290",1995,13,UNK,0,0
"4290",1995,14,Total,29,56
"4290",1995,14,0,0,1
"4290",1995,14,1,1,1
"4290",1995,14,2,1,0
"4290",1995,14,3,1,0
"4290",1995,14,4,1,0
"4290",1995,14,5 - 9,0,1
"4290",1995,14,10 - 14,1,1
"4290",1995,14,15 - 19,0,4
"4290",1995,14,20 - 24,1,6
"4290",1995,14,25 - 29,4,7
"4290",1995,14,30 - 34,5,7
"4290",1995,14,35 - 39,3,6
"4290",1995,14,40 - 44,1,4
"4290",1995,14,45 - 49,6,6
"4290",1995,14,50 - 54,1,4
"4290",1995,14,55 - 59,1,2
"4290",1995,14,60 - 64,0,2
"4290",1995,14,65 - 69,1,2
"4290",1995,14,70 - 74,1,1
"4290",1995,14,75 - 79,0,1
"4290",1995,14,80 - 84,0,0
"4290",1995,14,85 - 89,0,0
"4290",1995,14,90 - 94,0,0
"4290",1995,14,95+,0,0
"4290",1995,14,UNK,0,0
"4290",1996,1,Total,46861,46954
"4290",1996,1,0,169,195
"4290",1996,1,1,15,23
"4290",1996,1,2,7,8
"4290",1996,1,3,7,10
"4290",1996,1,4,5,15
"4290",1996,1,5 - 9,29,34
"4290",1996,1,10 - 14,26,32
"4290",1996,1,15 - 19,47,93
"4290",1996,1,20 - 24,76,170
"4290",1996,1,25 - 29,94,233
"4290",1996,1,30 - 34,141,284
"4290",1996,1,35 - 39,177,361
"4290",1996,1,40 - 44,283,532
"4290",1996,1,45 - 49,578,884
"4290",1996,1,50 - 54,897,1433
"4290",1996,1,55 - 59,1029,1604
"4290",1996,1,60 - 64,1415,2445
"4290",1996,1,65 - 69,2318,3935
"4290",1996,1,70 - 74,4141,6083
"4290",1996,1,75 - 79,6399,8254
"4290",1996,1,80 - 84,9175,9094
"4290",1996,1,85 - 89,19833,11232
"4290",1996,1,90 - 94,0,0
"4290",1996,1,95+,0,0
"4290",1996,1,UNK,0,0
"4290",1996,2,Total,411,361
"4290",1996,2,0,1,9
"4290",1996,2,1,0,1
"4290",1996,2,2,0,0
"4290",1996,2,3,0,0
"4290",1996,2,4,0,1
"4290",1996,2,5 - 9,0,0
"4290",1996,2,10 - 14,1,0
"4290",1996,2,15 - 19,1,4
"4290",1996,2,20 - 24,0,0
"4290",1996,2,25 - 29,0,2
"4290",1996,2,30 - 34,0,2
"4290",1996,2,35 - 39,3,8
"4290",1996,2,40 - 44,2,6
"4290",1996,2,45 - 49,8,7
"4290",1996,2,50 - 54,6,8
"4290",1996,2,55 - 59,5,5
"4290",1996,2,60 - 64,7,15
"4290",1996,2,65 - 69,25,18
"4290",1996,2,70 - 74,49,49
"4290",1996,2,75 - 79,53,49
"4290",1996,2,80 - 84,82,92
"4290",1996,2,85 - 89,168,85
"4290",1996,2,90 - 94,0,0
"4290",1996,2,95+,0,0
"4290",1996,2,UNK,0,0
"4290",1996,3,Total,10355,11127
"4290",1996,3,0,0,1
"4290",1996,3,1,0,2
"4290",1996,3,2,1,2
"4290",1996,3,3,2,2
"4290",1996,3,4,2,6
"4290",1996,3,5 - 9,7,11
"4290",1996,3,10 - 14,4,6
"4290",1996,3,15 - 19,9,7
"4290",1996,3,20 - 24,16,11
"4290",1996,3,25 - 29,21,25
"4290",1996,3,30 - 34,34,37
"4290",1996,3,35 - 39,69,58
"4290",1996,3,40 - 44,129,98
"4290",1996,3,45 - 49,277,183
"4290",1996,3,50 - 54,495,433
"4290",1996,3,55 - 59,598,538
"4290",1996,3,60 - 64,754,871
"4290",1996,3,65 - 69,1078,1308
"4290",1996,3,70 - 74,1517,1845
"4290",1996,3,75 - 79,1757,2307
"4290",1996,3,80 - 84,1714,1862
"4290",1996,3,85 - 89,1871,1514
"4290",1996,3,90 - 94,0,0
"4290",1996,3,95+,0,0
"4290",1996,3,UNK,0,0
"4290",1996,4,Total,23100,22763
"4290",1996,4,0,4,5
"4290",1996,4,1,2,0
"4290",1996,4,2,0,0
"4290",1996,4,3,0,1
"4290",1996,4,4,0,1
"4290",1996,4,5 - 9,3,0
"4290",1996,4,10 - 14,1,0
"4290",1996,4,15 - 19,3,5
"4290",1996,4,20 - 24,7,8
"4290",1996,4,25 - 29,8,14
"4290",1996,4,30 - 34,18,26
"4290",1996,4,35 - 39,19,49
"4290",1996,4,40 - 44,48,105
"4290",1996,4,45 - 49,84,267
"4290",1996,4,50 - 54,138,470
"4290",1996,4,55 - 59,197,616
"4290",1996,4,60 - 64,340,1003
"4290",1996,4,65 - 69,763,1799
"4290",1996,4,70 - 74,1698,3039
"4290",1996,4,75 - 79,3110,4167
"4290",1996,4,80 - 84,5023,4941
"4290",1996,4,85 - 89,11634,6247
"4290",1996,4,90 - 94,0,0
"4290",1996,4,95+,0,0
"4290",1996,4,UNK,0,0
"4290",1996,5,Total,1115,556
"4290",1996,5,0,19,15
"4290",1996,5,1,3,1
"4290",1996,5,2,1,0
"4290",1996,5,3,0,0
"4290",1996,5,4,0,0
"4290",1996,5,5 - 9,1,1
"4290",1996,5,10 - 14,0,0
"4290",1996,5,15 - 19,1,2
"4290",1996,5,20 - 24,3,0
"4290",1996,5,25 - 29,2,4
"4290",1996,5,30 - 34,1,10
"4290",1996,5,35 - 39,1,10
"4290",1996,5,40 - 44,2,9
"4290",1996,5,45 - 49,4,18
"4290",1996,5,50 - 54,4,26
"4290",1996,5,55 - 59,9,13
"4290",1996,5,60 - 64,14,33
"4290",1996,5,65 - 69,10,28
"4290",1996,5,70 - 74,19,23
"4290",1996,5,75 - 79,33,44
"4290",1996,5,80 - 84,84,59
"4290",1996,5,85 - 89,904,260
"4290",1996,5,90 - 94,0,0
"4290",1996,5,95+,0,0
"4290",1996,5,UNK,0,0
"4290",1996,6,Total,1927,1173
"4290",1996,6,0,0,0
"4290",1996,6,1,0,0
"4290",1996,6,2,0,0
"4290",1996,6,3,0,0
"4290",1996,6,4,0,0
"4290",1996,6,5 - 9,0,0
"4290",1996,6,10 - 14,0,0
"4290",1996,6,15 - 19,1,1
"4290",1996,6,20 - 24,1,8
"4290",1996,6,25 - 29,1,14
"4290",1996,6,30 - 34,5,17
"4290",1996,6,35 - 39,4,35
"4290",1996,6,40 - 44,9,35
"4290",1996,6,45 - 49,18,51
"4290",1996,6,50 - 54,23,47
"4290",1996,6,55 - 59,12,40
"4290",1996,6,60 - 64,17,43
"4290",1996,6,65 - 69,28,59
"4290",1996,6,70 - 74,86,92
"4290",1996,6,75 - 79,194,159
"4290",1996,6,80 - 84,382,239
"4290",1996,6,85 - 89,1146,333
"4290",1996,6,90 - 94,0,0
"4290",1996,6,95+,0,0
"4290",1996,6,UNK,0,0
"4290",1996,7,Total,645,689
"4290",1996,7,0,3,4
"4290",1996,7,1,1,6
"4290",1996,7,2,0,2
"4290",1996,7,3,1,0
"4290",1996,7,4,0,0
"4290",1996,7,5 - 9,2,3
"4290",1996,7,10 - 14,5,3
"4290",1996,7,15 - 19,2,5
"4290",1996,7,20 - 24,2,7
"4290",1996,7,25 - 29,6,8
"4290",1996,7,30 - 34,11,8
"4290",1996,7,35 - 39,5,6
"4290",1996,7,40 - 44,8,20
"4290",1996,7,45 - 49,24,22
"4290",1996,7,50 - 54,24,32
"4290",1996,7,55 - 59,27,24
"4290",1996,7,60 - 64,37,41
"4290",1996,7,65 - 69,56,75
"4290",1996,7,70 - 74,82,103
"4290",1996,7,75 - 79,107,120
"4290",1996,7,80 - 84,116,116
"4290",1996,7,85 - 89,126,84
"4290",1996,7,90 - 94,0,0
"4290",1996,7,95+,0,0
"4290",1996,7,UNK,0,0
"4290",1996,8,Total,1013,1027
"4290",1996,8,0,3,10
"4290",1996,8,1,1,0
"4290",1996,8,2,2,0
"4290",1996,8,3,2,2
"4290",1996,8,4,0,0
"4290",1996,8,5 - 9,2,1
"4290",1996,8,10 - 14,1,1
"4290",1996,8,15 - 19,2,3
"4290",1996,8,20 - 24,1,6
"4290",1996,8,25 - 29,5,9
"4290",1996,8,30 - 34,14,17
"4290",1996,8,35 - 39,9,26
"4290",1996,8,40 - 44,12,45
"4290",1996,8,45 - 49,20,37
"4290",1996,8,50 - 54,20,45
"4290",1996,8,55 - 59,12,45
"4290",1996,8,60 - 64,33,62
"4290",1996,8,65 - 69,54,80
"4290",1996,8,70 - 74,92,133
"4290",1996,8,75 - 79,137,158
"4290",1996,8,80 - 84,197,169
"4290",1996,8,85 - 89,394,178
"4290",1996,8,90 - 94,0,0
"4290",1996,8,95+,0,0
"4290",1996,8,UNK,0,0
"4290",1996,9,Total,1496,1439
"4290",1996,9,0,0,2
"4290",1996,9,1,1,0
"4290",1996,9,2,0,1
"4290",1996,9,3,0,0
"4290",1996,9,4,1,0
"4290",1996,9,5 - 9,0,1
"4290",1996,9,10 - 14,1,1
"4290",1996,9,15 - 19,0,0
"4290",1996,9,20 - 24,1,1
"4290",1996,9,25 - 29,2,3
"4290",1996,9,30 - 34,1,1
"4290",1996,9,35 - 39,3,11
"4290",1996,9,40 - 44,12,26
"4290",1996,9,45 - 49,24,45
"4290",1996,9,50 - 54,33,89
"4290",1996,9,55 - 59,29,83
"4290",1996,9,60 - 64,48,101
"4290",1996,9,65 - 69,65,136
"4290",1996,9,70 - 74,121,180
"4290",1996,9,75 - 79,207,198
"4290",1996,9,80 - 84,303,236
"4290",1996,9,85 - 89,644,324
"4290",1996,9,90 - 94,0,0
"4290",1996,9,95+,0,0
"4290",1996,9,UNK,0,0
"4290",1996,10,Total,605,638
"4290",1996,10,0,0,0
"4290",1996,10,1,0,0
"4290",1996,10,2,0,0
"4290",1996,10,3,0,0
"4290",1996,10,4,0,0
"4290",1996,10,5 - 9,0,0
"4290",1996,10,10 - 14,0,0
"4290",1996,10,15 - 19,0,0
"4290",1996,10,20 - 24,0,1
"4290",1996,10,25 - 29,0,0
"4290",1996,10,30 - 34,2,0
"4290",1996,10,35 - 39,0,1
"4290",1996,10,40 - 44,1,3
"4290",1996,10,45 - 49,2,3
"4290",1996,10,50 - 54,1,5
"4290",1996,10,55 - 59,7,9
"4290",1996,10,60 - 64,9,12
"4290",1996,10,65 - 69,18,33
"4290",1996,10,70 - 74,49,53
"4290",1996,10,75 - 79,77,103
"4290",1996,10,80 - 84,147,153
"4290",1996,10,85 - 89,292,262
"4290",1996,10,90 - 94,0,0
"4290",1996,10,95+,0,0
"4290",1996,10,UNK,0,0
"4290",1996,11,Total,196,215
"4290",1996,11,0,130,142
"4290",1996,11,1,4,4
"4290",1996,11,2,1,3
"4290",1996,11,3,0,1
"4290",1996,11,4,1,3
"4290",1996,11,5 - 9,1,2
"4290",1996,11,10 - 14,3,3
"4290",1996,11,15 - 19,4,3
"4290",1996,11,20 - 24,2,2
"4290",1996,11,25 - 29,3,2
"4290",1996,11,30 - 34,1,1
"4290",1996,11,35 - 39,3,1
"4290",1996,11,40 - 44,1,3
"4290",1996,11,45 - 49,6,3
"4290",1996,11,50 - 54,3,4
"4290",1996,11,55 - 59,2,8
"4290",1996,11,60 - 64,4,5
"4290",1996,11,65 - 69,3,2
"4290",1996,11,70 - 74,6,6
"4290",1996,11,75 - 79,5,4
"4290",1996,11,80 - 84,9,7
"4290",1996,11,85 - 89,4,6
"4290",1996,11,90 - 94,0,0
"4290",1996,11,95+,0,0
"4290",1996,11,UNK,0,0
"4290",1996,12,Total,3873,3965
"4290",1996,12,0,4,5
"4290",1996,12,1,1,3
"4290",1996,12,2,0,0
"4290",1996,12,3,0,0
"4290",1996,12,4,0,1
"4290",1996,12,5 - 9,3,2
"4290",1996,12,10 - 14,0,2
"4290",1996,12,15 - 19,2,0
"4290",1996,12,20 - 24,2,3
"4290",1996,12,25 - 29,3,2
"4290",1996,12,30 - 34,1,4
"4290",1996,12,35 - 39,4,9
"4290",1996,12,40 - 44,9,13
"4290",1996,12,45 - 49,13,30
"4290",1996,12,50 - 54,32,40
"4290",1996,12,55 - 59,49,49
"4290",1996,12,60 - 64,75,95
"4290",1996,12,65 - 69,121,200
"4290",1996,12,70 - 74,280,350
"4290",1996,12,75 - 79,486,675
"4290",1996,12,80 - 84,819,939
"4290",1996,12,85 - 89,1969,1543
"4290",1996,12,90 - 94,0,0
"4290",1996,12,95+,0,0
"4290",1996,12,UNK,0,0
"4290",1996,13,Total,1506,2587
"4290",1996,13,0,2,2
"4290",1996,13,1,2,5
"4290",1996,13,2,1,0
"4290",1996,13,3,1,4
"4290",1996,13,4,1,3
"4290",1996,13,5 - 9,7,12
"4290",1996,13,10 - 14,9,16
"4290",1996,13,15 - 19,21,63
"4290",1996,13,20 - 24,38,118
"4290",1996,13,25 - 29,39,143
"4290",1996,13,30 - 34,48,148
"4290",1996,13,35 - 39,48,141
"4290",1996,13,40 - 44,45,157
"4290",1996,13,45 - 49,85,206
"4290",1996,13,50 - 54,109,220
"4290",1996,13,55 - 59,72,161
"4290",1996,13,60 - 64,64,152
"4290",1996,13,65 - 69,73,162
"4290",1996,13,70 - 74,82,173
"4290",1996,13,75 - 79,152,200
"4290",1996,13,80 - 84,175,210
"4290",1996,13,85 - 89,432,291
"4290",1996,13,90 - 94,0,0
"4290",1996,13,95+,0,0
"4290",1996,13,UNK,0,0
"4290",1996,14,Total,36,74
"4290",1996,14,0,1,0
"4290",1996,14,1,0,0
"4290",1996,14,2,1,0
"4290",1996,14,3,1,0
"4290",1996,14,4,0,0
"4290",1996,14,5 - 9,3,0
"4290",1996,14,10 - 14,0,0
"4290",1996,14,15 - 19,1,0
"4290",1996,14,20 - 24,2,4
"4290",1996,14,25 - 29,2,7
"4290",1996,14,30 - 34,4,11
"4290",1996,14,35 - 39,6,6
"4290",1996,14,40 - 44,4,11
"4290",1996,14,45 - 49,2,9
"4290",1996,14,50 - 54,3,9
"4290",1996,14,55 - 59,1,3
"4290",1996,14,60 - 64,1,3
"4290",1996,14,65 - 69,1,4
"4290",1996,14,70 - 74,1,1
"4290",1996,14,75 - 79,1,2
"4290",1996,14,80 - 84,0,2
"4290",1996,14,85 - 89,1,2
"4290",1996,14,90 - 94,0,0
"4290",1996,14,95+,0,0
"4290",1996,14,UNK,0,0
