"","Year","Cause","Age","Female","Male"
"4020",1990,1,Total,51305,52825
"4020",1990,1,0,406,580
"4020",1990,1,1,37,46
"4020",1990,1,2,20,29
"4020",1990,1,3,15,18
"4020",1990,1,4,14,24
"4020",1990,1,5 - 9,64,72
"4020",1990,1,10 - 14,53,67
"4020",1990,1,15 - 19,99,301
"4020",1990,1,20 - 24,171,490
"4020",1990,1,25 - 29,173,507
"4020",1990,1,30 - 34,245,542
"4020",1990,1,35 - 39,394,624
"4020",1990,1,40 - 44,590,949
"4020",1990,1,45 - 49,660,1127
"4020",1990,1,50 - 54,938,1722
"4020",1990,1,55 - 59,1548,2971
"4020",1990,1,60 - 64,2305,4663
"4020",1990,1,65 - 69,3651,6828
"4020",1990,1,70 - 74,3892,5859
"4020",1990,1,75 - 79,8213,9062
"4020",1990,1,80 - 84,10784,8411
"4020",1990,1,85 - 89,17033,7933
"4020",1990,1,90 - 94,0,0
"4020",1990,1,95+,0,0
"4020",1990,1,UNK,0,0
"4020",1990,2,Total,592,432
"4020",1990,2,0,3,4
"4020",1990,2,1,2,2
"4020",1990,2,2,3,2
"4020",1990,2,3,0,0
"4020",1990,2,4,0,0
"4020",1990,2,5 - 9,2,2
"4020",1990,2,10 - 14,0,1
"4020",1990,2,15 - 19,1,1
"4020",1990,2,20 - 24,0,1
"4020",1990,2,25 - 29,3,2
"4020",1990,2,30 - 34,6,5
"4020",1990,2,35 - 39,6,5
"4020",1990,2,40 - 44,8,2
"4020",1990,2,45 - 49,6,12
"4020",1990,2,50 - 54,8,12
"4020",1990,2,55 - 59,12,23
"4020",1990,2,60 - 64,27,34
"4020",1990,2,65 - 69,46,66
"4020",1990,2,70 - 74,42,32
"4020",1990,2,75 - 79,105,74
"4020",1990,2,80 - 84,122,86
"4020",1990,2,85 - 89,190,66
"4020",1990,2,90 - 94,0,0
"4020",1990,2,95+,0,0
"4020",1990,2,UNK,0,0
"4020",1990,3,Total,11376,15613
"4020",1990,3,0,3,2
"4020",1990,3,1,2,0
"4020",1990,3,2,2,2
"4020",1990,3,3,4,7
"4020",1990,3,4,2,4
"4020",1990,3,5 - 9,18,12
"4020",1990,3,10 - 14,3,10
"4020",1990,3,15 - 19,7,22
"4020",1990,3,20 - 24,12,23
"4020",1990,3,25 - 29,22,35
"4020",1990,3,30 - 34,52,70
"4020",1990,3,35 - 39,131,102
"4020",1990,3,40 - 44,256,229
"4020",1990,3,45 - 49,331,381
"4020",1990,3,50 - 54,518,650
"4020",1990,3,55 - 59,791,1264
"4020",1990,3,60 - 64,1020,1858
"4020",1990,3,65 - 69,1470,2566
"4020",1990,3,70 - 74,1148,2085
"4020",1990,3,75 - 79,1792,2755
"4020",1990,3,80 - 84,1865,2048
"4020",1990,3,85 - 89,1927,1488
"4020",1990,3,90 - 94,0,0
"4020",1990,3,95+,0,0
"4020",1990,3,UNK,0,0
"4020",1990,4,Total,21449,18315
"4020",1990,4,0,3,4
"4020",1990,4,1,4,1
"4020",1990,4,2,1,1
"4020",1990,4,3,3,1
"4020",1990,4,4,1,1
"4020",1990,4,5 - 9,4,7
"4020",1990,4,10 - 14,6,3
"4020",1990,4,15 - 19,5,8
"4020",1990,4,20 - 24,13,24
"4020",1990,4,25 - 29,17,28
"4020",1990,4,30 - 34,25,43
"4020",1990,4,35 - 39,57,78
"4020",1990,4,40 - 44,77,213
"4020",1990,4,45 - 49,109,274
"4020",1990,4,50 - 54,153,498
"4020",1990,4,55 - 59,307,874
"4020",1990,4,60 - 64,626,1483
"4020",1990,4,65 - 69,1201,2426
"4020",1990,4,70 - 74,1637,2074
"4020",1990,4,75 - 79,3840,3519
"4020",1990,4,80 - 84,5280,3462
"4020",1990,4,85 - 89,8080,3293
"4020",1990,4,90 - 94,0,0
"4020",1990,4,95+,0,0
"4020",1990,4,UNK,0,0
"4020",1990,5,Total,4104,2901
"4020",1990,5,0,108,145
"4020",1990,5,1,6,5
"4020",1990,5,2,2,6
"4020",1990,5,3,2,2
"4020",1990,5,4,2,0
"4020",1990,5,5 - 9,0,4
"4020",1990,5,10 - 14,2,0
"4020",1990,5,15 - 19,4,7
"4020",1990,5,20 - 24,7,22
"4020",1990,5,25 - 29,16,21
"4020",1990,5,30 - 34,14,26
"4020",1990,5,35 - 39,28,35
"4020",1990,5,40 - 44,28,45
"4020",1990,5,45 - 49,24,67
"4020",1990,5,50 - 54,21,83
"4020",1990,5,55 - 59,64,107
"4020",1990,5,60 - 64,95,207
"4020",1990,5,65 - 69,133,264
"4020",1990,5,70 - 74,180,240
"4020",1990,5,75 - 79,449,398
"4020",1990,5,80 - 84,752,512
"4020",1990,5,85 - 89,2167,705
"4020",1990,5,90 - 94,0,0
"4020",1990,5,95+,0,0
"4020",1990,5,UNK,0,0
"4020",1990,6,Total,245,282
"4020",1990,6,0,0,0
"4020",1990,6,1,0,0
"4020",1990,6,2,0,0
"4020",1990,6,3,0,0
"4020",1990,6,4,0,0
"4020",1990,6,5 - 9,0,2
"4020",1990,6,10 - 14,0,0
"4020",1990,6,15 - 19,0,4
"4020",1990,6,20 - 24,1,5
"4020",1990,6,25 - 29,3,5
"4020",1990,6,30 - 34,2,13
"4020",1990,6,35 - 39,2,19
"4020",1990,6,40 - 44,4,18
"4020",1990,6,45 - 49,4,15
"4020",1990,6,50 - 54,9,20
"4020",1990,6,55 - 59,8,25
"4020",1990,6,60 - 64,13,30
"4020",1990,6,65 - 69,10,20
"4020",1990,6,70 - 74,17,22
"4020",1990,6,75 - 79,44,33
"4020",1990,6,80 - 84,49,25
"4020",1990,6,85 - 89,79,26
"4020",1990,6,90 - 94,0,0
"4020",1990,6,95+,0,0
"4020",1990,6,UNK,0,0
"4020",1990,7,Total,2339,1450
"4020",1990,7,0,3,10
"4020",1990,7,1,2,6
"4020",1990,7,2,4,3
"4020",1990,7,3,1,2
"4020",1990,7,4,0,2
"4020",1990,7,5 - 9,7,2
"4020",1990,7,10 - 14,4,4
"4020",1990,7,15 - 19,3,4
"4020",1990,7,20 - 24,1,11
"4020",1990,7,25 - 29,3,11
"4020",1990,7,30 - 34,6,9
"4020",1990,7,35 - 39,5,23
"4020",1990,7,40 - 44,20,18
"4020",1990,7,45 - 49,9,18
"4020",1990,7,50 - 54,22,27
"4020",1990,7,55 - 59,37,45
"4020",1990,7,60 - 64,58,63
"4020",1990,7,65 - 69,105,113
"4020",1990,7,70 - 74,130,155
"4020",1990,7,75 - 79,391,318
"4020",1990,7,80 - 84,617,286
"4020",1990,7,85 - 89,911,320
"4020",1990,7,90 - 94,0,0
"4020",1990,7,95+,0,0
"4020",1990,7,UNK,0,0
"4020",1990,8,Total,1542,862
"4020",1990,8,0,5,10
"4020",1990,8,1,0,2
"4020",1990,8,2,0,1
"4020",1990,8,3,0,0
"4020",1990,8,4,1,0
"4020",1990,8,5 - 9,2,1
"4020",1990,8,10 - 14,3,5
"4020",1990,8,15 - 19,1,0
"4020",1990,8,20 - 24,4,4
"4020",1990,8,25 - 29,6,13
"4020",1990,8,30 - 34,10,14
"4020",1990,8,35 - 39,13,18
"4020",1990,8,40 - 44,12,24
"4020",1990,8,45 - 49,12,18
"4020",1990,8,50 - 54,13,27
"4020",1990,8,55 - 59,25,40
"4020",1990,8,60 - 64,66,66
"4020",1990,8,65 - 69,101,89
"4020",1990,8,70 - 74,130,80
"4020",1990,8,75 - 79,280,144
"4020",1990,8,80 - 84,369,144
"4020",1990,8,85 - 89,489,162
"4020",1990,8,90 - 94,0,0
"4020",1990,8,95+,0,0
"4020",1990,8,UNK,0,0
"4020",1990,9,Total,2020,1847
"4020",1990,9,0,2,1
"4020",1990,9,1,0,0
"4020",1990,9,2,0,1
"4020",1990,9,3,0,0
"4020",1990,9,4,0,0
"4020",1990,9,5 - 9,0,0
"4020",1990,9,10 - 14,0,0
"4020",1990,9,15 - 19,3,0
"4020",1990,9,20 - 24,3,2
"4020",1990,9,25 - 29,3,8
"4020",1990,9,30 - 34,12,27
"4020",1990,9,35 - 39,22,42
"4020",1990,9,40 - 44,36,75
"4020",1990,9,45 - 49,34,80
"4020",1990,9,50 - 54,46,94
"4020",1990,9,55 - 59,86,148
"4020",1990,9,60 - 64,103,199
"4020",1990,9,65 - 69,151,213
"4020",1990,9,70 - 74,152,178
"4020",1990,9,75 - 79,333,246
"4020",1990,9,80 - 84,383,273
"4020",1990,9,85 - 89,651,260
"4020",1990,9,90 - 94,0,0
"4020",1990,9,95+,0,0
"4020",1990,9,UNK,0,0
"4020",1990,10,Total,932,705
"4020",1990,10,0,2,0
"4020",1990,10,1,0,0
"4020",1990,10,2,0,1
"4020",1990,10,3,0,0
"4020",1990,10,4,0,0
"4020",1990,10,5 - 9,0,0
"4020",1990,10,10 - 14,3,0
"4020",1990,10,15 - 19,0,1
"4020",1990,10,20 - 24,3,3
"4020",1990,10,25 - 29,0,1
"4020",1990,10,30 - 34,2,1
"4020",1990,10,35 - 39,2,2
"4020",1990,10,40 - 44,4,4
"4020",1990,10,45 - 49,8,9
"4020",1990,10,50 - 54,11,12
"4020",1990,10,55 - 59,12,25
"4020",1990,10,60 - 64,39,40
"4020",1990,10,65 - 69,49,70
"4020",1990,10,70 - 74,54,56
"4020",1990,10,75 - 79,147,124
"4020",1990,10,80 - 84,230,153
"4020",1990,10,85 - 89,366,203
"4020",1990,10,90 - 94,0,0
"4020",1990,10,95+,0,0
"4020",1990,10,UNK,0,0
"4020",1990,11,Total,307,432
"4020",1990,11,0,259,383
"4020",1990,11,1,5,11
"4020",1990,11,2,1,2
"4020",1990,11,3,1,2
"4020",1990,11,4,3,1
"4020",1990,11,5 - 9,4,1
"4020",1990,11,10 - 14,2,5
"4020",1990,11,15 - 19,0,4
"4020",1990,11,20 - 24,2,4
"4020",1990,11,25 - 29,4,4
"4020",1990,11,30 - 34,3,2
"4020",1990,11,35 - 39,1,3
"4020",1990,11,40 - 44,4,0
"4020",1990,11,45 - 49,1,3
"4020",1990,11,50 - 54,2,2
"4020",1990,11,55 - 59,4,0
"4020",1990,11,60 - 64,2,3
"4020",1990,11,65 - 69,1,1
"4020",1990,11,70 - 74,3,0
"4020",1990,11,75 - 79,2,0
"4020",1990,11,80 - 84,1,0
"4020",1990,11,85 - 89,2,1
"4020",1990,11,90 - 94,0,0
"4020",1990,11,95+,0,0
"4020",1990,11,UNK,0,0
"4020",1990,12,Total,3228,5553
"4020",1990,12,0,7,10
"4020",1990,12,1,5,5
"4020",1990,12,2,1,0
"4020",1990,12,3,1,1
"4020",1990,12,4,0,2
"4020",1990,12,5 - 9,3,4
"4020",1990,12,10 - 14,2,2
"4020",1990,12,15 - 19,1,4
"4020",1990,12,20 - 24,4,6
"4020",1990,12,25 - 29,3,7
"4020",1990,12,30 - 34,7,12
"4020",1990,12,35 - 39,8,16
"4020",1990,12,40 - 44,17,36
"4020",1990,12,45 - 49,19,36
"4020",1990,12,50 - 54,34,79
"4020",1990,12,55 - 59,72,174
"4020",1990,12,60 - 64,113,419
"4020",1990,12,65 - 69,205,725
"4020",1990,12,70 - 74,209,703
"4020",1990,12,75 - 79,481,1137
"4020",1990,12,80 - 84,676,1102
"4020",1990,12,85 - 89,1360,1073
"4020",1990,12,90 - 94,0,0
"4020",1990,12,95+,0,0
"4020",1990,12,UNK,0,0
"4020",1990,13,Total,2353,3989
"4020",1990,13,0,11,9
"4020",1990,13,1,10,13
"4020",1990,13,2,6,9
"4020",1990,13,3,3,2
"4020",1990,13,4,5,14
"4020",1990,13,5 - 9,23,36
"4020",1990,13,10 - 14,26,35
"4020",1990,13,15 - 19,72,240
"4020",1990,13,20 - 24,114,377
"4020",1990,13,25 - 29,88,363
"4020",1990,13,30 - 34,96,303
"4020",1990,13,35 - 39,111,272
"4020",1990,13,40 - 44,111,277
"4020",1990,13,45 - 49,93,205
"4020",1990,13,50 - 54,93,208
"4020",1990,13,55 - 59,113,222
"4020",1990,13,60 - 64,115,232
"4020",1990,13,65 - 69,145,230
"4020",1990,13,70 - 74,143,197
"4020",1990,13,75 - 79,243,255
"4020",1990,13,80 - 84,258,242
"4020",1990,13,85 - 89,474,248
"4020",1990,13,90 - 94,0,0
"4020",1990,13,95+,0,0
"4020",1990,13,UNK,0,0
"4020",1990,14,Total,56,88
"4020",1990,14,0,0,0
"4020",1990,14,1,1,0
"4020",1990,14,2,0,0
"4020",1990,14,3,0,1
"4020",1990,14,4,0,0
"4020",1990,14,5 - 9,0,0
"4020",1990,14,10 - 14,1,0
"4020",1990,14,15 - 19,2,5
"4020",1990,14,20 - 24,4,7
"4020",1990,14,25 - 29,2,8
"4020",1990,14,30 - 34,8,14
"4020",1990,14,35 - 39,5,7
"4020",1990,14,40 - 44,10,5
"4020",1990,14,45 - 49,6,7
"4020",1990,14,50 - 54,2,9
"4020",1990,14,55 - 59,5,9
"4020",1990,14,60 - 64,2,9
"4020",1990,14,65 - 69,2,2
"4020",1990,14,70 - 74,1,2
"4020",1990,14,75 - 79,2,1
"4020",1990,14,80 - 84,3,2
"4020",1990,14,85 - 89,0,0
"4020",1990,14,90 - 94,0,0
"4020",1990,14,95+,0,0
"4020",1990,14,UNK,0,0
"4020",1991,1,Total,51565,52584
"4020",1991,1,0,448,602
"4020",1991,1,1,32,29
"4020",1991,1,2,13,28
"4020",1991,1,3,16,17
"4020",1991,1,4,14,16
"4020",1991,1,5 - 9,42,63
"4020",1991,1,10 - 14,48,76
"4020",1991,1,15 - 19,112,280
"4020",1991,1,20 - 24,157,485
"4020",1991,1,25 - 29,177,548
"4020",1991,1,30 - 34,272,546
"4020",1991,1,35 - 39,317,677
"4020",1991,1,40 - 44,570,902
"4020",1991,1,45 - 49,680,1193
"4020",1991,1,50 - 54,891,1658
"4020",1991,1,55 - 59,1443,2907
"4020",1991,1,60 - 64,2357,4618
"4020",1991,1,65 - 69,3625,6711
"4020",1991,1,70 - 74,4352,6345
"4020",1991,1,75 - 79,7621,8564
"4020",1991,1,80 - 84,10886,8224
"4020",1991,1,85 - 89,17492,8095
"4020",1991,1,90 - 94,0,0
"4020",1991,1,95+,0,0
"4020",1991,1,UNK,0,0
"4020",1991,2,Total,533,424
"4020",1991,2,0,4,7
"4020",1991,2,1,2,4
"4020",1991,2,2,0,0
"4020",1991,2,3,0,1
"4020",1991,2,4,1,0
"4020",1991,2,5 - 9,1,0
"4020",1991,2,10 - 14,0,0
"4020",1991,2,15 - 19,1,1
"4020",1991,2,20 - 24,0,2
"4020",1991,2,25 - 29,3,4
"4020",1991,2,30 - 34,3,2
"4020",1991,2,35 - 39,4,8
"4020",1991,2,40 - 44,3,8
"4020",1991,2,45 - 49,1,10
"4020",1991,2,50 - 54,7,11
"4020",1991,2,55 - 59,15,14
"4020",1991,2,60 - 64,29,31
"4020",1991,2,65 - 69,41,53
"4020",1991,2,70 - 74,34,50
"4020",1991,2,75 - 79,77,61
"4020",1991,2,80 - 84,135,75
"4020",1991,2,85 - 89,172,82
"4020",1991,2,90 - 94,0,0
"4020",1991,2,95+,0,0
"4020",1991,2,UNK,0,0
"4020",1991,3,Total,11495,15624
"4020",1991,3,0,2,1
"4020",1991,3,1,2,0
"4020",1991,3,2,3,6
"4020",1991,3,3,3,2
"4020",1991,3,4,4,4
"4020",1991,3,5 - 9,7,12
"4020",1991,3,10 - 14,9,17
"4020",1991,3,15 - 19,15,21
"4020",1991,3,20 - 24,27,27
"4020",1991,3,25 - 29,40,41
"4020",1991,3,30 - 34,71,58
"4020",1991,3,35 - 39,109,88
"4020",1991,3,40 - 44,250,218
"4020",1991,3,45 - 49,346,395
"4020",1991,3,50 - 54,486,675
"4020",1991,3,55 - 59,771,1190
"4020",1991,3,60 - 64,1120,1926
"4020",1991,3,65 - 69,1406,2560
"4020",1991,3,70 - 74,1315,2254
"4020",1991,3,75 - 79,1656,2542
"4020",1991,3,80 - 84,1860,2061
"4020",1991,3,85 - 89,1993,1526
"4020",1991,3,90 - 94,0,0
"4020",1991,3,95+,0,0
"4020",1991,3,UNK,0,0
"4020",1991,4,Total,21374,17761
"4020",1991,4,0,0,2
"4020",1991,4,1,2,3
"4020",1991,4,2,0,2
"4020",1991,4,3,0,0
"4020",1991,4,4,1,3
"4020",1991,4,5 - 9,2,4
"4020",1991,4,10 - 14,4,5
"4020",1991,4,15 - 19,10,14
"4020",1991,4,20 - 24,9,15
"4020",1991,4,25 - 29,14,24
"4020",1991,4,30 - 34,27,44
"4020",1991,4,35 - 39,40,97
"4020",1991,4,40 - 44,79,180
"4020",1991,4,45 - 49,101,284
"4020",1991,4,50 - 54,150,440
"4020",1991,4,55 - 59,280,861
"4020",1991,4,60 - 64,559,1399
"4020",1991,4,65 - 69,1208,2248
"4020",1991,4,70 - 74,1789,2286
"4020",1991,4,75 - 79,3598,3306
"4020",1991,4,80 - 84,5224,3287
"4020",1991,4,85 - 89,8277,3257
"4020",1991,4,90 - 94,0,0
"4020",1991,4,95+,0,0
"4020",1991,4,UNK,0,0
"4020",1991,5,Total,4268,3183
"4020",1991,5,0,122,188
"4020",1991,5,1,10,7
"4020",1991,5,2,2,2
"4020",1991,5,3,1,1
"4020",1991,5,4,3,2
"4020",1991,5,5 - 9,1,1
"4020",1991,5,10 - 14,4,4
"4020",1991,5,15 - 19,6,14
"4020",1991,5,20 - 24,8,22
"4020",1991,5,25 - 29,9,20
"4020",1991,5,30 - 34,18,22
"4020",1991,5,35 - 39,20,43
"4020",1991,5,40 - 44,34,48
"4020",1991,5,45 - 49,24,68
"4020",1991,5,50 - 54,26,74
"4020",1991,5,55 - 59,51,149
"4020",1991,5,60 - 64,100,206
"4020",1991,5,65 - 69,159,313
"4020",1991,5,70 - 74,204,296
"4020",1991,5,75 - 79,432,416
"4020",1991,5,80 - 84,850,467
"4020",1991,5,85 - 89,2184,820
"4020",1991,5,90 - 94,0,0
"4020",1991,5,95+,0,0
"4020",1991,5,UNK,0,0
"4020",1991,6,Total,169,297
"4020",1991,6,0,0,0
"4020",1991,6,1,0,0
"4020",1991,6,2,0,0
"4020",1991,6,3,0,0
"4020",1991,6,4,0,0
"4020",1991,6,5 - 9,1,0
"4020",1991,6,10 - 14,0,1
"4020",1991,6,15 - 19,0,0
"4020",1991,6,20 - 24,1,11
"4020",1991,6,25 - 29,0,7
"4020",1991,6,30 - 34,3,12
"4020",1991,6,35 - 39,8,22
"4020",1991,6,40 - 44,8,24
"4020",1991,6,45 - 49,12,23
"4020",1991,6,50 - 54,8,24
"4020",1991,6,55 - 59,8,36
"4020",1991,6,60 - 64,9,26
"4020",1991,6,65 - 69,13,32
"4020",1991,6,70 - 74,16,19
"4020",1991,6,75 - 79,22,30
"4020",1991,6,80 - 84,24,18
"4020",1991,6,85 - 89,36,12
"4020",1991,6,90 - 94,0,0
"4020",1991,6,95+,0,0
"4020",1991,6,UNK,0,0
"4020",1991,7,Total,2634,1550
"4020",1991,7,0,13,9
"4020",1991,7,1,2,4
"4020",1991,7,2,0,4
"4020",1991,7,3,3,2
"4020",1991,7,4,1,0
"4020",1991,7,5 - 9,4,4
"4020",1991,7,10 - 14,2,4
"4020",1991,7,15 - 19,8,3
"4020",1991,7,20 - 24,5,5
"4020",1991,7,25 - 29,6,11
"4020",1991,7,30 - 34,6,11
"4020",1991,7,35 - 39,9,10
"4020",1991,7,40 - 44,10,16
"4020",1991,7,45 - 49,17,12
"4020",1991,7,50 - 54,14,18
"4020",1991,7,55 - 59,23,35
"4020",1991,7,60 - 64,64,88
"4020",1991,7,65 - 69,121,136
"4020",1991,7,70 - 74,171,153
"4020",1991,7,75 - 79,413,289
"4020",1991,7,80 - 84,630,376
"4020",1991,7,85 - 89,1112,360
"4020",1991,7,90 - 94,0,0
"4020",1991,7,95+,0,0
"4020",1991,7,UNK,0,0
"4020",1991,8,Total,1468,824
"4020",1991,8,0,7,5
"4020",1991,8,1,1,1
"4020",1991,8,2,1,0
"4020",1991,8,3,0,0
"4020",1991,8,4,0,0
"4020",1991,8,5 - 9,3,2
"4020",1991,8,10 - 14,4,2
"4020",1991,8,15 - 19,2,4
"4020",1991,8,20 - 24,6,4
"4020",1991,8,25 - 29,5,11
"4020",1991,8,30 - 34,14,27
"4020",1991,8,35 - 39,9,28
"4020",1991,8,40 - 44,7,32
"4020",1991,8,45 - 49,17,14
"4020",1991,8,50 - 54,13,24
"4020",1991,8,55 - 59,27,48
"4020",1991,8,60 - 64,63,68
"4020",1991,8,65 - 69,98,95
"4020",1991,8,70 - 74,130,79
"4020",1991,8,75 - 79,255,127
"4020",1991,8,80 - 84,347,117
"4020",1991,8,85 - 89,459,136
"4020",1991,8,90 - 94,0,0
"4020",1991,8,95+,0,0
"4020",1991,8,UNK,0,0
"4020",1991,9,Total,2101,1847
"4020",1991,9,0,7,3
"4020",1991,9,1,0,0
"4020",1991,9,2,1,1
"4020",1991,9,3,0,0
"4020",1991,9,4,0,0
"4020",1991,9,5 - 9,0,0
"4020",1991,9,10 - 14,2,0
"4020",1991,9,15 - 19,1,1
"4020",1991,9,20 - 24,1,1
"4020",1991,9,25 - 29,5,10
"4020",1991,9,30 - 34,14,22
"4020",1991,9,35 - 39,10,48
"4020",1991,9,40 - 44,31,70
"4020",1991,9,45 - 49,35,100
"4020",1991,9,50 - 54,41,95
"4020",1991,9,55 - 59,66,138
"4020",1991,9,60 - 64,110,176
"4020",1991,9,65 - 69,156,215
"4020",1991,9,70 - 74,187,187
"4020",1991,9,75 - 79,294,255
"4020",1991,9,80 - 84,416,267
"4020",1991,9,85 - 89,724,258
"4020",1991,9,90 - 94,0,0
"4020",1991,9,95+,0,0
"4020",1991,9,UNK,0,0
"4020",1991,10,Total,912,738
"4020",1991,10,0,0,0
"4020",1991,10,1,0,0
"4020",1991,10,2,0,0
"4020",1991,10,3,0,0
"4020",1991,10,4,0,0
"4020",1991,10,5 - 9,0,0
"4020",1991,10,10 - 14,0,0
"4020",1991,10,15 - 19,1,1
"4020",1991,10,20 - 24,1,0
"4020",1991,10,25 - 29,3,1
"4020",1991,10,30 - 34,2,4
"4020",1991,10,35 - 39,2,5
"4020",1991,10,40 - 44,8,4
"4020",1991,10,45 - 49,10,10
"4020",1991,10,50 - 54,5,15
"4020",1991,10,55 - 59,19,25
"4020",1991,10,60 - 64,24,46
"4020",1991,10,65 - 69,53,66
"4020",1991,10,70 - 74,90,66
"4020",1991,10,75 - 79,138,140
"4020",1991,10,80 - 84,210,163
"4020",1991,10,85 - 89,346,192
"4020",1991,10,90 - 94,0,0
"4020",1991,10,95+,0,0
"4020",1991,10,UNK,0,0
"4020",1991,11,Total,315,396
"4020",1991,11,0,277,367
"4020",1991,11,1,3,2
"4020",1991,11,2,3,4
"4020",1991,11,3,3,0
"4020",1991,11,4,1,1
"4020",1991,11,5 - 9,1,0
"4020",1991,11,10 - 14,4,1
"4020",1991,11,15 - 19,2,1
"4020",1991,11,20 - 24,1,2
"4020",1991,11,25 - 29,2,3
"4020",1991,11,30 - 34,0,3
"4020",1991,11,35 - 39,4,0
"4020",1991,11,40 - 44,3,0
"4020",1991,11,45 - 49,1,1
"4020",1991,11,50 - 54,1,2
"4020",1991,11,55 - 59,3,0
"4020",1991,11,60 - 64,2,4
"4020",1991,11,65 - 69,1,1
"4020",1991,11,70 - 74,0,0
"4020",1991,11,75 - 79,0,1
"4020",1991,11,80 - 84,2,2
"4020",1991,11,85 - 89,1,1
"4020",1991,11,90 - 94,0,0
"4020",1991,11,95+,0,0
"4020",1991,11,UNK,0,0
"4020",1991,12,Total,3117,5400
"4020",1991,12,0,7,9
"4020",1991,12,1,2,1
"4020",1991,12,2,0,1
"4020",1991,12,3,1,2
"4020",1991,12,4,1,1
"4020",1991,12,5 - 9,2,5
"4020",1991,12,10 - 14,2,4
"4020",1991,12,15 - 19,4,4
"4020",1991,12,20 - 24,5,6
"4020",1991,12,25 - 29,2,8
"4020",1991,12,30 - 34,7,9
"4020",1991,12,35 - 39,7,12
"4020",1991,12,40 - 44,16,23
"4020",1991,12,45 - 49,16,37
"4020",1991,12,50 - 54,35,65
"4020",1991,12,55 - 59,58,192
"4020",1991,12,60 - 64,129,388
"4020",1991,12,65 - 69,179,740
"4020",1991,12,70 - 74,230,696
"4020",1991,12,75 - 79,408,1069
"4020",1991,12,80 - 84,690,1039
"4020",1991,12,85 - 89,1316,1089
"4020",1991,12,90 - 94,0,0
"4020",1991,12,95+,0,0
"4020",1991,12,UNK,0,0
"4020",1991,13,Total,2331,4097
"4020",1991,13,0,7,11
"4020",1991,13,1,7,7
"4020",1991,13,2,3,8
"4020",1991,13,3,4,7
"4020",1991,13,4,2,5
"4020",1991,13,5 - 9,17,35
"4020",1991,13,10 - 14,16,36
"4020",1991,13,15 - 19,57,208
"4020",1991,13,20 - 24,90,374
"4020",1991,13,25 - 29,83,395
"4020",1991,13,30 - 34,102,323
"4020",1991,13,35 - 39,91,306
"4020",1991,13,40 - 44,116,268
"4020",1991,13,45 - 49,95,232
"4020",1991,13,50 - 54,97,203
"4020",1991,13,55 - 59,104,193
"4020",1991,13,60 - 64,131,247
"4020",1991,13,65 - 69,155,221
"4020",1991,13,70 - 74,133,204
"4020",1991,13,75 - 79,211,257
"4020",1991,13,80 - 84,303,280
"4020",1991,13,85 - 89,507,277
"4020",1991,13,90 - 94,0,0
"4020",1991,13,95+,0,0
"4020",1991,13,UNK,0,0
"4020",1991,14,Total,49,93
"4020",1991,14,0,1,0
"4020",1991,14,1,1,0
"4020",1991,14,2,0,0
"4020",1991,14,3,0,2
"4020",1991,14,4,0,0
"4020",1991,14,5 - 9,3,0
"4020",1991,14,10 - 14,0,2
"4020",1991,14,15 - 19,3,8
"4020",1991,14,20 - 24,2,15
"4020",1991,14,25 - 29,4,12
"4020",1991,14,30 - 34,2,6
"4020",1991,14,35 - 39,3,7
"4020",1991,14,40 - 44,1,9
"4020",1991,14,45 - 49,1,5
"4020",1991,14,50 - 54,1,5
"4020",1991,14,55 - 59,2,7
"4020",1991,14,60 - 64,3,3
"4020",1991,14,65 - 69,7,4
"4020",1991,14,70 - 74,5,3
"4020",1991,14,75 - 79,6,1
"4020",1991,14,80 - 84,3,3
"4020",1991,14,85 - 89,1,1
"4020",1991,14,90 - 94,0,0
"4020",1991,14,95+,0,0
"4020",1991,14,UNK,0,0
"4020",1992,1,Total,51434,52766
"4020",1992,1,0,434,589
"4020",1992,1,1,30,33
"4020",1992,1,2,18,33
"4020",1992,1,3,15,18
"4020",1992,1,4,8,16
"4020",1992,1,5 - 9,43,83
"4020",1992,1,10 - 14,43,80
"4020",1992,1,15 - 19,105,251
"4020",1992,1,20 - 24,156,447
"4020",1992,1,25 - 29,156,474
"4020",1992,1,30 - 34,265,585
"4020",1992,1,35 - 39,377,662
"4020",1992,1,40 - 44,554,942
"4020",1992,1,45 - 49,721,1331
"4020",1992,1,50 - 54,906,1678
"4020",1992,1,55 - 59,1439,2627
"4020",1992,1,60 - 64,2315,4667
"4020",1992,1,65 - 69,3547,6585
"4020",1992,1,70 - 74,4614,7012
"4020",1992,1,75 - 79,7002,8022
"4020",1992,1,80 - 84,10694,8346
"4020",1992,1,85 - 89,17992,8285
"4020",1992,1,90 - 94,0,0
"4020",1992,1,95+,0,0
"4020",1992,1,UNK,0,0
"4020",1992,2,Total,585,469
"4020",1992,2,0,6,14
"4020",1992,2,1,3,5
"4020",1992,2,2,0,3
"4020",1992,2,3,1,0
"4020",1992,2,4,0,0
"4020",1992,2,5 - 9,1,0
"4020",1992,2,10 - 14,0,1
"4020",1992,2,15 - 19,0,3
"4020",1992,2,20 - 24,0,3
"4020",1992,2,25 - 29,1,3
"4020",1992,2,30 - 34,0,3
"4020",1992,2,35 - 39,6,4
"4020",1992,2,40 - 44,9,8
"4020",1992,2,45 - 49,7,12
"4020",1992,2,50 - 54,7,9
"4020",1992,2,55 - 59,15,16
"4020",1992,2,60 - 64,28,37
"4020",1992,2,65 - 69,46,62
"4020",1992,2,70 - 74,57,60
"4020",1992,2,75 - 79,86,68
"4020",1992,2,80 - 84,120,74
"4020",1992,2,85 - 89,192,84
"4020",1992,2,90 - 94,0,0
"4020",1992,2,95+,0,0
"4020",1992,2,UNK,0,0
"4020",1992,3,Total,11687,15802
"4020",1992,3,0,0,3
"4020",1992,3,1,1,3
"4020",1992,3,2,4,5
"4020",1992,3,3,5,4
"4020",1992,3,4,3,4
"4020",1992,3,5 - 9,13,25
"4020",1992,3,10 - 14,12,11
"4020",1992,3,15 - 19,11,24
"4020",1992,3,20 - 24,16,14
"4020",1992,3,25 - 29,20,34
"4020",1992,3,30 - 34,64,57
"4020",1992,3,35 - 39,124,97
"4020",1992,3,40 - 44,243,206
"4020",1992,3,45 - 49,361,468
"4020",1992,3,50 - 54,491,662
"4020",1992,3,55 - 59,745,1097
"4020",1992,3,60 - 64,1111,1931
"4020",1992,3,65 - 69,1428,2563
"4020",1992,3,70 - 74,1498,2430
"4020",1992,3,75 - 79,1631,2479
"4020",1992,3,80 - 84,1858,2121
"4020",1992,3,85 - 89,2048,1564
"4020",1992,3,90 - 94,0,0
"4020",1992,3,95+,0,0
"4020",1992,3,UNK,0,0
"4020",1992,4,Total,20770,17729
"4020",1992,4,0,3,1
"4020",1992,4,1,5,1
"4020",1992,4,2,0,2
"4020",1992,4,3,0,1
"4020",1992,4,4,0,3
"4020",1992,4,5 - 9,3,1
"4020",1992,4,10 - 14,1,3
"4020",1992,4,15 - 19,8,4
"4020",1992,4,20 - 24,12,10
"4020",1992,4,25 - 29,17,25
"4020",1992,4,30 - 34,26,37
"4020",1992,4,35 - 39,46,101
"4020",1992,4,40 - 44,79,189
"4020",1992,4,45 - 49,105,292
"4020",1992,4,50 - 54,155,422
"4020",1992,4,55 - 59,270,762
"4020",1992,4,60 - 64,597,1448
"4020",1992,4,65 - 69,1111,2113
"4020",1992,4,70 - 74,1759,2539
"4020",1992,4,75 - 79,3134,3005
"4020",1992,4,80 - 84,5072,3337
"4020",1992,4,85 - 89,8367,3433
"4020",1992,4,90 - 94,0,0
"4020",1992,4,95+,0,0
"4020",1992,4,UNK,0,0
"4020",1992,5,Total,4245,3058
"4020",1992,5,0,128,212
"4020",1992,5,1,5,6
"4020",1992,5,2,1,2
"4020",1992,5,3,0,1
"4020",1992,5,4,0,1
"4020",1992,5,5 - 9,2,5
"4020",1992,5,10 - 14,1,5
"4020",1992,5,15 - 19,11,7
"4020",1992,5,20 - 24,6,20
"4020",1992,5,25 - 29,7,30
"4020",1992,5,30 - 34,7,40
"4020",1992,5,35 - 39,21,27
"4020",1992,5,40 - 44,24,62
"4020",1992,5,45 - 49,29,71
"4020",1992,5,50 - 54,28,76
"4020",1992,5,55 - 59,63,118
"4020",1992,5,60 - 64,99,189
"4020",1992,5,65 - 69,147,274
"4020",1992,5,70 - 74,214,283
"4020",1992,5,75 - 79,382,404
"4020",1992,5,80 - 84,742,456
"4020",1992,5,85 - 89,2328,769
"4020",1992,5,90 - 94,0,0
"4020",1992,5,95+,0,0
"4020",1992,5,UNK,0,0
"4020",1992,6,Total,269,333
"4020",1992,6,0,0,0
"4020",1992,6,1,0,0
"4020",1992,6,2,0,0
"4020",1992,6,3,0,1
"4020",1992,6,4,0,0
"4020",1992,6,5 - 9,0,0
"4020",1992,6,10 - 14,1,2
"4020",1992,6,15 - 19,0,6
"4020",1992,6,20 - 24,1,9
"4020",1992,6,25 - 29,2,15
"4020",1992,6,30 - 34,8,14
"4020",1992,6,35 - 39,6,17
"4020",1992,6,40 - 44,8,27
"4020",1992,6,45 - 49,12,27
"4020",1992,6,50 - 54,6,22
"4020",1992,6,55 - 59,8,23
"4020",1992,6,60 - 64,13,24
"4020",1992,6,65 - 69,12,33
"4020",1992,6,70 - 74,23,23
"4020",1992,6,75 - 79,38,27
"4020",1992,6,80 - 84,57,31
"4020",1992,6,85 - 89,74,32
"4020",1992,6,90 - 94,0,0
"4020",1992,6,95+,0,0
"4020",1992,6,UNK,0,0
"4020",1992,7,Total,2747,1647
"4020",1992,7,0,12,9
"4020",1992,7,1,2,2
"4020",1992,7,2,2,1
"4020",1992,7,3,1,2
"4020",1992,7,4,0,1
"4020",1992,7,5 - 9,1,6
"4020",1992,7,10 - 14,2,5
"4020",1992,7,15 - 19,6,4
"4020",1992,7,20 - 24,2,8
"4020",1992,7,25 - 29,7,4
"4020",1992,7,30 - 34,7,11
"4020",1992,7,35 - 39,9,17
"4020",1992,7,40 - 44,7,18
"4020",1992,7,45 - 49,14,24
"4020",1992,7,50 - 54,20,27
"4020",1992,7,55 - 59,34,52
"4020",1992,7,60 - 64,56,76
"4020",1992,7,65 - 69,127,129
"4020",1992,7,70 - 74,182,190
"4020",1992,7,75 - 79,366,297
"4020",1992,7,80 - 84,726,376
"4020",1992,7,85 - 89,1164,388
"4020",1992,7,90 - 94,0,0
"4020",1992,7,95+,0,0
"4020",1992,7,UNK,0,0
"4020",1992,8,Total,1419,832
"4020",1992,8,0,3,6
"4020",1992,8,1,1,2
"4020",1992,8,2,1,1
"4020",1992,8,3,1,1
"4020",1992,8,4,0,0
"4020",1992,8,5 - 9,0,3
"4020",1992,8,10 - 14,0,1
"4020",1992,8,15 - 19,3,2
"4020",1992,8,20 - 24,4,7
"4020",1992,8,25 - 29,8,5
"4020",1992,8,30 - 34,15,27
"4020",1992,8,35 - 39,17,31
"4020",1992,8,40 - 44,11,36
"4020",1992,8,45 - 49,13,30
"4020",1992,8,50 - 54,8,33
"4020",1992,8,55 - 59,30,39
"4020",1992,8,60 - 64,55,66
"4020",1992,8,65 - 69,90,81
"4020",1992,8,70 - 74,151,91
"4020",1992,8,75 - 79,232,108
"4020",1992,8,80 - 84,307,128
"4020",1992,8,85 - 89,469,134
"4020",1992,8,90 - 94,0,0
"4020",1992,8,95+,0,0
"4020",1992,8,UNK,0,0
"4020",1992,9,Total,1982,1898
"4020",1992,9,0,1,2
"4020",1992,9,1,0,0
"4020",1992,9,2,0,0
"4020",1992,9,3,0,0
"4020",1992,9,4,0,0
"4020",1992,9,5 - 9,1,1
"4020",1992,9,10 - 14,2,1
"4020",1992,9,15 - 19,0,2
"4020",1992,9,20 - 24,1,3
"4020",1992,9,25 - 29,9,8
"4020",1992,9,30 - 34,8,14
"4020",1992,9,35 - 39,34,40
"4020",1992,9,40 - 44,41,75
"4020",1992,9,45 - 49,47,88
"4020",1992,9,50 - 54,50,119
"4020",1992,9,55 - 59,79,146
"4020",1992,9,60 - 64,96,174
"4020",1992,9,65 - 69,140,238
"4020",1992,9,70 - 74,150,222
"4020",1992,9,75 - 79,260,237
"4020",1992,9,80 - 84,377,255
"4020",1992,9,85 - 89,686,273
"4020",1992,9,90 - 94,0,0
"4020",1992,9,95+,0,0
"4020",1992,9,UNK,0,0
"4020",1992,10,Total,899,703
"4020",1992,10,0,2,0
"4020",1992,10,1,0,0
"4020",1992,10,2,0,0
"4020",1992,10,3,0,0
"4020",1992,10,4,0,0
"4020",1992,10,5 - 9,0,0
"4020",1992,10,10 - 14,0,1
"4020",1992,10,15 - 19,0,0
"4020",1992,10,20 - 24,0,0
"4020",1992,10,25 - 29,1,0
"4020",1992,10,30 - 34,7,0
"4020",1992,10,35 - 39,2,1
"4020",1992,10,40 - 44,4,7
"4020",1992,10,45 - 49,3,14
"4020",1992,10,50 - 54,9,13
"4020",1992,10,55 - 59,12,17
"4020",1992,10,60 - 64,23,37
"4020",1992,10,65 - 69,62,67
"4020",1992,10,70 - 74,80,76
"4020",1992,10,75 - 79,122,117
"4020",1992,10,80 - 84,208,159
"4020",1992,10,85 - 89,364,194
"4020",1992,10,90 - 94,0,0
"4020",1992,10,95+,0,0
"4020",1992,10,UNK,0,0
"4020",1992,11,Total,300,360
"4020",1992,11,0,261,323
"4020",1992,11,1,2,7
"4020",1992,11,2,2,3
"4020",1992,11,3,1,0
"4020",1992,11,4,1,0
"4020",1992,11,5 - 9,2,6
"4020",1992,11,10 - 14,3,1
"4020",1992,11,15 - 19,0,2
"4020",1992,11,20 - 24,3,1
"4020",1992,11,25 - 29,2,3
"4020",1992,11,30 - 34,2,2
"4020",1992,11,35 - 39,4,3
"4020",1992,11,40 - 44,1,1
"4020",1992,11,45 - 49,1,0
"4020",1992,11,50 - 54,0,2
"4020",1992,11,55 - 59,6,3
"4020",1992,11,60 - 64,1,2
"4020",1992,11,65 - 69,1,0
"4020",1992,11,70 - 74,1,0
"4020",1992,11,75 - 79,0,0
"4020",1992,11,80 - 84,2,1
"4020",1992,11,85 - 89,4,0
"4020",1992,11,90 - 94,0,0
"4020",1992,11,95+,0,0
"4020",1992,11,UNK,0,0
"4020",1992,12,Total,3334,5524
"4020",1992,12,0,3,6
"4020",1992,12,1,3,1
"4020",1992,12,2,2,2
"4020",1992,12,3,1,0
"4020",1992,12,4,2,0
"4020",1992,12,5 - 9,0,3
"4020",1992,12,10 - 14,3,1
"4020",1992,12,15 - 19,1,6
"4020",1992,12,20 - 24,7,6
"4020",1992,12,25 - 29,8,7
"4020",1992,12,30 - 34,7,13
"4020",1992,12,35 - 39,13,18
"4020",1992,12,40 - 44,19,24
"4020",1992,12,45 - 49,23,42
"4020",1992,12,50 - 54,40,73
"4020",1992,12,55 - 59,58,144
"4020",1992,12,60 - 64,114,413
"4020",1992,12,65 - 69,198,767
"4020",1992,12,70 - 74,263,814
"4020",1992,12,75 - 79,450,989
"4020",1992,12,80 - 84,731,1098
"4020",1992,12,85 - 89,1388,1097
"4020",1992,12,90 - 94,0,0
"4020",1992,12,95+,0,0
"4020",1992,12,UNK,0,0
"4020",1992,13,Total,2334,3931
"4020",1992,13,0,10,9
"4020",1992,13,1,8,6
"4020",1992,13,2,3,13
"4020",1992,13,3,4,8
"4020",1992,13,4,2,7
"4020",1992,13,5 - 9,19,29
"4020",1992,13,10 - 14,17,45
"4020",1992,13,15 - 19,59,183
"4020",1992,13,20 - 24,97,355
"4020",1992,13,25 - 29,71,330
"4020",1992,13,30 - 34,102,337
"4020",1992,13,35 - 39,83,296
"4020",1992,13,40 - 44,102,273
"4020",1992,13,45 - 49,99,247
"4020",1992,13,50 - 54,87,200
"4020",1992,13,55 - 59,111,201
"4020",1992,13,60 - 64,100,236
"4020",1992,13,65 - 69,148,231
"4020",1992,13,70 - 74,157,225
"4020",1992,13,75 - 79,196,227
"4020",1992,13,80 - 84,315,228
"4020",1992,13,85 - 89,544,245
"4020",1992,13,90 - 94,0,0
"4020",1992,13,95+,0,0
"4020",1992,13,UNK,0,0
"4020",1992,14,Total,58,110
"4020",1992,14,0,3,2
"4020",1992,14,1,0,0
"4020",1992,14,2,2,0
"4020",1992,14,3,0,0
"4020",1992,14,4,0,0
"4020",1992,14,5 - 9,0,2
"4020",1992,14,10 - 14,0,1
"4020",1992,14,15 - 19,3,8
"4020",1992,14,20 - 24,3,8
"4020",1992,14,25 - 29,2,9
"4020",1992,14,30 - 34,10,28
"4020",1992,14,35 - 39,8,7
"4020",1992,14,40 - 44,2,10
"4020",1992,14,45 - 49,4,13
"4020",1992,14,50 - 54,3,9
"4020",1992,14,55 - 59,3,3
"4020",1992,14,60 - 64,5,1
"4020",1992,14,65 - 69,2,2
"4020",1992,14,70 - 74,1,2
"4020",1992,14,75 - 79,4,4
"4020",1992,14,80 - 84,2,1
"4020",1992,14,85 - 89,1,0
"4020",1992,14,90 - 94,0,0
"4020",1992,14,95+,0,0
"4020",1992,14,UNK,0,0
"4020",1993,1,Total,52960,53864
"4020",1993,1,0,385,583
"4020",1993,1,1,25,34
"4020",1993,1,2,15,28
"4020",1993,1,3,10,26
"4020",1993,1,4,9,15
"4020",1993,1,5 - 9,47,51
"4020",1993,1,10 - 14,48,64
"4020",1993,1,15 - 19,102,268
"4020",1993,1,20 - 24,148,469
"4020",1993,1,25 - 29,185,500
"4020",1993,1,30 - 34,213,559
"4020",1993,1,35 - 39,353,698
"4020",1993,1,40 - 44,566,973
"4020",1993,1,45 - 49,732,1412
"4020",1993,1,50 - 54,898,1581
"4020",1993,1,55 - 59,1365,2655
"4020",1993,1,60 - 64,2174,4426
"4020",1993,1,65 - 69,3537,6560
"4020",1993,1,70 - 74,5124,7969
"4020",1993,1,75 - 79,6375,7525
"4020",1993,1,80 - 84,11055,8631
"4020",1993,1,85 - 89,19594,8837
"4020",1993,1,90 - 94,0,0
"4020",1993,1,95+,0,0
"4020",1993,1,UNK,0,0
"4020",1993,2,Total,639,555
"4020",1993,2,0,5,10
"4020",1993,2,1,1,2
"4020",1993,2,2,0,4
"4020",1993,2,3,1,1
"4020",1993,2,4,0,0
"4020",1993,2,5 - 9,3,6
"4020",1993,2,10 - 14,0,0
"4020",1993,2,15 - 19,1,2
"4020",1993,2,20 - 24,4,4
"4020",1993,2,25 - 29,2,2
"4020",1993,2,30 - 34,3,2
"4020",1993,2,35 - 39,3,10
"4020",1993,2,40 - 44,9,11
"4020",1993,2,45 - 49,4,10
"4020",1993,2,50 - 54,7,14
"4020",1993,2,55 - 59,10,24
"4020",1993,2,60 - 64,21,31
"4020",1993,2,65 - 69,51,69
"4020",1993,2,70 - 74,71,101
"4020",1993,2,75 - 79,82,75
"4020",1993,2,80 - 84,142,80
"4020",1993,2,85 - 89,219,97
"4020",1993,2,90 - 94,0,0
"4020",1993,2,95+,0,0
"4020",1993,2,UNK,0,0
"4020",1993,3,Total,11758,16197
"4020",1993,3,0,1,4
"4020",1993,3,1,4,1
"4020",1993,3,2,0,3
"4020",1993,3,3,2,5
"4020",1993,3,4,2,4
"4020",1993,3,5 - 9,8,18
"4020",1993,3,10 - 14,14,9
"4020",1993,3,15 - 19,16,23
"4020",1993,3,20 - 24,18,20
"4020",1993,3,25 - 29,28,35
"4020",1993,3,30 - 34,52,47
"4020",1993,3,35 - 39,139,102
"4020",1993,3,40 - 44,234,252
"4020",1993,3,45 - 49,354,446
"4020",1993,3,50 - 54,485,624
"4020",1993,3,55 - 59,701,1118
"4020",1993,3,60 - 64,1043,1928
"4020",1993,3,65 - 69,1390,2670
"4020",1993,3,70 - 74,1665,2778
"4020",1993,3,75 - 79,1464,2271
"4020",1993,3,80 - 84,1888,2179
"4020",1993,3,85 - 89,2250,1660
"4020",1993,3,90 - 94,0,0
"4020",1993,3,95+,0,0
"4020",1993,3,UNK,0,0
"4020",1993,4,Total,22197,18194
"4020",1993,4,0,3,5
"4020",1993,4,1,0,3
"4020",1993,4,2,1,2
"4020",1993,4,3,1,0
"4020",1993,4,4,0,0
"4020",1993,4,5 - 9,3,1
"4020",1993,4,10 - 14,5,1
"4020",1993,4,15 - 19,11,5
"4020",1993,4,20 - 24,9,15
"4020",1993,4,25 - 29,25,28
"4020",1993,4,30 - 34,22,56
"4020",1993,4,35 - 39,42,87
"4020",1993,4,40 - 44,80,186
"4020",1993,4,45 - 49,125,319
"4020",1993,4,50 - 54,146,424
"4020",1993,4,55 - 59,275,802
"4020",1993,4,60 - 64,526,1304
"4020",1993,4,65 - 69,1130,2112
"4020",1993,4,70 - 74,1974,2891
"4020",1993,4,75 - 79,2882,2843
"4020",1993,4,80 - 84,5309,3437
"4020",1993,4,85 - 89,9628,3673
"4020",1993,4,90 - 94,0,0
"4020",1993,4,95+,0,0
"4020",1993,4,UNK,0,0
"4020",1993,5,Total,2429,1805
"4020",1993,5,0,107,169
"4020",1993,5,1,4,7
"4020",1993,5,2,0,0
"4020",1993,5,3,0,2
"4020",1993,5,4,0,0
"4020",1993,5,5 - 9,2,3
"4020",1993,5,10 - 14,1,3
"4020",1993,5,15 - 19,3,3
"4020",1993,5,20 - 24,6,9
"4020",1993,5,25 - 29,9,9
"4020",1993,5,30 - 34,9,13
"4020",1993,5,35 - 39,11,20
"4020",1993,5,40 - 44,21,26
"4020",1993,5,45 - 49,20,45
"4020",1993,5,50 - 54,21,37
"4020",1993,5,55 - 59,30,74
"4020",1993,5,60 - 64,52,104
"4020",1993,5,65 - 69,81,170
"4020",1993,5,70 - 74,145,205
"4020",1993,5,75 - 79,202,194
"4020",1993,5,80 - 84,439,268
"4020",1993,5,85 - 89,1266,444
"4020",1993,5,90 - 94,0,0
"4020",1993,5,95+,0,0
"4020",1993,5,UNK,0,0
"4020",1993,6,Total,1482,913
"4020",1993,6,0,0,0
"4020",1993,6,1,0,0
"4020",1993,6,2,0,1
"4020",1993,6,3,0,0
"4020",1993,6,4,0,0
"4020",1993,6,5 - 9,0,0
"4020",1993,6,10 - 14,0,0
"4020",1993,6,15 - 19,2,3
"4020",1993,6,20 - 24,1,4
"4020",1993,6,25 - 29,1,8
"4020",1993,6,30 - 34,4,9
"4020",1993,6,35 - 39,4,16
"4020",1993,6,40 - 44,15,20
"4020",1993,6,45 - 49,7,32
"4020",1993,6,50 - 54,8,30
"4020",1993,6,55 - 59,12,29
"4020",1993,6,60 - 64,18,43
"4020",1993,6,65 - 69,31,53
"4020",1993,6,70 - 74,64,82
"4020",1993,6,75 - 79,168,130
"4020",1993,6,80 - 84,367,202
"4020",1993,6,85 - 89,780,251
"4020",1993,6,90 - 94,0,0
"4020",1993,6,95+,0,0
"4020",1993,6,UNK,0,0
"4020",1993,7,Total,1770,1259
"4020",1993,7,0,7,14
"4020",1993,7,1,3,2
"4020",1993,7,2,2,6
"4020",1993,7,3,0,3
"4020",1993,7,4,0,4
"4020",1993,7,5 - 9,2,3
"4020",1993,7,10 - 14,1,5
"4020",1993,7,15 - 19,4,8
"4020",1993,7,20 - 24,4,12
"4020",1993,7,25 - 29,3,7
"4020",1993,7,30 - 34,4,13
"4020",1993,7,35 - 39,8,14
"4020",1993,7,40 - 44,13,23
"4020",1993,7,45 - 49,15,29
"4020",1993,7,50 - 54,23,29
"4020",1993,7,55 - 59,31,46
"4020",1993,7,60 - 64,66,80
"4020",1993,7,65 - 69,125,119
"4020",1993,7,70 - 74,177,178
"4020",1993,7,75 - 79,219,212
"4020",1993,7,80 - 84,410,245
"4020",1993,7,85 - 89,653,207
"4020",1993,7,90 - 94,0,0
"4020",1993,7,95+,0,0
"4020",1993,7,UNK,0,0
"4020",1993,8,Total,1653,950
"4020",1993,8,0,6,7
"4020",1993,8,1,3,3
"4020",1993,8,2,1,0
"4020",1993,8,3,1,1
"4020",1993,8,4,0,0
"4020",1993,8,5 - 9,1,0
"4020",1993,8,10 - 14,2,2
"4020",1993,8,15 - 19,1,3
"4020",1993,8,20 - 24,2,6
"4020",1993,8,25 - 29,7,21
"4020",1993,8,30 - 34,10,29
"4020",1993,8,35 - 39,10,34
"4020",1993,8,40 - 44,17,30
"4020",1993,8,45 - 49,14,36
"4020",1993,8,50 - 54,15,33
"4020",1993,8,55 - 59,39,44
"4020",1993,8,60 - 64,50,86
"4020",1993,8,65 - 69,119,91
"4020",1993,8,70 - 74,188,118
"4020",1993,8,75 - 79,206,113
"4020",1993,8,80 - 84,353,130
"4020",1993,8,85 - 89,608,163
"4020",1993,8,90 - 94,0,0
"4020",1993,8,95+,0,0
"4020",1993,8,UNK,0,0
"4020",1993,9,Total,2297,1932
"4020",1993,9,0,3,3
"4020",1993,9,1,1,1
"4020",1993,9,2,1,0
"4020",1993,9,3,0,1
"4020",1993,9,4,0,0
"4020",1993,9,5 - 9,0,0
"4020",1993,9,10 - 14,0,0
"4020",1993,9,15 - 19,1,1
"4020",1993,9,20 - 24,3,2
"4020",1993,9,25 - 29,2,5
"4020",1993,9,30 - 34,6,21
"4020",1993,9,35 - 39,22,41
"4020",1993,9,40 - 44,38,75
"4020",1993,9,45 - 49,53,102
"4020",1993,9,50 - 54,59,98
"4020",1993,9,55 - 59,75,117
"4020",1993,9,60 - 64,94,194
"4020",1993,9,65 - 69,138,201
"4020",1993,9,70 - 74,210,255
"4020",1993,9,75 - 79,269,220
"4020",1993,9,80 - 84,482,283
"4020",1993,9,85 - 89,840,312
"4020",1993,9,90 - 94,0,0
"4020",1993,9,95+,0,0
"4020",1993,9,UNK,0,0
"4020",1993,10,Total,899,692
"4020",1993,10,0,0,1
"4020",1993,10,1,0,0
"4020",1993,10,2,0,0
"4020",1993,10,3,0,0
"4020",1993,10,4,0,0
"4020",1993,10,5 - 9,0,2
"4020",1993,10,10 - 14,0,0
"4020",1993,10,15 - 19,1,0
"4020",1993,10,20 - 24,0,0
"4020",1993,10,25 - 29,1,0
"4020",1993,10,30 - 34,0,2
"4020",1993,10,35 - 39,3,4
"4020",1993,10,40 - 44,6,3
"4020",1993,10,45 - 49,6,8
"4020",1993,10,50 - 54,5,7
"4020",1993,10,55 - 59,7,11
"4020",1993,10,60 - 64,27,29
"4020",1993,10,65 - 69,54,59
"4020",1993,10,70 - 74,77,81
"4020",1993,10,75 - 79,106,109
"4020",1993,10,80 - 84,215,166
"4020",1993,10,85 - 89,391,210
"4020",1993,10,90 - 94,0,0
"4020",1993,10,95+,0,0
"4020",1993,10,UNK,0,0
"4020",1993,11,Total,282,392
"4020",1993,11,0,234,340
"4020",1993,11,1,3,1
"4020",1993,11,2,3,3
"4020",1993,11,3,1,3
"4020",1993,11,4,0,1
"4020",1993,11,5 - 9,3,2
"4020",1993,11,10 - 14,2,3
"4020",1993,11,15 - 19,2,3
"4020",1993,11,20 - 24,4,2
"4020",1993,11,25 - 29,2,2
"4020",1993,11,30 - 34,2,4
"4020",1993,11,35 - 39,0,4
"4020",1993,11,40 - 44,2,1
"4020",1993,11,45 - 49,1,5
"4020",1993,11,50 - 54,4,3
"4020",1993,11,55 - 59,2,4
"4020",1993,11,60 - 64,8,3
"4020",1993,11,65 - 69,4,1
"4020",1993,11,70 - 74,1,1
"4020",1993,11,75 - 79,1,0
"4020",1993,11,80 - 84,1,4
"4020",1993,11,85 - 89,2,2
"4020",1993,11,90 - 94,0,0
"4020",1993,11,95+,0,0
"4020",1993,11,UNK,0,0
"4020",1993,12,Total,3966,6163
"4020",1993,12,0,3,10
"4020",1993,12,1,0,1
"4020",1993,12,2,0,2
"4020",1993,12,3,0,0
"4020",1993,12,4,3,0
"4020",1993,12,5 - 9,1,2
"4020",1993,12,10 - 14,3,3
"4020",1993,12,15 - 19,3,5
"4020",1993,12,20 - 24,3,7
"4020",1993,12,25 - 29,3,8
"4020",1993,12,30 - 34,5,13
"4020",1993,12,35 - 39,12,10
"4020",1993,12,40 - 44,15,24
"4020",1993,12,45 - 49,24,51
"4020",1993,12,50 - 54,23,69
"4020",1993,12,55 - 59,60,149
"4020",1993,12,60 - 64,121,382
"4020",1993,12,65 - 69,237,736
"4020",1993,12,70 - 74,301,985
"4020",1993,12,75 - 79,471,1056
"4020",1993,12,80 - 84,832,1250
"4020",1993,12,85 - 89,1846,1400
"4020",1993,12,90 - 94,0,0
"4020",1993,12,95+,0,0
"4020",1993,12,UNK,0,0
"4020",1993,13,Total,2399,4207
"4020",1993,13,0,13,18
"4020",1993,13,1,5,12
"4020",1993,13,2,7,6
"4020",1993,13,3,2,10
"4020",1993,13,4,4,6
"4020",1993,13,5 - 9,21,13
"4020",1993,13,10 - 14,16,36
"4020",1993,13,15 - 19,49,208
"4020",1993,13,20 - 24,81,376
"4020",1993,13,25 - 29,87,357
"4020",1993,13,30 - 34,84,334
"4020",1993,13,35 - 39,91,336
"4020",1993,13,40 - 44,104,308
"4020",1993,13,45 - 49,103,315
"4020",1993,13,50 - 54,92,201
"4020",1993,13,55 - 59,107,216
"4020",1993,13,60 - 64,122,214
"4020",1993,13,65 - 69,131,243
"4020",1993,13,70 - 74,180,231
"4020",1993,13,75 - 79,184,230
"4020",1993,13,80 - 84,345,250
"4020",1993,13,85 - 89,571,287
"4020",1993,13,90 - 94,0,0
"4020",1993,13,95+,0,0
"4020",1993,13,UNK,0,0
"4020",1993,14,Total,90,111
"4020",1993,14,0,2,2
"4020",1993,14,1,0,0
"4020",1993,14,2,0,1
"4020",1993,14,3,2,0
"4020",1993,14,4,0,0
"4020",1993,14,5 - 9,2,1
"4020",1993,14,10 - 14,2,1
"4020",1993,14,15 - 19,5,4
"4020",1993,14,20 - 24,9,12
"4020",1993,14,25 - 29,8,17
"4020",1993,14,30 - 34,8,13
"4020",1993,14,35 - 39,4,18
"4020",1993,14,40 - 44,8,9
"4020",1993,14,45 - 49,2,7
"4020",1993,14,50 - 54,5,4
"4020",1993,14,55 - 59,2,7
"4020",1993,14,60 - 64,1,4
"4020",1993,14,65 - 69,4,4
"4020",1993,14,70 - 74,2,3
"4020",1993,14,75 - 79,5,1
"4020",1993,14,80 - 84,7,1
"4020",1993,14,85 - 89,12,2
"4020",1993,14,90 - 94,0,0
"4020",1993,14,95+,0,0
"4020",1993,14,UNK,0,0
"4020",1994,1,Total,51526,52252
"4020",1994,1,0,369,511
"4020",1994,1,1,23,46
"4020",1994,1,2,20,26
"4020",1994,1,3,8,15
"4020",1994,1,4,7,15
"4020",1994,1,5 - 9,40,48
"4020",1994,1,10 - 14,47,70
"4020",1994,1,15 - 19,106,262
"4020",1994,1,20 - 24,135,506
"4020",1994,1,25 - 29,174,474
"4020",1994,1,30 - 34,237,540
"4020",1994,1,35 - 39,372,715
"4020",1994,1,40 - 44,564,993
"4020",1994,1,45 - 49,758,1388
"4020",1994,1,50 - 54,942,1670
"4020",1994,1,55 - 59,1395,2613
"4020",1994,1,60 - 64,2184,4238
"4020",1994,1,65 - 69,3458,6218
"4020",1994,1,70 - 74,5501,8471
"4020",1994,1,75 - 79,5475,6440
"4020",1994,1,80 - 84,10424,8399
"4020",1994,1,85 - 89,19287,8594
"4020",1994,1,90 - 94,0,0
"4020",1994,1,95+,0,0
"4020",1994,1,UNK,0,0
"4020",1994,2,Total,629,532
"4020",1994,2,0,5,12
"4020",1994,2,1,5,4
"4020",1994,2,2,2,4
"4020",1994,2,3,0,2
"4020",1994,2,4,0,0
"4020",1994,2,5 - 9,0,3
"4020",1994,2,10 - 14,0,3
"4020",1994,2,15 - 19,2,2
"4020",1994,2,20 - 24,1,6
"4020",1994,2,25 - 29,0,3
"4020",1994,2,30 - 34,5,3
"4020",1994,2,35 - 39,7,6
"4020",1994,2,40 - 44,11,5
"4020",1994,2,45 - 49,8,13
"4020",1994,2,50 - 54,8,17
"4020",1994,2,55 - 59,18,20
"4020",1994,2,60 - 64,20,32
"4020",1994,2,65 - 69,31,64
"4020",1994,2,70 - 74,78,86
"4020",1994,2,75 - 79,71,70
"4020",1994,2,80 - 84,142,93
"4020",1994,2,85 - 89,215,84
"4020",1994,2,90 - 94,0,0
"4020",1994,2,95+,0,0
"4020",1994,2,UNK,0,0
"4020",1994,3,Total,11882,16089
"4020",1994,3,0,6,2
"4020",1994,3,1,0,3
"4020",1994,3,2,2,2
"4020",1994,3,3,0,3
"4020",1994,3,4,2,1
"4020",1994,3,5 - 9,4,4
"4020",1994,3,10 - 14,7,11
"4020",1994,3,15 - 19,13,14
"4020",1994,3,20 - 24,25,20
"4020",1994,3,25 - 29,23,27
"4020",1994,3,30 - 34,65,50
"4020",1994,3,35 - 39,122,101
"4020",1994,3,40 - 44,245,225
"4020",1994,3,45 - 49,367,427
"4020",1994,3,50 - 54,498,680
"4020",1994,3,55 - 59,727,1134
"4020",1994,3,60 - 64,1074,1887
"4020",1994,3,65 - 69,1410,2525
"4020",1994,3,70 - 74,1746,3094
"4020",1994,3,75 - 79,1324,2030
"4020",1994,3,80 - 84,1929,2154
"4020",1994,3,85 - 89,2293,1695
"4020",1994,3,90 - 94,0,0
"4020",1994,3,95+,0,0
"4020",1994,3,UNK,0,0
"4020",1994,4,Total,21366,17414
"4020",1994,4,0,3,2
"4020",1994,4,1,1,1
"4020",1994,4,2,1,0
"4020",1994,4,3,1,1
"4020",1994,4,4,0,2
"4020",1994,4,5 - 9,3,0
"4020",1994,4,10 - 14,1,5
"4020",1994,4,15 - 19,7,11
"4020",1994,4,20 - 24,11,16
"4020",1994,4,25 - 29,17,24
"4020",1994,4,30 - 34,27,23
"4020",1994,4,35 - 39,44,83
"4020",1994,4,40 - 44,70,183
"4020",1994,4,45 - 49,121,347
"4020",1994,4,50 - 54,144,394
"4020",1994,4,55 - 59,253,731
"4020",1994,4,60 - 64,538,1281
"4020",1994,4,65 - 69,1119,1978
"4020",1994,4,70 - 74,2130,2976
"4020",1994,4,75 - 79,2516,2467
"4020",1994,4,80 - 84,4903,3302
"4020",1994,4,85 - 89,9456,3587
"4020",1994,4,90 - 94,0,0
"4020",1994,4,95+,0,0
"4020",1994,4,UNK,0,0
"4020",1994,5,Total,2465,1629
"4020",1994,5,0,86,149
"4020",1994,5,1,4,9
"4020",1994,5,2,1,1
"4020",1994,5,3,1,0
"4020",1994,5,4,0,2
"4020",1994,5,5 - 9,2,0
"4020",1994,5,10 - 14,4,0
"4020",1994,5,15 - 19,6,4
"4020",1994,5,20 - 24,1,16
"4020",1994,5,25 - 29,6,14
"4020",1994,5,30 - 34,6,16
"4020",1994,5,35 - 39,8,27
"4020",1994,5,40 - 44,16,36
"4020",1994,5,45 - 49,18,44
"4020",1994,5,50 - 54,19,47
"4020",1994,5,55 - 59,32,60
"4020",1994,5,60 - 64,39,89
"4020",1994,5,65 - 69,85,134
"4020",1994,5,70 - 74,130,179
"4020",1994,5,75 - 79,154,132
"4020",1994,5,80 - 84,414,243
"4020",1994,5,85 - 89,1433,427
"4020",1994,5,90 - 94,0,0
"4020",1994,5,95+,0,0
"4020",1994,5,UNK,0,0
"4020",1994,6,Total,1217,885
"4020",1994,6,0,0,0
"4020",1994,6,1,0,0
"4020",1994,6,2,0,0
"4020",1994,6,3,0,0
"4020",1994,6,4,0,0
"4020",1994,6,5 - 9,0,0
"4020",1994,6,10 - 14,1,0
"4020",1994,6,15 - 19,0,0
"4020",1994,6,20 - 24,1,4
"4020",1994,6,25 - 29,1,6
"4020",1994,6,30 - 34,2,8
"4020",1994,6,35 - 39,7,17
"4020",1994,6,40 - 44,11,21
"4020",1994,6,45 - 49,15,33
"4020",1994,6,50 - 54,15,36
"4020",1994,6,55 - 59,15,27
"4020",1994,6,60 - 64,18,47
"4020",1994,6,65 - 69,23,53
"4020",1994,6,70 - 74,64,91
"4020",1994,6,75 - 79,118,96
"4020",1994,6,80 - 84,273,213
"4020",1994,6,85 - 89,653,233
"4020",1994,6,90 - 94,0,0
"4020",1994,6,95+,0,0
"4020",1994,6,UNK,0,0
"4020",1994,7,Total,1765,1188
"4020",1994,7,0,10,10
"4020",1994,7,1,1,3
"4020",1994,7,2,1,2
"4020",1994,7,3,0,4
"4020",1994,7,4,0,2
"4020",1994,7,5 - 9,3,2
"4020",1994,7,10 - 14,2,4
"4020",1994,7,15 - 19,6,7
"4020",1994,7,20 - 24,2,9
"4020",1994,7,25 - 29,7,5
"4020",1994,7,30 - 34,9,16
"4020",1994,7,35 - 39,7,13
"4020",1994,7,40 - 44,15,27
"4020",1994,7,45 - 49,9,22
"4020",1994,7,50 - 54,23,30
"4020",1994,7,55 - 59,30,54
"4020",1994,7,60 - 64,64,60
"4020",1994,7,65 - 69,95,117
"4020",1994,7,70 - 74,176,217
"4020",1994,7,75 - 79,176,140
"4020",1994,7,80 - 84,455,217
"4020",1994,7,85 - 89,674,227
"4020",1994,7,90 - 94,0,0
"4020",1994,7,95+,0,0
"4020",1994,7,UNK,0,0
"4020",1994,8,Total,1488,932
"4020",1994,8,0,2,4
"4020",1994,8,1,0,4
"4020",1994,8,2,3,3
"4020",1994,8,3,2,2
"4020",1994,8,4,0,0
"4020",1994,8,5 - 9,3,1
"4020",1994,8,10 - 14,1,3
"4020",1994,8,15 - 19,2,3
"4020",1994,8,20 - 24,6,4
"4020",1994,8,25 - 29,8,13
"4020",1994,8,30 - 34,12,33
"4020",1994,8,35 - 39,13,41
"4020",1994,8,40 - 44,9,40
"4020",1994,8,45 - 49,10,39
"4020",1994,8,50 - 54,9,47
"4020",1994,8,55 - 59,22,51
"4020",1994,8,60 - 64,40,68
"4020",1994,8,65 - 69,86,95
"4020",1994,8,70 - 74,198,120
"4020",1994,8,75 - 79,184,88
"4020",1994,8,80 - 84,352,125
"4020",1994,8,85 - 89,526,148
"4020",1994,8,90 - 94,0,0
"4020",1994,8,95+,0,0
"4020",1994,8,UNK,0,0
"4020",1994,9,Total,2293,2013
"4020",1994,9,0,0,2
"4020",1994,9,1,0,0
"4020",1994,9,2,1,0
"4020",1994,9,3,0,0
"4020",1994,9,4,2,0
"4020",1994,9,5 - 9,0,2
"4020",1994,9,10 - 14,0,0
"4020",1994,9,15 - 19,0,2
"4020",1994,9,20 - 24,2,2
"4020",1994,9,25 - 29,3,6
"4020",1994,9,30 - 34,11,19
"4020",1994,9,35 - 39,20,52
"4020",1994,9,40 - 44,37,83
"4020",1994,9,45 - 49,66,132
"4020",1994,9,50 - 54,64,106
"4020",1994,9,55 - 59,64,111
"4020",1994,9,60 - 64,93,189
"4020",1994,9,65 - 69,148,241
"4020",1994,9,70 - 74,246,263
"4020",1994,9,75 - 79,218,208
"4020",1994,9,80 - 84,453,292
"4020",1994,9,85 - 89,865,303
"4020",1994,9,90 - 94,0,0
"4020",1994,9,95+,0,0
"4020",1994,9,UNK,0,0
"4020",1994,10,Total,923,625
"4020",1994,10,0,0,0
"4020",1994,10,1,0,0
"4020",1994,10,2,0,0
"4020",1994,10,3,1,0
"4020",1994,10,4,0,0
"4020",1994,10,5 - 9,0,0
"4020",1994,10,10 - 14,0,0
"4020",1994,10,15 - 19,3,0
"4020",1994,10,20 - 24,0,0
"4020",1994,10,25 - 29,1,0
"4020",1994,10,30 - 34,2,1
"4020",1994,10,35 - 39,2,0
"4020",1994,10,40 - 44,4,5
"4020",1994,10,45 - 49,3,7
"4020",1994,10,50 - 54,6,7
"4020",1994,10,55 - 59,21,18
"4020",1994,10,60 - 64,29,24
"4020",1994,10,65 - 69,59,53
"4020",1994,10,70 - 74,88,85
"4020",1994,10,75 - 79,85,87
"4020",1994,10,80 - 84,200,136
"4020",1994,10,85 - 89,419,202
"4020",1994,10,90 - 94,0,0
"4020",1994,10,95+,0,0
"4020",1994,10,UNK,0,0
"4020",1994,11,Total,285,347
"4020",1994,11,0,237,297
"4020",1994,11,1,2,10
"4020",1994,11,2,3,6
"4020",1994,11,3,1,0
"4020",1994,11,4,1,2
"4020",1994,11,5 - 9,4,4
"4020",1994,11,10 - 14,2,2
"4020",1994,11,15 - 19,6,3
"4020",1994,11,20 - 24,1,3
"4020",1994,11,25 - 29,1,1
"4020",1994,11,30 - 34,1,3
"4020",1994,11,35 - 39,1,1
"4020",1994,11,40 - 44,5,0
"4020",1994,11,45 - 49,3,5
"4020",1994,11,50 - 54,2,3
"4020",1994,11,55 - 59,5,1
"4020",1994,11,60 - 64,1,3
"4020",1994,11,65 - 69,3,1
"4020",1994,11,70 - 74,2,0
"4020",1994,11,75 - 79,1,1
"4020",1994,11,80 - 84,1,0
"4020",1994,11,85 - 89,2,1
"4020",1994,11,90 - 94,0,0
"4020",1994,11,95+,0,0
"4020",1994,11,UNK,0,0
"4020",1994,12,Total,3620,5737
"4020",1994,12,0,7,14
"4020",1994,12,1,1,1
"4020",1994,12,2,0,2
"4020",1994,12,3,1,0
"4020",1994,12,4,1,0
"4020",1994,12,5 - 9,1,0
"4020",1994,12,10 - 14,2,2
"4020",1994,12,15 - 19,3,3
"4020",1994,12,20 - 24,1,4
"4020",1994,12,25 - 29,3,9
"4020",1994,12,30 - 34,9,8
"4020",1994,12,35 - 39,8,12
"4020",1994,12,40 - 44,10,24
"4020",1994,12,45 - 49,21,37
"4020",1994,12,50 - 54,32,62
"4020",1994,12,55 - 59,62,159
"4020",1994,12,60 - 64,132,311
"4020",1994,12,65 - 69,219,674
"4020",1994,12,70 - 74,343,1061
"4020",1994,12,75 - 79,346,865
"4020",1994,12,80 - 84,744,1238
"4020",1994,12,85 - 89,1674,1251
"4020",1994,12,90 - 94,0,0
"4020",1994,12,95+,0,0
"4020",1994,12,UNK,0,0
"4020",1994,13,Total,2429,4313
"4020",1994,13,0,12,15
"4020",1994,13,1,8,9
"4020",1994,13,2,6,6
"4020",1994,13,3,1,3
"4020",1994,13,4,0,5
"4020",1994,13,5 - 9,18,31
"4020",1994,13,10 - 14,22,38
"4020",1994,13,15 - 19,56,212
"4020",1994,13,20 - 24,74,408
"4020",1994,13,25 - 29,96,353
"4020",1994,13,30 - 34,78,341
"4020",1994,13,35 - 39,120,349
"4020",1994,13,40 - 44,117,329
"4020",1994,13,45 - 49,104,266
"4020",1994,13,50 - 54,114,231
"4020",1994,13,55 - 59,126,228
"4020",1994,13,60 - 64,113,219
"4020",1994,13,65 - 69,135,247
"4020",1994,13,70 - 74,206,237
"4020",1994,13,75 - 79,172,190
"4020",1994,13,80 - 84,328,288
"4020",1994,13,85 - 89,523,308
"4020",1994,13,90 - 94,0,0
"4020",1994,13,95+,0,0
"4020",1994,13,UNK,0,0
"4020",1994,14,Total,79,105
"4020",1994,14,0,1,2
"4020",1994,14,1,0,2
"4020",1994,14,2,0,0
"4020",1994,14,3,0,0
"4020",1994,14,4,1,0
"4020",1994,14,5 - 9,0,1
"4020",1994,14,10 - 14,4,2
"4020",1994,14,15 - 19,2,0
"4020",1994,14,20 - 24,5,13
"4020",1994,14,25 - 29,5,12
"4020",1994,14,30 - 34,7,15
"4020",1994,14,35 - 39,9,12
"4020",1994,14,40 - 44,8,14
"4020",1994,14,45 - 49,5,8
"4020",1994,14,50 - 54,4,3
"4020",1994,14,55 - 59,7,6
"4020",1994,14,60 - 64,3,7
"4020",1994,14,65 - 69,3,3
"4020",1994,14,70 - 74,5,4
"4020",1994,14,75 - 79,2,1
"4020",1994,14,80 - 84,1,0
"4020",1994,14,85 - 89,7,0
"4020",1994,14,90 - 94,0,0
"4020",1994,14,95+,0,0
"4020",1994,14,UNK,0,0
"4020",1995,1,Total,51861,53036
"4020",1995,1,0,262,432
"4020",1995,1,1,29,41
"4020",1995,1,2,21,29
"4020",1995,1,3,13,15
"4020",1995,1,4,7,18
"4020",1995,1,5 - 9,43,46
"4020",1995,1,10 - 14,57,75
"4020",1995,1,15 - 19,105,227
"4020",1995,1,20 - 24,143,410
"4020",1995,1,25 - 29,148,476
"4020",1995,1,30 - 34,252,543
"4020",1995,1,35 - 39,358,723
"4020",1995,1,40 - 44,573,968
"4020",1995,1,45 - 49,804,1468
"4020",1995,1,50 - 54,860,1764
"4020",1995,1,55 - 59,1363,2604
"4020",1995,1,60 - 64,2216,4243
"4020",1995,1,65 - 69,3419,6268
"4020",1995,1,70 - 74,5486,8536
"4020",1995,1,75 - 79,5716,6783
"4020",1995,1,80 - 84,10267,8589
"4020",1995,1,85 - 89,19465,8720
"4020",1995,1,90 - 94,0,0
"4020",1995,1,95+,0,0
"4020",1995,1,UNK,254,58
"4020",1995,2,Total,685,677
"4020",1995,2,0,7,9
"4020",1995,2,1,5,6
"4020",1995,2,2,2,3
"4020",1995,2,3,1,0
"4020",1995,2,4,0,1
"4020",1995,2,5 - 9,1,0
"4020",1995,2,10 - 14,2,1
"4020",1995,2,15 - 19,1,1
"4020",1995,2,20 - 24,1,4
"4020",1995,2,25 - 29,3,2
"4020",1995,2,30 - 34,2,5
"4020",1995,2,35 - 39,5,10
"4020",1995,2,40 - 44,4,8
"4020",1995,2,45 - 49,8,11
"4020",1995,2,50 - 54,9,16
"4020",1995,2,55 - 59,21,16
"4020",1995,2,60 - 64,21,47
"4020",1995,2,65 - 69,34,72
"4020",1995,2,70 - 74,84,117
"4020",1995,2,75 - 79,80,77
"4020",1995,2,80 - 84,133,132
"4020",1995,2,85 - 89,253,138
"4020",1995,2,90 - 94,0,0
"4020",1995,2,95+,0,0
"4020",1995,2,UNK,8,1
"4020",1995,3,Total,12009,16341
"4020",1995,3,0,3,4
"4020",1995,3,1,0,2
"4020",1995,3,2,3,4
"4020",1995,3,3,2,2
"4020",1995,3,4,2,3
"4020",1995,3,5 - 9,9,4
"4020",1995,3,10 - 14,7,10
"4020",1995,3,15 - 19,11,9
"4020",1995,3,20 - 24,16,18
"4020",1995,3,25 - 29,29,27
"4020",1995,3,30 - 34,63,49
"4020",1995,3,35 - 39,120,118
"4020",1995,3,40 - 44,260,221
"4020",1995,3,45 - 49,387,471
"4020",1995,3,50 - 54,455,686
"4020",1995,3,55 - 59,721,1160
"4020",1995,3,60 - 64,1111,1869
"4020",1995,3,65 - 69,1440,2647
"4020",1995,3,70 - 74,1783,2975
"4020",1995,3,75 - 79,1414,2123
"4020",1995,3,80 - 84,1866,2217
"4020",1995,3,85 - 89,2294,1721
"4020",1995,3,90 - 94,0,0
"4020",1995,3,95+,0,0
"4020",1995,3,UNK,13,1
"4020",1995,4,Total,21457,17618
"4020",1995,4,0,5,2
"4020",1995,4,1,1,1
"4020",1995,4,2,1,3
"4020",1995,4,3,0,1
"4020",1995,4,4,0,2
"4020",1995,4,5 - 9,2,1
"4020",1995,4,10 - 14,2,5
"4020",1995,4,15 - 19,11,9
"4020",1995,4,20 - 24,9,13
"4020",1995,4,25 - 29,13,23
"4020",1995,4,30 - 34,18,41
"4020",1995,4,35 - 39,38,91
"4020",1995,4,40 - 44,81,182
"4020",1995,4,45 - 49,123,339
"4020",1995,4,50 - 54,137,446
"4020",1995,4,55 - 59,253,714
"4020",1995,4,60 - 64,527,1218
"4020",1995,4,65 - 69,1020,1899
"4020",1995,4,70 - 74,2078,3003
"4020",1995,4,75 - 79,2463,2587
"4020",1995,4,80 - 84,4939,3481
"4020",1995,4,85 - 89,9632,3526
"4020",1995,4,90 - 94,0,0
"4020",1995,4,95+,0,0
"4020",1995,4,UNK,104,31
"4020",1995,5,Total,2190,1447
"4020",1995,5,0,51,101
"4020",1995,5,1,1,8
"4020",1995,5,2,2,4
"4020",1995,5,3,0,0
"4020",1995,5,4,0,0
"4020",1995,5,5 - 9,0,2
"4020",1995,5,10 - 14,1,0
"4020",1995,5,15 - 19,3,6
"4020",1995,5,20 - 24,1,11
"4020",1995,5,25 - 29,3,12
"4020",1995,5,30 - 34,9,17
"4020",1995,5,35 - 39,9,23
"4020",1995,5,40 - 44,8,32
"4020",1995,5,45 - 49,27,51
"4020",1995,5,50 - 54,20,55
"4020",1995,5,55 - 59,22,44
"4020",1995,5,60 - 64,47,77
"4020",1995,5,65 - 69,77,125
"4020",1995,5,70 - 74,140,166
"4020",1995,5,75 - 79,147,115
"4020",1995,5,80 - 84,371,205
"4020",1995,5,85 - 89,1210,387
"4020",1995,5,90 - 94,0,0
"4020",1995,5,95+,0,0
"4020",1995,5,UNK,41,6
"4020",1995,6,Total,1264,790
"4020",1995,6,0,0,0
"4020",1995,6,1,0,0
"4020",1995,6,2,0,0
"4020",1995,6,3,0,0
"4020",1995,6,4,0,0
"4020",1995,6,5 - 9,0,0
"4020",1995,6,10 - 14,0,0
"4020",1995,6,15 - 19,2,3
"4020",1995,6,20 - 24,0,4
"4020",1995,6,25 - 29,0,10
"4020",1995,6,30 - 34,6,8
"4020",1995,6,35 - 39,5,10
"4020",1995,6,40 - 44,9,20
"4020",1995,6,45 - 49,9,25
"4020",1995,6,50 - 54,5,29
"4020",1995,6,55 - 59,16,26
"4020",1995,6,60 - 64,19,30
"4020",1995,6,65 - 69,30,40
"4020",1995,6,70 - 74,66,78
"4020",1995,6,75 - 79,117,82
"4020",1995,6,80 - 84,319,171
"4020",1995,6,85 - 89,658,254
"4020",1995,6,90 - 94,0,0
"4020",1995,6,95+,0,0
"4020",1995,6,UNK,3,0
"4020",1995,7,Total,1775,1225
"4020",1995,7,0,4,8
"4020",1995,7,1,5,4
"4020",1995,7,2,1,2
"4020",1995,7,3,1,1
"4020",1995,7,4,1,3
"4020",1995,7,5 - 9,7,4
"4020",1995,7,10 - 14,2,6
"4020",1995,7,15 - 19,5,11
"4020",1995,7,20 - 24,7,6
"4020",1995,7,25 - 29,2,7
"4020",1995,7,30 - 34,2,14
"4020",1995,7,35 - 39,12,17
"4020",1995,7,40 - 44,20,19
"4020",1995,7,45 - 49,23,20
"4020",1995,7,50 - 54,16,24
"4020",1995,7,55 - 59,35,40
"4020",1995,7,60 - 64,52,82
"4020",1995,7,65 - 69,90,116
"4020",1995,7,70 - 74,193,210
"4020",1995,7,75 - 79,211,169
"4020",1995,7,80 - 84,439,226
"4020",1995,7,85 - 89,639,235
"4020",1995,7,90 - 94,0,0
"4020",1995,7,95+,0,0
"4020",1995,7,UNK,8,1
"4020",1995,8,Total,1559,993
"4020",1995,8,0,9,4
"4020",1995,8,1,2,3
"4020",1995,8,2,2,1
"4020",1995,8,3,1,0
"4020",1995,8,4,0,1
"4020",1995,8,5 - 9,4,2
"4020",1995,8,10 - 14,6,2
"4020",1995,8,15 - 19,1,1
"4020",1995,8,20 - 24,4,6
"4020",1995,8,25 - 29,8,7
"4020",1995,8,30 - 34,17,29
"4020",1995,8,35 - 39,13,38
"4020",1995,8,40 - 44,12,44
"4020",1995,8,45 - 49,9,56
"4020",1995,8,50 - 54,17,49
"4020",1995,8,55 - 59,21,48
"4020",1995,8,60 - 64,52,68
"4020",1995,8,65 - 69,111,101
"4020",1995,8,70 - 74,157,117
"4020",1995,8,75 - 79,194,105
"4020",1995,8,80 - 84,304,147
"4020",1995,8,85 - 89,606,163
"4020",1995,8,90 - 94,0,0
"4020",1995,8,95+,0,0
"4020",1995,8,UNK,9,1
"4020",1995,9,Total,2272,2034
"4020",1995,9,0,0,2
"4020",1995,9,1,0,1
"4020",1995,9,2,0,0
"4020",1995,9,3,1,0
"4020",1995,9,4,0,0
"4020",1995,9,5 - 9,1,1
"4020",1995,9,10 - 14,0,1
"4020",1995,9,15 - 19,1,4
"4020",1995,9,20 - 24,2,3
"4020",1995,9,25 - 29,5,5
"4020",1995,9,30 - 34,13,16
"4020",1995,9,35 - 39,19,43
"4020",1995,9,40 - 44,35,80
"4020",1995,9,45 - 49,55,117
"4020",1995,9,50 - 54,57,112
"4020",1995,9,55 - 59,78,134
"4020",1995,9,60 - 64,109,164
"4020",1995,9,65 - 69,136,237
"4020",1995,9,70 - 74,228,317
"4020",1995,9,75 - 79,270,222
"4020",1995,9,80 - 84,402,266
"4020",1995,9,85 - 89,853,307
"4020",1995,9,90 - 94,0,0
"4020",1995,9,95+,0,0
"4020",1995,9,UNK,7,2
"4020",1995,10,Total,921,700
"4020",1995,10,0,0,2
"4020",1995,10,1,0,0
"4020",1995,10,2,0,0
"4020",1995,10,3,0,0
"4020",1995,10,4,0,0
"4020",1995,10,5 - 9,0,0
"4020",1995,10,10 - 14,0,0
"4020",1995,10,15 - 19,0,0
"4020",1995,10,20 - 24,1,0
"4020",1995,10,25 - 29,0,3
"4020",1995,10,30 - 34,1,0
"4020",1995,10,35 - 39,1,1
"4020",1995,10,40 - 44,4,3
"4020",1995,10,45 - 49,5,10
"4020",1995,10,50 - 54,3,13
"4020",1995,10,55 - 59,10,13
"4020",1995,10,60 - 64,29,40
"4020",1995,10,65 - 69,63,64
"4020",1995,10,70 - 74,86,93
"4020",1995,10,75 - 79,127,102
"4020",1995,10,80 - 84,178,163
"4020",1995,10,85 - 89,410,193
"4020",1995,10,90 - 94,0,0
"4020",1995,10,95+,0,0
"4020",1995,10,UNK,3,0
"4020",1995,11,Total,229,336
"4020",1995,11,0,166,276
"4020",1995,11,1,7,7
"4020",1995,11,2,2,1
"4020",1995,11,3,2,0
"4020",1995,11,4,0,0
"4020",1995,11,5 - 9,1,6
"4020",1995,11,10 - 14,4,4
"4020",1995,11,15 - 19,3,2
"4020",1995,11,20 - 24,2,1
"4020",1995,11,25 - 29,4,7
"4020",1995,11,30 - 34,2,6
"4020",1995,11,35 - 39,2,2
"4020",1995,11,40 - 44,5,3
"4020",1995,11,45 - 49,7,5
"4020",1995,11,50 - 54,4,3
"4020",1995,11,55 - 59,2,3
"4020",1995,11,60 - 64,3,3
"4020",1995,11,65 - 69,3,1
"4020",1995,11,70 - 74,3,2
"4020",1995,11,75 - 79,1,2
"4020",1995,11,80 - 84,4,2
"4020",1995,11,85 - 89,2,0
"4020",1995,11,90 - 94,0,0
"4020",1995,11,95+,0,0
"4020",1995,11,UNK,0,0
"4020",1995,12,Total,4021,6130
"4020",1995,12,0,2,8
"4020",1995,12,1,2,1
"4020",1995,12,2,0,0
"4020",1995,12,3,0,1
"4020",1995,12,4,2,0
"4020",1995,12,5 - 9,0,0
"4020",1995,12,10 - 14,3,1
"4020",1995,12,15 - 19,4,5
"4020",1995,12,20 - 24,6,5
"4020",1995,12,25 - 29,8,3
"4020",1995,12,30 - 34,3,7
"4020",1995,12,35 - 39,12,11
"4020",1995,12,40 - 44,17,22
"4020",1995,12,45 - 49,21,51
"4020",1995,12,50 - 54,45,67
"4020",1995,12,55 - 59,62,155
"4020",1995,12,60 - 64,133,398
"4020",1995,12,65 - 69,229,695
"4020",1995,12,70 - 74,402,1120
"4020",1995,12,75 - 79,423,944
"4020",1995,12,80 - 84,791,1224
"4020",1995,12,85 - 89,1812,1401
"4020",1995,12,90 - 94,0,0
"4020",1995,12,95+,0,0
"4020",1995,12,UNK,44,11
"4020",1995,13,Total,2218,4107
"4020",1995,13,0,14,14
"4020",1995,13,1,5,7
"4020",1995,13,2,7,11
"4020",1995,13,3,4,10
"4020",1995,13,4,1,7
"4020",1995,13,5 - 9,16,24
"4020",1995,13,10 - 14,29,45
"4020",1995,13,15 - 19,58,171
"4020",1995,13,20 - 24,88,331
"4020",1995,13,25 - 29,64,354
"4020",1995,13,30 - 34,102,337
"4020",1995,13,35 - 39,112,343
"4020",1995,13,40 - 44,105,324
"4020",1995,13,45 - 49,120,292
"4020",1995,13,50 - 54,83,257
"4020",1995,13,55 - 59,107,225
"4020",1995,13,60 - 64,89,222
"4020",1995,13,65 - 69,143,230
"4020",1995,13,70 - 74,177,259
"4020",1995,13,75 - 79,154,173
"4020",1995,13,80 - 84,254,234
"4020",1995,13,85 - 89,482,235
"4020",1995,13,90 - 94,0,0
"4020",1995,13,95+,0,0
"4020",1995,13,UNK,4,2
"4020",1995,14,Total,69,100
"4020",1995,14,0,0,1
"4020",1995,14,1,1,1
"4020",1995,14,2,1,0
"4020",1995,14,3,0,0
"4020",1995,14,4,1,1
"4020",1995,14,5 - 9,2,1
"4020",1995,14,10 - 14,1,0
"4020",1995,14,15 - 19,5,4
"4020",1995,14,20 - 24,2,6
"4020",1995,14,25 - 29,5,14
"4020",1995,14,30 - 34,9,11
"4020",1995,14,35 - 39,6,15
"4020",1995,14,40 - 44,9,8
"4020",1995,14,45 - 49,5,12
"4020",1995,14,50 - 54,2,4
"4020",1995,14,55 - 59,2,6
"4020",1995,14,60 - 64,2,4
"4020",1995,14,65 - 69,3,5
"4020",1995,14,70 - 74,4,5
"4020",1995,14,75 - 79,2,1
"4020",1995,14,80 - 84,3,0
"4020",1995,14,85 - 89,4,1
"4020",1995,14,90 - 94,0,0
"4020",1995,14,95+,0,0
"4020",1995,14,UNK,0,0
"4020",1996,1,Total,51856,52514
"4020",1996,1,0,255,360
"4020",1996,1,1,29,28
"4020",1996,1,2,12,13
"4020",1996,1,3,11,17
"4020",1996,1,4,9,13
"4020",1996,1,5 - 9,29,59
"4020",1996,1,10 - 14,50,70
"4020",1996,1,15 - 19,102,231
"4020",1996,1,20 - 24,116,433
"4020",1996,1,25 - 29,176,419
"4020",1996,1,30 - 34,233,530
"4020",1996,1,35 - 39,356,682
"4020",1996,1,40 - 44,551,998
"4020",1996,1,45 - 49,837,1442
"4020",1996,1,50 - 54,952,1799
"4020",1996,1,55 - 59,1269,2409
"4020",1996,1,60 - 64,1920,3967
"4020",1996,1,65 - 69,3255,6054
"4020",1996,1,70 - 74,5257,8469
"4020",1996,1,75 - 79,5926,7310
"4020",1996,1,80 - 84,10061,8088
"4020",1996,1,85 - 89,20450,9123
"4020",1996,1,90 - 94,0,0
"4020",1996,1,95+,0,0
"4020",1996,1,UNK,0,0
"4020",1996,2,Total,712,591
"4020",1996,2,0,5,4
"4020",1996,2,1,0,5
"4020",1996,2,2,1,0
"4020",1996,2,3,1,0
"4020",1996,2,4,2,1
"4020",1996,2,5 - 9,2,1
"4020",1996,2,10 - 14,1,0
"4020",1996,2,15 - 19,3,2
"4020",1996,2,20 - 24,0,0
"4020",1996,2,25 - 29,2,4
"4020",1996,2,30 - 34,6,3
"4020",1996,2,35 - 39,0,4
"4020",1996,2,40 - 44,8,14
"4020",1996,2,45 - 49,7,13
"4020",1996,2,50 - 54,7,18
"4020",1996,2,55 - 59,21,22
"4020",1996,2,60 - 64,22,39
"4020",1996,2,65 - 69,48,68
"4020",1996,2,70 - 74,68,94
"4020",1996,2,75 - 79,81,79
"4020",1996,2,80 - 84,144,114
"4020",1996,2,85 - 89,283,106
"4020",1996,2,90 - 94,0,0
"4020",1996,2,95+,0,0
"4020",1996,2,UNK,0,0
"4020",1996,3,Total,11752,16053
"4020",1996,3,0,1,1
"4020",1996,3,1,2,2
"4020",1996,3,2,1,0
"4020",1996,3,3,2,0
"4020",1996,3,4,0,4
"4020",1996,3,5 - 9,2,16
"4020",1996,3,10 - 14,12,13
"4020",1996,3,15 - 19,14,17
"4020",1996,3,20 - 24,8,29
"4020",1996,3,25 - 29,30,36
"4020",1996,3,30 - 34,53,56
"4020",1996,3,35 - 39,114,94
"4020",1996,3,40 - 44,226,219
"4020",1996,3,45 - 49,415,496
"4020",1996,3,50 - 54,510,730
"4020",1996,3,55 - 59,677,1028
"4020",1996,3,60 - 64,949,1717
"4020",1996,3,65 - 69,1371,2478
"4020",1996,3,70 - 74,1687,3106
"4020",1996,3,75 - 79,1527,2288
"4020",1996,3,80 - 84,1845,2011
"4020",1996,3,85 - 89,2306,1712
"4020",1996,3,90 - 94,0,0
"4020",1996,3,95+,0,0
"4020",1996,3,UNK,0,0
"4020",1996,4,Total,21423,17749
"4020",1996,4,0,1,2
"4020",1996,4,1,2,3
"4020",1996,4,2,2,0
"4020",1996,4,3,1,1
"4020",1996,4,4,0,0
"4020",1996,4,5 - 9,0,3
"4020",1996,4,10 - 14,2,2
"4020",1996,4,15 - 19,5,8
"4020",1996,4,20 - 24,6,12
"4020",1996,4,25 - 29,13,21
"4020",1996,4,30 - 34,22,44
"4020",1996,4,35 - 39,38,91
"4020",1996,4,40 - 44,82,192
"4020",1996,4,45 - 49,125,347
"4020",1996,4,50 - 54,137,484
"4020",1996,4,55 - 59,234,662
"4020",1996,4,60 - 64,459,1162
"4020",1996,4,65 - 69,968,1934
"4020",1996,4,70 - 74,1977,2960
"4020",1996,4,75 - 79,2535,2762
"4020",1996,4,80 - 84,4769,3262
"4020",1996,4,85 - 89,10045,3797
"4020",1996,4,90 - 94,0,0
"4020",1996,4,95+,0,0
"4020",1996,4,UNK,0,0
"4020",1996,5,Total,2046,1294
"4020",1996,5,0,31,72
"4020",1996,5,1,3,2
"4020",1996,5,2,1,0
"4020",1996,5,3,1,2
"4020",1996,5,4,1,1
"4020",1996,5,5 - 9,0,0
"4020",1996,5,10 - 14,0,1
"4020",1996,5,15 - 19,2,0
"4020",1996,5,20 - 24,5,5
"4020",1996,5,25 - 29,4,11
"4020",1996,5,30 - 34,7,12
"4020",1996,5,35 - 39,13,24
"4020",1996,5,40 - 44,16,35
"4020",1996,5,45 - 49,14,36
"4020",1996,5,50 - 54,23,37
"4020",1996,5,55 - 59,27,49
"4020",1996,5,60 - 64,37,80
"4020",1996,5,65 - 69,46,113
"4020",1996,5,70 - 74,115,116
"4020",1996,5,75 - 79,142,133
"4020",1996,5,80 - 84,339,202
"4020",1996,5,85 - 89,1219,363
"4020",1996,5,90 - 94,0,0
"4020",1996,5,95+,0,0
"4020",1996,5,UNK,0,0
"4020",1996,6,Total,1243,820
"4020",1996,6,0,0,0
"4020",1996,6,1,0,0
"4020",1996,6,2,0,0
"4020",1996,6,3,0,0
"4020",1996,6,4,0,0
"4020",1996,6,5 - 9,0,1
"4020",1996,6,10 - 14,0,0
"4020",1996,6,15 - 19,0,1
"4020",1996,6,20 - 24,0,4
"4020",1996,6,25 - 29,1,7
"4020",1996,6,30 - 34,6,14
"4020",1996,6,35 - 39,2,13
"4020",1996,6,40 - 44,8,21
"4020",1996,6,45 - 49,12,30
"4020",1996,6,50 - 54,11,41
"4020",1996,6,55 - 59,9,35
"4020",1996,6,60 - 64,12,43
"4020",1996,6,65 - 69,34,46
"4020",1996,6,70 - 74,68,88
"4020",1996,6,75 - 79,116,86
"4020",1996,6,80 - 84,288,151
"4020",1996,6,85 - 89,676,239
"4020",1996,6,90 - 94,0,0
"4020",1996,6,95+,0,0
"4020",1996,6,UNK,0,0
"4020",1996,7,Total,1889,1185
"4020",1996,7,0,7,5
"4020",1996,7,1,2,2
"4020",1996,7,2,2,0
"4020",1996,7,3,3,3
"4020",1996,7,4,0,0
"4020",1996,7,5 - 9,2,3
"4020",1996,7,10 - 14,1,6
"4020",1996,7,15 - 19,3,10
"4020",1996,7,20 - 24,4,15
"4020",1996,7,25 - 29,3,9
"4020",1996,7,30 - 34,3,13
"4020",1996,7,35 - 39,8,12
"4020",1996,7,40 - 44,5,23
"4020",1996,7,45 - 49,17,25
"4020",1996,7,50 - 54,33,30
"4020",1996,7,55 - 59,27,40
"4020",1996,7,60 - 64,44,74
"4020",1996,7,65 - 69,96,92
"4020",1996,7,70 - 74,194,150
"4020",1996,7,75 - 79,226,206
"4020",1996,7,80 - 84,429,231
"4020",1996,7,85 - 89,780,236
"4020",1996,7,90 - 94,0,0
"4020",1996,7,95+,0,0
"4020",1996,7,UNK,0,0
"4020",1996,8,Total,1536,935
"4020",1996,8,0,4,6
"4020",1996,8,1,2,0
"4020",1996,8,2,0,1
"4020",1996,8,3,1,1
"4020",1996,8,4,0,0
"4020",1996,8,5 - 9,1,9
"4020",1996,8,10 - 14,5,3
"4020",1996,8,15 - 19,8,2
"4020",1996,8,20 - 24,2,5
"4020",1996,8,25 - 29,7,8
"4020",1996,8,30 - 34,17,25
"4020",1996,8,35 - 39,16,47
"4020",1996,8,40 - 44,17,35
"4020",1996,8,45 - 49,18,29
"4020",1996,8,50 - 54,17,36
"4020",1996,8,55 - 59,29,35
"4020",1996,8,60 - 64,47,75
"4020",1996,8,65 - 69,95,102
"4020",1996,8,70 - 74,149,115
"4020",1996,8,75 - 79,194,109
"4020",1996,8,80 - 84,309,124
"4020",1996,8,85 - 89,598,168
"4020",1996,8,90 - 94,0,0
"4020",1996,8,95+,0,0
"4020",1996,8,UNK,0,0
"4020",1996,9,Total,2327,1961
"4020",1996,9,0,0,1
"4020",1996,9,1,0,2
"4020",1996,9,2,0,0
"4020",1996,9,3,0,0
"4020",1996,9,4,0,1
"4020",1996,9,5 - 9,0,2
"4020",1996,9,10 - 14,0,0
"4020",1996,9,15 - 19,3,1
"4020",1996,9,20 - 24,2,3
"4020",1996,9,25 - 29,3,5
"4020",1996,9,30 - 34,5,19
"4020",1996,9,35 - 39,25,52
"4020",1996,9,40 - 44,50,90
"4020",1996,9,45 - 49,66,129
"4020",1996,9,50 - 54,70,113
"4020",1996,9,55 - 59,65,150
"4020",1996,9,60 - 64,97,148
"4020",1996,9,65 - 69,140,214
"4020",1996,9,70 - 74,215,246
"4020",1996,9,75 - 79,274,224
"4020",1996,9,80 - 84,472,251
"4020",1996,9,85 - 89,840,310
"4020",1996,9,90 - 94,0,0
"4020",1996,9,95+,0,0
"4020",1996,9,UNK,0,0
"4020",1996,10,Total,946,714
"4020",1996,10,0,0,0
"4020",1996,10,1,0,0
"4020",1996,10,2,0,0
"4020",1996,10,3,0,0
"4020",1996,10,4,0,0
"4020",1996,10,5 - 9,0,0
"4020",1996,10,10 - 14,1,0
"4020",1996,10,15 - 19,0,0
"4020",1996,10,20 - 24,0,0
"4020",1996,10,25 - 29,0,0
"4020",1996,10,30 - 34,1,4
"4020",1996,10,35 - 39,4,2
"4020",1996,10,40 - 44,2,5
"4020",1996,10,45 - 49,4,8
"4020",1996,10,50 - 54,9,12
"4020",1996,10,55 - 59,16,16
"4020",1996,10,60 - 64,21,22
"4020",1996,10,65 - 69,50,43
"4020",1996,10,70 - 74,90,116
"4020",1996,10,75 - 79,104,96
"4020",1996,10,80 - 84,187,156
"4020",1996,10,85 - 89,457,234
"4020",1996,10,90 - 94,0,0
"4020",1996,10,95+,0,0
"4020",1996,10,UNK,0,0
"4020",1996,11,Total,232,287
"4020",1996,11,0,189,248
"4020",1996,11,1,3,3
"4020",1996,11,2,1,0
"4020",1996,11,3,1,2
"4020",1996,11,4,2,0
"4020",1996,11,5 - 9,2,5
"4020",1996,11,10 - 14,5,3
"4020",1996,11,15 - 19,5,3
"4020",1996,11,20 - 24,1,5
"4020",1996,11,25 - 29,2,6
"4020",1996,11,30 - 34,2,1
"4020",1996,11,35 - 39,0,0
"4020",1996,11,40 - 44,3,1
"4020",1996,11,45 - 49,4,0
"4020",1996,11,50 - 54,3,2
"4020",1996,11,55 - 59,2,3
"4020",1996,11,60 - 64,5,3
"4020",1996,11,65 - 69,0,1
"4020",1996,11,70 - 74,0,0
"4020",1996,11,75 - 79,1,1
"4020",1996,11,80 - 84,0,0
"4020",1996,11,85 - 89,1,0
"4020",1996,11,90 - 94,0,0
"4020",1996,11,95+,0,0
"4020",1996,11,UNK,0,0
"4020",1996,12,Total,4387,6382
"4020",1996,12,0,5,13
"4020",1996,12,1,2,2
"4020",1996,12,2,1,2
"4020",1996,12,3,0,0
"4020",1996,12,4,0,0
"4020",1996,12,5 - 9,1,0
"4020",1996,12,10 - 14,4,5
"4020",1996,12,15 - 19,1,6
"4020",1996,12,20 - 24,5,4
"4020",1996,12,25 - 29,5,4
"4020",1996,12,30 - 34,9,14
"4020",1996,12,35 - 39,13,22
"4020",1996,12,40 - 44,17,26
"4020",1996,12,45 - 49,22,48
"4020",1996,12,50 - 54,42,69
"4020",1996,12,55 - 59,59,153
"4020",1996,12,60 - 64,115,365
"4020",1996,12,65 - 69,235,705
"4020",1996,12,70 - 74,445,1118
"4020",1996,12,75 - 79,455,1052
"4020",1996,12,80 - 84,806,1248
"4020",1996,12,85 - 89,2145,1526
"4020",1996,12,90 - 94,0,0
"4020",1996,12,95+,0,0
"4020",1996,12,UNK,0,0
"4020",1996,13,Total,2194,3903
"4020",1996,13,0,7,8
"4020",1996,13,1,13,5
"4020",1996,13,2,3,9
"4020",1996,13,3,0,8
"4020",1996,13,4,3,4
"4020",1996,13,5 - 9,16,16
"4020",1996,13,10 - 14,18,35
"4020",1996,13,15 - 19,54,176
"4020",1996,13,20 - 24,69,344
"4020",1996,13,25 - 29,95,297
"4020",1996,13,30 - 34,89,310
"4020",1996,13,35 - 39,107,312
"4020",1996,13,40 - 44,98,311
"4020",1996,13,45 - 49,120,265
"4020",1996,13,50 - 54,80,208
"4020",1996,13,55 - 59,89,202
"4020",1996,13,60 - 64,87,211
"4020",1996,13,65 - 69,125,207
"4020",1996,13,70 - 74,168,267
"4020",1996,13,75 - 79,156,192
"4020",1996,13,80 - 84,249,240
"4020",1996,13,85 - 89,548,276
"4020",1996,13,90 - 94,0,0
"4020",1996,13,95+,0,0
"4020",1996,13,UNK,0,0
"4020",1996,14,Total,97,105
"4020",1996,14,0,3,0
"4020",1996,14,1,0,0
"4020",1996,14,2,0,0
"4020",1996,14,3,1,0
"4020",1996,14,4,1,2
"4020",1996,14,5 - 9,3,2
"4020",1996,14,10 - 14,1,1
"4020",1996,14,15 - 19,3,4
"4020",1996,14,20 - 24,10,5
"4020",1996,14,25 - 29,9,11
"4020",1996,14,30 - 34,9,13
"4020",1996,14,35 - 39,14,9
"4020",1996,14,40 - 44,11,17
"4020",1996,14,45 - 49,6,10
"4020",1996,14,50 - 54,5,12
"4020",1996,14,55 - 59,4,3
"4020",1996,14,60 - 64,1,4
"4020",1996,14,65 - 69,7,2
"4020",1996,14,70 - 74,3,3
"4020",1996,14,75 - 79,4,2
"4020",1996,14,80 - 84,1,0
"4020",1996,14,85 - 89,1,5
"4020",1996,14,90 - 94,0,0
"4020",1996,14,95+,0,0
"4020",1996,14,UNK,0,0
"4020",1997,1,Total,51912,51888
"4020",1997,1,0,289,358
"4020",1997,1,1,25,19
"4020",1997,1,2,13,23
"4020",1997,1,3,10,18
"4020",1997,1,4,5,11
"4020",1997,1,5 - 9,38,59
"4020",1997,1,10 - 14,39,45
"4020",1997,1,15 - 19,104,209
"4020",1997,1,20 - 24,113,380
"4020",1997,1,25 - 29,142,449
"4020",1997,1,30 - 34,229,488
"4020",1997,1,35 - 39,354,698
"4020",1997,1,40 - 44,525,978
"4020",1997,1,45 - 49,811,1362
"4020",1997,1,50 - 54,1075,1889
"4020",1997,1,55 - 59,1263,2438
"4020",1997,1,60 - 64,1903,3685
"4020",1997,1,65 - 69,3219,5955
"4020",1997,1,70 - 74,5006,8211
"4020",1997,1,75 - 79,6598,7794
"4020",1997,1,80 - 84,9392,7583
"4020",1997,1,85 - 89,11098,5987
"4020",1997,1,90 - 94,7160,2604
"4020",1997,1,95+,2501,645
"4020",1997,1,UNK,0,0
"4020",1997,2,Total,753,582
"4020",1997,2,0,3,2
"4020",1997,2,1,4,1
"4020",1997,2,2,2,0
"4020",1997,2,3,1,1
"4020",1997,2,4,0,1
"4020",1997,2,5 - 9,0,1
"4020",1997,2,10 - 14,1,0
"4020",1997,2,15 - 19,4,4
"4020",1997,2,20 - 24,2,0
"4020",1997,2,25 - 29,2,2
"4020",1997,2,30 - 34,2,1
"4020",1997,2,35 - 39,2,8
"4020",1997,2,40 - 44,7,8
"4020",1997,2,45 - 49,5,12
"4020",1997,2,50 - 54,10,17
"4020",1997,2,55 - 59,12,27
"4020",1997,2,60 - 64,23,47
"4020",1997,2,65 - 69,46,56
"4020",1997,2,70 - 74,77,96
"4020",1997,2,75 - 79,102,99
"4020",1997,2,80 - 84,149,89
"4020",1997,2,85 - 89,167,67
"4020",1997,2,90 - 94,89,32
"4020",1997,2,95+,43,11
"4020",1997,2,UNK,0,0
"4020",1997,3,Total,11905,16136
"4020",1997,3,0,4,1
"4020",1997,3,1,1,1
"4020",1997,3,2,3,9
"4020",1997,3,3,2,3
"4020",1997,3,4,2,2
"4020",1997,3,5 - 9,13,14
"4020",1997,3,10 - 14,10,11
"4020",1997,3,15 - 19,13,15
"4020",1997,3,20 - 24,14,27
"4020",1997,3,25 - 29,19,24
"4020",1997,3,30 - 34,60,49
"4020",1997,3,35 - 39,126,102
"4020",1997,3,40 - 44,212,203
"4020",1997,3,45 - 49,391,446
"4020",1997,3,50 - 54,535,743
"4020",1997,3,55 - 59,678,1050
"4020",1997,3,60 - 64,947,1623
"4020",1997,3,65 - 69,1323,2565
"4020",1997,3,70 - 74,1742,3060
"4020",1997,3,75 - 79,1696,2466
"4020",1997,3,80 - 84,1702,1955
"4020",1997,3,85 - 89,1508,1289
"4020",1997,3,90 - 94,745,413
"4020",1997,3,95+,159,65
"4020",1997,3,UNK,0,0
"4020",1997,4,Total,20923,17029
"4020",1997,4,0,0,0
"4020",1997,4,1,0,2
"4020",1997,4,2,1,1
"4020",1997,4,3,1,1
"4020",1997,4,4,0,0
"4020",1997,4,5 - 9,0,2
"4020",1997,4,10 - 14,1,2
"4020",1997,4,15 - 19,8,12
"4020",1997,4,20 - 24,2,11
"4020",1997,4,25 - 29,8,19
"4020",1997,4,30 - 34,23,38
"4020",1997,4,35 - 39,54,88
"4020",1997,4,40 - 44,85,218
"4020",1997,4,45 - 49,125,322
"4020",1997,4,50 - 54,180,493
"4020",1997,4,55 - 59,215,697
"4020",1997,4,60 - 64,436,1052
"4020",1997,4,65 - 69,990,1879
"4020",1997,4,70 - 74,1785,2696
"4020",1997,4,75 - 79,2759,2814
"4020",1997,4,80 - 84,4296,2918
"4020",1997,4,85 - 89,5340,2406
"4020",1997,4,90 - 94,3451,1100
"4020",1997,4,95+,1163,258
"4020",1997,4,UNK,0,0
"4020",1997,5,Total,1876,1166
"4020",1997,5,0,40,66
"4020",1997,5,1,3,3
"4020",1997,5,2,0,0
"4020",1997,5,3,0,0
"4020",1997,5,4,0,0
"4020",1997,5,5 - 9,0,1
"4020",1997,5,10 - 14,0,0
"4020",1997,5,15 - 19,1,0
"4020",1997,5,20 - 24,1,5
"4020",1997,5,25 - 29,2,6
"4020",1997,5,30 - 34,0,15
"4020",1997,5,35 - 39,6,11
"4020",1997,5,40 - 44,9,21
"4020",1997,5,45 - 49,14,24
"4020",1997,5,50 - 54,15,36
"4020",1997,5,55 - 59,23,49
"4020",1997,5,60 - 64,25,74
"4020",1997,5,65 - 69,52,86
"4020",1997,5,70 - 74,91,133
"4020",1997,5,75 - 79,152,123
"4020",1997,5,80 - 84,269,157
"4020",1997,5,85 - 89,466,167
"4020",1997,5,90 - 94,456,130
"4020",1997,5,95+,251,59
"4020",1997,5,UNK,0,0
"4020",1997,6,Total,1521,943
"4020",1997,6,0,0,0
"4020",1997,6,1,0,0
"4020",1997,6,2,0,0
"4020",1997,6,3,0,0
"4020",1997,6,4,0,0
"4020",1997,6,5 - 9,0,0
"4020",1997,6,10 - 14,0,0
"4020",1997,6,15 - 19,3,1
"4020",1997,6,20 - 24,1,10
"4020",1997,6,25 - 29,1,8
"4020",1997,6,30 - 34,6,15
"4020",1997,6,35 - 39,5,15
"4020",1997,6,40 - 44,11,27
"4020",1997,6,45 - 49,11,32
"4020",1997,6,50 - 54,14,24
"4020",1997,6,55 - 59,12,32
"4020",1997,6,60 - 64,13,33
"4020",1997,6,65 - 69,32,36
"4020",1997,6,70 - 74,80,102
"4020",1997,6,75 - 79,152,113
"4020",1997,6,80 - 84,342,204
"4020",1997,6,85 - 89,439,193
"4020",1997,6,90 - 94,290,81
"4020",1997,6,95+,109,17
"4020",1997,6,UNK,0,0
"4020",1997,7,Total,2054,1365
"4020",1997,7,0,12,6
"4020",1997,7,1,2,1
"4020",1997,7,2,1,2
"4020",1997,7,3,0,4
"4020",1997,7,4,2,1
"4020",1997,7,5 - 9,6,4
"4020",1997,7,10 - 14,3,3
"4020",1997,7,15 - 19,3,8
"4020",1997,7,20 - 24,4,11
"4020",1997,7,25 - 29,4,12
"4020",1997,7,30 - 34,7,12
"4020",1997,7,35 - 39,9,14
"4020",1997,7,40 - 44,14,21
"4020",1997,7,45 - 49,15,25
"4020",1997,7,50 - 54,29,29
"4020",1997,7,55 - 59,37,25
"4020",1997,7,60 - 64,55,67
"4020",1997,7,65 - 69,102,126
"4020",1997,7,70 - 74,190,200
"4020",1997,7,75 - 79,295,233
"4020",1997,7,80 - 84,421,269
"4020",1997,7,85 - 89,487,194
"4020",1997,7,90 - 94,264,82
"4020",1997,7,95+,92,16
"4020",1997,7,UNK,0,0
"4020",1997,8,Total,1549,861
"4020",1997,8,0,6,3
"4020",1997,8,1,0,1
"4020",1997,8,2,0,0
"4020",1997,8,3,2,1
"4020",1997,8,4,0,1
"4020",1997,8,5 - 9,2,2
"4020",1997,8,10 - 14,2,0
"4020",1997,8,15 - 19,4,2
"4020",1997,8,20 - 24,2,1
"4020",1997,8,25 - 29,5,3
"4020",1997,8,30 - 34,6,15
"4020",1997,8,35 - 39,8,25
"4020",1997,8,40 - 44,10,22
"4020",1997,8,45 - 49,17,22
"4020",1997,8,50 - 54,16,37
"4020",1997,8,55 - 59,14,27
"4020",1997,8,60 - 64,50,56
"4020",1997,8,65 - 69,102,94
"4020",1997,8,70 - 74,142,140
"4020",1997,8,75 - 79,228,134
"4020",1997,8,80 - 84,319,122
"4020",1997,8,85 - 89,332,96
"4020",1997,8,90 - 94,208,43
"4020",1997,8,95+,74,14
"4020",1997,8,UNK,0,0
"4020",1997,9,Total,2425,2094
"4020",1997,9,0,0,1
"4020",1997,9,1,2,0
"4020",1997,9,2,0,0
"4020",1997,9,3,0,0
"4020",1997,9,4,0,1
"4020",1997,9,5 - 9,0,1
"4020",1997,9,10 - 14,0,0
"4020",1997,9,15 - 19,0,0
"4020",1997,9,20 - 24,1,1
"4020",1997,9,25 - 29,2,4
"4020",1997,9,30 - 34,7,16
"4020",1997,9,35 - 39,35,46
"4020",1997,9,40 - 44,43,84
"4020",1997,9,45 - 49,77,123
"4020",1997,9,50 - 54,69,170
"4020",1997,9,55 - 59,76,157
"4020",1997,9,60 - 64,91,158
"4020",1997,9,65 - 69,159,209
"4020",1997,9,70 - 74,223,313
"4020",1997,9,75 - 79,291,267
"4020",1997,9,80 - 84,416,260
"4020",1997,9,85 - 89,516,179
"4020",1997,9,90 - 94,322,80
"4020",1997,9,95+,95,24
"4020",1997,9,UNK,0,0
"4020",1997,10,Total,877,627
"4020",1997,10,0,0,1
"4020",1997,10,1,0,0
"4020",1997,10,2,0,0
"4020",1997,10,3,0,0
"4020",1997,10,4,0,0
"4020",1997,10,5 - 9,0,0
"4020",1997,10,10 - 14,0,0
"4020",1997,10,15 - 19,0,0
"4020",1997,10,20 - 24,1,0
"4020",1997,10,25 - 29,0,1
"4020",1997,10,30 - 34,3,2
"4020",1997,10,35 - 39,1,5
"4020",1997,10,40 - 44,1,3
"4020",1997,10,45 - 49,4,3
"4020",1997,10,50 - 54,13,8
"4020",1997,10,55 - 59,7,15
"4020",1997,10,60 - 64,20,23
"4020",1997,10,65 - 69,41,39
"4020",1997,10,70 - 74,92,76
"4020",1997,10,75 - 79,115,127
"4020",1997,10,80 - 84,178,128
"4020",1997,10,85 - 89,224,121
"4020",1997,10,90 - 94,131,53
"4020",1997,10,95+,46,22
"4020",1997,10,UNK,0,0
"4020",1997,11,Total,264,301
"4020",1997,11,0,212,256
"4020",1997,11,1,4,2
"4020",1997,11,2,0,1
"4020",1997,11,3,1,2
"4020",1997,11,4,0,0
"4020",1997,11,5 - 9,1,5
"4020",1997,11,10 - 14,1,1
"4020",1997,11,15 - 19,3,3
"4020",1997,11,20 - 24,1,2
"4020",1997,11,25 - 29,6,6
"4020",1997,11,30 - 34,4,5
"4020",1997,11,35 - 39,1,2
"4020",1997,11,40 - 44,4,3
"4020",1997,11,45 - 49,5,3
"4020",1997,11,50 - 54,5,2
"4020",1997,11,55 - 59,8,2
"4020",1997,11,60 - 64,4,1
"4020",1997,11,65 - 69,1,3
"4020",1997,11,70 - 74,0,1
"4020",1997,11,75 - 79,0,1
"4020",1997,11,80 - 84,1,0
"4020",1997,11,85 - 89,1,0
"4020",1997,11,90 - 94,1,0
"4020",1997,11,95+,0,0
"4020",1997,11,UNK,0,0
"4020",1997,12,Total,4447,6224
"4020",1997,12,0,1,9
"4020",1997,12,1,0,1
"4020",1997,12,2,0,1
"4020",1997,12,3,0,0
"4020",1997,12,4,0,0
"4020",1997,12,5 - 9,1,2
"4020",1997,12,10 - 14,2,2
"4020",1997,12,15 - 19,4,3
"4020",1997,12,20 - 24,0,3
"4020",1997,12,25 - 29,5,5
"4020",1997,12,30 - 34,7,5
"4020",1997,12,35 - 39,6,15
"4020",1997,12,40 - 44,11,32
"4020",1997,12,45 - 49,23,38
"4020",1997,12,50 - 54,58,78
"4020",1997,12,55 - 59,68,147
"4020",1997,12,60 - 64,117,319
"4020",1997,12,65 - 69,191,618
"4020",1997,12,70 - 74,360,1067
"4020",1997,12,75 - 79,494,1109
"4020",1997,12,80 - 84,855,1158
"4020",1997,12,85 - 89,1078,1020
"4020",1997,12,90 - 94,835,460
"4020",1997,12,95+,331,132
"4020",1997,12,UNK,0,0
"4020",1997,13,Total,2158,3957
"4020",1997,13,0,9,10
"4020",1997,13,1,9,7
"4020",1997,13,2,5,8
"4020",1997,13,3,2,5
"4020",1997,13,4,0,5
"4020",1997,13,5 - 9,13,25
"4020",1997,13,10 - 14,16,25
"4020",1997,13,15 - 19,58,155
"4020",1997,13,20 - 24,75,291
"4020",1997,13,25 - 29,76,342
"4020",1997,13,30 - 34,91,308
"4020",1997,13,35 - 39,88,347
"4020",1997,13,40 - 44,101,320
"4020",1997,13,45 - 49,118,299
"4020",1997,13,50 - 54,119,236
"4020",1997,13,55 - 59,100,199
"4020",1997,13,60 - 64,108,216
"4020",1997,13,65 - 69,135,201
"4020",1997,13,70 - 74,147,251
"4020",1997,13,75 - 79,165,230
"4020",1997,13,80 - 84,238,211
"4020",1997,13,85 - 89,261,175
"4020",1997,13,90 - 94,161,76
"4020",1997,13,95+,63,15
"4020",1997,13,UNK,0,0
"4020",1997,14,Total,80,97
"4020",1997,14,0,2,2
"4020",1997,14,1,0,0
"4020",1997,14,2,1,1
"4020",1997,14,3,1,1
"4020",1997,14,4,0,0
"4020",1997,14,5 - 9,2,2
"4020",1997,14,10 - 14,2,1
"4020",1997,14,15 - 19,3,4
"4020",1997,14,20 - 24,5,14
"4020",1997,14,25 - 29,9,15
"4020",1997,14,30 - 34,7,6
"4020",1997,14,35 - 39,10,17
"4020",1997,14,40 - 44,13,11
"4020",1997,14,45 - 49,2,4
"4020",1997,14,50 - 54,6,6
"4020",1997,14,55 - 59,4,5
"4020",1997,14,60 - 64,1,2
"4020",1997,14,65 - 69,5,1
"4020",1997,14,70 - 74,0,2
"4020",1997,14,75 - 79,5,3
"4020",1997,14,80 - 84,2,0
"4020",1997,14,85 - 89,0,0
"4020",1997,14,90 - 94,0,0
"4020",1997,14,95+,0,0
"4020",1997,14,UNK,0,0
