"","Year","Cause","Age","Female","Male"
"4280",1990,1,Total,156363,176779
"4280",1990,1,0,1334,1716
"4280",1990,1,1,123,175
"4280",1990,1,2,86,93
"4280",1990,1,3,58,84
"4280",1990,1,4,59,74
"4280",1990,1,5 - 9,232,357
"4280",1990,1,10 - 14,308,475
"4280",1990,1,15 - 19,574,1598
"4280",1990,1,20 - 24,708,2639
"4280",1990,1,25 - 29,844,2910
"4280",1990,1,30 - 34,884,2704
"4280",1990,1,35 - 39,1015,2496
"4280",1990,1,40 - 44,1365,3338
"4280",1990,1,45 - 49,1816,4345
"4280",1990,1,50 - 54,2792,6413
"4280",1990,1,55 - 59,4702,10876
"4280",1990,1,60 - 64,6985,15165
"4280",1990,1,65 - 69,10433,20298
"4280",1990,1,70 - 74,14925,21710
"4280",1990,1,75 - 79,24048,26197
"4280",1990,1,80 - 84,32487,26208
"4280",1990,1,85 - 89,50585,26908
"4280",1990,1,90 - 94,0,0
"4280",1990,1,95+,0,0
"4280",1990,1,UNK,0,0
"4280",1990,2,Total,1687,2203
"4280",1990,2,0,35,34
"4280",1990,2,1,12,16
"4280",1990,2,2,5,3
"4280",1990,2,3,4,3
"4280",1990,2,4,1,3
"4280",1990,2,5 - 9,7,10
"4280",1990,2,10 - 14,9,11
"4280",1990,2,15 - 19,12,19
"4280",1990,2,20 - 24,17,45
"4280",1990,2,25 - 29,25,53
"4280",1990,2,30 - 34,30,73
"4280",1990,2,35 - 39,20,51
"4280",1990,2,40 - 44,22,77
"4280",1990,2,45 - 49,22,69
"4280",1990,2,50 - 54,40,94
"4280",1990,2,55 - 59,67,123
"4280",1990,2,60 - 64,85,198
"4280",1990,2,65 - 69,150,215
"4280",1990,2,70 - 74,165,284
"4280",1990,2,75 - 79,260,316
"4280",1990,2,80 - 84,308,267
"4280",1990,2,85 - 89,391,239
"4280",1990,2,90 - 94,0,0
"4280",1990,2,95+,0,0
"4280",1990,2,UNK,0,0
"4280",1990,3,Total,30876,48733
"4280",1990,3,0,9,9
"4280",1990,3,1,6,12
"4280",1990,3,2,12,12
"4280",1990,3,3,9,19
"4280",1990,3,4,16,14
"4280",1990,3,5 - 9,51,85
"4280",1990,3,10 - 14,63,94
"4280",1990,3,15 - 19,90,121
"4280",1990,3,20 - 24,100,126
"4280",1990,3,25 - 29,138,193
"4280",1990,3,30 - 34,243,258
"4280",1990,3,35 - 39,468,481
"4280",1990,3,40 - 44,692,993
"4280",1990,3,45 - 49,990,1498
"4280",1990,3,50 - 54,1459,2578
"4280",1990,3,55 - 59,2295,4428
"4280",1990,3,60 - 64,3107,6180
"4280",1990,3,65 - 69,3786,7876
"4280",1990,3,70 - 74,4034,7417
"4280",1990,3,75 - 79,4775,7311
"4280",1990,3,80 - 84,4492,5512
"4280",1990,3,85 - 89,4041,3516
"4280",1990,3,90 - 94,0,0
"4280",1990,3,95+,0,0
"4280",1990,3,UNK,0,0
"4280",1990,4,Total,74413,61174
"4280",1990,4,0,48,61
"4280",1990,4,1,13,14
"4280",1990,4,2,9,9
"4280",1990,4,3,2,6
"4280",1990,4,4,3,9
"4280",1990,4,5 - 9,18,24
"4280",1990,4,10 - 14,37,36
"4280",1990,4,15 - 19,45,78
"4280",1990,4,20 - 24,71,198
"4280",1990,4,25 - 29,92,260
"4280",1990,4,30 - 34,112,329
"4280",1990,4,35 - 39,153,413
"4280",1990,4,40 - 44,216,718
"4280",1990,4,45 - 49,318,1025
"4280",1990,4,50 - 54,524,1614
"4280",1990,4,55 - 59,1063,2913
"4280",1990,4,60 - 64,1906,4434
"4280",1990,4,65 - 69,3462,6400
"4280",1990,4,70 - 74,6323,7531
"4280",1990,4,75 - 79,11809,10219
"4280",1990,4,80 - 84,17754,11407
"4280",1990,4,85 - 89,30435,13476
"4280",1990,4,90 - 94,0,0
"4280",1990,4,95+,0,0
"4280",1990,4,UNK,0,0
"4280",1990,5,Total,3838,3142
"4280",1990,5,0,69,110
"4280",1990,5,1,6,3
"4280",1990,5,2,2,5
"4280",1990,5,3,2,0
"4280",1990,5,4,2,0
"4280",1990,5,5 - 9,2,10
"4280",1990,5,10 - 14,5,10
"4280",1990,5,15 - 19,5,24
"4280",1990,5,20 - 24,11,48
"4280",1990,5,25 - 29,11,51
"4280",1990,5,30 - 34,15,45
"4280",1990,5,35 - 39,16,29
"4280",1990,5,40 - 44,12,36
"4280",1990,5,45 - 49,13,47
"4280",1990,5,50 - 54,24,62
"4280",1990,5,55 - 59,25,101
"4280",1990,5,60 - 64,65,152
"4280",1990,5,65 - 69,100,233
"4280",1990,5,70 - 74,153,266
"4280",1990,5,75 - 79,357,413
"4280",1990,5,80 - 84,672,502
"4280",1990,5,85 - 89,2271,995
"4280",1990,5,90 - 94,0,0
"4280",1990,5,95+,0,0
"4280",1990,5,UNK,0,0
"4280",1990,6,Total,3327,2116
"4280",1990,6,0,0,0
"4280",1990,6,1,0,0
"4280",1990,6,2,0,0
"4280",1990,6,3,0,0
"4280",1990,6,4,0,1
"4280",1990,6,5 - 9,1,2
"4280",1990,6,10 - 14,4,1
"4280",1990,6,15 - 19,1,3
"4280",1990,6,20 - 24,8,15
"4280",1990,6,25 - 29,6,26
"4280",1990,6,30 - 34,9,23
"4280",1990,6,35 - 39,2,25
"4280",1990,6,40 - 44,4,34
"4280",1990,6,45 - 49,7,37
"4280",1990,6,50 - 54,11,39
"4280",1990,6,55 - 59,17,73
"4280",1990,6,60 - 64,32,71
"4280",1990,6,65 - 69,99,118
"4280",1990,6,70 - 74,220,184
"4280",1990,6,75 - 79,522,338
"4280",1990,6,80 - 84,887,505
"4280",1990,6,85 - 89,1497,621
"4280",1990,6,90 - 94,0,0
"4280",1990,6,95+,0,0
"4280",1990,6,UNK,0,0
"4280",1990,7,Total,2243,2381
"4280",1990,7,0,33,28
"4280",1990,7,1,9,15
"4280",1990,7,2,7,8
"4280",1990,7,3,6,7
"4280",1990,7,4,8,3
"4280",1990,7,5 - 9,23,17
"4280",1990,7,10 - 14,25,49
"4280",1990,7,15 - 19,21,63
"4280",1990,7,20 - 24,21,43
"4280",1990,7,25 - 29,19,50
"4280",1990,7,30 - 34,28,45
"4280",1990,7,35 - 39,24,49
"4280",1990,7,40 - 44,35,39
"4280",1990,7,45 - 49,43,61
"4280",1990,7,50 - 54,52,68
"4280",1990,7,55 - 59,99,154
"4280",1990,7,60 - 64,128,178
"4280",1990,7,65 - 69,224,261
"4280",1990,7,70 - 74,280,310
"4280",1990,7,75 - 79,374,391
"4280",1990,7,80 - 84,411,316
"4280",1990,7,85 - 89,373,226
"4280",1990,7,90 - 94,0,0
"4280",1990,7,95+,0,0
"4280",1990,7,UNK,0,0
"4280",1990,8,Total,6987,5448
"4280",1990,8,0,20,26
"4280",1990,8,1,5,13
"4280",1990,8,2,3,4
"4280",1990,8,3,5,5
"4280",1990,8,4,3,3
"4280",1990,8,5 - 9,12,16
"4280",1990,8,10 - 14,2,27
"4280",1990,8,15 - 19,15,17
"4280",1990,8,20 - 24,57,122
"4280",1990,8,25 - 29,160,501
"4280",1990,8,30 - 34,92,498
"4280",1990,8,35 - 39,41,229
"4280",1990,8,40 - 44,22,174
"4280",1990,8,45 - 49,31,147
"4280",1990,8,50 - 54,54,133
"4280",1990,8,55 - 59,149,229
"4280",1990,8,60 - 64,312,335
"4280",1990,8,65 - 69,577,478
"4280",1990,8,70 - 74,879,551
"4280",1990,8,75 - 79,1359,703
"4280",1990,8,80 - 84,1617,710
"4280",1990,8,85 - 89,1572,527
"4280",1990,8,90 - 94,0,0
"4280",1990,8,95+,0,0
"4280",1990,8,UNK,0,0
"4280",1990,9,Total,7710,11144
"4280",1990,9,0,18,13
"4280",1990,9,1,2,2
"4280",1990,9,2,2,1
"4280",1990,9,3,4,0
"4280",1990,9,4,0,0
"4280",1990,9,5 - 9,6,3
"4280",1990,9,10 - 14,6,6
"4280",1990,9,15 - 19,5,9
"4280",1990,9,20 - 24,12,25
"4280",1990,9,25 - 29,29,75
"4280",1990,9,30 - 34,48,177
"4280",1990,9,35 - 39,54,241
"4280",1990,9,40 - 44,87,337
"4280",1990,9,45 - 49,113,518
"4280",1990,9,50 - 54,211,684
"4280",1990,9,55 - 59,358,1089
"4280",1990,9,60 - 64,496,1278
"4280",1990,9,65 - 69,690,1496
"4280",1990,9,70 - 74,860,1312
"4280",1990,9,75 - 79,1276,1397
"4280",1990,9,80 - 84,1481,1319
"4280",1990,9,85 - 89,1952,1162
"4280",1990,9,90 - 94,0,0
"4280",1990,9,95+,0,0
"4280",1990,9,UNK,0,0
"4280",1990,10,Total,3514,3689
"4280",1990,10,0,8,9
"4280",1990,10,1,0,2
"4280",1990,10,2,2,1
"4280",1990,10,3,2,1
"4280",1990,10,4,0,0
"4280",1990,10,5 - 9,6,1
"4280",1990,10,10 - 14,3,2
"4280",1990,10,15 - 19,4,9
"4280",1990,10,20 - 24,6,12
"4280",1990,10,25 - 29,5,13
"4280",1990,10,30 - 34,20,21
"4280",1990,10,35 - 39,9,12
"4280",1990,10,40 - 44,16,35
"4280",1990,10,45 - 49,24,38
"4280",1990,10,50 - 54,39,69
"4280",1990,10,55 - 59,67,127
"4280",1990,10,60 - 64,136,194
"4280",1990,10,65 - 69,234,332
"4280",1990,10,70 - 74,367,417
"4280",1990,10,75 - 79,586,610
"4280",1990,10,80 - 84,850,822
"4280",1990,10,85 - 89,1130,962
"4280",1990,10,90 - 94,0,0
"4280",1990,10,95+,0,0
"4280",1990,10,UNK,0,0
"4280",1990,11,Total,1210,1535
"4280",1990,11,0,982,1274
"4280",1990,11,1,31,42
"4280",1990,11,2,19,9
"4280",1990,11,3,12,14
"4280",1990,11,4,3,11
"4280",1990,11,5 - 9,16,37
"4280",1990,11,10 - 14,24,17
"4280",1990,11,15 - 19,14,23
"4280",1990,11,20 - 24,12,16
"4280",1990,11,25 - 29,8,13
"4280",1990,11,30 - 34,6,13
"4280",1990,11,35 - 39,7,5
"4280",1990,11,40 - 44,7,4
"4280",1990,11,45 - 49,5,5
"4280",1990,11,50 - 54,10,14
"4280",1990,11,55 - 59,8,6
"4280",1990,11,60 - 64,8,14
"4280",1990,11,65 - 69,7,5
"4280",1990,11,70 - 74,12,1
"4280",1990,11,75 - 79,6,4
"4280",1990,11,80 - 84,4,3
"4280",1990,11,85 - 89,9,5
"4280",1990,11,90 - 94,0,0
"4280",1990,11,95+,0,0
"4280",1990,11,UNK,0,0
"4280",1990,12,Total,12712,19625
"4280",1990,12,0,56,69
"4280",1990,12,1,9,9
"4280",1990,12,2,2,5
"4280",1990,12,3,1,2
"4280",1990,12,4,2,3
"4280",1990,12,5 - 9,13,11
"4280",1990,12,10 - 14,13,16
"4280",1990,12,15 - 19,27,46
"4280",1990,12,20 - 24,26,88
"4280",1990,12,25 - 29,36,137
"4280",1990,12,30 - 34,48,124
"4280",1990,12,35 - 39,41,97
"4280",1990,12,40 - 44,47,126
"4280",1990,12,45 - 49,62,175
"4280",1990,12,50 - 54,115,317
"4280",1990,12,55 - 59,202,647
"4280",1990,12,60 - 64,338,1174
"4280",1990,12,65 - 69,615,2058
"4280",1990,12,70 - 74,1059,2669
"4280",1990,12,75 - 79,1888,3604
"4280",1990,12,80 - 84,2952,3960
"4280",1990,12,85 - 89,5160,4288
"4280",1990,12,90 - 94,0,0
"4280",1990,12,95+,0,0
"4280",1990,12,UNK,0,0
"4280",1990,13,Total,4752,13734
"4280",1990,13,0,51,74
"4280",1990,13,1,28,46
"4280",1990,13,2,22,35
"4280",1990,13,3,11,26
"4280",1990,13,4,20,27
"4280",1990,13,5 - 9,70,135
"4280",1990,13,10 - 14,110,194
"4280",1990,13,15 - 19,324,1165
"4280",1990,13,20 - 24,340,1864
"4280",1990,13,25 - 29,288,1494
"4280",1990,13,30 - 34,204,1051
"4280",1990,13,35 - 39,155,831
"4280",1990,13,40 - 44,181,720
"4280",1990,13,45 - 49,169,691
"4280",1990,13,50 - 54,228,690
"4280",1990,13,55 - 59,300,924
"4280",1990,13,60 - 64,286,852
"4280",1990,13,65 - 69,347,686
"4280",1990,13,70 - 74,360,607
"4280",1990,13,75 - 79,418,642
"4280",1990,13,80 - 84,389,537
"4280",1990,13,85 - 89,451,443
"4280",1990,13,90 - 94,0,0
"4280",1990,13,95+,0,0
"4280",1990,13,UNK,0,0
"4280",1990,14,Total,106,275
"4280",1990,14,0,2,4
"4280",1990,14,1,0,0
"4280",1990,14,2,0,0
"4280",1990,14,3,0,0
"4280",1990,14,4,0,0
"4280",1990,14,5 - 9,3,2
"4280",1990,14,10 - 14,5,1
"4280",1990,14,15 - 19,5,13
"4280",1990,14,20 - 24,9,29
"4280",1990,14,25 - 29,10,33
"4280",1990,14,30 - 34,10,34
"4280",1990,14,35 - 39,7,25
"4280",1990,14,40 - 44,7,28
"4280",1990,14,45 - 49,3,18
"4280",1990,14,50 - 54,5,26
"4280",1990,14,55 - 59,8,17
"4280",1990,14,60 - 64,9,13
"4280",1990,14,65 - 69,7,13
"4280",1990,14,70 - 74,5,5
"4280",1990,14,75 - 79,5,5
"4280",1990,14,80 - 84,3,6
"4280",1990,14,85 - 89,3,3
"4280",1990,14,90 - 94,0,0
"4280",1990,14,95+,0,0
"4280",1990,14,UNK,0,0
"4280",1991,1,Total,158347,179344
"4280",1991,1,0,1230,1616
"4280",1991,1,1,111,150
"4280",1991,1,2,68,94
"4280",1991,1,3,62,63
"4280",1991,1,4,44,61
"4280",1991,1,5 - 9,198,302
"4280",1991,1,10 - 14,274,439
"4280",1991,1,15 - 19,543,1523
"4280",1991,1,20 - 24,716,2669
"4280",1991,1,25 - 29,869,3191
"4280",1991,1,30 - 34,916,3058
"4280",1991,1,35 - 39,1026,2706
"4280",1991,1,40 - 44,1460,3284
"4280",1991,1,45 - 49,1957,4550
"4280",1991,1,50 - 54,2711,6070
"4280",1991,1,55 - 59,4449,10861
"4280",1991,1,60 - 64,6942,15464
"4280",1991,1,65 - 69,10267,20700
"4280",1991,1,70 - 74,14992,22139
"4280",1991,1,75 - 79,23772,25666
"4280",1991,1,80 - 84,33092,26981
"4280",1991,1,85 - 89,52648,27757
"4280",1991,1,90 - 94,0,0
"4280",1991,1,95+,0,0
"4280",1991,1,UNK,0,0
"4280",1991,2,Total,1730,2272
"4280",1991,2,0,23,40
"4280",1991,2,1,6,16
"4280",1991,2,2,7,11
"4280",1991,2,3,3,1
"4280",1991,2,4,3,2
"4280",1991,2,5 - 9,13,5
"4280",1991,2,10 - 14,11,4
"4280",1991,2,15 - 19,14,19
"4280",1991,2,20 - 24,16,28
"4280",1991,2,25 - 29,26,71
"4280",1991,2,30 - 34,23,90
"4280",1991,2,35 - 39,19,82
"4280",1991,2,40 - 44,16,61
"4280",1991,2,45 - 49,31,70
"4280",1991,2,50 - 54,37,109
"4280",1991,2,55 - 59,44,144
"4280",1991,2,60 - 64,89,182
"4280",1991,2,65 - 69,126,220
"4280",1991,2,70 - 74,159,260
"4280",1991,2,75 - 79,281,285
"4280",1991,2,80 - 84,345,307
"4280",1991,2,85 - 89,438,265
"4280",1991,2,90 - 94,0,0
"4280",1991,2,95+,0,0
"4280",1991,2,UNK,0,0
"4280",1991,3,Total,31500,49798
"4280",1991,3,0,11,14
"4280",1991,3,1,9,16
"4280",1991,3,2,6,11
"4280",1991,3,3,15,9
"4280",1991,3,4,14,12
"4280",1991,3,5 - 9,51,80
"4280",1991,3,10 - 14,54,91
"4280",1991,3,15 - 19,74,118
"4280",1991,3,20 - 24,85,136
"4280",1991,3,25 - 29,115,163
"4280",1991,3,30 - 34,256,263
"4280",1991,3,35 - 39,443,494
"4280",1991,3,40 - 44,781,902
"4280",1991,3,45 - 49,1070,1668
"4280",1991,3,50 - 54,1463,2348
"4280",1991,3,55 - 59,2262,4465
"4280",1991,3,60 - 64,3107,6511
"4280",1991,3,65 - 69,3678,8162
"4280",1991,3,70 - 74,4305,7659
"4280",1991,3,75 - 79,4875,7131
"4280",1991,3,80 - 84,4607,5719
"4280",1991,3,85 - 89,4219,3826
"4280",1991,3,90 - 94,0,0
"4280",1991,3,95+,0,0
"4280",1991,3,UNK,0,0
"4280",1991,4,Total,75028,62425
"4280",1991,4,0,54,56
"4280",1991,4,1,14,11
"4280",1991,4,2,7,6
"4280",1991,4,3,4,3
"4280",1991,4,4,3,3
"4280",1991,4,5 - 9,19,14
"4280",1991,4,10 - 14,27,38
"4280",1991,4,15 - 19,37,99
"4280",1991,4,20 - 24,67,215
"4280",1991,4,25 - 29,101,333
"4280",1991,4,30 - 34,118,389
"4280",1991,4,35 - 39,156,430
"4280",1991,4,40 - 44,226,756
"4280",1991,4,45 - 49,362,1092
"4280",1991,4,50 - 54,522,1533
"4280",1991,4,55 - 59,942,2974
"4280",1991,4,60 - 64,1917,4496
"4280",1991,4,65 - 69,3598,6628
"4280",1991,4,70 - 74,6169,7756
"4280",1991,4,75 - 79,11538,10137
"4280",1991,4,80 - 84,17943,11801
"4280",1991,4,85 - 89,31204,13655
"4280",1991,4,90 - 94,0,0
"4280",1991,4,95+,0,0
"4280",1991,4,UNK,0,0
"4280",1991,5,Total,3996,3088
"4280",1991,5,0,80,135
"4280",1991,5,1,7,4
"4280",1991,5,2,2,1
"4280",1991,5,3,4,2
"4280",1991,5,4,0,0
"4280",1991,5,5 - 9,2,6
"4280",1991,5,10 - 14,3,3
"4280",1991,5,15 - 19,6,29
"4280",1991,5,20 - 24,15,47
"4280",1991,5,25 - 29,17,43
"4280",1991,5,30 - 34,12,35
"4280",1991,5,35 - 39,11,28
"4280",1991,5,40 - 44,9,43
"4280",1991,5,45 - 49,16,48
"4280",1991,5,50 - 54,21,61
"4280",1991,5,55 - 59,34,101
"4280",1991,5,60 - 64,59,132
"4280",1991,5,65 - 69,108,185
"4280",1991,5,70 - 74,155,221
"4280",1991,5,75 - 79,313,356
"4280",1991,5,80 - 84,720,551
"4280",1991,5,85 - 89,2402,1057
"4280",1991,5,90 - 94,0,0
"4280",1991,5,95+,0,0
"4280",1991,5,UNK,0,0
"4280",1991,6,Total,4121,2355
"4280",1991,6,0,0,0
"4280",1991,6,1,0,0
"4280",1991,6,2,0,0
"4280",1991,6,3,1,0
"4280",1991,6,4,0,0
"4280",1991,6,5 - 9,1,0
"4280",1991,6,10 - 14,0,3
"4280",1991,6,15 - 19,5,8
"4280",1991,6,20 - 24,5,7
"4280",1991,6,25 - 29,16,21
"4280",1991,6,30 - 34,9,33
"4280",1991,6,35 - 39,9,31
"4280",1991,6,40 - 44,10,25
"4280",1991,6,45 - 49,7,38
"4280",1991,6,50 - 54,13,53
"4280",1991,6,55 - 59,14,59
"4280",1991,6,60 - 64,31,69
"4280",1991,6,65 - 69,121,126
"4280",1991,6,70 - 74,255,199
"4280",1991,6,75 - 79,619,384
"4280",1991,6,80 - 84,1061,595
"4280",1991,6,85 - 89,1944,704
"4280",1991,6,90 - 94,0,0
"4280",1991,6,95+,0,0
"4280",1991,6,UNK,0,0
"4280",1991,7,Total,2495,2499
"4280",1991,7,0,37,37
"4280",1991,7,1,8,13
"4280",1991,7,2,10,7
"4280",1991,7,3,10,4
"4280",1991,7,4,6,4
"4280",1991,7,5 - 9,15,13
"4280",1991,7,10 - 14,35,35
"4280",1991,7,15 - 19,33,66
"4280",1991,7,20 - 24,18,61
"4280",1991,7,25 - 29,37,51
"4280",1991,7,30 - 34,23,56
"4280",1991,7,35 - 39,20,61
"4280",1991,7,40 - 44,32,53
"4280",1991,7,45 - 49,31,56
"4280",1991,7,50 - 54,60,71
"4280",1991,7,55 - 59,95,142
"4280",1991,7,60 - 64,155,236
"4280",1991,7,65 - 69,248,311
"4280",1991,7,70 - 74,326,326
"4280",1991,7,75 - 79,444,338
"4280",1991,7,80 - 84,445,350
"4280",1991,7,85 - 89,407,208
"4280",1991,7,90 - 94,0,0
"4280",1991,7,95+,0,0
"4280",1991,7,UNK,0,0
"4280",1991,8,Total,7184,6007
"4280",1991,8,0,25,22
"4280",1991,8,1,6,9
"4280",1991,8,2,5,5
"4280",1991,8,3,3,3
"4280",1991,8,4,4,1
"4280",1991,8,5 - 9,10,17
"4280",1991,8,10 - 14,6,14
"4280",1991,8,15 - 19,6,9
"4280",1991,8,20 - 24,56,133
"4280",1991,8,25 - 29,164,642
"4280",1991,8,30 - 34,122,711
"4280",1991,8,35 - 39,41,315
"4280",1991,8,40 - 44,25,205
"4280",1991,8,45 - 49,29,173
"4280",1991,8,50 - 54,52,143
"4280",1991,8,55 - 59,152,234
"4280",1991,8,60 - 64,312,313
"4280",1991,8,65 - 69,540,475
"4280",1991,8,70 - 74,881,565
"4280",1991,8,75 - 79,1348,718
"4280",1991,8,80 - 84,1753,735
"4280",1991,8,85 - 89,1644,565
"4280",1991,8,90 - 94,0,0
"4280",1991,8,95+,0,0
"4280",1991,8,UNK,0,0
"4280",1991,9,Total,7834,11009
"4280",1991,9,0,13,9
"4280",1991,9,1,3,2
"4280",1991,9,2,0,2
"4280",1991,9,3,2,1
"4280",1991,9,4,1,1
"4280",1991,9,5 - 9,3,1
"4280",1991,9,10 - 14,5,2
"4280",1991,9,15 - 19,7,8
"4280",1991,9,20 - 24,6,28
"4280",1991,9,25 - 29,31,84
"4280",1991,9,30 - 34,60,137
"4280",1991,9,35 - 39,65,213
"4280",1991,9,40 - 44,113,345
"4280",1991,9,45 - 49,127,456
"4280",1991,9,50 - 54,192,668
"4280",1991,9,55 - 59,325,1049
"4280",1991,9,60 - 64,495,1312
"4280",1991,9,65 - 69,687,1464
"4280",1991,9,70 - 74,863,1393
"4280",1991,9,75 - 79,1215,1330
"4280",1991,9,80 - 84,1546,1282
"4280",1991,9,85 - 89,2075,1222
"4280",1991,9,90 - 94,0,0
"4280",1991,9,95+,0,0
"4280",1991,9,UNK,0,0
"4280",1991,10,Total,3398,3637
"4280",1991,10,0,6,15
"4280",1991,10,1,0,0
"4280",1991,10,2,0,3
"4280",1991,10,3,0,1
"4280",1991,10,4,0,0
"4280",1991,10,5 - 9,1,1
"4280",1991,10,10 - 14,3,7
"4280",1991,10,15 - 19,1,4
"4280",1991,10,20 - 24,7,7
"4280",1991,10,25 - 29,9,12
"4280",1991,10,30 - 34,7,12
"4280",1991,10,35 - 39,13,19
"4280",1991,10,40 - 44,18,24
"4280",1991,10,45 - 49,22,41
"4280",1991,10,50 - 54,27,62
"4280",1991,10,55 - 59,74,112
"4280",1991,10,60 - 64,139,205
"4280",1991,10,65 - 69,209,318
"4280",1991,10,70 - 74,354,381
"4280",1991,10,75 - 79,550,630
"4280",1991,10,80 - 84,777,801
"4280",1991,10,85 - 89,1181,982
"4280",1991,10,90 - 94,0,0
"4280",1991,10,95+,0,0
"4280",1991,10,UNK,0,0
"4280",1991,11,Total,1150,1465
"4280",1991,11,0,901,1173
"4280",1991,11,1,30,39
"4280",1991,11,2,12,15
"4280",1991,11,3,8,10
"4280",1991,11,4,5,11
"4280",1991,11,5 - 9,19,27
"4280",1991,11,10 - 14,11,21
"4280",1991,11,15 - 19,17,26
"4280",1991,11,20 - 24,17,22
"4280",1991,11,25 - 29,8,17
"4280",1991,11,30 - 34,11,11
"4280",1991,11,35 - 39,7,8
"4280",1991,11,40 - 44,12,12
"4280",1991,11,45 - 49,8,12
"4280",1991,11,50 - 54,10,8
"4280",1991,11,55 - 59,9,6
"4280",1991,11,60 - 64,9,8
"4280",1991,11,65 - 69,16,10
"4280",1991,11,70 - 74,6,8
"4280",1991,11,75 - 79,18,8
"4280",1991,11,80 - 84,7,5
"4280",1991,11,85 - 89,9,8
"4280",1991,11,90 - 94,0,0
"4280",1991,11,95+,0,0
"4280",1991,11,UNK,0,0
"4280",1991,12,Total,12078,19340
"4280",1991,12,0,39,39
"4280",1991,12,1,5,7
"4280",1991,12,2,4,3
"4280",1991,12,3,2,1
"4280",1991,12,4,1,1
"4280",1991,12,5 - 9,4,10
"4280",1991,12,10 - 14,15,13
"4280",1991,12,15 - 19,26,28
"4280",1991,12,20 - 24,26,88
"4280",1991,12,25 - 29,37,141
"4280",1991,12,30 - 34,36,125
"4280",1991,12,35 - 39,38,99
"4280",1991,12,40 - 44,47,112
"4280",1991,12,45 - 49,54,182
"4280",1991,12,50 - 54,87,301
"4280",1991,12,55 - 59,200,661
"4280",1991,12,60 - 64,299,1158
"4280",1991,12,65 - 69,516,1944
"4280",1991,12,70 - 74,940,2609
"4280",1991,12,75 - 79,1737,3512
"4280",1991,12,80 - 84,2780,3977
"4280",1991,12,85 - 89,5185,4329
"4280",1991,12,90 - 94,0,0
"4280",1991,12,95+,0,0
"4280",1991,12,UNK,0,0
"4280",1991,13,Total,4661,13526
"4280",1991,13,0,38,71
"4280",1991,13,1,23,31
"4280",1991,13,2,13,28
"4280",1991,13,3,10,28
"4280",1991,13,4,7,25
"4280",1991,13,5 - 9,54,124
"4280",1991,13,10 - 14,96,202
"4280",1991,13,15 - 19,308,1092
"4280",1991,13,20 - 24,376,1849
"4280",1991,13,25 - 29,290,1568
"4280",1991,13,30 - 34,219,1146
"4280",1991,13,35 - 39,173,884
"4280",1991,13,40 - 44,148,703
"4280",1991,13,45 - 49,181,675
"4280",1991,13,50 - 54,198,676
"4280",1991,13,55 - 59,232,850
"4280",1991,13,60 - 64,235,760
"4280",1991,13,65 - 69,297,719
"4280",1991,13,70 - 74,388,600
"4280",1991,13,75 - 79,430,580
"4280",1991,13,80 - 84,419,492
"4280",1991,13,85 - 89,526,423
"4280",1991,13,90 - 94,0,0
"4280",1991,13,95+,0,0
"4280",1991,13,UNK,0,0
"4280",1991,14,Total,91,255
"4280",1991,14,0,0,2
"4280",1991,14,1,0,0
"4280",1991,14,2,2,2
"4280",1991,14,3,0,0
"4280",1991,14,4,0,0
"4280",1991,14,5 - 9,3,0
"4280",1991,14,10 - 14,3,1
"4280",1991,14,15 - 19,3,7
"4280",1991,14,20 - 24,11,36
"4280",1991,14,25 - 29,7,36
"4280",1991,14,30 - 34,9,35
"4280",1991,14,35 - 39,8,28
"4280",1991,14,40 - 44,6,27
"4280",1991,14,45 - 49,2,21
"4280",1991,14,50 - 54,7,15
"4280",1991,14,55 - 59,6,18
"4280",1991,14,60 - 64,5,10
"4280",1991,14,65 - 69,7,5
"4280",1991,14,70 - 74,4,7
"4280",1991,14,75 - 79,4,3
"4280",1991,14,80 - 84,3,2
"4280",1991,14,85 - 89,1,0
"4280",1991,14,90 - 94,0,0
"4280",1991,14,95+,0,0
"4280",1991,14,UNK,0,0
"4280",1992,1,Total,154428,177087
"4280",1992,1,0,1206,1592
"4280",1992,1,1,113,141
"4280",1992,1,2,65,87
"4280",1992,1,3,44,79
"4280",1992,1,4,48,63
"4280",1992,1,5 - 9,202,258
"4280",1992,1,10 - 14,254,352
"4280",1992,1,15 - 19,480,1328
"4280",1992,1,20 - 24,682,2375
"4280",1992,1,25 - 29,909,3141
"4280",1992,1,30 - 34,935,3343
"4280",1992,1,35 - 39,993,2817
"4280",1992,1,40 - 44,1361,3360
"4280",1992,1,45 - 49,1935,4577
"4280",1992,1,50 - 54,2440,5824
"4280",1992,1,55 - 59,4385,10431
"4280",1992,1,60 - 64,6630,15535
"4280",1992,1,65 - 69,9917,20119
"4280",1992,1,70 - 74,14630,22653
"4280",1992,1,75 - 79,22473,25246
"4280",1992,1,80 - 84,32002,26016
"4280",1992,1,85 - 89,52724,27750
"4280",1992,1,90 - 94,0,0
"4280",1992,1,95+,0,0
"4280",1992,1,UNK,0,0
"4280",1992,2,Total,1809,2258
"4280",1992,2,0,23,20
"4280",1992,2,1,12,16
"4280",1992,2,2,6,8
"4280",1992,2,3,6,7
"4280",1992,2,4,2,3
"4280",1992,2,5 - 9,11,10
"4280",1992,2,10 - 14,1,5
"4280",1992,2,15 - 19,15,29
"4280",1992,2,20 - 24,16,20
"4280",1992,2,25 - 29,25,54
"4280",1992,2,30 - 34,24,88
"4280",1992,2,35 - 39,18,81
"4280",1992,2,40 - 44,16,58
"4280",1992,2,45 - 49,26,78
"4280",1992,2,50 - 54,32,83
"4280",1992,2,55 - 59,51,139
"4280",1992,2,60 - 64,102,194
"4280",1992,2,65 - 69,129,244
"4280",1992,2,70 - 74,172,274
"4280",1992,2,75 - 79,291,308
"4280",1992,2,80 - 84,351,283
"4280",1992,2,85 - 89,480,256
"4280",1992,2,90 - 94,0,0
"4280",1992,2,95+,0,0
"4280",1992,2,UNK,0,0
"4280",1992,3,Total,31692,51221
"4280",1992,3,0,9,6
"4280",1992,3,1,12,4
"4280",1992,3,2,5,11
"4280",1992,3,3,10,12
"4280",1992,3,4,10,14
"4280",1992,3,5 - 9,52,69
"4280",1992,3,10 - 14,63,61
"4280",1992,3,15 - 19,79,132
"4280",1992,3,20 - 24,85,106
"4280",1992,3,25 - 29,153,175
"4280",1992,3,30 - 34,228,287
"4280",1992,3,35 - 39,414,502
"4280",1992,3,40 - 44,747,957
"4280",1992,3,45 - 49,1070,1693
"4280",1992,3,50 - 54,1356,2357
"4280",1992,3,55 - 59,2296,4577
"4280",1992,3,60 - 64,3071,6706
"4280",1992,3,65 - 69,3789,8188
"4280",1992,3,70 - 74,4335,8092
"4280",1992,3,75 - 79,4788,7421
"4280",1992,3,80 - 84,4734,5853
"4280",1992,3,85 - 89,4386,3998
"4280",1992,3,90 - 94,0,0
"4280",1992,3,95+,0,0
"4280",1992,3,UNK,0,0
"4280",1992,4,Total,72175,60478
"4280",1992,4,0,43,56
"4280",1992,4,1,8,4
"4280",1992,4,2,3,6
"4280",1992,4,3,2,4
"4280",1992,4,4,3,3
"4280",1992,4,5 - 9,10,12
"4280",1992,4,10 - 14,21,21
"4280",1992,4,15 - 19,42,85
"4280",1992,4,20 - 24,50,173
"4280",1992,4,25 - 29,90,322
"4280",1992,4,30 - 34,108,376
"4280",1992,4,35 - 39,140,423
"4280",1992,4,40 - 44,199,692
"4280",1992,4,45 - 49,338,1087
"4280",1992,4,50 - 54,461,1535
"4280",1992,4,55 - 59,937,2785
"4280",1992,4,60 - 64,1769,4467
"4280",1992,4,65 - 69,3281,6341
"4280",1992,4,70 - 74,5933,7829
"4280",1992,4,75 - 79,10714,9752
"4280",1992,4,80 - 84,17123,11078
"4280",1992,4,85 - 89,30900,13427
"4280",1992,4,90 - 94,0,0
"4280",1992,4,95+,0,0
"4280",1992,4,UNK,0,0
"4280",1992,5,Total,3959,2872
"4280",1992,5,0,50,112
"4280",1992,5,1,7,10
"4280",1992,5,2,3,1
"4280",1992,5,3,0,2
"4280",1992,5,4,2,2
"4280",1992,5,5 - 9,2,5
"4280",1992,5,10 - 14,1,7
"4280",1992,5,15 - 19,7,20
"4280",1992,5,20 - 24,11,35
"4280",1992,5,25 - 29,14,51
"4280",1992,5,30 - 34,7,42
"4280",1992,5,35 - 39,10,43
"4280",1992,5,40 - 44,10,35
"4280",1992,5,45 - 49,13,49
"4280",1992,5,50 - 54,26,46
"4280",1992,5,55 - 59,25,70
"4280",1992,5,60 - 64,53,120
"4280",1992,5,65 - 69,79,172
"4280",1992,5,70 - 74,128,203
"4280",1992,5,75 - 79,319,317
"4280",1992,5,80 - 84,655,470
"4280",1992,5,85 - 89,2537,1060
"4280",1992,5,90 - 94,0,0
"4280",1992,5,95+,0,0
"4280",1992,5,UNK,0,0
"4280",1992,6,Total,4262,2540
"4280",1992,6,0,0,0
"4280",1992,6,1,0,0
"4280",1992,6,2,0,0
"4280",1992,6,3,0,0
"4280",1992,6,4,0,0
"4280",1992,6,5 - 9,0,0
"4280",1992,6,10 - 14,0,1
"4280",1992,6,15 - 19,3,6
"4280",1992,6,20 - 24,3,5
"4280",1992,6,25 - 29,11,19
"4280",1992,6,30 - 34,11,33
"4280",1992,6,35 - 39,4,31
"4280",1992,6,40 - 44,0,31
"4280",1992,6,45 - 49,13,25
"4280",1992,6,50 - 54,6,31
"4280",1992,6,55 - 59,22,62
"4280",1992,6,60 - 64,25,80
"4280",1992,6,65 - 69,90,136
"4280",1992,6,70 - 74,240,238
"4280",1992,6,75 - 79,598,432
"4280",1992,6,80 - 84,1134,593
"4280",1992,6,85 - 89,2102,817
"4280",1992,6,90 - 94,0,0
"4280",1992,6,95+,0,0
"4280",1992,6,UNK,0,0
"4280",1992,7,Total,2439,2452
"4280",1992,7,0,25,30
"4280",1992,7,1,6,13
"4280",1992,7,2,3,8
"4280",1992,7,3,4,7
"4280",1992,7,4,4,5
"4280",1992,7,5 - 9,14,18
"4280",1992,7,10 - 14,27,22
"4280",1992,7,15 - 19,28,58
"4280",1992,7,20 - 24,33,57
"4280",1992,7,25 - 29,14,44
"4280",1992,7,30 - 34,24,43
"4280",1992,7,35 - 39,19,49
"4280",1992,7,40 - 44,25,61
"4280",1992,7,45 - 49,53,69
"4280",1992,7,50 - 54,51,76
"4280",1992,7,55 - 59,96,115
"4280",1992,7,60 - 64,155,188
"4280",1992,7,65 - 69,226,292
"4280",1992,7,70 - 74,303,356
"4280",1992,7,75 - 79,440,382
"4280",1992,7,80 - 84,451,320
"4280",1992,7,85 - 89,438,239
"4280",1992,7,90 - 94,0,0
"4280",1992,7,95+,0,0
"4280",1992,7,UNK,0,0
"4280",1992,8,Total,6965,6473
"4280",1992,8,0,24,28
"4280",1992,8,1,6,10
"4280",1992,8,2,7,7
"4280",1992,8,3,1,5
"4280",1992,8,4,4,3
"4280",1992,8,5 - 9,11,11
"4280",1992,8,10 - 14,9,19
"4280",1992,8,15 - 19,9,20
"4280",1992,8,20 - 24,66,178
"4280",1992,8,25 - 29,206,725
"4280",1992,8,30 - 34,181,954
"4280",1992,8,35 - 39,70,465
"4280",1992,8,40 - 44,30,273
"4280",1992,8,45 - 49,45,161
"4280",1992,8,50 - 54,56,146
"4280",1992,8,55 - 59,120,242
"4280",1992,8,60 - 64,256,319
"4280",1992,8,65 - 69,497,419
"4280",1992,8,70 - 74,779,552
"4280",1992,8,75 - 79,1295,664
"4280",1992,8,80 - 84,1565,666
"4280",1992,8,85 - 89,1728,606
"4280",1992,8,90 - 94,0,0
"4280",1992,8,95+,0,0
"4280",1992,8,UNK,0,0
"4280",1992,9,Total,7678,10774
"4280",1992,9,0,11,12
"4280",1992,9,1,2,2
"4280",1992,9,2,2,2
"4280",1992,9,3,0,2
"4280",1992,9,4,1,0
"4280",1992,9,5 - 9,2,5
"4280",1992,9,10 - 14,3,4
"4280",1992,9,15 - 19,5,8
"4280",1992,9,20 - 24,13,32
"4280",1992,9,25 - 29,29,59
"4280",1992,9,30 - 34,47,168
"4280",1992,9,35 - 39,59,224
"4280",1992,9,40 - 44,95,327
"4280",1992,9,45 - 49,126,505
"4280",1992,9,50 - 54,161,590
"4280",1992,9,55 - 59,285,923
"4280",1992,9,60 - 64,455,1335
"4280",1992,9,65 - 69,671,1409
"4280",1992,9,70 - 74,923,1359
"4280",1992,9,75 - 79,1157,1298
"4280",1992,9,80 - 84,1511,1272
"4280",1992,9,85 - 89,2120,1238
"4280",1992,9,90 - 94,0,0
"4280",1992,9,95+,0,0
"4280",1992,9,UNK,0,0
"4280",1992,10,Total,3528,3606
"4280",1992,10,0,5,10
"4280",1992,10,1,1,1
"4280",1992,10,2,0,1
"4280",1992,10,3,0,0
"4280",1992,10,4,0,0
"4280",1992,10,5 - 9,0,2
"4280",1992,10,10 - 14,0,2
"4280",1992,10,15 - 19,2,1
"4280",1992,10,20 - 24,4,7
"4280",1992,10,25 - 29,7,12
"4280",1992,10,30 - 34,12,16
"4280",1992,10,35 - 39,4,21
"4280",1992,10,40 - 44,8,34
"4280",1992,10,45 - 49,21,36
"4280",1992,10,50 - 54,41,49
"4280",1992,10,55 - 59,78,102
"4280",1992,10,60 - 64,125,206
"4280",1992,10,65 - 69,227,325
"4280",1992,10,70 - 74,359,392
"4280",1992,10,75 - 79,550,612
"4280",1992,10,80 - 84,846,792
"4280",1992,10,85 - 89,1238,985
"4280",1992,10,90 - 94,0,0
"4280",1992,10,95+,0,0
"4280",1992,10,UNK,0,0
"4280",1992,11,Total,1189,1483
"4280",1992,11,0,918,1206
"4280",1992,11,1,28,35
"4280",1992,11,2,15,19
"4280",1992,11,3,8,7
"4280",1992,11,4,7,8
"4280",1992,11,5 - 9,24,18
"4280",1992,11,10 - 14,20,20
"4280",1992,11,15 - 19,18,23
"4280",1992,11,20 - 24,13,23
"4280",1992,11,25 - 29,14,11
"4280",1992,11,30 - 34,12,14
"4280",1992,11,35 - 39,9,9
"4280",1992,11,40 - 44,16,7
"4280",1992,11,45 - 49,11,12
"4280",1992,11,50 - 54,4,10
"4280",1992,11,55 - 59,15,16
"4280",1992,11,60 - 64,12,15
"4280",1992,11,65 - 69,8,6
"4280",1992,11,70 - 74,13,5
"4280",1992,11,75 - 79,9,11
"4280",1992,11,80 - 84,12,5
"4280",1992,11,85 - 89,3,3
"4280",1992,11,90 - 94,0,0
"4280",1992,11,95+,0,0
"4280",1992,11,UNK,0,0
"4280",1992,12,Total,11309,18489
"4280",1992,12,0,41,41
"4280",1992,12,1,7,10
"4280",1992,12,2,3,3
"4280",1992,12,3,2,1
"4280",1992,12,4,2,0
"4280",1992,12,5 - 9,8,7
"4280",1992,12,10 - 14,9,15
"4280",1992,12,15 - 19,13,28
"4280",1992,12,20 - 24,28,72
"4280",1992,12,25 - 29,39,137
"4280",1992,12,30 - 34,46,138
"4280",1992,12,35 - 39,39,106
"4280",1992,12,40 - 44,42,116
"4280",1992,12,45 - 49,64,156
"4280",1992,12,50 - 54,69,256
"4280",1992,12,55 - 59,177,566
"4280",1992,12,60 - 64,285,1127
"4280",1992,12,65 - 69,504,1798
"4280",1992,12,70 - 74,916,2644
"4280",1992,12,75 - 79,1571,3214
"4280",1992,12,80 - 84,2555,3878
"4280",1992,12,85 - 89,4889,4176
"4280",1992,12,90 - 94,0,0
"4280",1992,12,95+,0,0
"4280",1992,12,UNK,0,0
"4280",1992,13,Total,4283,12597
"4280",1992,13,0,47,68
"4280",1992,13,1,24,35
"4280",1992,13,2,16,21
"4280",1992,13,3,11,31
"4280",1992,13,4,13,24
"4280",1992,13,5 - 9,63,96
"4280",1992,13,10 - 14,93,163
"4280",1992,13,15 - 19,243,903
"4280",1992,13,20 - 24,338,1632
"4280",1992,13,25 - 29,280,1475
"4280",1992,13,30 - 34,203,1132
"4280",1992,13,35 - 39,186,817
"4280",1992,13,40 - 44,155,733
"4280",1992,13,45 - 49,135,664
"4280",1992,13,50 - 54,149,607
"4280",1992,13,55 - 59,223,766
"4280",1992,13,60 - 64,246,708
"4280",1992,13,65 - 69,293,667
"4280",1992,13,70 - 74,325,537
"4280",1992,13,75 - 79,352,579
"4280",1992,13,80 - 84,396,489
"4280",1992,13,85 - 89,492,450
"4280",1992,13,90 - 94,0,0
"4280",1992,13,95+,0,0
"4280",1992,13,UNK,0,0
"4280",1992,14,Total,92,255
"4280",1992,14,0,4,1
"4280",1992,14,1,0,0
"4280",1992,14,2,0,0
"4280",1992,14,3,0,1
"4280",1992,14,4,0,0
"4280",1992,14,5 - 9,2,1
"4280",1992,14,10 - 14,0,0
"4280",1992,14,15 - 19,6,10
"4280",1992,14,20 - 24,12,32
"4280",1992,14,25 - 29,9,40
"4280",1992,14,30 - 34,7,33
"4280",1992,14,35 - 39,3,29
"4280",1992,14,40 - 44,4,18
"4280",1992,14,45 - 49,6,18
"4280",1992,14,50 - 54,2,17
"4280",1992,14,55 - 59,11,20
"4280",1992,14,60 - 64,5,5
"4280",1992,14,65 - 69,5,11
"4280",1992,14,70 - 74,5,7
"4280",1992,14,75 - 79,5,4
"4280",1992,14,80 - 84,4,5
"4280",1992,14,85 - 89,2,3
"4280",1992,14,90 - 94,0,0
"4280",1992,14,95+,0,0
"4280",1992,14,UNK,0,0
"4280",1993,1,Total,159149,180512
"4280",1993,1,0,1109,1472
"4280",1993,1,1,118,128
"4280",1993,1,2,76,78
"4280",1993,1,3,57,71
"4280",1993,1,4,42,56
"4280",1993,1,5 - 9,182,250
"4280",1993,1,10 - 14,188,369
"4280",1993,1,15 - 19,463,1188
"4280",1993,1,20 - 24,594,2024
"4280",1993,1,25 - 29,910,2905
"4280",1993,1,30 - 34,999,3406
"4280",1993,1,35 - 39,1042,2898
"4280",1993,1,40 - 44,1417,3333
"4280",1993,1,45 - 49,1926,4851
"4280",1993,1,50 - 54,2461,5833
"4280",1993,1,55 - 59,4110,9766
"4280",1993,1,60 - 64,6739,15308
"4280",1993,1,65 - 69,10102,20625
"4280",1993,1,70 - 74,15245,24160
"4280",1993,1,75 - 79,22465,25023
"4280",1993,1,80 - 84,32461,26826
"4280",1993,1,85 - 89,56443,29942
"4280",1993,1,90 - 94,0,0
"4280",1993,1,95+,0,0
"4280",1993,1,UNK,0,0
"4280",1993,2,Total,1910,2359
"4280",1993,2,0,18,33
"4280",1993,2,1,7,9
"4280",1993,2,2,5,13
"4280",1993,2,3,4,5
"4280",1993,2,4,3,2
"4280",1993,2,5 - 9,5,5
"4280",1993,2,10 - 14,6,9
"4280",1993,2,15 - 19,11,21
"4280",1993,2,20 - 24,19,21
"4280",1993,2,25 - 29,21,53
"4280",1993,2,30 - 34,27,82
"4280",1993,2,35 - 39,27,61
"4280",1993,2,40 - 44,21,65
"4280",1993,2,45 - 49,33,81
"4280",1993,2,50 - 54,28,84
"4280",1993,2,55 - 59,55,127
"4280",1993,2,60 - 64,100,188
"4280",1993,2,65 - 69,145,263
"4280",1993,2,70 - 74,206,294
"4280",1993,2,75 - 79,281,335
"4280",1993,2,80 - 84,386,297
"4280",1993,2,85 - 89,502,311
"4280",1993,2,90 - 94,0,0
"4280",1993,2,95+,0,0
"4280",1993,2,UNK,0,0
"4280",1993,3,Total,32657,52972
"4280",1993,3,0,14,11
"4280",1993,3,1,16,6
"4280",1993,3,2,12,7
"4280",1993,3,3,6,12
"4280",1993,3,4,7,14
"4280",1993,3,5 - 9,53,57
"4280",1993,3,10 - 14,44,78
"4280",1993,3,15 - 19,85,118
"4280",1993,3,20 - 24,89,135
"4280",1993,3,25 - 29,142,168
"4280",1993,3,30 - 34,240,247
"4280",1993,3,35 - 39,442,480
"4280",1993,3,40 - 44,764,977
"4280",1993,3,45 - 49,1125,1779
"4280",1993,3,50 - 54,1409,2421
"4280",1993,3,55 - 59,2176,4285
"4280",1993,3,60 - 64,3036,6697
"4280",1993,3,65 - 69,3783,8385
"4280",1993,3,70 - 74,4510,8777
"4280",1993,3,75 - 79,4911,7462
"4280",1993,3,80 - 84,4862,6397
"4280",1993,3,85 - 89,4931,4459
"4280",1993,3,90 - 94,0,0
"4280",1993,3,95+,0,0
"4280",1993,3,UNK,0,0
"4280",1993,4,Total,73550,60855
"4280",1993,4,0,25,53
"4280",1993,4,1,11,9
"4280",1993,4,2,2,6
"4280",1993,4,3,5,3
"4280",1993,4,4,3,4
"4280",1993,4,5 - 9,10,12
"4280",1993,4,10 - 14,15,36
"4280",1993,4,15 - 19,35,73
"4280",1993,4,20 - 24,45,142
"4280",1993,4,25 - 29,93,267
"4280",1993,4,30 - 34,106,356
"4280",1993,4,35 - 39,130,424
"4280",1993,4,40 - 44,208,702
"4280",1993,4,45 - 49,291,1113
"4280",1993,4,50 - 54,453,1469
"4280",1993,4,55 - 59,876,2601
"4280",1993,4,60 - 64,1849,4345
"4280",1993,4,65 - 69,3346,6411
"4280",1993,4,70 - 74,6105,8204
"4280",1993,4,75 - 79,10399,9479
"4280",1993,4,80 - 84,17082,11092
"4280",1993,4,85 - 89,32461,14054
"4280",1993,4,90 - 94,0,0
"4280",1993,4,95+,0,0
"4280",1993,4,UNK,0,0
"4280",1993,5,Total,4080,2847
"4280",1993,5,0,65,121
"4280",1993,5,1,3,7
"4280",1993,5,2,3,1
"4280",1993,5,3,1,1
"4280",1993,5,4,0,2
"4280",1993,5,5 - 9,3,2
"4280",1993,5,10 - 14,2,6
"4280",1993,5,15 - 19,9,17
"4280",1993,5,20 - 24,13,36
"4280",1993,5,25 - 29,11,43
"4280",1993,5,30 - 34,6,49
"4280",1993,5,35 - 39,7,32
"4280",1993,5,40 - 44,14,33
"4280",1993,5,45 - 49,17,47
"4280",1993,5,50 - 54,18,51
"4280",1993,5,55 - 59,23,82
"4280",1993,5,60 - 64,49,118
"4280",1993,5,65 - 69,100,171
"4280",1993,5,70 - 74,159,227
"4280",1993,5,75 - 79,299,282
"4280",1993,5,80 - 84,660,441
"4280",1993,5,85 - 89,2618,1078
"4280",1993,5,90 - 94,0,0
"4280",1993,5,95+,0,0
"4280",1993,5,UNK,0,0
"4280",1993,6,Total,4801,2693
"4280",1993,6,0,0,0
"4280",1993,6,1,0,0
"4280",1993,6,2,0,0
"4280",1993,6,3,0,0
"4280",1993,6,4,0,0
"4280",1993,6,5 - 9,0,0
"4280",1993,6,10 - 14,0,1
"4280",1993,6,15 - 19,3,5
"4280",1993,6,20 - 24,2,10
"4280",1993,6,25 - 29,8,20
"4280",1993,6,30 - 34,7,16
"4280",1993,6,35 - 39,9,33
"4280",1993,6,40 - 44,5,32
"4280",1993,6,45 - 49,8,34
"4280",1993,6,50 - 54,6,46
"4280",1993,6,55 - 59,9,47
"4280",1993,6,60 - 64,37,80
"4280",1993,6,65 - 69,77,141
"4280",1993,6,70 - 74,236,227
"4280",1993,6,75 - 79,657,397
"4280",1993,6,80 - 84,1262,627
"4280",1993,6,85 - 89,2475,977
"4280",1993,6,90 - 94,0,0
"4280",1993,6,95+,0,0
"4280",1993,6,UNK,0,0
"4280",1993,7,Total,2693,2669
"4280",1993,7,0,31,41
"4280",1993,7,1,13,15
"4280",1993,7,2,3,7
"4280",1993,7,3,4,3
"4280",1993,7,4,2,3
"4280",1993,7,5 - 9,17,21
"4280",1993,7,10 - 14,15,37
"4280",1993,7,15 - 19,31,57
"4280",1993,7,20 - 24,19,28
"4280",1993,7,25 - 29,35,57
"4280",1993,7,30 - 34,20,54
"4280",1993,7,35 - 39,30,55
"4280",1993,7,40 - 44,26,59
"4280",1993,7,45 - 49,44,70
"4280",1993,7,50 - 54,57,73
"4280",1993,7,55 - 59,96,143
"4280",1993,7,60 - 64,152,198
"4280",1993,7,65 - 69,228,312
"4280",1993,7,70 - 74,331,367
"4280",1993,7,75 - 79,480,401
"4280",1993,7,80 - 84,532,406
"4280",1993,7,85 - 89,527,262
"4280",1993,7,90 - 94,0,0
"4280",1993,7,95+,0,0
"4280",1993,7,UNK,0,0
"4280",1993,8,Total,7437,7175
"4280",1993,8,0,26,30
"4280",1993,8,1,2,6
"4280",1993,8,2,6,3
"4280",1993,8,3,5,4
"4280",1993,8,4,3,3
"4280",1993,8,5 - 9,11,18
"4280",1993,8,10 - 14,6,16
"4280",1993,8,15 - 19,6,25
"4280",1993,8,20 - 24,65,120
"4280",1993,8,25 - 29,260,716
"4280",1993,8,30 - 34,271,1151
"4280",1993,8,35 - 39,105,653
"4280",1993,8,40 - 44,58,283
"4280",1993,8,45 - 49,31,266
"4280",1993,8,50 - 54,46,182
"4280",1993,8,55 - 59,115,205
"4280",1993,8,60 - 64,299,372
"4280",1993,8,65 - 69,507,509
"4280",1993,8,70 - 74,835,606
"4280",1993,8,75 - 79,1259,637
"4280",1993,8,80 - 84,1600,711
"4280",1993,8,85 - 89,1921,659
"4280",1993,8,90 - 94,0,0
"4280",1993,8,95+,0,0
"4280",1993,8,UNK,0,0
"4280",1993,9,Total,7747,10641
"4280",1993,9,0,5,9
"4280",1993,9,1,6,0
"4280",1993,9,2,1,0
"4280",1993,9,3,0,2
"4280",1993,9,4,1,0
"4280",1993,9,5 - 9,2,2
"4280",1993,9,10 - 14,3,5
"4280",1993,9,15 - 19,6,11
"4280",1993,9,20 - 24,9,16
"4280",1993,9,25 - 29,22,63
"4280",1993,9,30 - 34,46,163
"4280",1993,9,35 - 39,41,209
"4280",1993,9,40 - 44,82,302
"4280",1993,9,45 - 49,128,464
"4280",1993,9,50 - 54,139,560
"4280",1993,9,55 - 59,263,846
"4280",1993,9,60 - 64,428,1211
"4280",1993,9,65 - 69,694,1415
"4280",1993,9,70 - 74,960,1397
"4280",1993,9,75 - 79,1183,1354
"4280",1993,9,80 - 84,1549,1257
"4280",1993,9,85 - 89,2179,1355
"4280",1993,9,90 - 94,0,0
"4280",1993,9,95+,0,0
"4280",1993,9,UNK,0,0
"4280",1993,10,Total,3539,3487
"4280",1993,10,0,6,4
"4280",1993,10,1,0,2
"4280",1993,10,2,0,1
"4280",1993,10,3,0,2
"4280",1993,10,4,3,0
"4280",1993,10,5 - 9,3,1
"4280",1993,10,10 - 14,1,3
"4280",1993,10,15 - 19,1,2
"4280",1993,10,20 - 24,3,6
"4280",1993,10,25 - 29,6,10
"4280",1993,10,30 - 34,8,16
"4280",1993,10,35 - 39,12,16
"4280",1993,10,40 - 44,20,17
"4280",1993,10,45 - 49,25,42
"4280",1993,10,50 - 54,28,42
"4280",1993,10,55 - 59,50,109
"4280",1993,10,60 - 64,132,178
"4280",1993,10,65 - 69,208,309
"4280",1993,10,70 - 74,365,411
"4280",1993,10,75 - 79,569,548
"4280",1993,10,80 - 84,779,748
"4280",1993,10,85 - 89,1320,1020
"4280",1993,10,90 - 94,0,0
"4280",1993,10,95+,0,0
"4280",1993,10,UNK,0,0
"4280",1993,11,Total,1133,1324
"4280",1993,11,0,851,1071
"4280",1993,11,1,31,33
"4280",1993,11,2,18,11
"4280",1993,11,3,10,9
"4280",1993,11,4,8,7
"4280",1993,11,5 - 9,20,26
"4280",1993,11,10 - 14,23,23
"4280",1993,11,15 - 19,12,16
"4280",1993,11,20 - 24,10,8
"4280",1993,11,25 - 29,18,12
"4280",1993,11,30 - 34,12,8
"4280",1993,11,35 - 39,16,13
"4280",1993,11,40 - 44,16,12
"4280",1993,11,45 - 49,8,10
"4280",1993,11,50 - 54,9,10
"4280",1993,11,55 - 59,7,9
"4280",1993,11,60 - 64,9,10
"4280",1993,11,65 - 69,18,11
"4280",1993,11,70 - 74,9,12
"4280",1993,11,75 - 79,12,6
"4280",1993,11,80 - 84,12,5
"4280",1993,11,85 - 89,4,2
"4280",1993,11,90 - 94,0,0
"4280",1993,11,95+,0,0
"4280",1993,11,UNK,0,0
"4280",1993,12,Total,12178,19736
"4280",1993,12,0,29,44
"4280",1993,12,1,5,11
"4280",1993,12,2,3,0
"4280",1993,12,3,4,3
"4280",1993,12,4,1,1
"4280",1993,12,5 - 9,3,13
"4280",1993,12,10 - 14,6,14
"4280",1993,12,15 - 19,20,34
"4280",1993,12,20 - 24,20,71
"4280",1993,12,25 - 29,39,101
"4280",1993,12,30 - 34,34,124
"4280",1993,12,35 - 39,31,99
"4280",1993,12,40 - 44,45,107
"4280",1993,12,45 - 49,49,177
"4280",1993,12,50 - 54,77,248
"4280",1993,12,55 - 59,174,573
"4280",1993,12,60 - 64,340,1108
"4280",1993,12,65 - 69,550,1945
"4280",1993,12,70 - 74,960,2855
"4280",1993,12,75 - 79,1670,3409
"4280",1993,12,80 - 84,2663,4046
"4280",1993,12,85 - 89,5455,4753
"4280",1993,12,90 - 94,0,0
"4280",1993,12,95+,0,0
"4280",1993,12,UNK,0,0
"4280",1993,13,Total,4191,11867
"4280",1993,13,0,34,46
"4280",1993,13,1,21,26
"4280",1993,13,2,22,27
"4280",1993,13,3,18,27
"4280",1993,13,4,11,19
"4280",1993,13,5 - 9,47,90
"4280",1993,13,10 - 14,59,132
"4280",1993,13,15 - 19,223,782
"4280",1993,13,20 - 24,274,1389
"4280",1993,13,25 - 29,228,1358
"4280",1993,13,30 - 34,196,1084
"4280",1993,13,35 - 39,158,785
"4280",1993,13,40 - 44,138,716
"4280",1993,13,45 - 49,145,721
"4280",1993,13,50 - 54,163,609
"4280",1993,13,55 - 59,214,669
"4280",1993,13,60 - 64,236,722
"4280",1993,13,65 - 69,308,623
"4280",1993,13,70 - 74,361,605
"4280",1993,13,75 - 79,365,491
"4280",1993,13,80 - 84,422,470
"4280",1993,13,85 - 89,548,476
"4280",1993,13,90 - 94,0,0
"4280",1993,13,95+,0,0
"4280",1993,13,UNK,0,0
"4280",1993,14,Total,112,261
"4280",1993,14,0,3,1
"4280",1993,14,1,0,1
"4280",1993,14,2,0,1
"4280",1993,14,3,0,0
"4280",1993,14,4,0,0
"4280",1993,14,5 - 9,2,0
"4280",1993,14,10 - 14,3,2
"4280",1993,14,15 - 19,10,14
"4280",1993,14,20 - 24,10,26
"4280",1993,14,25 - 29,11,25
"4280",1993,14,30 - 34,12,44
"4280",1993,14,35 - 39,14,25
"4280",1993,14,40 - 44,9,20
"4280",1993,14,45 - 49,5,30
"4280",1993,14,50 - 54,3,14
"4280",1993,14,55 - 59,2,20
"4280",1993,14,60 - 64,3,10
"4280",1993,14,65 - 69,6,10
"4280",1993,14,70 - 74,7,5
"4280",1993,14,75 - 79,5,5
"4280",1993,14,80 - 84,2,5
"4280",1993,14,85 - 89,5,3
"4280",1993,14,90 - 94,0,0
"4280",1993,14,95+,0,0
"4280",1993,14,UNK,0,0
"4280",1994,1,Total,158318,179924
"4280",1994,1,0,959,1280
"4280",1994,1,1,99,115
"4280",1994,1,2,57,77
"4280",1994,1,3,46,78
"4280",1994,1,4,40,67
"4280",1994,1,5 - 9,187,244
"4280",1994,1,10 - 14,200,303
"4280",1994,1,15 - 19,370,1030
"4280",1994,1,20 - 24,526,1880
"4280",1994,1,25 - 29,892,2872
"4280",1994,1,30 - 34,1118,3635
"4280",1994,1,35 - 39,1105,3167
"4280",1994,1,40 - 44,1381,3333
"4280",1994,1,45 - 49,2068,4905
"4280",1994,1,50 - 54,2522,6006
"4280",1994,1,55 - 59,3873,9115
"4280",1994,1,60 - 64,6465,14910
"4280",1994,1,65 - 69,9853,20204
"4280",1994,1,70 - 74,15081,24888
"4280",1994,1,75 - 79,21829,24430
"4280",1994,1,80 - 84,32176,26392
"4280",1994,1,85 - 89,57471,30993
"4280",1994,1,90 - 94,0,0
"4280",1994,1,95+,0,0
"4280",1994,1,UNK,0,0
"4280",1994,2,Total,1918,2146
"4280",1994,2,0,17,22
"4280",1994,2,1,11,9
"4280",1994,2,2,3,6
"4280",1994,2,3,1,0
"4280",1994,2,4,0,4
"4280",1994,2,5 - 9,9,9
"4280",1994,2,10 - 14,7,11
"4280",1994,2,15 - 19,10,17
"4280",1994,2,20 - 24,20,18
"4280",1994,2,25 - 29,24,53
"4280",1994,2,30 - 34,20,56
"4280",1994,2,35 - 39,22,57
"4280",1994,2,40 - 44,19,53
"4280",1994,2,45 - 49,26,58
"4280",1994,2,50 - 54,31,70
"4280",1994,2,55 - 59,49,117
"4280",1994,2,60 - 64,92,177
"4280",1994,2,65 - 69,161,241
"4280",1994,2,70 - 74,225,290
"4280",1994,2,75 - 79,304,281
"4280",1994,2,80 - 84,364,271
"4280",1994,2,85 - 89,503,326
"4280",1994,2,90 - 94,0,0
"4280",1994,2,95+,0,0
"4280",1994,2,UNK,0,0
"4280",1994,3,Total,33425,54375
"4280",1994,3,0,9,14
"4280",1994,3,1,12,8
"4280",1994,3,2,5,9
"4280",1994,3,3,5,17
"4280",1994,3,4,9,16
"4280",1994,3,5 - 9,42,70
"4280",1994,3,10 - 14,70,64
"4280",1994,3,15 - 19,73,113
"4280",1994,3,20 - 24,84,136
"4280",1994,3,25 - 29,136,171
"4280",1994,3,30 - 34,255,262
"4280",1994,3,35 - 39,444,506
"4280",1994,3,40 - 44,754,979
"4280",1994,3,45 - 49,1219,1863
"4280",1994,3,50 - 54,1429,2586
"4280",1994,3,55 - 59,2101,4068
"4280",1994,3,60 - 64,3105,6644
"4280",1994,3,65 - 69,3927,8481
"4280",1994,3,70 - 74,4665,9212
"4280",1994,3,75 - 79,4801,7696
"4280",1994,3,80 - 84,5096,6518
"4280",1994,3,85 - 89,5184,4942
"4280",1994,3,90 - 94,0,0
"4280",1994,3,95+,0,0
"4280",1994,3,UNK,0,0
"4280",1994,4,Total,71748,59086
"4280",1994,4,0,26,28
"4280",1994,4,1,3,6
"4280",1994,4,2,2,1
"4280",1994,4,3,3,3
"4280",1994,4,4,1,1
"4280",1994,4,5 - 9,11,15
"4280",1994,4,10 - 14,12,22
"4280",1994,4,15 - 19,27,37
"4280",1994,4,20 - 24,45,125
"4280",1994,4,25 - 29,80,220
"4280",1994,4,30 - 34,106,327
"4280",1994,4,35 - 39,138,452
"4280",1994,4,40 - 44,208,654
"4280",1994,4,45 - 49,308,1143
"4280",1994,4,50 - 54,442,1424
"4280",1994,4,55 - 59,797,2318
"4280",1994,4,60 - 64,1613,4266
"4280",1994,4,65 - 69,3140,6105
"4280",1994,4,70 - 74,5786,8377
"4280",1994,4,75 - 79,10025,8795
"4280",1994,4,80 - 84,16531,10617
"4280",1994,4,85 - 89,32444,14150
"4280",1994,4,90 - 94,0,0
"4280",1994,4,95+,0,0
"4280",1994,4,UNK,0,0
"4280",1994,5,Total,3771,2719
"4280",1994,5,0,63,101
"4280",1994,5,1,4,4
"4280",1994,5,2,4,3
"4280",1994,5,3,0,6
"4280",1994,5,4,1,0
"4280",1994,5,5 - 9,7,1
"4280",1994,5,10 - 14,9,5
"4280",1994,5,15 - 19,6,11
"4280",1994,5,20 - 24,12,29
"4280",1994,5,25 - 29,7,28
"4280",1994,5,30 - 34,15,34
"4280",1994,5,35 - 39,10,29
"4280",1994,5,40 - 44,14,39
"4280",1994,5,45 - 49,15,45
"4280",1994,5,50 - 54,18,79
"4280",1994,5,55 - 59,30,79
"4280",1994,5,60 - 64,54,122
"4280",1994,5,65 - 69,69,155
"4280",1994,5,70 - 74,116,210
"4280",1994,5,75 - 79,277,275
"4280",1994,5,80 - 84,560,406
"4280",1994,5,85 - 89,2480,1058
"4280",1994,5,90 - 94,0,0
"4280",1994,5,95+,0,0
"4280",1994,5,UNK,0,0
"4280",1994,6,Total,5385,3094
"4280",1994,6,0,0,0
"4280",1994,6,1,0,0
"4280",1994,6,2,0,0
"4280",1994,6,3,0,0
"4280",1994,6,4,0,0
"4280",1994,6,5 - 9,0,0
"4280",1994,6,10 - 14,0,1
"4280",1994,6,15 - 19,2,0
"4280",1994,6,20 - 24,6,6
"4280",1994,6,25 - 29,8,14
"4280",1994,6,30 - 34,6,27
"4280",1994,6,35 - 39,5,27
"4280",1994,6,40 - 44,8,31
"4280",1994,6,45 - 49,7,44
"4280",1994,6,50 - 54,16,41
"4280",1994,6,55 - 59,14,59
"4280",1994,6,60 - 64,44,77
"4280",1994,6,65 - 69,104,132
"4280",1994,6,70 - 74,283,291
"4280",1994,6,75 - 79,681,451
"4280",1994,6,80 - 84,1374,797
"4280",1994,6,85 - 89,2827,1096
"4280",1994,6,90 - 94,0,0
"4280",1994,6,95+,0,0
"4280",1994,6,UNK,0,0
"4280",1994,7,Total,3034,2864
"4280",1994,7,0,28,34
"4280",1994,7,1,8,10
"4280",1994,7,2,3,8
"4280",1994,7,3,0,9
"4280",1994,7,4,5,7
"4280",1994,7,5 - 9,14,20
"4280",1994,7,10 - 14,18,24
"4280",1994,7,15 - 19,23,51
"4280",1994,7,20 - 24,21,45
"4280",1994,7,25 - 29,27,40
"4280",1994,7,30 - 34,31,41
"4280",1994,7,35 - 39,24,52
"4280",1994,7,40 - 44,30,56
"4280",1994,7,45 - 49,44,73
"4280",1994,7,50 - 54,52,74
"4280",1994,7,55 - 59,85,119
"4280",1994,7,60 - 64,163,205
"4280",1994,7,65 - 69,247,314
"4280",1994,7,70 - 74,391,433
"4280",1994,7,75 - 79,561,465
"4280",1994,7,80 - 84,591,463
"4280",1994,7,85 - 89,668,321
"4280",1994,7,90 - 94,0,0
"4280",1994,7,95+,0,0
"4280",1994,7,UNK,0,0
"4280",1994,8,Total,7657,7859
"4280",1994,8,0,23,30
"4280",1994,8,1,13,7
"4280",1994,8,2,3,6
"4280",1994,8,3,8,3
"4280",1994,8,4,7,4
"4280",1994,8,5 - 9,16,13
"4280",1994,8,10 - 14,6,18
"4280",1994,8,15 - 19,4,23
"4280",1994,8,20 - 24,36,139
"4280",1994,8,25 - 29,298,782
"4280",1994,8,30 - 34,355,1446
"4280",1994,8,35 - 39,155,793
"4280",1994,8,40 - 44,58,369
"4280",1994,8,45 - 49,52,292
"4280",1994,8,50 - 54,70,203
"4280",1994,8,55 - 59,121,223
"4280",1994,8,60 - 64,265,351
"4280",1994,8,65 - 69,479,520
"4280",1994,8,70 - 74,861,613
"4280",1994,8,75 - 79,1204,656
"4280",1994,8,80 - 84,1583,666
"4280",1994,8,85 - 89,2040,702
"4280",1994,8,90 - 94,0,0
"4280",1994,8,95+,0,0
"4280",1994,8,UNK,0,0
"4280",1994,9,Total,7894,10498
"4280",1994,9,0,5,4
"4280",1994,9,1,1,3
"4280",1994,9,2,1,1
"4280",1994,9,3,2,1
"4280",1994,9,4,0,3
"4280",1994,9,5 - 9,2,4
"4280",1994,9,10 - 14,3,7
"4280",1994,9,15 - 19,2,7
"4280",1994,9,20 - 24,7,15
"4280",1994,9,25 - 29,21,85
"4280",1994,9,30 - 34,51,156
"4280",1994,9,35 - 39,63,219
"4280",1994,9,40 - 44,87,297
"4280",1994,9,45 - 49,130,456
"4280",1994,9,50 - 54,142,573
"4280",1994,9,55 - 59,228,779
"4280",1994,9,60 - 64,442,1152
"4280",1994,9,65 - 69,614,1381
"4280",1994,9,70 - 74,915,1430
"4280",1994,9,75 - 79,1180,1263
"4280",1994,9,80 - 84,1569,1237
"4280",1994,9,85 - 89,2429,1425
"4280",1994,9,90 - 94,0,0
"4280",1994,9,95+,0,0
"4280",1994,9,UNK,0,0
"4280",1994,10,Total,3508,3408
"4280",1994,10,0,4,5
"4280",1994,10,1,0,0
"4280",1994,10,2,1,0
"4280",1994,10,3,0,0
"4280",1994,10,4,0,0
"4280",1994,10,5 - 9,2,1
"4280",1994,10,10 - 14,1,3
"4280",1994,10,15 - 19,6,1
"4280",1994,10,20 - 24,3,11
"4280",1994,10,25 - 29,5,9
"4280",1994,10,30 - 34,8,8
"4280",1994,10,35 - 39,9,18
"4280",1994,10,40 - 44,10,37
"4280",1994,10,45 - 49,20,31
"4280",1994,10,50 - 54,39,43
"4280",1994,10,55 - 59,66,84
"4280",1994,10,60 - 64,95,183
"4280",1994,10,65 - 69,196,296
"4280",1994,10,70 - 74,331,429
"4280",1994,10,75 - 79,536,477
"4280",1994,10,80 - 84,850,742
"4280",1994,10,85 - 89,1326,1030
"4280",1994,10,90 - 94,0,0
"4280",1994,10,95+,0,0
"4280",1994,10,UNK,0,0
"4280",1994,11,Total,967,1255
"4280",1994,11,0,736,974
"4280",1994,11,1,22,29
"4280",1994,11,2,11,10
"4280",1994,11,3,9,12
"4280",1994,11,4,6,6
"4280",1994,11,5 - 9,21,26
"4280",1994,11,10 - 14,17,19
"4280",1994,11,15 - 19,16,31
"4280",1994,11,20 - 24,12,19
"4280",1994,11,25 - 29,18,25
"4280",1994,11,30 - 34,4,9
"4280",1994,11,35 - 39,5,12
"4280",1994,11,40 - 44,10,9
"4280",1994,11,45 - 49,12,13
"4280",1994,11,50 - 54,12,7
"4280",1994,11,55 - 59,15,13
"4280",1994,11,60 - 64,10,6
"4280",1994,11,65 - 69,10,9
"4280",1994,11,70 - 74,8,6
"4280",1994,11,75 - 79,6,10
"4280",1994,11,80 - 84,5,5
"4280",1994,11,85 - 89,2,5
"4280",1994,11,90 - 94,0,0
"4280",1994,11,95+,0,0
"4280",1994,11,UNK,0,0
"4280",1994,12,Total,11792,19063
"4280",1994,12,0,18,23
"4280",1994,12,1,7,6
"4280",1994,12,2,2,2
"4280",1994,12,3,5,3
"4280",1994,12,4,1,4
"4280",1994,12,5 - 9,2,7
"4280",1994,12,10 - 14,5,10
"4280",1994,12,15 - 19,9,19
"4280",1994,12,20 - 24,23,52
"4280",1994,12,25 - 29,35,115
"4280",1994,12,30 - 34,32,103
"4280",1994,12,35 - 39,37,109
"4280",1994,12,40 - 44,42,104
"4280",1994,12,45 - 49,52,157
"4280",1994,12,50 - 54,78,217
"4280",1994,12,55 - 59,121,483
"4280",1994,12,60 - 64,248,980
"4280",1994,12,65 - 69,484,1748
"4280",1994,12,70 - 74,936,2803
"4280",1994,12,75 - 79,1519,3307
"4280",1994,12,80 - 84,2635,3864
"4280",1994,12,85 - 89,5501,4947
"4280",1994,12,90 - 94,0,0
"4280",1994,12,95+,0,0
"4280",1994,12,UNK,0,0
"4280",1994,13,Total,4074,11658
"4280",1994,13,0,29,42
"4280",1994,13,1,17,31
"4280",1994,13,2,21,29
"4280",1994,13,3,13,22
"4280",1994,13,4,10,19
"4280",1994,13,5 - 9,57,77
"4280",1994,13,10 - 14,48,114
"4280",1994,13,15 - 19,185,700
"4280",1994,13,20 - 24,237,1250
"4280",1994,13,25 - 29,207,1283
"4280",1994,13,30 - 34,210,1123
"4280",1994,13,35 - 39,171,848
"4280",1994,13,40 - 44,125,664
"4280",1994,13,45 - 49,156,686
"4280",1994,13,50 - 54,163,631
"4280",1994,13,55 - 59,208,716
"4280",1994,13,60 - 64,240,666
"4280",1994,13,65 - 69,306,694
"4280",1994,13,70 - 74,363,604
"4280",1994,13,75 - 79,355,511
"4280",1994,13,80 - 84,363,497
"4280",1994,13,85 - 89,590,451
"4280",1994,13,90 - 94,0,0
"4280",1994,13,95+,0,0
"4280",1994,13,UNK,0,0
"4280",1994,14,Total,91,262
"4280",1994,14,0,0,1
"4280",1994,14,1,0,1
"4280",1994,14,2,0,0
"4280",1994,14,3,0,0
"4280",1994,14,4,0,1
"4280",1994,14,5 - 9,2,0
"4280",1994,14,10 - 14,0,0
"4280",1994,14,15 - 19,0,9
"4280",1994,14,20 - 24,9,25
"4280",1994,14,25 - 29,13,32
"4280",1994,14,30 - 34,13,33
"4280",1994,14,35 - 39,10,34
"4280",1994,14,40 - 44,6,27
"4280",1994,14,45 - 49,7,22
"4280",1994,14,50 - 54,6,23
"4280",1994,14,55 - 59,2,12
"4280",1994,14,60 - 64,4,14
"4280",1994,14,65 - 69,3,13
"4280",1994,14,70 - 74,2,1
"4280",1994,14,75 - 79,5,5
"4280",1994,14,80 - 84,6,4
"4280",1994,14,85 - 89,3,5
"4280",1994,14,90 - 94,0,0
"4280",1994,14,95+,0,0
"4280",1994,14,UNK,0,0
"4280",1995,1,Total,161739,184488
"4280",1995,1,0,896,1100
"4280",1995,1,1,95,106
"4280",1995,1,2,61,68
"4280",1995,1,3,50,57
"4280",1995,1,4,40,59
"4280",1995,1,5 - 9,151,213
"4280",1995,1,10 - 14,203,286
"4280",1995,1,15 - 19,380,1043
"4280",1995,1,20 - 24,553,1791
"4280",1995,1,25 - 29,830,2792
"4280",1995,1,30 - 34,1143,3884
"4280",1995,1,35 - 39,1291,3447
"4280",1995,1,40 - 44,1448,3400
"4280",1995,1,45 - 49,1940,4875
"4280",1995,1,50 - 54,2566,6192
"4280",1995,1,55 - 59,3614,8955
"4280",1995,1,60 - 64,6324,14998
"4280",1995,1,65 - 69,9861,20362
"4280",1995,1,70 - 74,15264,25820
"4280",1995,1,75 - 79,22021,25279
"4280",1995,1,80 - 84,31906,27062
"4280",1995,1,85 - 89,61102,32699
"4280",1995,1,90 - 94,0,0
"4280",1995,1,95+,0,0
"4280",1995,1,UNK,0,0
"4280",1995,2,Total,2023,2324
"4280",1995,2,0,15,13
"4280",1995,2,1,12,10
"4280",1995,2,2,7,2
"4280",1995,2,3,1,3
"4280",1995,2,4,1,1
"4280",1995,2,5 - 9,3,2
"4280",1995,2,10 - 14,7,8
"4280",1995,2,15 - 19,6,16
"4280",1995,2,20 - 24,9,19
"4280",1995,2,25 - 29,12,30
"4280",1995,2,30 - 34,19,50
"4280",1995,2,35 - 39,18,72
"4280",1995,2,40 - 44,17,49
"4280",1995,2,45 - 49,36,69
"4280",1995,2,50 - 54,35,82
"4280",1995,2,55 - 59,52,106
"4280",1995,2,60 - 64,106,206
"4280",1995,2,65 - 69,171,273
"4280",1995,2,70 - 74,234,335
"4280",1995,2,75 - 79,301,317
"4280",1995,2,80 - 84,382,306
"4280",1995,2,85 - 89,579,355
"4280",1995,2,90 - 94,0,0
"4280",1995,2,95+,0,0
"4280",1995,2,UNK,0,0
"4280",1995,3,Total,33963,55530
"4280",1995,3,0,6,13
"4280",1995,3,1,10,8
"4280",1995,3,2,10,12
"4280",1995,3,3,7,12
"4280",1995,3,4,5,15
"4280",1995,3,5 - 9,37,57
"4280",1995,3,10 - 14,50,57
"4280",1995,3,15 - 19,71,102
"4280",1995,3,20 - 24,87,118
"4280",1995,3,25 - 29,118,161
"4280",1995,3,30 - 34,239,281
"4280",1995,3,35 - 39,529,504
"4280",1995,3,40 - 44,738,957
"4280",1995,3,45 - 49,1097,1906
"4280",1995,3,50 - 54,1432,2731
"4280",1995,3,55 - 59,2013,4001
"4280",1995,3,60 - 64,3029,6796
"4280",1995,3,65 - 69,3982,8450
"4280",1995,3,70 - 74,4759,9543
"4280",1995,3,75 - 79,5036,7906
"4280",1995,3,80 - 84,5185,6729
"4280",1995,3,85 - 89,5523,5171
"4280",1995,3,90 - 94,0,0
"4280",1995,3,95+,0,0
"4280",1995,3,UNK,0,0
"4280",1995,4,Total,71884,59826
"4280",1995,4,0,14,24
"4280",1995,4,1,8,4
"4280",1995,4,2,1,1
"4280",1995,4,3,2,3
"4280",1995,4,4,2,6
"4280",1995,4,5 - 9,7,13
"4280",1995,4,10 - 14,14,16
"4280",1995,4,15 - 19,25,67
"4280",1995,4,20 - 24,34,98
"4280",1995,4,25 - 29,71,220
"4280",1995,4,30 - 34,115,296
"4280",1995,4,35 - 39,138,457
"4280",1995,4,40 - 44,199,670
"4280",1995,4,45 - 49,316,1110
"4280",1995,4,50 - 54,470,1513
"4280",1995,4,55 - 59,691,2350
"4280",1995,4,60 - 64,1567,4159
"4280",1995,4,65 - 69,3056,6213
"4280",1995,4,70 - 74,5821,8489
"4280",1995,4,75 - 79,9701,9028
"4280",1995,4,80 - 84,15923,10586
"4280",1995,4,85 - 89,33709,14503
"4280",1995,4,90 - 94,0,0
"4280",1995,4,95+,0,0
"4280",1995,4,UNK,0,0
"4280",1995,5,Total,3780,2697
"4280",1995,5,0,33,72
"4280",1995,5,1,3,8
"4280",1995,5,2,2,2
"4280",1995,5,3,3,2
"4280",1995,5,4,0,1
"4280",1995,5,5 - 9,2,4
"4280",1995,5,10 - 14,3,3
"4280",1995,5,15 - 19,5,12
"4280",1995,5,20 - 24,9,25
"4280",1995,5,25 - 29,3,34
"4280",1995,5,30 - 34,9,39
"4280",1995,5,35 - 39,15,35
"4280",1995,5,40 - 44,15,52
"4280",1995,5,45 - 49,15,37
"4280",1995,5,50 - 54,13,46
"4280",1995,5,55 - 59,14,65
"4280",1995,5,60 - 64,36,119
"4280",1995,5,65 - 69,79,162
"4280",1995,5,70 - 74,141,223
"4280",1995,5,75 - 79,239,271
"4280",1995,5,80 - 84,580,394
"4280",1995,5,85 - 89,2561,1091
"4280",1995,5,90 - 94,0,0
"4280",1995,5,95+,0,0
"4280",1995,5,UNK,0,0
"4280",1995,6,Total,6080,3313
"4280",1995,6,0,0,0
"4280",1995,6,1,0,0
"4280",1995,6,2,0,0
"4280",1995,6,3,0,0
"4280",1995,6,4,0,0
"4280",1995,6,5 - 9,1,0
"4280",1995,6,10 - 14,0,0
"4280",1995,6,15 - 19,1,0
"4280",1995,6,20 - 24,6,13
"4280",1995,6,25 - 29,5,17
"4280",1995,6,30 - 34,10,21
"4280",1995,6,35 - 39,14,19
"4280",1995,6,40 - 44,10,29
"4280",1995,6,45 - 49,4,37
"4280",1995,6,50 - 54,11,42
"4280",1995,6,55 - 59,12,50
"4280",1995,6,60 - 64,37,84
"4280",1995,6,65 - 69,95,147
"4280",1995,6,70 - 74,284,274
"4280",1995,6,75 - 79,743,495
"4280",1995,6,80 - 84,1502,774
"4280",1995,6,85 - 89,3345,1311
"4280",1995,6,90 - 94,0,0
"4280",1995,6,95+,0,0
"4280",1995,6,UNK,0,0
"4280",1995,7,Total,3276,2956
"4280",1995,7,0,32,25
"4280",1995,7,1,8,7
"4280",1995,7,2,7,2
"4280",1995,7,3,7,5
"4280",1995,7,4,2,4
"4280",1995,7,5 - 9,18,14
"4280",1995,7,10 - 14,19,37
"4280",1995,7,15 - 19,29,43
"4280",1995,7,20 - 24,22,46
"4280",1995,7,25 - 29,27,35
"4280",1995,7,30 - 34,19,42
"4280",1995,7,35 - 39,36,39
"4280",1995,7,40 - 44,44,58
"4280",1995,7,45 - 49,48,67
"4280",1995,7,50 - 54,66,90
"4280",1995,7,55 - 59,84,128
"4280",1995,7,60 - 64,154,184
"4280",1995,7,65 - 69,244,311
"4280",1995,7,70 - 74,417,448
"4280",1995,7,75 - 79,595,472
"4280",1995,7,80 - 84,667,497
"4280",1995,7,85 - 89,731,402
"4280",1995,7,90 - 94,0,0
"4280",1995,7,95+,0,0
"4280",1995,7,UNK,0,0
"4280",1995,8,Total,7925,8726
"4280",1995,8,0,22,31
"4280",1995,8,1,11,12
"4280",1995,8,2,9,11
"4280",1995,8,3,7,3
"4280",1995,8,4,6,2
"4280",1995,8,5 - 9,17,16
"4280",1995,8,10 - 14,11,8
"4280",1995,8,15 - 19,9,21
"4280",1995,8,20 - 24,53,134
"4280",1995,8,25 - 29,260,788
"4280",1995,8,30 - 34,406,1740
"4280",1995,8,35 - 39,222,1065
"4280",1995,8,40 - 44,78,437
"4280",1995,8,45 - 49,44,318
"4280",1995,8,50 - 54,66,233
"4280",1995,8,55 - 59,90,246
"4280",1995,8,60 - 64,235,371
"4280",1995,8,65 - 69,512,490
"4280",1995,8,70 - 74,818,655
"4280",1995,8,75 - 79,1166,681
"4280",1995,8,80 - 84,1608,701
"4280",1995,8,85 - 89,2275,763
"4280",1995,8,90 - 94,0,0
"4280",1995,8,95+,0,0
"4280",1995,8,UNK,0,0
"4280",1995,9,Total,7971,10381
"4280",1995,9,0,5,10
"4280",1995,9,1,2,0
"4280",1995,9,2,1,1
"4280",1995,9,3,1,0
"4280",1995,9,4,0,0
"4280",1995,9,5 - 9,1,1
"4280",1995,9,10 - 14,5,3
"4280",1995,9,15 - 19,4,10
"4280",1995,9,20 - 24,11,15
"4280",1995,9,25 - 29,24,65
"4280",1995,9,30 - 34,38,148
"4280",1995,9,35 - 39,47,210
"4280",1995,9,40 - 44,96,308
"4280",1995,9,45 - 49,110,429
"4280",1995,9,50 - 54,152,509
"4280",1995,9,55 - 59,238,751
"4280",1995,9,60 - 64,418,1092
"4280",1995,9,65 - 69,623,1339
"4280",1995,9,70 - 74,880,1456
"4280",1995,9,75 - 79,1205,1261
"4280",1995,9,80 - 84,1519,1309
"4280",1995,9,85 - 89,2591,1464
"4280",1995,9,90 - 94,0,0
"4280",1995,9,95+,0,0
"4280",1995,9,UNK,0,0
"4280",1995,10,Total,3433,3474
"4280",1995,10,0,2,4
"4280",1995,10,1,0,1
"4280",1995,10,2,2,1
"4280",1995,10,3,0,0
"4280",1995,10,4,1,1
"4280",1995,10,5 - 9,0,1
"4280",1995,10,10 - 14,2,1
"4280",1995,10,15 - 19,1,4
"4280",1995,10,20 - 24,5,5
"4280",1995,10,25 - 29,3,6
"4280",1995,10,30 - 34,11,17
"4280",1995,10,35 - 39,18,16
"4280",1995,10,40 - 44,19,23
"4280",1995,10,45 - 49,21,37
"4280",1995,10,50 - 54,46,50
"4280",1995,10,55 - 59,50,76
"4280",1995,10,60 - 64,126,163
"4280",1995,10,65 - 69,161,281
"4280",1995,10,70 - 74,344,434
"4280",1995,10,75 - 79,536,511
"4280",1995,10,80 - 84,713,727
"4280",1995,10,85 - 89,1372,1115
"4280",1995,10,90 - 94,0,0
"4280",1995,10,95+,0,0
"4280",1995,10,UNK,0,0
"4280",1995,11,Total,941,1102
"4280",1995,11,0,722,845
"4280",1995,11,1,20,23
"4280",1995,11,2,7,9
"4280",1995,11,3,8,9
"4280",1995,11,4,8,9
"4280",1995,11,5 - 9,10,24
"4280",1995,11,10 - 14,24,21
"4280",1995,11,15 - 19,18,27
"4280",1995,11,20 - 24,9,23
"4280",1995,11,25 - 29,13,12
"4280",1995,11,30 - 34,11,6
"4280",1995,11,35 - 39,8,17
"4280",1995,11,40 - 44,7,12
"4280",1995,11,45 - 49,5,14
"4280",1995,11,50 - 54,12,11
"4280",1995,11,55 - 59,8,6
"4280",1995,11,60 - 64,12,10
"4280",1995,11,65 - 69,9,9
"4280",1995,11,70 - 74,8,6
"4280",1995,11,75 - 79,12,3
"4280",1995,11,80 - 84,5,6
"4280",1995,11,85 - 89,5,0
"4280",1995,11,90 - 94,0,0
"4280",1995,11,95+,0,0
"4280",1995,11,UNK,0,0
"4280",1995,12,Total,12710,20614
"4280",1995,12,0,16,21
"4280",1995,12,1,4,6
"4280",1995,12,2,1,2
"4280",1995,12,3,2,0
"4280",1995,12,4,2,4
"4280",1995,12,5 - 9,7,6
"4280",1995,12,10 - 14,6,9
"4280",1995,12,15 - 19,9,24
"4280",1995,12,20 - 24,28,45
"4280",1995,12,25 - 29,25,92
"4280",1995,12,30 - 34,36,141
"4280",1995,12,35 - 39,39,102
"4280",1995,12,40 - 44,38,114
"4280",1995,12,45 - 49,59,160
"4280",1995,12,50 - 54,73,251
"4280",1995,12,55 - 59,123,491
"4280",1995,12,60 - 64,290,1037
"4280",1995,12,65 - 69,475,1875
"4280",1995,12,70 - 74,956,3051
"4280",1995,12,75 - 79,1696,3586
"4280",1995,12,80 - 84,2751,4174
"4280",1995,12,85 - 89,6074,5423
"4280",1995,12,90 - 94,0,0
"4280",1995,12,95+,0,0
"4280",1995,12,UNK,0,0
"4280",1995,13,Total,4354,11618
"4280",1995,13,0,28,37
"4280",1995,13,1,17,25
"4280",1995,13,2,12,24
"4280",1995,13,3,12,20
"4280",1995,13,4,13,15
"4280",1995,13,5 - 9,44,73
"4280",1995,13,10 - 14,53,117
"4280",1995,13,15 - 19,193,704
"4280",1995,13,20 - 24,270,1211
"4280",1995,13,25 - 29,242,1281
"4280",1995,13,30 - 34,196,1058
"4280",1995,13,35 - 39,178,869
"4280",1995,13,40 - 44,169,651
"4280",1995,13,45 - 49,161,645
"4280",1995,13,50 - 54,167,585
"4280",1995,13,55 - 59,196,635
"4280",1995,13,60 - 64,235,706
"4280",1995,13,65 - 69,300,682
"4280",1995,13,70 - 74,367,739
"4280",1995,13,75 - 79,386,521
"4280",1995,13,80 - 84,425,513
"4280",1995,13,85 - 89,690,507
"4280",1995,13,90 - 94,0,0
"4280",1995,13,95+,0,0
"4280",1995,13,UNK,0,0
"4280",1995,14,Total,88,265
"4280",1995,14,0,0,0
"4280",1995,14,1,0,0
"4280",1995,14,2,1,0
"4280",1995,14,3,0,0
"4280",1995,14,4,0,0
"4280",1995,14,5 - 9,1,0
"4280",1995,14,10 - 14,0,0
"4280",1995,14,15 - 19,3,8
"4280",1995,14,20 - 24,6,34
"4280",1995,14,25 - 29,13,40
"4280",1995,14,30 - 34,15,31
"4280",1995,14,35 - 39,9,29
"4280",1995,14,40 - 44,5,24
"4280",1995,14,45 - 49,5,21
"4280",1995,14,50 - 54,4,24
"4280",1995,14,55 - 59,3,13
"4280",1995,14,60 - 64,4,16
"4280",1995,14,65 - 69,2,9
"4280",1995,14,70 - 74,4,4
"4280",1995,14,75 - 79,4,2
"4280",1995,14,80 - 84,5,5
"4280",1995,14,85 - 89,4,5
"4280",1995,14,90 - 94,0,0
"4280",1995,14,95+,0,0
"4280",1995,14,UNK,0,0
"4280",1996,1,Total,164548,186901
"4280",1996,1,0,828,1180
"4280",1996,1,1,87,96
"4280",1996,1,2,67,89
"4280",1996,1,3,48,72
"4280",1996,1,4,35,62
"4280",1996,1,5 - 9,150,211
"4280",1996,1,10 - 14,184,294
"4280",1996,1,15 - 19,385,982
"4280",1996,1,20 - 24,528,1714
"4280",1996,1,25 - 29,854,2493
"4280",1996,1,30 - 34,1224,3767
"4280",1996,1,35 - 39,1231,3602
"4280",1996,1,40 - 44,1534,3535
"4280",1996,1,45 - 49,1867,4708
"4280",1996,1,50 - 54,2560,6474
"4280",1996,1,55 - 59,3475,8616
"4280",1996,1,60 - 64,6169,14510
"4280",1996,1,65 - 69,9718,20486
"4280",1996,1,70 - 74,15244,26348
"4280",1996,1,75 - 79,22298,26501
"4280",1996,1,80 - 84,32194,26877
"4280",1996,1,85 - 89,63868,34284
"4280",1996,1,90 - 94,0,0
"4280",1996,1,95+,0,0
"4280",1996,1,UNK,0,0
"4280",1996,2,Total,1985,2430
"4280",1996,2,0,20,11
"4280",1996,2,1,14,15
"4280",1996,2,2,7,16
"4280",1996,2,3,2,2
"4280",1996,2,4,2,4
"4280",1996,2,5 - 9,7,6
"4280",1996,2,10 - 14,10,11
"4280",1996,2,15 - 19,13,14
"4280",1996,2,20 - 24,10,18
"4280",1996,2,25 - 29,18,52
"4280",1996,2,30 - 34,26,77
"4280",1996,2,35 - 39,20,85
"4280",1996,2,40 - 44,20,61
"4280",1996,2,45 - 49,22,74
"4280",1996,2,50 - 54,30,86
"4280",1996,2,55 - 59,55,118
"4280",1996,2,60 - 64,96,176
"4280",1996,2,65 - 69,183,265
"4280",1996,2,70 - 74,236,314
"4280",1996,2,75 - 79,287,326
"4280",1996,2,80 - 84,361,304
"4280",1996,2,85 - 89,546,395
"4280",1996,2,90 - 94,0,0
"4280",1996,2,95+,0,0
"4280",1996,2,UNK,0,0
"4280",1996,3,Total,33788,55416
"4280",1996,3,0,7,13
"4280",1996,3,1,6,13
"4280",1996,3,2,11,7
"4280",1996,3,3,7,11
"4280",1996,3,4,5,15
"4280",1996,3,5 - 9,31,66
"4280",1996,3,10 - 14,46,71
"4280",1996,3,15 - 19,70,120
"4280",1996,3,20 - 24,66,128
"4280",1996,3,25 - 29,120,118
"4280",1996,3,30 - 34,262,257
"4280",1996,3,35 - 39,462,518
"4280",1996,3,40 - 44,781,981
"4280",1996,3,45 - 49,1038,1726
"4280",1996,3,50 - 54,1408,2813
"4280",1996,3,55 - 59,1894,3823
"4280",1996,3,60 - 64,2996,6355
"4280",1996,3,65 - 69,3799,8555
"4280",1996,3,70 - 74,4768,9704
"4280",1996,3,75 - 79,5177,8158
"4280",1996,3,80 - 84,5140,6540
"4280",1996,3,85 - 89,5694,5424
"4280",1996,3,90 - 94,0,0
"4280",1996,3,95+,0,0
"4280",1996,3,UNK,0,0
"4280",1996,4,Total,72824,60675
"4280",1996,4,0,30,28
"4280",1996,4,1,6,4
"4280",1996,4,2,5,7
"4280",1996,4,3,2,4
"4280",1996,4,4,1,2
"4280",1996,4,5 - 9,12,12
"4280",1996,4,10 - 14,15,19
"4280",1996,4,15 - 19,34,48
"4280",1996,4,20 - 24,50,108
"4280",1996,4,25 - 29,73,181
"4280",1996,4,30 - 34,120,290
"4280",1996,4,35 - 39,132,468
"4280",1996,4,40 - 44,226,683
"4280",1996,4,45 - 49,328,1106
"4280",1996,4,50 - 54,492,1599
"4280",1996,4,55 - 59,688,2223
"4280",1996,4,60 - 64,1514,4217
"4280",1996,4,65 - 69,2982,6276
"4280",1996,4,70 - 74,5834,8734
"4280",1996,4,75 - 79,9787,9402
"4280",1996,4,80 - 84,15833,10411
"4280",1996,4,85 - 89,34660,14853
"4280",1996,4,90 - 94,0,0
"4280",1996,4,95+,0,0
"4280",1996,4,UNK,0,0
"4280",1996,5,Total,3935,2981
"4280",1996,5,0,46,92
"4280",1996,5,1,3,6
"4280",1996,5,2,2,3
"4280",1996,5,3,0,3
"4280",1996,5,4,1,4
"4280",1996,5,5 - 9,4,7
"4280",1996,5,10 - 14,1,5
"4280",1996,5,15 - 19,8,11
"4280",1996,5,20 - 24,6,27
"4280",1996,5,25 - 29,9,41
"4280",1996,5,30 - 34,15,41
"4280",1996,5,35 - 39,16,33
"4280",1996,5,40 - 44,13,49
"4280",1996,5,45 - 49,14,49
"4280",1996,5,50 - 54,17,80
"4280",1996,5,55 - 59,33,82
"4280",1996,5,60 - 64,37,126
"4280",1996,5,65 - 69,99,179
"4280",1996,5,70 - 74,141,295
"4280",1996,5,75 - 79,294,320
"4280",1996,5,80 - 84,545,399
"4280",1996,5,85 - 89,2631,1129
"4280",1996,5,90 - 94,0,0
"4280",1996,5,95+,0,0
"4280",1996,5,UNK,0,0
"4280",1996,6,Total,6600,3630
"4280",1996,6,0,0,0
"4280",1996,6,1,0,0
"4280",1996,6,2,0,0
"4280",1996,6,3,0,0
"4280",1996,6,4,0,0
"4280",1996,6,5 - 9,1,0
"4280",1996,6,10 - 14,0,0
"4280",1996,6,15 - 19,1,3
"4280",1996,6,20 - 24,6,14
"4280",1996,6,25 - 29,7,24
"4280",1996,6,30 - 34,7,25
"4280",1996,6,35 - 39,7,28
"4280",1996,6,40 - 44,8,24
"4280",1996,6,45 - 49,9,31
"4280",1996,6,50 - 54,6,40
"4280",1996,6,55 - 59,14,51
"4280",1996,6,60 - 64,37,81
"4280",1996,6,65 - 69,100,154
"4280",1996,6,70 - 74,300,328
"4280",1996,6,75 - 79,709,525
"4280",1996,6,80 - 84,1528,836
"4280",1996,6,85 - 89,3860,1466
"4280",1996,6,90 - 94,0,0
"4280",1996,6,95+,0,0
"4280",1996,6,UNK,0,0
"4280",1996,7,Total,3459,3135
"4280",1996,7,0,27,38
"4280",1996,7,1,7,5
"4280",1996,7,2,8,7
"4280",1996,7,3,3,6
"4280",1996,7,4,3,6
"4280",1996,7,5 - 9,16,14
"4280",1996,7,10 - 14,20,29
"4280",1996,7,15 - 19,29,53
"4280",1996,7,20 - 24,24,50
"4280",1996,7,25 - 29,20,41
"4280",1996,7,30 - 34,42,39
"4280",1996,7,35 - 39,42,52
"4280",1996,7,40 - 44,32,58
"4280",1996,7,45 - 49,43,62
"4280",1996,7,50 - 54,61,77
"4280",1996,7,55 - 59,72,133
"4280",1996,7,60 - 64,137,209
"4280",1996,7,65 - 69,264,307
"4280",1996,7,70 - 74,399,450
"4280",1996,7,75 - 79,631,528
"4280",1996,7,80 - 84,738,501
"4280",1996,7,85 - 89,841,470
"4280",1996,7,90 - 94,0,0
"4280",1996,7,95+,0,0
"4280",1996,7,UNK,0,0
"4280",1996,8,Total,7844,8585
"4280",1996,8,0,18,22
"4280",1996,8,1,5,3
"4280",1996,8,2,6,7
"4280",1996,8,3,5,4
"4280",1996,8,4,5,4
"4280",1996,8,5 - 9,13,12
"4280",1996,8,10 - 14,8,19
"4280",1996,8,15 - 19,9,27
"4280",1996,8,20 - 24,45,112
"4280",1996,8,25 - 29,274,655
"4280",1996,8,30 - 34,415,1577
"4280",1996,8,35 - 39,238,1177
"4280",1996,8,40 - 44,109,504
"4280",1996,8,45 - 49,44,322
"4280",1996,8,50 - 54,55,211
"4280",1996,8,55 - 59,82,232
"4280",1996,8,60 - 64,233,350
"4280",1996,8,65 - 69,439,480
"4280",1996,8,70 - 74,793,677
"4280",1996,8,75 - 79,1158,647
"4280",1996,8,80 - 84,1599,750
"4280",1996,8,85 - 89,2291,793
"4280",1996,8,90 - 94,0,0
"4280",1996,8,95+,0,0
"4280",1996,8,UNK,0,0
"4280",1996,9,Total,8332,10529
"4280",1996,9,0,2,8
"4280",1996,9,1,0,0
"4280",1996,9,2,0,1
"4280",1996,9,3,0,0
"4280",1996,9,4,0,1
"4280",1996,9,5 - 9,1,3
"4280",1996,9,10 - 14,1,2
"4280",1996,9,15 - 19,3,8
"4280",1996,9,20 - 24,9,18
"4280",1996,9,25 - 29,24,50
"4280",1996,9,30 - 34,41,162
"4280",1996,9,35 - 39,55,220
"4280",1996,9,40 - 44,72,324
"4280",1996,9,45 - 49,104,442
"4280",1996,9,50 - 54,154,547
"4280",1996,9,55 - 59,215,666
"4280",1996,9,60 - 64,406,1029
"4280",1996,9,65 - 69,632,1325
"4280",1996,9,70 - 74,885,1502
"4280",1996,9,75 - 79,1266,1388
"4280",1996,9,80 - 84,1645,1285
"4280",1996,9,85 - 89,2817,1548
"4280",1996,9,90 - 94,0,0
"4280",1996,9,95+,0,0
"4280",1996,9,UNK,0,0
"4280",1996,10,Total,3630,3446
"4280",1996,10,0,4,3
"4280",1996,10,1,1,0
"4280",1996,10,2,0,0
"4280",1996,10,3,0,0
"4280",1996,10,4,0,0
"4280",1996,10,5 - 9,1,0
"4280",1996,10,10 - 14,1,0
"4280",1996,10,15 - 19,2,1
"4280",1996,10,20 - 24,2,3
"4280",1996,10,25 - 29,5,8
"4280",1996,10,30 - 34,10,7
"4280",1996,10,35 - 39,9,19
"4280",1996,10,40 - 44,14,20
"4280",1996,10,45 - 49,20,43
"4280",1996,10,50 - 54,27,48
"4280",1996,10,55 - 59,62,90
"4280",1996,10,60 - 64,101,154
"4280",1996,10,65 - 69,204,266
"4280",1996,10,70 - 74,354,380
"4280",1996,10,75 - 79,498,514
"4280",1996,10,80 - 84,766,717
"4280",1996,10,85 - 89,1549,1173
"4280",1996,10,90 - 94,0,0
"4280",1996,10,95+,0,0
"4280",1996,10,UNK,0,0
"4280",1996,11,Total,893,1193
"4280",1996,11,0,648,910
"4280",1996,11,1,26,25
"4280",1996,11,2,13,16
"4280",1996,11,3,10,7
"4280",1996,11,4,5,7
"4280",1996,11,5 - 9,13,17
"4280",1996,11,10 - 14,16,22
"4280",1996,11,15 - 19,11,30
"4280",1996,11,20 - 24,14,15
"4280",1996,11,25 - 29,12,12
"4280",1996,11,30 - 34,13,11
"4280",1996,11,35 - 39,7,17
"4280",1996,11,40 - 44,11,14
"4280",1996,11,45 - 49,15,7
"4280",1996,11,50 - 54,14,11
"4280",1996,11,55 - 59,11,11
"4280",1996,11,60 - 64,11,8
"4280",1996,11,65 - 69,6,15
"4280",1996,11,70 - 74,11,10
"4280",1996,11,75 - 79,16,9
"4280",1996,11,80 - 84,3,13
"4280",1996,11,85 - 89,7,6
"4280",1996,11,90 - 94,0,0
"4280",1996,11,95+,0,0
"4280",1996,11,UNK,0,0
"4280",1996,12,Total,13349,21369
"4280",1996,12,0,16,11
"4280",1996,12,1,7,4
"4280",1996,12,2,1,3
"4280",1996,12,3,1,1
"4280",1996,12,4,1,4
"4280",1996,12,5 - 9,8,5
"4280",1996,12,10 - 14,8,7
"4280",1996,12,15 - 19,14,23
"4280",1996,12,20 - 24,18,41
"4280",1996,12,25 - 29,29,91
"4280",1996,12,30 - 34,34,107
"4280",1996,12,35 - 39,46,105
"4280",1996,12,40 - 44,38,116
"4280",1996,12,45 - 49,59,156
"4280",1996,12,50 - 54,79,254
"4280",1996,12,55 - 59,107,475
"4280",1996,12,60 - 64,267,1018
"4280",1996,12,65 - 69,522,1848
"4280",1996,12,70 - 74,966,3109
"4280",1996,12,75 - 79,1692,3865
"4280",1996,12,80 - 84,2900,4325
"4280",1996,12,85 - 89,6536,5801
"4280",1996,12,90 - 94,0,0
"4280",1996,12,95+,0,0
"4280",1996,12,UNK,0,0
"4280",1996,13,Total,4489,11492
"4280",1996,13,0,10,36
"4280",1996,13,1,11,18
"4280",1996,13,2,14,20
"4280",1996,13,3,17,31
"4280",1996,13,4,10,13
"4280",1996,13,5 - 9,40,65
"4280",1996,13,10 - 14,55,105
"4280",1996,13,15 - 19,176,628
"4280",1996,13,20 - 24,255,1150
"4280",1996,13,25 - 29,235,1180
"4280",1996,13,30 - 34,219,1126
"4280",1996,13,35 - 39,168,846
"4280",1996,13,40 - 44,191,658
"4280",1996,13,45 - 49,144,661
"4280",1996,13,50 - 54,184,660
"4280",1996,13,55 - 59,203,649
"4280",1996,13,60 - 64,256,680
"4280",1996,13,65 - 69,353,693
"4280",1996,13,70 - 74,333,637
"4280",1996,13,75 - 79,382,566
"4280",1996,13,80 - 84,484,489
"4280",1996,13,85 - 89,749,581
"4280",1996,13,90 - 94,0,0
"4280",1996,13,95+,0,0
"4280",1996,13,UNK,0,0
"4280",1996,14,Total,105,238
"4280",1996,14,0,0,3
"4280",1996,14,1,0,0
"4280",1996,14,2,0,0
"4280",1996,14,3,0,3
"4280",1996,14,4,1,0
"4280",1996,14,5 - 9,1,1
"4280",1996,14,10 - 14,1,1
"4280",1996,14,15 - 19,4,7
"4280",1996,14,20 - 24,10,25
"4280",1996,14,25 - 29,14,36
"4280",1996,14,30 - 34,11,34
"4280",1996,14,35 - 39,11,25
"4280",1996,14,40 - 44,10,28
"4280",1996,14,45 - 49,10,11
"4280",1996,14,50 - 54,7,14
"4280",1996,14,55 - 59,2,8
"4280",1996,14,60 - 64,5,13
"4280",1996,14,65 - 69,4,13
"4280",1996,14,70 - 74,7,9
"4280",1996,14,75 - 79,4,5
"4280",1996,14,80 - 84,2,1
"4280",1996,14,85 - 89,1,1
"4280",1996,14,90 - 94,0,0
"4280",1996,14,95+,0,0
"4280",1996,14,UNK,0,0
"4280",1997,1,Total,164426,185095
"4280",1997,1,0,807,1049
"4280",1997,1,1,94,87
"4280",1997,1,2,47,65
"4280",1997,1,3,47,58
"4280",1997,1,4,31,54
"4280",1997,1,5 - 9,148,173
"4280",1997,1,10 - 14,174,248
"4280",1997,1,15 - 19,394,981
"4280",1997,1,20 - 24,444,1499
"4280",1997,1,25 - 29,635,2072
"4280",1997,1,30 - 34,980,2925
"4280",1997,1,35 - 39,1152,3108
"4280",1997,1,40 - 44,1407,3370
"4280",1997,1,45 - 49,1917,4731
"4280",1997,1,50 - 54,2586,6508
"4280",1997,1,55 - 59,3258,7923
"4280",1997,1,60 - 64,6056,14000
"4280",1997,1,65 - 69,9654,20236
"4280",1997,1,70 - 74,15194,26185
"4280",1997,1,75 - 79,22325,27684
"4280",1997,1,80 - 84,31494,26797
"4280",1997,1,85 - 89,65582,35342
"4280",1997,1,90 - 94,0,0
"4280",1997,1,95+,0,0
"4280",1997,1,UNK,0,0
"4280",1997,2,Total,2032,2251
"4280",1997,2,0,15,17
"4280",1997,2,1,15,10
"4280",1997,2,2,3,9
"4280",1997,2,3,5,6
"4280",1997,2,4,1,5
"4280",1997,2,5 - 9,4,5
"4280",1997,2,10 - 14,5,7
"4280",1997,2,15 - 19,18,17
"4280",1997,2,20 - 24,9,10
"4280",1997,2,25 - 29,12,26
"4280",1997,2,30 - 34,23,49
"4280",1997,2,35 - 39,14,70
"4280",1997,2,40 - 44,17,60
"4280",1997,2,45 - 49,19,69
"4280",1997,2,50 - 54,33,82
"4280",1997,2,55 - 59,56,89
"4280",1997,2,60 - 64,104,136
"4280",1997,2,65 - 69,163,281
"4280",1997,2,70 - 74,250,332
"4280",1997,2,75 - 79,306,345
"4280",1997,2,80 - 84,378,280
"4280",1997,2,85 - 89,582,346
"4280",1997,2,90 - 94,0,0
"4280",1997,2,95+,0,0
"4280",1997,2,UNK,0,0
"4280",1997,3,Total,34269,56661
"4280",1997,3,0,10,7
"4280",1997,3,1,9,7
"4280",1997,3,2,8,12
"4280",1997,3,3,8,9
"4280",1997,3,4,8,12
"4280",1997,3,5 - 9,36,44
"4280",1997,3,10 - 14,36,54
"4280",1997,3,15 - 19,75,113
"4280",1997,3,20 - 24,74,110
"4280",1997,3,25 - 29,105,155
"4280",1997,3,30 - 34,245,260
"4280",1997,3,35 - 39,510,498
"4280",1997,3,40 - 44,752,951
"4280",1997,3,45 - 49,1107,1865
"4280",1997,3,50 - 54,1508,2903
"4280",1997,3,55 - 59,1736,3597
"4280",1997,3,60 - 64,2948,6341
"4280",1997,3,65 - 69,4005,8598
"4280",1997,3,70 - 74,4908,9863
"4280",1997,3,75 - 79,5140,8724
"4280",1997,3,80 - 84,5059,6686
"4280",1997,3,85 - 89,5982,5852
"4280",1997,3,90 - 94,0,0
"4280",1997,3,95+,0,0
"4280",1997,3,UNK,0,0
"4280",1997,4,Total,71567,59795
"4280",1997,4,0,7,27
"4280",1997,4,1,6,6
"4280",1997,4,2,2,1
"4280",1997,4,3,2,0
"4280",1997,4,4,1,1
"4280",1997,4,5 - 9,10,10
"4280",1997,4,10 - 14,14,21
"4280",1997,4,15 - 19,17,53
"4280",1997,4,20 - 24,38,93
"4280",1997,4,25 - 29,62,163
"4280",1997,4,30 - 34,116,262
"4280",1997,4,35 - 39,135,453
"4280",1997,4,40 - 44,199,701
"4280",1997,4,45 - 49,294,1086
"4280",1997,4,50 - 54,447,1591
"4280",1997,4,55 - 59,675,2060
"4280",1997,4,60 - 64,1467,3908
"4280",1997,4,65 - 69,2866,6137
"4280",1997,4,70 - 74,5543,8457
"4280",1997,4,75 - 79,9612,9640
"4280",1997,4,80 - 84,15051,10155
"4280",1997,4,85 - 89,35003,14970
"4280",1997,4,90 - 94,0,0
"4280",1997,4,95+,0,0
"4280",1997,4,UNK,0,0
"4280",1997,5,Total,4068,2853
"4280",1997,5,0,62,83
"4280",1997,5,1,3,3
"4280",1997,5,2,3,0
"4280",1997,5,3,2,2
"4280",1997,5,4,1,0
"4280",1997,5,5 - 9,3,2
"4280",1997,5,10 - 14,6,3
"4280",1997,5,15 - 19,7,9
"4280",1997,5,20 - 24,3,18
"4280",1997,5,25 - 29,7,29
"4280",1997,5,30 - 34,16,38
"4280",1997,5,35 - 39,12,31
"4280",1997,5,40 - 44,6,40
"4280",1997,5,45 - 49,14,56
"4280",1997,5,50 - 54,14,59
"4280",1997,5,55 - 59,13,70
"4280",1997,5,60 - 64,51,101
"4280",1997,5,65 - 69,66,176
"4280",1997,5,70 - 74,151,239
"4280",1997,5,75 - 79,305,324
"4280",1997,5,80 - 84,591,406
"4280",1997,5,85 - 89,2732,1164
"4280",1997,5,90 - 94,0,0
"4280",1997,5,95+,0,0
"4280",1997,5,UNK,0,0
"4280",1997,6,Total,7092,3703
"4280",1997,6,0,0,0
"4280",1997,6,1,0,0
"4280",1997,6,2,0,0
"4280",1997,6,3,0,0
"4280",1997,6,4,0,0
"4280",1997,6,5 - 9,1,0
"4280",1997,6,10 - 14,0,0
"4280",1997,6,15 - 19,3,3
"4280",1997,6,20 - 24,0,8
"4280",1997,6,25 - 29,4,15
"4280",1997,6,30 - 34,6,16
"4280",1997,6,35 - 39,4,29
"4280",1997,6,40 - 44,9,24
"4280",1997,6,45 - 49,12,36
"4280",1997,6,50 - 54,8,44
"4280",1997,6,55 - 59,18,45
"4280",1997,6,60 - 64,42,84
"4280",1997,6,65 - 69,101,141
"4280",1997,6,70 - 74,260,302
"4280",1997,6,75 - 79,793,561
"4280",1997,6,80 - 84,1665,870
"4280",1997,6,85 - 89,4166,1525
"4280",1997,6,90 - 94,0,0
"4280",1997,6,95+,0,0
"4280",1997,6,UNK,0,0
"4280",1997,7,Total,3799,3188
"4280",1997,7,0,13,22
"4280",1997,7,1,14,8
"4280",1997,7,2,6,7
"4280",1997,7,3,5,4
"4280",1997,7,4,2,6
"4280",1997,7,5 - 9,17,17
"4280",1997,7,10 - 14,21,29
"4280",1997,7,15 - 19,29,46
"4280",1997,7,20 - 24,27,36
"4280",1997,7,25 - 29,20,33
"4280",1997,7,30 - 34,40,50
"4280",1997,7,35 - 39,38,44
"4280",1997,7,40 - 44,30,59
"4280",1997,7,45 - 49,41,77
"4280",1997,7,50 - 54,64,87
"4280",1997,7,55 - 59,79,107
"4280",1997,7,60 - 64,141,215
"4280",1997,7,65 - 69,241,307
"4280",1997,7,70 - 74,449,483
"4280",1997,7,75 - 79,685,560
"4280",1997,7,80 - 84,801,523
"4280",1997,7,85 - 89,1036,468
"4280",1997,7,90 - 94,0,0
"4280",1997,7,95+,0,0
"4280",1997,7,UNK,0,0
"4280",1997,8,Total,7154,6507
"4280",1997,8,0,15,13
"4280",1997,8,1,3,5
"4280",1997,8,2,3,2
"4280",1997,8,3,2,4
"4280",1997,8,4,1,3
"4280",1997,8,5 - 9,10,4
"4280",1997,8,10 - 14,7,11
"4280",1997,8,15 - 19,7,12
"4280",1997,8,20 - 24,24,51
"4280",1997,8,25 - 29,124,318
"4280",1997,8,30 - 34,204,791
"4280",1997,8,35 - 39,127,673
"4280",1997,8,40 - 44,62,331
"4280",1997,8,45 - 49,52,180
"4280",1997,8,50 - 54,54,175
"4280",1997,8,55 - 59,96,187
"4280",1997,8,60 - 64,206,322
"4280",1997,8,65 - 69,402,481
"4280",1997,8,70 - 74,729,651
"4280",1997,8,75 - 79,1137,702
"4280",1997,8,80 - 84,1538,729
"4280",1997,8,85 - 89,2351,862
"4280",1997,8,90 - 94,0,0
"4280",1997,8,95+,0,0
"4280",1997,8,UNK,0,0
"4280",1997,9,Total,8320,10156
"4280",1997,9,0,6,2
"4280",1997,9,1,0,1
"4280",1997,9,2,1,1
"4280",1997,9,3,1,1
"4280",1997,9,4,0,0
"4280",1997,9,5 - 9,3,1
"4280",1997,9,10 - 14,1,1
"4280",1997,9,15 - 19,7,8
"4280",1997,9,20 - 24,8,11
"4280",1997,9,25 - 29,17,41
"4280",1997,9,30 - 34,56,134
"4280",1997,9,35 - 39,52,205
"4280",1997,9,40 - 44,87,267
"4280",1997,9,45 - 49,106,452
"4280",1997,9,50 - 54,130,543
"4280",1997,9,55 - 59,189,613
"4280",1997,9,60 - 64,361,1007
"4280",1997,9,65 - 69,593,1240
"4280",1997,9,70 - 74,923,1427
"4280",1997,9,75 - 79,1239,1393
"4280",1997,9,80 - 84,1630,1251
"4280",1997,9,85 - 89,2910,1557
"4280",1997,9,90 - 94,0,0
"4280",1997,9,95+,0,0
"4280",1997,9,UNK,0,0
"4280",1997,10,Total,3689,3668
"4280",1997,10,0,6,1
"4280",1997,10,1,0,0
"4280",1997,10,2,0,0
"4280",1997,10,3,0,0
"4280",1997,10,4,0,0
"4280",1997,10,5 - 9,0,1
"4280",1997,10,10 - 14,1,0
"4280",1997,10,15 - 19,0,1
"4280",1997,10,20 - 24,3,1
"4280",1997,10,25 - 29,3,4
"4280",1997,10,30 - 34,9,13
"4280",1997,10,35 - 39,8,13
"4280",1997,10,40 - 44,8,20
"4280",1997,10,45 - 49,26,28
"4280",1997,10,50 - 54,28,49
"4280",1997,10,55 - 59,53,76
"4280",1997,10,60 - 64,95,163
"4280",1997,10,65 - 69,211,265
"4280",1997,10,70 - 74,353,509
"4280",1997,10,75 - 79,530,603
"4280",1997,10,80 - 84,813,701
"4280",1997,10,85 - 89,1542,1220
"4280",1997,10,90 - 94,0,0
"4280",1997,10,95+,0,0
"4280",1997,10,UNK,0,0
"4280",1997,11,Total,899,1094
"4280",1997,11,0,639,813
"4280",1997,11,1,25,22
"4280",1997,11,2,7,12
"4280",1997,11,3,8,10
"4280",1997,11,4,6,4
"4280",1997,11,5 - 9,18,21
"4280",1997,11,10 - 14,15,17
"4280",1997,11,15 - 19,22,27
"4280",1997,11,20 - 24,11,23
"4280",1997,11,25 - 29,11,19
"4280",1997,11,30 - 34,10,18
"4280",1997,11,35 - 39,12,18
"4280",1997,11,40 - 44,9,10
"4280",1997,11,45 - 49,12,13
"4280",1997,11,50 - 54,10,9
"4280",1997,11,55 - 59,11,6
"4280",1997,11,60 - 64,10,10
"4280",1997,11,65 - 69,13,14
"4280",1997,11,70 - 74,12,9
"4280",1997,11,75 - 79,15,7
"4280",1997,11,80 - 84,11,6
"4280",1997,11,85 - 89,12,6
"4280",1997,11,90 - 94,0,0
"4280",1997,11,95+,0,0
"4280",1997,11,UNK,0,0
"4280",1997,12,Total,13650,21341
"4280",1997,12,0,13,23
"4280",1997,12,1,3,5
"4280",1997,12,2,3,3
"4280",1997,12,3,0,3
"4280",1997,12,4,0,2
"4280",1997,12,5 - 9,4,4
"4280",1997,12,10 - 14,9,9
"4280",1997,12,15 - 19,15,18
"4280",1997,12,20 - 24,17,33
"4280",1997,12,25 - 29,22,59
"4280",1997,12,30 - 34,29,81
"4280",1997,12,35 - 39,32,103
"4280",1997,12,40 - 44,47,116
"4280",1997,12,45 - 49,59,167
"4280",1997,12,50 - 54,87,261
"4280",1997,12,55 - 59,121,415
"4280",1997,12,60 - 64,274,936
"4280",1997,12,65 - 69,555,1769
"4280",1997,12,70 - 74,994,3029
"4280",1997,12,75 - 79,1723,3900
"4280",1997,12,80 - 84,2885,4329
"4280",1997,12,85 - 89,6758,6076
"4280",1997,12,90 - 94,0,0
"4280",1997,12,95+,0,0
"4280",1997,12,UNK,0,0
"4280",1997,13,Total,4362,11789
"4280",1997,13,0,19,35
"4280",1997,13,1,16,19
"4280",1997,13,2,11,18
"4280",1997,13,3,12,16
"4280",1997,13,4,11,21
"4280",1997,13,5 - 9,38,60
"4280",1997,13,10 - 14,55,93
"4280",1997,13,15 - 19,180,658
"4280",1997,13,20 - 24,210,1082
"4280",1997,13,25 - 29,221,1169
"4280",1997,13,30 - 34,196,1169
"4280",1997,13,35 - 39,186,922
"4280",1997,13,40 - 44,159,759
"4280",1997,13,45 - 49,149,672
"4280",1997,13,50 - 54,180,665
"4280",1997,13,55 - 59,165,617
"4280",1997,13,60 - 64,287,683
"4280",1997,13,65 - 69,296,691
"4280",1997,13,70 - 74,352,657
"4280",1997,13,75 - 79,431,642
"4280",1997,13,80 - 84,445,516
"4280",1997,13,85 - 89,743,625
"4280",1997,13,90 - 94,0,0
"4280",1997,13,95+,0,0
"4280",1997,13,UNK,0,0
"4280",1997,14,Total,99,243
"4280",1997,14,0,0,2
"4280",1997,14,1,0,1
"4280",1997,14,2,0,0
"4280",1997,14,3,0,1
"4280",1997,14,4,0,0
"4280",1997,14,5 - 9,0,3
"4280",1997,14,10 - 14,0,0
"4280",1997,14,15 - 19,2,9
"4280",1997,14,20 - 24,9,19
"4280",1997,14,25 - 29,12,34
"4280",1997,14,30 - 34,16,35
"4280",1997,14,35 - 39,10,34
"4280",1997,14,40 - 44,9,22
"4280",1997,14,45 - 49,7,12
"4280",1997,14,50 - 54,5,17
"4280",1997,14,55 - 59,4,14
"4280",1997,14,60 - 64,5,13
"4280",1997,14,65 - 69,3,11
"4280",1997,14,70 - 74,5,7
"4280",1997,14,75 - 79,5,5
"4280",1997,14,80 - 84,5,3
"4280",1997,14,85 - 89,2,1
"4280",1997,14,90 - 94,0,0
"4280",1997,14,95+,0,0
"4280",1997,14,UNK,0,0
"4280",1998,1,Total,170293,190218
"4280",1998,1,0,783,991
"4280",1998,1,1,78,70
"4280",1998,1,2,41,71
"4280",1998,1,3,40,42
"4280",1998,1,4,36,43
"4280",1998,1,5 - 9,124,219
"4280",1998,1,10 - 14,162,237
"4280",1998,1,15 - 19,385,913
"4280",1998,1,20 - 24,456,1630
"4280",1998,1,25 - 29,614,1891
"4280",1998,1,30 - 34,807,2535
"4280",1998,1,35 - 39,1073,2884
"4280",1998,1,40 - 44,1441,3325
"4280",1998,1,45 - 49,1903,4512
"4280",1998,1,50 - 54,2664,6549
"4280",1998,1,55 - 59,3172,8039
"4280",1998,1,60 - 64,5624,13654
"4280",1998,1,65 - 69,9586,20553
"4280",1998,1,70 - 74,15456,26775
"4280",1998,1,75 - 79,23638,30218
"4280",1998,1,80 - 84,31973,27618
"4280",1998,1,85 - 89,70237,37449
"4280",1998,1,90 - 94,0,0
"4280",1998,1,95+,0,0
"4280",1998,1,UNK,0,0
"4280",1998,2,Total,2193,2307
"4280",1998,2,0,13,24
"4280",1998,2,1,4,4
"4280",1998,2,2,2,7
"4280",1998,2,3,0,5
"4280",1998,2,4,2,3
"4280",1998,2,5 - 9,2,7
"4280",1998,2,10 - 14,4,2
"4280",1998,2,15 - 19,12,10
"4280",1998,2,20 - 24,10,10
"4280",1998,2,25 - 29,13,17
"4280",1998,2,30 - 34,16,46
"4280",1998,2,35 - 39,20,47
"4280",1998,2,40 - 44,17,57
"4280",1998,2,45 - 49,24,74
"4280",1998,2,50 - 54,16,83
"4280",1998,2,55 - 59,34,104
"4280",1998,2,60 - 64,106,159
"4280",1998,2,65 - 69,180,259
"4280",1998,2,70 - 74,284,356
"4280",1998,2,75 - 79,355,382
"4280",1998,2,80 - 84,393,291
"4280",1998,2,85 - 89,686,360
"4280",1998,2,90 - 94,0,0
"4280",1998,2,95+,0,0
"4280",1998,2,UNK,0,0
"4280",1998,3,Total,34621,57706
"4280",1998,3,0,9,12
"4280",1998,3,1,9,9
"4280",1998,3,2,4,13
"4280",1998,3,3,7,3
"4280",1998,3,4,10,9
"4280",1998,3,5 - 9,41,65
"4280",1998,3,10 - 14,38,66
"4280",1998,3,15 - 19,61,92
"4280",1998,3,20 - 24,69,109
"4280",1998,3,25 - 29,113,135
"4280",1998,3,30 - 34,236,258
"4280",1998,3,35 - 39,487,471
"4280",1998,3,40 - 44,787,985
"4280",1998,3,45 - 49,1088,1827
"4280",1998,3,50 - 54,1570,2897
"4280",1998,3,55 - 59,1677,3728
"4280",1998,3,60 - 64,2729,6244
"4280",1998,3,65 - 69,3850,8718
"4280",1998,3,70 - 74,4870,9984
"4280",1998,3,75 - 79,5509,9347
"4280",1998,3,80 - 84,5230,6709
"4280",1998,3,85 - 89,6227,6025
"4280",1998,3,90 - 94,0,0
"4280",1998,3,95+,0,0
"4280",1998,3,UNK,0,0
"4280",1998,4,Total,73323,61189
"4280",1998,4,0,19,23
"4280",1998,4,1,7,8
"4280",1998,4,2,2,4
"4280",1998,4,3,1,1
"4280",1998,4,4,3,1
"4280",1998,4,5 - 9,5,8
"4280",1998,4,10 - 14,9,17
"4280",1998,4,15 - 19,23,53
"4280",1998,4,20 - 24,34,96
"4280",1998,4,25 - 29,60,129
"4280",1998,4,30 - 34,95,295
"4280",1998,4,35 - 39,139,452
"4280",1998,4,40 - 44,188,681
"4280",1998,4,45 - 49,285,1046
"4280",1998,4,50 - 54,449,1657
"4280",1998,4,55 - 59,616,2074
"4280",1998,4,60 - 64,1366,3736
"4280",1998,4,65 - 69,2848,6097
"4280",1998,4,70 - 74,5602,8576
"4280",1998,4,75 - 79,9968,10425
"4280",1998,4,80 - 84,15043,10342
"4280",1998,4,85 - 89,36561,15468
"4280",1998,4,90 - 94,0,0
"4280",1998,4,95+,0,0
"4280",1998,4,UNK,0,0
"4280",1998,5,Total,4064,2886
"4280",1998,5,0,39,58
"4280",1998,5,1,2,4
"4280",1998,5,2,1,3
"4280",1998,5,3,1,1
"4280",1998,5,4,0,2
"4280",1998,5,5 - 9,3,5
"4280",1998,5,10 - 14,1,5
"4280",1998,5,15 - 19,5,11
"4280",1998,5,20 - 24,5,38
"4280",1998,5,25 - 29,12,27
"4280",1998,5,30 - 34,4,35
"4280",1998,5,35 - 39,6,40
"4280",1998,5,40 - 44,13,44
"4280",1998,5,45 - 49,20,57
"4280",1998,5,50 - 54,17,56
"4280",1998,5,55 - 59,21,58
"4280",1998,5,60 - 64,34,124
"4280",1998,5,65 - 69,76,167
"4280",1998,5,70 - 74,141,243
"4280",1998,5,75 - 79,302,328
"4280",1998,5,80 - 84,554,409
"4280",1998,5,85 - 89,2807,1171
"4280",1998,5,90 - 94,0,0
"4280",1998,5,95+,0,0
"4280",1998,5,UNK,0,0
"4280",1998,6,Total,7718,4078
"4280",1998,6,0,0,0
"4280",1998,6,1,0,0
"4280",1998,6,2,0,0
"4280",1998,6,3,0,0
"4280",1998,6,4,0,0
"4280",1998,6,5 - 9,0,0
"4280",1998,6,10 - 14,2,0
"4280",1998,6,15 - 19,1,1
"4280",1998,6,20 - 24,0,6
"4280",1998,6,25 - 29,3,10
"4280",1998,6,30 - 34,8,17
"4280",1998,6,35 - 39,3,27
"4280",1998,6,40 - 44,7,33
"4280",1998,6,45 - 49,11,30
"4280",1998,6,50 - 54,15,35
"4280",1998,6,55 - 59,13,42
"4280",1998,6,60 - 64,41,89
"4280",1998,6,65 - 69,106,178
"4280",1998,6,70 - 74,314,353
"4280",1998,6,75 - 79,801,618
"4280",1998,6,80 - 84,1630,874
"4280",1998,6,85 - 89,4763,1765
"4280",1998,6,90 - 94,0,0
"4280",1998,6,95+,0,0
"4280",1998,6,UNK,0,0
"4280",1998,7,Total,4250,3638
"4280",1998,7,0,19,40
"4280",1998,7,1,5,6
"4280",1998,7,2,6,7
"4280",1998,7,3,5,5
"4280",1998,7,4,4,3
"4280",1998,7,5 - 9,8,28
"4280",1998,7,10 - 14,28,24
"4280",1998,7,15 - 19,25,49
"4280",1998,7,20 - 24,23,43
"4280",1998,7,25 - 29,18,48
"4280",1998,7,30 - 34,22,46
"4280",1998,7,35 - 39,28,38
"4280",1998,7,40 - 44,31,47
"4280",1998,7,45 - 49,49,67
"4280",1998,7,50 - 54,59,99
"4280",1998,7,55 - 59,95,117
"4280",1998,7,60 - 64,134,203
"4280",1998,7,65 - 69,241,339
"4280",1998,7,70 - 74,475,478
"4280",1998,7,75 - 79,831,758
"4280",1998,7,80 - 84,930,600
"4280",1998,7,85 - 89,1214,593
"4280",1998,7,90 - 94,0,0
"4280",1998,7,95+,0,0
"4280",1998,7,UNK,0,0
"4280",1998,8,Total,7297,5886
"4280",1998,8,0,15,19
"4280",1998,8,1,4,0
"4280",1998,8,2,4,2
"4280",1998,8,3,3,1
"4280",1998,8,4,5,1
"4280",1998,8,5 - 9,7,7
"4280",1998,8,10 - 14,4,8
"4280",1998,8,15 - 19,8,8
"4280",1998,8,20 - 24,17,33
"4280",1998,8,25 - 29,67,178
"4280",1998,8,30 - 34,120,457
"4280",1998,8,35 - 39,81,456
"4280",1998,8,40 - 44,47,239
"4280",1998,8,45 - 49,46,149
"4280",1998,8,50 - 54,46,136
"4280",1998,8,55 - 59,95,183
"4280",1998,8,60 - 64,211,287
"4280",1998,8,65 - 69,470,513
"4280",1998,8,70 - 74,756,723
"4280",1998,8,75 - 79,1139,759
"4280",1998,8,80 - 84,1530,781
"4280",1998,8,85 - 89,2622,946
"4280",1998,8,90 - 94,0,0
"4280",1998,8,95+,0,0
"4280",1998,8,UNK,0,0
"4280",1998,9,Total,8571,10351
"4280",1998,9,0,5,7
"4280",1998,9,1,2,2
"4280",1998,9,2,0,1
"4280",1998,9,3,0,0
"4280",1998,9,4,0,1
"4280",1998,9,5 - 9,4,0
"4280",1998,9,10 - 14,1,3
"4280",1998,9,15 - 19,5,5
"4280",1998,9,20 - 24,4,19
"4280",1998,9,25 - 29,13,30
"4280",1998,9,30 - 34,35,93
"4280",1998,9,35 - 39,63,217
"4280",1998,9,40 - 44,78,301
"4280",1998,9,45 - 49,101,365
"4280",1998,9,50 - 54,146,543
"4280",1998,9,55 - 59,194,583
"4280",1998,9,60 - 64,321,931
"4280",1998,9,65 - 69,619,1280
"4280",1998,9,70 - 74,942,1431
"4280",1998,9,75 - 79,1381,1586
"4280",1998,9,80 - 84,1601,1291
"4280",1998,9,85 - 89,3056,1662
"4280",1998,9,90 - 94,0,0
"4280",1998,9,95+,0,0
"4280",1998,9,UNK,0,0
"4280",1998,10,Total,4018,3771
"4280",1998,10,0,2,4
"4280",1998,10,1,0,0
"4280",1998,10,2,0,0
"4280",1998,10,3,1,0
"4280",1998,10,4,0,0
"4280",1998,10,5 - 9,1,1
"4280",1998,10,10 - 14,0,0
"4280",1998,10,15 - 19,5,2
"4280",1998,10,20 - 24,2,2
"4280",1998,10,25 - 29,8,4
"4280",1998,10,30 - 34,7,10
"4280",1998,10,35 - 39,6,15
"4280",1998,10,40 - 44,19,24
"4280",1998,10,45 - 49,24,31
"4280",1998,10,50 - 54,34,51
"4280",1998,10,55 - 59,56,70
"4280",1998,10,60 - 64,103,145
"4280",1998,10,65 - 69,214,270
"4280",1998,10,70 - 74,373,426
"4280",1998,10,75 - 79,576,595
"4280",1998,10,80 - 84,828,782
"4280",1998,10,85 - 89,1759,1339
"4280",1998,10,90 - 94,0,0
"4280",1998,10,95+,0,0
"4280",1998,10,UNK,0,0
"4280",1998,11,Total,873,1042
"4280",1998,11,0,624,761
"4280",1998,11,1,20,18
"4280",1998,11,2,7,13
"4280",1998,11,3,7,10
"4280",1998,11,4,7,6
"4280",1998,11,5 - 9,13,20
"4280",1998,11,10 - 14,16,9
"4280",1998,11,15 - 19,18,17
"4280",1998,11,20 - 24,7,22
"4280",1998,11,25 - 29,15,23
"4280",1998,11,30 - 34,15,12
"4280",1998,11,35 - 39,6,19
"4280",1998,11,40 - 44,11,13
"4280",1998,11,45 - 49,15,11
"4280",1998,11,50 - 54,16,15
"4280",1998,11,55 - 59,8,10
"4280",1998,11,60 - 64,8,14
"4280",1998,11,65 - 69,13,8
"4280",1998,11,70 - 74,9,11
"4280",1998,11,75 - 79,16,10
"4280",1998,11,80 - 84,16,6
"4280",1998,11,85 - 89,6,14
"4280",1998,11,90 - 94,0,0
"4280",1998,11,95+,0,0
"4280",1998,11,UNK,0,0
"4280",1998,12,Total,15058,23129
"4280",1998,12,0,18,20
"4280",1998,12,1,1,2
"4280",1998,12,2,2,3
"4280",1998,12,3,3,0
"4280",1998,12,4,0,0
"4280",1998,12,5 - 9,6,4
"4280",1998,12,10 - 14,4,8
"4280",1998,12,15 - 19,10,18
"4280",1998,12,20 - 24,21,40
"4280",1998,12,25 - 29,22,47
"4280",1998,12,30 - 34,36,85
"4280",1998,12,35 - 39,32,83
"4280",1998,12,40 - 44,44,113
"4280",1998,12,45 - 49,65,147
"4280",1998,12,50 - 54,76,259
"4280",1998,12,55 - 59,133,437
"4280",1998,12,60 - 64,271,942
"4280",1998,12,65 - 69,528,1887
"4280",1998,12,70 - 74,1062,3192
"4280",1998,12,75 - 79,1850,4445
"4280",1998,12,80 - 84,3121,4645
"4280",1998,12,85 - 89,7753,6752
"4280",1998,12,90 - 94,0,0
"4280",1998,12,95+,0,0
"4280",1998,12,UNK,0,0
"4280",1998,13,Total,4576,11932
"4280",1998,13,0,19,21
"4280",1998,13,1,24,16
"4280",1998,13,2,11,18
"4280",1998,13,3,11,14
"4280",1998,13,4,5,17
"4280",1998,13,5 - 9,33,71
"4280",1998,13,10 - 14,54,88
"4280",1998,13,15 - 19,199,630
"4280",1998,13,20 - 24,247,1170
"4280",1998,13,25 - 29,249,1206
"4280",1998,13,30 - 34,192,1142
"4280",1998,13,35 - 39,178,969
"4280",1998,13,40 - 44,180,749
"4280",1998,13,45 - 49,158,666
"4280",1998,13,50 - 54,181,682
"4280",1998,13,55 - 59,191,578
"4280",1998,13,60 - 64,227,697
"4280",1998,13,65 - 69,330,697
"4280",1998,13,70 - 74,370,744
"4280",1998,13,75 - 79,447,639
"4280",1998,13,80 - 84,414,491
"4280",1998,13,85 - 89,856,627
"4280",1998,13,90 - 94,0,0
"4280",1998,13,95+,0,0
"4280",1998,13,UNK,0,0
"4280",1998,14,Total,100,255
"4280",1998,14,0,1,1
"4280",1998,14,1,0,0
"4280",1998,14,2,0,0
"4280",1998,14,3,0,1
"4280",1998,14,4,0,0
"4280",1998,14,5 - 9,0,1
"4280",1998,14,10 - 14,0,2
"4280",1998,14,15 - 19,4,12
"4280",1998,14,20 - 24,9,28
"4280",1998,14,25 - 29,11,30
"4280",1998,14,30 - 34,7,31
"4280",1998,14,35 - 39,8,34
"4280",1998,14,40 - 44,7,26
"4280",1998,14,45 - 49,4,22
"4280",1998,14,50 - 54,8,15
"4280",1998,14,55 - 59,3,13
"4280",1998,14,60 - 64,6,14
"4280",1998,14,65 - 69,6,7
"4280",1998,14,70 - 74,11,11
"4280",1998,14,75 - 79,3,3
"4280",1998,14,80 - 84,6,3
"4280",1998,14,85 - 89,6,1
"4280",1998,14,90 - 94,0,0
"4280",1998,14,95+,0,0
"4280",1998,14,UNK,0,0
