"","Year","Cause","Age","Female","Male"
"4210",1990,1,Total,62196,66628
"4210",1990,1,0,589,812
"4210",1990,1,1,65,73
"4210",1990,1,2,33,37
"4210",1990,1,3,28,35
"4210",1990,1,4,19,19
"4210",1990,1,5 - 9,59,104
"4210",1990,1,10 - 14,94,103
"4210",1990,1,15 - 19,130,300
"4210",1990,1,20 - 24,190,433
"4210",1990,1,25 - 29,242,516
"4210",1990,1,30 - 34,314,574
"4210",1990,1,35 - 39,445,719
"4210",1990,1,40 - 44,744,1169
"4210",1990,1,45 - 49,919,1515
"4210",1990,1,50 - 54,1215,2147
"4210",1990,1,55 - 59,1885,3616
"4210",1990,1,60 - 64,2833,5212
"4210",1990,1,65 - 69,4352,8117
"4210",1990,1,70 - 74,5834,9639
"4210",1990,1,75 - 79,9086,10991
"4210",1990,1,80 - 84,12033,9875
"4210",1990,1,85 - 89,21087,10622
"4210",1990,1,90 - 94,0,0
"4210",1990,1,95+,0,0
"4210",1990,1,UNK,0,0
"4210",1990,2,Total,445,388
"4210",1990,2,0,7,12
"4210",1990,2,1,4,5
"4210",1990,2,2,1,6
"4210",1990,2,3,1,3
"4210",1990,2,4,3,4
"4210",1990,2,5 - 9,3,1
"4210",1990,2,10 - 14,4,1
"4210",1990,2,15 - 19,3,6
"4210",1990,2,20 - 24,3,0
"4210",1990,2,25 - 29,2,3
"4210",1990,2,30 - 34,2,5
"4210",1990,2,35 - 39,1,6
"4210",1990,2,40 - 44,4,7
"4210",1990,2,45 - 49,6,14
"4210",1990,2,50 - 54,7,10
"4210",1990,2,55 - 59,6,7
"4210",1990,2,60 - 64,13,27
"4210",1990,2,65 - 69,37,39
"4210",1990,2,70 - 74,45,62
"4210",1990,2,75 - 79,66,54
"4210",1990,2,80 - 84,86,51
"4210",1990,2,85 - 89,141,65
"4210",1990,2,90 - 94,0,0
"4210",1990,2,95+,0,0
"4210",1990,2,UNK,0,0
"4210",1990,3,Total,15629,20186
"4210",1990,3,0,5,5
"4210",1990,3,1,4,1
"4210",1990,3,2,4,6
"4210",1990,3,3,4,2
"4210",1990,3,4,4,1
"4210",1990,3,5 - 9,17,18
"4210",1990,3,10 - 14,20,19
"4210",1990,3,15 - 19,22,38
"4210",1990,3,20 - 24,29,40
"4210",1990,3,25 - 29,58,52
"4210",1990,3,30 - 34,109,87
"4210",1990,3,35 - 39,226,136
"4210",1990,3,40 - 44,399,308
"4210",1990,3,45 - 49,511,527
"4210",1990,3,50 - 54,720,820
"4210",1990,3,55 - 59,1061,1456
"4210",1990,3,60 - 64,1435,2073
"4210",1990,3,65 - 69,1872,3119
"4210",1990,3,70 - 74,1931,3464
"4210",1990,3,75 - 79,2257,3402
"4210",1990,3,80 - 84,2279,2524
"4210",1990,3,85 - 89,2662,2088
"4210",1990,3,90 - 94,0,0
"4210",1990,3,95+,0,0
"4210",1990,3,UNK,0,0
"4210",1990,4,Total,25733,25887
"4210",1990,4,0,6,7
"4210",1990,4,1,1,2
"4210",1990,4,2,2,0
"4210",1990,4,3,0,0
"4210",1990,4,4,0,1
"4210",1990,4,5 - 9,2,1
"4210",1990,4,10 - 14,1,7
"4210",1990,4,15 - 19,6,8
"4210",1990,4,20 - 24,8,29
"4210",1990,4,25 - 29,27,39
"4210",1990,4,30 - 34,42,76
"4210",1990,4,35 - 39,51,148
"4210",1990,4,40 - 44,107,317
"4210",1990,4,45 - 49,151,489
"4210",1990,4,50 - 54,205,748
"4210",1990,4,55 - 59,411,1369
"4210",1990,4,60 - 64,768,2053
"4210",1990,4,65 - 69,1442,3295
"4210",1990,4,70 - 74,2444,3983
"4210",1990,4,75 - 79,4222,4645
"4210",1990,4,80 - 84,5940,4232
"4210",1990,4,85 - 89,9897,4438
"4210",1990,4,90 - 94,0,0
"4210",1990,4,95+,0,0
"4210",1990,4,UNK,0,0
"4210",1990,5,Total,2600,2838
"4210",1990,5,0,59,90
"4210",1990,5,1,10,8
"4210",1990,5,2,6,6
"4210",1990,5,3,3,6
"4210",1990,5,4,1,1
"4210",1990,5,5 - 9,5,7
"4210",1990,5,10 - 14,9,11
"4210",1990,5,15 - 19,8,21
"4210",1990,5,20 - 24,26,57
"4210",1990,5,25 - 29,24,86
"4210",1990,5,30 - 34,23,52
"4210",1990,5,35 - 39,25,69
"4210",1990,5,40 - 44,46,90
"4210",1990,5,45 - 49,54,132
"4210",1990,5,50 - 54,50,156
"4210",1990,5,55 - 59,62,183
"4210",1990,5,60 - 64,92,244
"4210",1990,5,65 - 69,160,316
"4210",1990,5,70 - 74,173,307
"4210",1990,5,75 - 79,271,275
"4210",1990,5,80 - 84,358,253
"4210",1990,5,85 - 89,1135,468
"4210",1990,5,90 - 94,0,0
"4210",1990,5,95+,0,0
"4210",1990,5,UNK,0,0
"4210",1990,6,Total,760,349
"4210",1990,6,0,0,0
"4210",1990,6,1,1,1
"4210",1990,6,2,0,0
"4210",1990,6,3,0,0
"4210",1990,6,4,0,0
"4210",1990,6,5 - 9,0,0
"4210",1990,6,10 - 14,0,0
"4210",1990,6,15 - 19,1,1
"4210",1990,6,20 - 24,2,2
"4210",1990,6,25 - 29,4,2
"4210",1990,6,30 - 34,3,4
"4210",1990,6,35 - 39,4,19
"4210",1990,6,40 - 44,7,13
"4210",1990,6,45 - 49,6,8
"4210",1990,6,50 - 54,5,14
"4210",1990,6,55 - 59,6,19
"4210",1990,6,60 - 64,6,16
"4210",1990,6,65 - 69,13,24
"4210",1990,6,70 - 74,22,27
"4210",1990,6,75 - 79,68,41
"4210",1990,6,80 - 84,149,66
"4210",1990,6,85 - 89,463,92
"4210",1990,6,90 - 94,0,0
"4210",1990,6,95+,0,0
"4210",1990,6,UNK,0,0
"4210",1990,7,Total,1308,1345
"4210",1990,7,0,25,25
"4210",1990,7,1,10,10
"4210",1990,7,2,4,3
"4210",1990,7,3,3,6
"4210",1990,7,4,3,2
"4210",1990,7,5 - 9,5,16
"4210",1990,7,10 - 14,3,6
"4210",1990,7,15 - 19,6,31
"4210",1990,7,20 - 24,9,15
"4210",1990,7,25 - 29,9,20
"4210",1990,7,30 - 34,12,16
"4210",1990,7,35 - 39,11,24
"4210",1990,7,40 - 44,17,29
"4210",1990,7,45 - 49,27,21
"4210",1990,7,50 - 54,18,31
"4210",1990,7,55 - 59,44,55
"4210",1990,7,60 - 64,48,64
"4210",1990,7,65 - 69,91,118
"4210",1990,7,70 - 74,136,181
"4210",1990,7,75 - 79,237,259
"4210",1990,7,80 - 84,251,225
"4210",1990,7,85 - 89,339,188
"4210",1990,7,90 - 94,0,0
"4210",1990,7,95+,0,0
"4210",1990,7,UNK,0,0
"4210",1990,8,Total,2965,1871
"4210",1990,8,0,13,13
"4210",1990,8,1,4,5
"4210",1990,8,2,4,2
"4210",1990,8,3,1,0
"4210",1990,8,4,2,1
"4210",1990,8,5 - 9,2,6
"4210",1990,8,10 - 14,4,5
"4210",1990,8,15 - 19,6,6
"4210",1990,8,20 - 24,3,10
"4210",1990,8,25 - 29,11,30
"4210",1990,8,30 - 34,11,57
"4210",1990,8,35 - 39,6,66
"4210",1990,8,40 - 44,13,74
"4210",1990,8,45 - 49,20,63
"4210",1990,8,50 - 54,29,79
"4210",1990,8,55 - 59,62,127
"4210",1990,8,60 - 64,124,137
"4210",1990,8,65 - 69,217,195
"4210",1990,8,70 - 74,287,188
"4210",1990,8,75 - 79,442,252
"4210",1990,8,80 - 84,669,254
"4210",1990,8,85 - 89,1035,301
"4210",1990,8,90 - 94,0,0
"4210",1990,8,95+,0,0
"4210",1990,8,UNK,0,0
"4210",1990,9,Total,2590,2033
"4210",1990,9,0,3,7
"4210",1990,9,1,2,3
"4210",1990,9,2,0,0
"4210",1990,9,3,0,2
"4210",1990,9,4,1,0
"4210",1990,9,5 - 9,2,1
"4210",1990,9,10 - 14,1,1
"4210",1990,9,15 - 19,2,2
"4210",1990,9,20 - 24,2,3
"4210",1990,9,25 - 29,2,8
"4210",1990,9,30 - 34,8,18
"4210",1990,9,35 - 39,17,38
"4210",1990,9,40 - 44,35,60
"4210",1990,9,45 - 49,40,62
"4210",1990,9,50 - 54,43,76
"4210",1990,9,55 - 59,68,110
"4210",1990,9,60 - 64,85,161
"4210",1990,9,65 - 69,118,187
"4210",1990,9,70 - 74,189,229
"4210",1990,9,75 - 79,366,311
"4210",1990,9,80 - 84,532,332
"4210",1990,9,85 - 89,1074,422
"4210",1990,9,90 - 94,0,0
"4210",1990,9,95+,0,0
"4210",1990,9,UNK,0,0
"4210",1990,10,Total,1461,1069
"4210",1990,10,0,0,0
"4210",1990,10,1,0,0
"4210",1990,10,2,0,0
"4210",1990,10,3,1,1
"4210",1990,10,4,0,0
"4210",1990,10,5 - 9,0,1
"4210",1990,10,10 - 14,0,0
"4210",1990,10,15 - 19,1,0
"4210",1990,10,20 - 24,2,0
"4210",1990,10,25 - 29,2,0
"4210",1990,10,30 - 34,2,2
"4210",1990,10,35 - 39,5,4
"4210",1990,10,40 - 44,4,9
"4210",1990,10,45 - 49,8,3
"4210",1990,10,50 - 54,6,10
"4210",1990,10,55 - 59,9,16
"4210",1990,10,60 - 64,12,24
"4210",1990,10,65 - 69,58,46
"4210",1990,10,70 - 74,81,97
"4210",1990,10,75 - 79,184,161
"4210",1990,10,80 - 84,309,251
"4210",1990,10,85 - 89,777,444
"4210",1990,10,90 - 94,0,0
"4210",1990,10,95+,0,0
"4210",1990,10,UNK,0,0
"4210",1990,11,Total,588,759
"4210",1990,11,0,453,619
"4210",1990,11,1,11,10
"4210",1990,11,2,2,1
"4210",1990,11,3,3,4
"4210",1990,11,4,3,4
"4210",1990,11,5 - 9,5,3
"4210",1990,11,10 - 14,9,6
"4210",1990,11,15 - 19,7,16
"4210",1990,11,20 - 24,9,10
"4210",1990,11,25 - 29,13,12
"4210",1990,11,30 - 34,2,8
"4210",1990,11,35 - 39,6,6
"4210",1990,11,40 - 44,8,6
"4210",1990,11,45 - 49,5,9
"4210",1990,11,50 - 54,5,8
"4210",1990,11,55 - 59,8,12
"4210",1990,11,60 - 64,12,9
"4210",1990,11,65 - 69,8,9
"4210",1990,11,70 - 74,5,4
"4210",1990,11,75 - 79,6,1
"4210",1990,11,80 - 84,5,2
"4210",1990,11,85 - 89,3,0
"4210",1990,11,90 - 94,0,0
"4210",1990,11,95+,0,0
"4210",1990,11,UNK,0,0
"4210",1990,12,Total,4437,6234
"4210",1990,12,0,4,14
"4210",1990,12,1,2,5
"4210",1990,12,2,0,2
"4210",1990,12,3,2,1
"4210",1990,12,4,0,0
"4210",1990,12,5 - 9,1,2
"4210",1990,12,10 - 14,1,2
"4210",1990,12,15 - 19,3,3
"4210",1990,12,20 - 24,2,3
"4210",1990,12,25 - 29,5,4
"4210",1990,12,30 - 34,0,7
"4210",1990,12,35 - 39,10,10
"4210",1990,12,40 - 44,8,20
"4210",1990,12,45 - 49,21,20
"4210",1990,12,50 - 54,36,45
"4210",1990,12,55 - 59,57,113
"4210",1990,12,60 - 64,116,234
"4210",1990,12,65 - 69,179,587
"4210",1990,12,70 - 74,322,874
"4210",1990,12,75 - 79,602,1283
"4210",1990,12,80 - 84,892,1361
"4210",1990,12,85 - 89,2174,1644
"4210",1990,12,90 - 94,0,0
"4210",1990,12,95+,0,0
"4210",1990,12,UNK,0,0
"4210",1990,13,Total,2191,2980
"4210",1990,13,0,9,16
"4210",1990,13,1,14,21
"4210",1990,13,2,7,10
"4210",1990,13,3,9,10
"4210",1990,13,4,2,5
"4210",1990,13,5 - 9,15,44
"4210",1990,13,10 - 14,35,41
"4210",1990,13,15 - 19,58,164
"4210",1990,13,20 - 24,78,251
"4210",1990,13,25 - 29,72,242
"4210",1990,13,30 - 34,84,223
"4210",1990,13,35 - 39,67,178
"4210",1990,13,40 - 44,91,224
"4210",1990,13,45 - 49,61,158
"4210",1990,13,50 - 54,81,139
"4210",1990,13,55 - 59,68,132
"4210",1990,13,60 - 64,86,135
"4210",1990,13,65 - 69,92,136
"4210",1990,13,70 - 74,103,136
"4210",1990,13,75 - 79,164,197
"4210",1990,13,80 - 84,267,200
"4210",1990,13,85 - 89,728,318
"4210",1990,13,90 - 94,0,0
"4210",1990,13,95+,0,0
"4210",1990,13,UNK,0,0
"4210",1990,14,Total,43,92
"4210",1990,14,0,1,3
"4210",1990,14,1,1,1
"4210",1990,14,2,2,1
"4210",1990,14,3,1,0
"4210",1990,14,4,0,0
"4210",1990,14,5 - 9,0,0
"4210",1990,14,10 - 14,1,2
"4210",1990,14,15 - 19,5,3
"4210",1990,14,20 - 24,10,12
"4210",1990,14,25 - 29,4,16
"4210",1990,14,30 - 34,2,15
"4210",1990,14,35 - 39,6,12
"4210",1990,14,40 - 44,2,7
"4210",1990,14,45 - 49,1,4
"4210",1990,14,50 - 54,2,6
"4210",1990,14,55 - 59,1,5
"4210",1990,14,60 - 64,0,4
"4210",1990,14,65 - 69,0,0
"4210",1990,14,70 - 74,2,1
"4210",1990,14,75 - 79,2,0
"4210",1990,14,80 - 84,0,0
"4210",1990,14,85 - 89,0,0
"4210",1990,14,90 - 94,0,0
"4210",1990,14,95+,0,0
"4210",1990,14,UNK,0,0
"4210",1991,1,Total,63279,66679
"4210",1991,1,0,509,782
"4210",1991,1,1,124,181
"4210",1991,1,2,0,0
"4210",1991,1,3,0,0
"4210",1991,1,4,0,0
"4210",1991,1,5 - 9,70,78
"4210",1991,1,10 - 14,79,84
"4210",1991,1,15 - 19,148,277
"4210",1991,1,20 - 24,179,449
"4210",1991,1,25 - 29,225,488
"4210",1991,1,30 - 34,353,591
"4210",1991,1,35 - 39,479,763
"4210",1991,1,40 - 44,789,1160
"4210",1991,1,45 - 49,977,1478
"4210",1991,1,50 - 54,1262,2259
"4210",1991,1,55 - 59,1851,3354
"4210",1991,1,60 - 64,2893,5458
"4210",1991,1,65 - 69,4446,7772
"4210",1991,1,70 - 74,6118,9657
"4210",1991,1,75 - 79,9093,11091
"4210",1991,1,80 - 84,12052,9917
"4210",1991,1,85 - 89,21632,10840
"4210",1991,1,90 - 94,0,0
"4210",1991,1,95+,0,0
"4210",1991,1,UNK,0,0
"4210",1991,2,Total,491,415
"4210",1991,2,0,8,15
"4210",1991,2,1,14,14
"4210",1991,2,2,0,0
"4210",1991,2,3,0,0
"4210",1991,2,4,0,0
"4210",1991,2,5 - 9,2,0
"4210",1991,2,10 - 14,6,4
"4210",1991,2,15 - 19,9,4
"4210",1991,2,20 - 24,5,7
"4210",1991,2,25 - 29,4,5
"4210",1991,2,30 - 34,3,2
"4210",1991,2,35 - 39,3,4
"4210",1991,2,40 - 44,9,9
"4210",1991,2,45 - 49,4,9
"4210",1991,2,50 - 54,7,15
"4210",1991,2,55 - 59,7,12
"4210",1991,2,60 - 64,17,27
"4210",1991,2,65 - 69,37,34
"4210",1991,2,70 - 74,51,59
"4210",1991,2,75 - 79,65,63
"4210",1991,2,80 - 84,100,66
"4210",1991,2,85 - 89,140,66
"4210",1991,2,90 - 94,0,0
"4210",1991,2,95+,0,0
"4210",1991,2,UNK,0,0
"4210",1991,3,Total,15958,20509
"4210",1991,3,0,5,6
"4210",1991,3,1,13,19
"4210",1991,3,2,0,0
"4210",1991,3,3,0,0
"4210",1991,3,4,0,0
"4210",1991,3,5 - 9,15,12
"4210",1991,3,10 - 14,22,19
"4210",1991,3,15 - 19,23,30
"4210",1991,3,20 - 24,30,42
"4210",1991,3,25 - 29,63,73
"4210",1991,3,30 - 34,132,91
"4210",1991,3,35 - 39,213,144
"4210",1991,3,40 - 44,413,313
"4210",1991,3,45 - 49,582,485
"4210",1991,3,50 - 54,738,848
"4210",1991,3,55 - 59,1009,1406
"4210",1991,3,60 - 64,1413,2237
"4210",1991,3,65 - 69,1901,3067
"4210",1991,3,70 - 74,2070,3418
"4210",1991,3,75 - 79,2279,3514
"4210",1991,3,80 - 84,2315,2652
"4210",1991,3,85 - 89,2722,2133
"4210",1991,3,90 - 94,0,0
"4210",1991,3,95+,0,0
"4210",1991,3,UNK,0,0
"4210",1991,4,Total,26124,25755
"4210",1991,4,0,6,2
"4210",1991,4,1,1,5
"4210",1991,4,2,0,0
"4210",1991,4,3,0,0
"4210",1991,4,4,0,0
"4210",1991,4,5 - 9,1,2
"4210",1991,4,10 - 14,1,0
"4210",1991,4,15 - 19,7,9
"4210",1991,4,20 - 24,11,23
"4210",1991,4,25 - 29,20,32
"4210",1991,4,30 - 34,32,70
"4210",1991,4,35 - 39,61,145
"4210",1991,4,40 - 44,113,318
"4210",1991,4,45 - 49,161,506
"4210",1991,4,50 - 54,236,747
"4210",1991,4,55 - 59,417,1199
"4210",1991,4,60 - 64,821,2172
"4210",1991,4,65 - 69,1496,3123
"4210",1991,4,70 - 74,2505,3999
"4210",1991,4,75 - 79,4238,4644
"4210",1991,4,80 - 84,5823,4211
"4210",1991,4,85 - 89,10174,4548
"4210",1991,4,90 - 94,0,0
"4210",1991,4,95+,0,0
"4210",1991,4,UNK,0,0
"4210",1991,5,Total,2580,2725
"4210",1991,5,0,51,68
"4210",1991,5,1,10,18
"4210",1991,5,2,0,0
"4210",1991,5,3,0,0
"4210",1991,5,4,0,0
"4210",1991,5,5 - 9,8,7
"4210",1991,5,10 - 14,4,8
"4210",1991,5,15 - 19,9,15
"4210",1991,5,20 - 24,19,47
"4210",1991,5,25 - 29,13,68
"4210",1991,5,30 - 34,30,67
"4210",1991,5,35 - 39,36,67
"4210",1991,5,40 - 44,42,84
"4210",1991,5,45 - 49,41,99
"4210",1991,5,50 - 54,52,156
"4210",1991,5,55 - 59,75,160
"4210",1991,5,60 - 64,103,213
"4210",1991,5,65 - 69,137,282
"4210",1991,5,70 - 74,182,278
"4210",1991,5,75 - 79,261,292
"4210",1991,5,80 - 84,325,280
"4210",1991,5,85 - 89,1182,516
"4210",1991,5,90 - 94,0,0
"4210",1991,5,95+,0,0
"4210",1991,5,UNK,0,0
"4210",1991,6,Total,1026,415
"4210",1991,6,0,0,0
"4210",1991,6,1,0,0
"4210",1991,6,2,0,0
"4210",1991,6,3,0,0
"4210",1991,6,4,0,0
"4210",1991,6,5 - 9,0,0
"4210",1991,6,10 - 14,0,0
"4210",1991,6,15 - 19,2,0
"4210",1991,6,20 - 24,2,2
"4210",1991,6,25 - 29,0,2
"4210",1991,6,30 - 34,5,3
"4210",1991,6,35 - 39,4,5
"4210",1991,6,40 - 44,7,13
"4210",1991,6,45 - 49,5,14
"4210",1991,6,50 - 54,8,17
"4210",1991,6,55 - 59,4,21
"4210",1991,6,60 - 64,10,24
"4210",1991,6,65 - 69,19,27
"4210",1991,6,70 - 74,39,28
"4210",1991,6,75 - 79,109,46
"4210",1991,6,80 - 84,208,71
"4210",1991,6,85 - 89,604,142
"4210",1991,6,90 - 94,0,0
"4210",1991,6,95+,0,0
"4210",1991,6,UNK,0,0
"4210",1991,7,Total,1453,1308
"4210",1991,7,0,16,14
"4210",1991,7,1,18,14
"4210",1991,7,2,0,0
"4210",1991,7,3,0,0
"4210",1991,7,4,0,0
"4210",1991,7,5 - 9,5,5
"4210",1991,7,10 - 14,9,6
"4210",1991,7,15 - 19,7,17
"4210",1991,7,20 - 24,9,14
"4210",1991,7,25 - 29,9,16
"4210",1991,7,30 - 34,17,19
"4210",1991,7,35 - 39,15,30
"4210",1991,7,40 - 44,14,25
"4210",1991,7,45 - 49,22,24
"4210",1991,7,50 - 54,29,58
"4210",1991,7,55 - 59,39,45
"4210",1991,7,60 - 64,68,81
"4210",1991,7,65 - 69,118,106
"4210",1991,7,70 - 74,139,171
"4210",1991,7,75 - 79,221,259
"4210",1991,7,80 - 84,329,231
"4210",1991,7,85 - 89,369,173
"4210",1991,7,90 - 94,0,0
"4210",1991,7,95+,0,0
"4210",1991,7,UNK,0,0
"4210",1991,8,Total,2758,1790
"4210",1991,8,0,13,15
"4210",1991,8,1,6,10
"4210",1991,8,2,0,0
"4210",1991,8,3,0,0
"4210",1991,8,4,0,0
"4210",1991,8,5 - 9,5,4
"4210",1991,8,10 - 14,3,2
"4210",1991,8,15 - 19,6,2
"4210",1991,8,20 - 24,7,9
"4210",1991,8,25 - 29,4,29
"4210",1991,8,30 - 34,8,50
"4210",1991,8,35 - 39,13,85
"4210",1991,8,40 - 44,22,80
"4210",1991,8,45 - 49,20,69
"4210",1991,8,50 - 54,33,87
"4210",1991,8,55 - 59,77,124
"4210",1991,8,60 - 64,100,129
"4210",1991,8,65 - 69,188,165
"4210",1991,8,70 - 74,284,198
"4210",1991,8,75 - 79,426,228
"4210",1991,8,80 - 84,590,214
"4210",1991,8,85 - 89,953,290
"4210",1991,8,90 - 94,0,0
"4210",1991,8,95+,0,0
"4210",1991,8,UNK,0,0
"4210",1991,9,Total,2689,2038
"4210",1991,9,0,1,4
"4210",1991,9,1,2,2
"4210",1991,9,2,0,0
"4210",1991,9,3,0,0
"4210",1991,9,4,0,0
"4210",1991,9,5 - 9,2,1
"4210",1991,9,10 - 14,0,3
"4210",1991,9,15 - 19,1,1
"4210",1991,9,20 - 24,1,4
"4210",1991,9,25 - 29,7,16
"4210",1991,9,30 - 34,12,21
"4210",1991,9,35 - 39,15,43
"4210",1991,9,40 - 44,39,64
"4210",1991,9,45 - 49,26,83
"4210",1991,9,50 - 54,36,90
"4210",1991,9,55 - 59,55,99
"4210",1991,9,60 - 64,95,140
"4210",1991,9,65 - 69,144,202
"4210",1991,9,70 - 74,207,262
"4210",1991,9,75 - 79,354,314
"4210",1991,9,80 - 84,556,312
"4210",1991,9,85 - 89,1136,377
"4210",1991,9,90 - 94,0,0
"4210",1991,9,95+,0,0
"4210",1991,9,UNK,0,0
"4210",1991,10,Total,1501,975
"4210",1991,10,0,0,0
"4210",1991,10,1,0,0
"4210",1991,10,2,0,0
"4210",1991,10,3,0,0
"4210",1991,10,4,0,0
"4210",1991,10,5 - 9,1,0
"4210",1991,10,10 - 14,1,1
"4210",1991,10,15 - 19,0,1
"4210",1991,10,20 - 24,1,2
"4210",1991,10,25 - 29,1,0
"4210",1991,10,30 - 34,1,2
"4210",1991,10,35 - 39,4,0
"4210",1991,10,40 - 44,4,3
"4210",1991,10,45 - 49,8,8
"4210",1991,10,50 - 54,8,12
"4210",1991,10,55 - 59,11,17
"4210",1991,10,60 - 64,19,20
"4210",1991,10,65 - 69,40,35
"4210",1991,10,70 - 74,82,89
"4210",1991,10,75 - 79,189,145
"4210",1991,10,80 - 84,333,231
"4210",1991,10,85 - 89,798,409
"4210",1991,10,90 - 94,0,0
"4210",1991,10,95+,0,0
"4210",1991,10,UNK,0,0
"4210",1991,11,Total,520,773
"4210",1991,11,0,391,635
"4210",1991,11,1,23,39
"4210",1991,11,2,0,0
"4210",1991,11,3,0,0
"4210",1991,11,4,0,0
"4210",1991,11,5 - 9,5,6
"4210",1991,11,10 - 14,7,8
"4210",1991,11,15 - 19,14,9
"4210",1991,11,20 - 24,8,7
"4210",1991,11,25 - 29,9,7
"4210",1991,11,30 - 34,7,10
"4210",1991,11,35 - 39,4,6
"4210",1991,11,40 - 44,10,5
"4210",1991,11,45 - 49,4,5
"4210",1991,11,50 - 54,8,8
"4210",1991,11,55 - 59,6,7
"4210",1991,11,60 - 64,9,10
"4210",1991,11,65 - 69,3,6
"4210",1991,11,70 - 74,4,2
"4210",1991,11,75 - 79,4,2
"4210",1991,11,80 - 84,3,1
"4210",1991,11,85 - 89,1,0
"4210",1991,11,90 - 94,0,0
"4210",1991,11,95+,0,0
"4210",1991,11,UNK,0,0
"4210",1991,12,Total,4472,6219
"4210",1991,12,0,9,10
"4210",1991,12,1,5,9
"4210",1991,12,2,0,0
"4210",1991,12,3,0,0
"4210",1991,12,4,0,0
"4210",1991,12,5 - 9,5,0
"4210",1991,12,10 - 14,2,2
"4210",1991,12,15 - 19,3,4
"4210",1991,12,20 - 24,3,4
"4210",1991,12,25 - 29,3,2
"4210",1991,12,30 - 34,5,3
"4210",1991,12,35 - 39,8,18
"4210",1991,12,40 - 44,13,16
"4210",1991,12,45 - 49,23,23
"4210",1991,12,50 - 54,32,42
"4210",1991,12,55 - 59,57,117
"4210",1991,12,60 - 64,125,240
"4210",1991,12,65 - 69,215,512
"4210",1991,12,70 - 74,337,909
"4210",1991,12,75 - 79,583,1309
"4210",1991,12,80 - 84,893,1326
"4210",1991,12,85 - 89,2151,1673
"4210",1991,12,90 - 94,0,0
"4210",1991,12,95+,0,0
"4210",1991,12,UNK,0,0
"4210",1991,13,Total,2232,3036
"4210",1991,13,0,8,11
"4210",1991,13,1,23,49
"4210",1991,13,2,0,0
"4210",1991,13,3,0,0
"4210",1991,13,4,0,0
"4210",1991,13,5 - 9,19,39
"4210",1991,13,10 - 14,23,30
"4210",1991,13,15 - 19,57,179
"4210",1991,13,20 - 24,74,275
"4210",1991,13,25 - 29,80,215
"4210",1991,13,30 - 34,87,231
"4210",1991,13,35 - 39,85,205
"4210",1991,13,40 - 44,84,211
"4210",1991,13,45 - 49,67,145
"4210",1991,13,50 - 54,61,162
"4210",1991,13,55 - 59,84,132
"4210",1991,13,60 - 64,81,129
"4210",1991,13,65 - 69,91,158
"4210",1991,13,70 - 74,116,162
"4210",1991,13,75 - 79,165,183
"4210",1991,13,80 - 84,282,212
"4210",1991,13,85 - 89,745,308
"4210",1991,13,90 - 94,0,0
"4210",1991,13,95+,0,0
"4210",1991,13,UNK,0,0
"4210",1991,14,Total,59,118
"4210",1991,14,0,0,1
"4210",1991,14,1,5,1
"4210",1991,14,2,0,0
"4210",1991,14,3,0,0
"4210",1991,14,4,0,0
"4210",1991,14,5 - 9,1,2
"4210",1991,14,10 - 14,1,1
"4210",1991,14,15 - 19,5,3
"4210",1991,14,20 - 24,8,13
"4210",1991,14,25 - 29,5,20
"4210",1991,14,30 - 34,8,20
"4210",1991,14,35 - 39,5,10
"4210",1991,14,40 - 44,4,12
"4210",1991,14,45 - 49,3,6
"4210",1991,14,50 - 54,2,9
"4210",1991,14,55 - 59,0,6
"4210",1991,14,60 - 64,2,4
"4210",1991,14,65 - 69,3,5
"4210",1991,14,70 - 74,0,1
"4210",1991,14,75 - 79,3,2
"4210",1991,14,80 - 84,3,0
"4210",1991,14,85 - 89,1,2
"4210",1991,14,90 - 94,0,0
"4210",1991,14,95+,0,0
"4210",1991,14,UNK,0,0
"4210",1992,1,Total,63623,66264
"4210",1992,1,0,547,690
"4210",1992,1,1,114,159
"4210",1992,1,2,0,0
"4210",1992,1,3,0,0
"4210",1992,1,4,0,0
"4210",1992,1,5 - 9,63,100
"4210",1992,1,10 - 14,71,94
"4210",1992,1,15 - 19,128,251
"4210",1992,1,20 - 24,160,448
"4210",1992,1,25 - 29,255,537
"4210",1992,1,30 - 34,320,588
"4210",1992,1,35 - 39,483,748
"4210",1992,1,40 - 44,774,1171
"4210",1992,1,45 - 49,1081,1641
"4210",1992,1,50 - 54,1316,2156
"4210",1992,1,55 - 59,1795,3310
"4210",1992,1,60 - 64,2916,5311
"4210",1992,1,65 - 69,4306,7615
"4210",1992,1,70 - 74,6134,9864
"4210",1992,1,75 - 79,8912,11023
"4210",1992,1,80 - 84,12119,9819
"4210",1992,1,85 - 89,22129,10739
"4210",1992,1,90 - 94,0,0
"4210",1992,1,95+,0,0
"4210",1992,1,UNK,0,0
"4210",1992,2,Total,461,466
"4210",1992,2,0,5,9
"4210",1992,2,1,14,18
"4210",1992,2,2,0,0
"4210",1992,2,3,0,0
"4210",1992,2,4,0,0
"4210",1992,2,5 - 9,1,2
"4210",1992,2,10 - 14,2,0
"4210",1992,2,15 - 19,3,6
"4210",1992,2,20 - 24,0,3
"4210",1992,2,25 - 29,2,5
"4210",1992,2,30 - 34,3,3
"4210",1992,2,35 - 39,3,5
"4210",1992,2,40 - 44,5,13
"4210",1992,2,45 - 49,7,14
"4210",1992,2,50 - 54,10,11
"4210",1992,2,55 - 59,8,14
"4210",1992,2,60 - 64,19,32
"4210",1992,2,65 - 69,34,38
"4210",1992,2,70 - 74,46,68
"4210",1992,2,75 - 79,63,70
"4210",1992,2,80 - 84,94,70
"4210",1992,2,85 - 89,142,85
"4210",1992,2,90 - 94,0,0
"4210",1992,2,95+,0,0
"4210",1992,2,UNK,0,0
"4210",1992,3,Total,16128,20874
"4210",1992,3,0,4,5
"4210",1992,3,1,14,15
"4210",1992,3,2,0,0
"4210",1992,3,3,0,0
"4210",1992,3,4,0,0
"4210",1992,3,5 - 9,9,26
"4210",1992,3,10 - 14,10,14
"4210",1992,3,15 - 19,24,27
"4210",1992,3,20 - 24,29,47
"4210",1992,3,25 - 29,67,44
"4210",1992,3,30 - 34,96,84
"4210",1992,3,35 - 39,218,144
"4210",1992,3,40 - 44,389,308
"4210",1992,3,45 - 49,600,552
"4210",1992,3,50 - 54,764,821
"4210",1992,3,55 - 59,1040,1417
"4210",1992,3,60 - 64,1459,2269
"4210",1992,3,65 - 69,1771,3095
"4210",1992,3,70 - 74,2056,3663
"4210",1992,3,75 - 79,2302,3509
"4210",1992,3,80 - 84,2388,2689
"4210",1992,3,85 - 89,2888,2145
"4210",1992,3,90 - 94,0,0
"4210",1992,3,95+,0,0
"4210",1992,3,UNK,0,0
"4210",1992,4,Total,26392,25178
"4210",1992,4,0,2,6
"4210",1992,4,1,2,4
"4210",1992,4,2,0,0
"4210",1992,4,3,0,0
"4210",1992,4,4,0,0
"4210",1992,4,5 - 9,1,2
"4210",1992,4,10 - 14,3,8
"4210",1992,4,15 - 19,7,3
"4210",1992,4,20 - 24,15,25
"4210",1992,4,25 - 29,27,44
"4210",1992,4,30 - 34,43,66
"4210",1992,4,35 - 39,79,150
"4210",1992,4,40 - 44,138,301
"4210",1992,4,45 - 49,194,526
"4210",1992,4,50 - 54,226,711
"4210",1992,4,55 - 59,355,1155
"4210",1992,4,60 - 64,802,1978
"4210",1992,4,65 - 69,1482,3044
"4210",1992,4,70 - 74,2527,3992
"4210",1992,4,75 - 79,4120,4564
"4210",1992,4,80 - 84,5880,4124
"4210",1992,4,85 - 89,10489,4475
"4210",1992,4,90 - 94,0,0
"4210",1992,4,95+,0,0
"4210",1992,4,UNK,0,0
"4210",1992,5,Total,2677,2690
"4210",1992,5,0,39,66
"4210",1992,5,1,14,16
"4210",1992,5,2,0,0
"4210",1992,5,3,0,0
"4210",1992,5,4,0,0
"4210",1992,5,5 - 9,7,11
"4210",1992,5,10 - 14,5,12
"4210",1992,5,15 - 19,12,20
"4210",1992,5,20 - 24,19,52
"4210",1992,5,25 - 29,22,64
"4210",1992,5,30 - 34,22,55
"4210",1992,5,35 - 39,17,51
"4210",1992,5,40 - 44,36,83
"4210",1992,5,45 - 49,57,120
"4210",1992,5,50 - 54,54,141
"4210",1992,5,55 - 59,71,165
"4210",1992,5,60 - 64,92,244
"4210",1992,5,65 - 69,160,242
"4210",1992,5,70 - 74,174,265
"4210",1992,5,75 - 79,239,275
"4210",1992,5,80 - 84,367,263
"4210",1992,5,85 - 89,1270,545
"4210",1992,5,90 - 94,0,0
"4210",1992,5,95+,0,0
"4210",1992,5,UNK,0,0
"4210",1992,6,Total,1533,636
"4210",1992,6,0,0,0
"4210",1992,6,1,0,1
"4210",1992,6,2,0,0
"4210",1992,6,3,0,0
"4210",1992,6,4,0,0
"4210",1992,6,5 - 9,0,0
"4210",1992,6,10 - 14,1,0
"4210",1992,6,15 - 19,1,1
"4210",1992,6,20 - 24,0,2
"4210",1992,6,25 - 29,2,2
"4210",1992,6,30 - 34,1,5
"4210",1992,6,35 - 39,5,13
"4210",1992,6,40 - 44,5,17
"4210",1992,6,45 - 49,9,17
"4210",1992,6,50 - 54,8,18
"4210",1992,6,55 - 59,8,25
"4210",1992,6,60 - 64,14,16
"4210",1992,6,65 - 69,28,31
"4210",1992,6,70 - 74,55,47
"4210",1992,6,75 - 79,189,110
"4210",1992,6,80 - 84,326,101
"4210",1992,6,85 - 89,881,230
"4210",1992,6,90 - 94,0,0
"4210",1992,6,95+,0,0
"4210",1992,6,UNK,0,0
"4210",1992,7,Total,1324,1362
"4210",1992,7,0,15,23
"4210",1992,7,1,6,9
"4210",1992,7,2,0,0
"4210",1992,7,3,0,0
"4210",1992,7,4,0,0
"4210",1992,7,5 - 9,7,5
"4210",1992,7,10 - 14,4,12
"4210",1992,7,15 - 19,5,22
"4210",1992,7,20 - 24,6,10
"4210",1992,7,25 - 29,12,25
"4210",1992,7,30 - 34,15,21
"4210",1992,7,35 - 39,17,21
"4210",1992,7,40 - 44,18,31
"4210",1992,7,45 - 49,32,29
"4210",1992,7,50 - 54,27,40
"4210",1992,7,55 - 59,40,58
"4210",1992,7,60 - 64,65,86
"4210",1992,7,65 - 69,99,118
"4210",1992,7,70 - 74,143,201
"4210",1992,7,75 - 79,215,230
"4210",1992,7,80 - 84,265,216
"4210",1992,7,85 - 89,333,205
"4210",1992,7,90 - 94,0,0
"4210",1992,7,95+,0,0
"4210",1992,7,UNK,0,0
"4210",1992,8,Total,2548,1848
"4210",1992,8,0,5,13
"4210",1992,8,1,5,9
"4210",1992,8,2,0,0
"4210",1992,8,3,0,0
"4210",1992,8,4,0,0
"4210",1992,8,5 - 9,5,5
"4210",1992,8,10 - 14,6,5
"4210",1992,8,15 - 19,1,2
"4210",1992,8,20 - 24,8,7
"4210",1992,8,25 - 29,11,37
"4210",1992,8,30 - 34,22,73
"4210",1992,8,35 - 39,18,78
"4210",1992,8,40 - 44,16,125
"4210",1992,8,45 - 49,25,95
"4210",1992,8,50 - 54,35,84
"4210",1992,8,55 - 59,71,107
"4210",1992,8,60 - 64,98,119
"4210",1992,8,65 - 69,158,162
"4210",1992,8,70 - 74,269,186
"4210",1992,8,75 - 79,380,224
"4210",1992,8,80 - 84,538,224
"4210",1992,8,85 - 89,877,293
"4210",1992,8,90 - 94,0,0
"4210",1992,8,95+,0,0
"4210",1992,8,UNK,0,0
"4210",1992,9,Total,2816,2124
"4210",1992,9,0,3,3
"4210",1992,9,1,2,3
"4210",1992,9,2,0,0
"4210",1992,9,3,0,0
"4210",1992,9,4,0,0
"4210",1992,9,5 - 9,0,0
"4210",1992,9,10 - 14,1,3
"4210",1992,9,15 - 19,2,1
"4210",1992,9,20 - 24,2,6
"4210",1992,9,25 - 29,5,7
"4210",1992,9,30 - 34,12,22
"4210",1992,9,35 - 39,20,31
"4210",1992,9,40 - 44,40,64
"4210",1992,9,45 - 49,35,60
"4210",1992,9,50 - 54,52,115
"4210",1992,9,55 - 59,57,115
"4210",1992,9,60 - 64,91,135
"4210",1992,9,65 - 69,138,210
"4210",1992,9,70 - 74,226,277
"4210",1992,9,75 - 79,368,325
"4210",1992,9,80 - 84,597,340
"4210",1992,9,85 - 89,1165,407
"4210",1992,9,90 - 94,0,0
"4210",1992,9,95+,0,0
"4210",1992,9,UNK,0,0
"4210",1992,10,Total,1487,921
"4210",1992,10,0,1,0
"4210",1992,10,1,0,2
"4210",1992,10,2,0,0
"4210",1992,10,3,0,0
"4210",1992,10,4,0,0
"4210",1992,10,5 - 9,1,1
"4210",1992,10,10 - 14,0,0
"4210",1992,10,15 - 19,0,0
"4210",1992,10,20 - 24,0,1
"4210",1992,10,25 - 29,3,4
"4210",1992,10,30 - 34,4,2
"4210",1992,10,35 - 39,2,2
"4210",1992,10,40 - 44,4,4
"4210",1992,10,45 - 49,7,3
"4210",1992,10,50 - 54,12,7
"4210",1992,10,55 - 59,11,14
"4210",1992,10,60 - 64,22,25
"4210",1992,10,65 - 69,53,55
"4210",1992,10,70 - 74,85,94
"4210",1992,10,75 - 79,168,143
"4210",1992,10,80 - 84,301,213
"4210",1992,10,85 - 89,813,351
"4210",1992,10,90 - 94,0,0
"4210",1992,10,95+,0,0
"4210",1992,10,UNK,0,0
"4210",1992,11,Total,582,667
"4210",1992,11,0,457,539
"4210",1992,11,1,23,27
"4210",1992,11,2,0,0
"4210",1992,11,3,0,0
"4210",1992,11,4,0,0
"4210",1992,11,5 - 9,10,11
"4210",1992,11,10 - 14,7,4
"4210",1992,11,15 - 19,10,9
"4210",1992,11,20 - 24,6,8
"4210",1992,11,25 - 29,7,14
"4210",1992,11,30 - 34,8,6
"4210",1992,11,35 - 39,4,9
"4210",1992,11,40 - 44,8,10
"4210",1992,11,45 - 49,3,2
"4210",1992,11,50 - 54,3,8
"4210",1992,11,55 - 59,14,7
"4210",1992,11,60 - 64,9,8
"4210",1992,11,65 - 69,5,2
"4210",1992,11,70 - 74,5,2
"4210",1992,11,75 - 79,2,1
"4210",1992,11,80 - 84,1,0
"4210",1992,11,85 - 89,0,0
"4210",1992,11,90 - 94,0,0
"4210",1992,11,95+,0,0
"4210",1992,11,UNK,0,0
"4210",1992,12,Total,4108,5734
"4210",1992,12,0,4,10
"4210",1992,12,1,6,6
"4210",1992,12,2,0,0
"4210",1992,12,3,0,0
"4210",1992,12,4,0,0
"4210",1992,12,5 - 9,4,1
"4210",1992,12,10 - 14,0,1
"4210",1992,12,15 - 19,4,5
"4210",1992,12,20 - 24,0,6
"4210",1992,12,25 - 29,8,7
"4210",1992,12,30 - 34,5,4
"4210",1992,12,35 - 39,6,9
"4210",1992,12,40 - 44,18,12
"4210",1992,12,45 - 49,18,24
"4210",1992,12,50 - 54,34,48
"4210",1992,12,55 - 59,55,76
"4210",1992,12,60 - 64,117,236
"4210",1992,12,65 - 69,220,417
"4210",1992,12,70 - 74,322,822
"4210",1992,12,75 - 79,514,1269
"4210",1992,12,80 - 84,832,1252
"4210",1992,12,85 - 89,1941,1529
"4210",1992,12,90 - 94,0,0
"4210",1992,12,95+,0,0
"4210",1992,12,UNK,0,0
"4210",1992,13,Total,2249,2982
"4210",1992,13,0,7,12
"4210",1992,13,1,23,43
"4210",1992,13,2,0,0
"4210",1992,13,3,0,0
"4210",1992,13,4,0,0
"4210",1992,13,5 - 9,15,32
"4210",1992,13,10 - 14,28,33
"4210",1992,13,15 - 19,51,148
"4210",1992,13,20 - 24,64,264
"4210",1992,13,25 - 29,77,257
"4210",1992,13,30 - 34,71,219
"4210",1992,13,35 - 39,82,214
"4210",1992,13,40 - 44,89,184
"4210",1992,13,45 - 49,81,187
"4210",1992,13,50 - 54,77,136
"4210",1992,13,55 - 59,54,135
"4210",1992,13,60 - 64,102,125
"4210",1992,13,65 - 69,100,141
"4210",1992,13,70 - 74,131,171
"4210",1992,13,75 - 79,182,190
"4210",1992,13,80 - 84,282,192
"4210",1992,13,85 - 89,733,299
"4210",1992,13,90 - 94,0,0
"4210",1992,13,95+,0,0
"4210",1992,13,UNK,0,0
"4210",1992,14,Total,53,140
"4210",1992,14,0,3,2
"4210",1992,14,1,3,2
"4210",1992,14,2,0,0
"4210",1992,14,3,0,0
"4210",1992,14,4,0,0
"4210",1992,14,5 - 9,2,2
"4210",1992,14,10 - 14,0,2
"4210",1992,14,15 - 19,6,7
"4210",1992,14,20 - 24,7,15
"4210",1992,14,25 - 29,5,24
"4210",1992,14,30 - 34,7,26
"4210",1992,14,35 - 39,6,16
"4210",1992,14,40 - 44,2,15
"4210",1992,14,45 - 49,1,5
"4210",1992,14,50 - 54,3,7
"4210",1992,14,55 - 59,2,4
"4210",1992,14,60 - 64,0,5
"4210",1992,14,65 - 69,2,6
"4210",1992,14,70 - 74,1,1
"4210",1992,14,75 - 79,1,1
"4210",1992,14,80 - 84,2,0
"4210",1992,14,85 - 89,0,0
"4210",1992,14,90 - 94,0,0
"4210",1992,14,95+,0,0
"4210",1992,14,UNK,0,0
"4210",1993,1,Total,67911,69884
"4210",1993,1,0,511,720
"4210",1993,1,1,117,142
"4210",1993,1,2,0,0
"4210",1993,1,3,0,0
"4210",1993,1,4,0,0
"4210",1993,1,5 - 9,68,89
"4210",1993,1,10 - 14,74,98
"4210",1993,1,15 - 19,96,284
"4210",1993,1,20 - 24,182,426
"4210",1993,1,25 - 29,256,493
"4210",1993,1,30 - 34,385,631
"4210",1993,1,35 - 39,488,766
"4210",1993,1,40 - 44,740,1098
"4210",1993,1,45 - 49,1157,1823
"4210",1993,1,50 - 54,1314,2205
"4210",1993,1,55 - 59,1907,3472
"4210",1993,1,60 - 64,2901,5496
"4210",1993,1,65 - 69,4354,7860
"4210",1993,1,70 - 74,6565,10417
"4210",1993,1,75 - 79,9105,11426
"4210",1993,1,80 - 84,12886,10688
"4210",1993,1,85 - 89,24805,11750
"4210",1993,1,90 - 94,0,0
"4210",1993,1,95+,0,0
"4210",1993,1,UNK,0,0
"4210",1993,2,Total,609,541
"4210",1993,2,0,7,12
"4210",1993,2,1,14,12
"4210",1993,2,2,0,0
"4210",1993,2,3,0,0
"4210",1993,2,4,0,0
"4210",1993,2,5 - 9,5,4
"4210",1993,2,10 - 14,3,1
"4210",1993,2,15 - 19,2,5
"4210",1993,2,20 - 24,2,3
"4210",1993,2,25 - 29,3,5
"4210",1993,2,30 - 34,5,9
"4210",1993,2,35 - 39,6,9
"4210",1993,2,40 - 44,2,9
"4210",1993,2,45 - 49,6,12
"4210",1993,2,50 - 54,11,13
"4210",1993,2,55 - 59,14,22
"4210",1993,2,60 - 64,19,26
"4210",1993,2,65 - 69,28,55
"4210",1993,2,70 - 74,67,80
"4210",1993,2,75 - 79,85,102
"4210",1993,2,80 - 84,137,65
"4210",1993,2,85 - 89,193,97
"4210",1993,2,90 - 94,0,0
"4210",1993,2,95+,0,0
"4210",1993,2,UNK,0,0
"4210",1993,3,Total,16465,20894
"4210",1993,3,0,5,3
"4210",1993,3,1,12,19
"4210",1993,3,2,0,0
"4210",1993,3,3,0,0
"4210",1993,3,4,0,0
"4210",1993,3,5 - 9,17,24
"4210",1993,3,10 - 14,13,17
"4210",1993,3,15 - 19,19,33
"4210",1993,3,20 - 24,23,45
"4210",1993,3,25 - 29,63,55
"4210",1993,3,30 - 34,128,89
"4210",1993,3,35 - 39,197,130
"4210",1993,3,40 - 44,389,279
"4210",1993,3,45 - 49,644,619
"4210",1993,3,50 - 54,801,837
"4210",1993,3,55 - 59,1053,1463
"4210",1993,3,60 - 64,1471,2305
"4210",1993,3,65 - 69,1802,3071
"4210",1993,3,70 - 74,2193,3571
"4210",1993,3,75 - 79,2316,3437
"4210",1993,3,80 - 84,2376,2677
"4210",1993,3,85 - 89,2943,2220
"4210",1993,3,90 - 94,0,0
"4210",1993,3,95+,0,0
"4210",1993,3,UNK,0,0
"4210",1993,4,Total,27711,26606
"4210",1993,4,0,5,7
"4210",1993,4,1,4,0
"4210",1993,4,2,0,0
"4210",1993,4,3,0,0
"4210",1993,4,4,0,0
"4210",1993,4,5 - 9,1,1
"4210",1993,4,10 - 14,1,4
"4210",1993,4,15 - 19,6,9
"4210",1993,4,20 - 24,21,19
"4210",1993,4,25 - 29,28,39
"4210",1993,4,30 - 34,52,70
"4210",1993,4,35 - 39,76,167
"4210",1993,4,40 - 44,119,282
"4210",1993,4,45 - 49,200,555
"4210",1993,4,50 - 54,232,717
"4210",1993,4,55 - 59,420,1191
"4210",1993,4,60 - 64,778,2075
"4210",1993,4,65 - 69,1513,3133
"4210",1993,4,70 - 74,2620,4325
"4210",1993,4,75 - 79,4175,4799
"4210",1993,4,80 - 84,6157,4530
"4210",1993,4,85 - 89,11303,4683
"4210",1993,4,90 - 94,0,0
"4210",1993,4,95+,0,0
"4210",1993,4,UNK,0,0
"4210",1993,5,Total,2873,2886
"4210",1993,5,0,30,63
"4210",1993,5,1,12,20
"4210",1993,5,2,0,0
"4210",1993,5,3,0,0
"4210",1993,5,4,0,0
"4210",1993,5,5 - 9,8,4
"4210",1993,5,10 - 14,10,9
"4210",1993,5,15 - 19,10,24
"4210",1993,5,20 - 24,22,49
"4210",1993,5,25 - 29,29,62
"4210",1993,5,30 - 34,33,58
"4210",1993,5,35 - 39,39,59
"4210",1993,5,40 - 44,42,74
"4210",1993,5,45 - 49,48,118
"4210",1993,5,50 - 54,53,164
"4210",1993,5,55 - 59,64,182
"4210",1993,5,60 - 64,79,237
"4210",1993,5,65 - 69,131,263
"4210",1993,5,70 - 74,174,307
"4210",1993,5,75 - 79,262,295
"4210",1993,5,80 - 84,389,289
"4210",1993,5,85 - 89,1438,609
"4210",1993,5,90 - 94,0,0
"4210",1993,5,95+,0,0
"4210",1993,5,UNK,0,0
"4210",1993,6,Total,2188,948
"4210",1993,6,0,0,0
"4210",1993,6,1,2,0
"4210",1993,6,2,0,0
"4210",1993,6,3,0,0
"4210",1993,6,4,0,0
"4210",1993,6,5 - 9,0,1
"4210",1993,6,10 - 14,0,1
"4210",1993,6,15 - 19,2,2
"4210",1993,6,20 - 24,1,0
"4210",1993,6,25 - 29,1,3
"4210",1993,6,30 - 34,4,6
"4210",1993,6,35 - 39,3,21
"4210",1993,6,40 - 44,8,25
"4210",1993,6,45 - 49,6,18
"4210",1993,6,50 - 54,3,24
"4210",1993,6,55 - 59,11,23
"4210",1993,6,60 - 64,22,39
"4210",1993,6,65 - 69,36,38
"4210",1993,6,70 - 74,75,68
"4210",1993,6,75 - 79,201,129
"4210",1993,6,80 - 84,443,209
"4210",1993,6,85 - 89,1370,341
"4210",1993,6,90 - 94,0,0
"4210",1993,6,95+,0,0
"4210",1993,6,UNK,0,0
"4210",1993,7,Total,1148,1032
"4210",1993,7,0,16,15
"4210",1993,7,1,11,15
"4210",1993,7,2,0,0
"4210",1993,7,3,0,0
"4210",1993,7,4,0,0
"4210",1993,7,5 - 9,6,3
"4210",1993,7,10 - 14,4,9
"4210",1993,7,15 - 19,6,18
"4210",1993,7,20 - 24,16,13
"4210",1993,7,25 - 29,15,19
"4210",1993,7,30 - 34,14,20
"4210",1993,7,35 - 39,13,26
"4210",1993,7,40 - 44,31,31
"4210",1993,7,45 - 49,41,40
"4210",1993,7,50 - 54,25,39
"4210",1993,7,55 - 59,47,41
"4210",1993,7,60 - 64,65,66
"4210",1993,7,65 - 69,80,95
"4210",1993,7,70 - 74,134,133
"4210",1993,7,75 - 79,163,156
"4210",1993,7,80 - 84,220,164
"4210",1993,7,85 - 89,241,129
"4210",1993,7,90 - 94,0,0
"4210",1993,7,95+,0,0
"4210",1993,7,UNK,0,0
"4210",1993,8,Total,2607,1924
"4210",1993,8,0,11,15
"4210",1993,8,1,4,5
"4210",1993,8,2,0,0
"4210",1993,8,3,0,0
"4210",1993,8,4,0,0
"4210",1993,8,5 - 9,5,2
"4210",1993,8,10 - 14,6,5
"4210",1993,8,15 - 19,3,5
"4210",1993,8,20 - 24,4,4
"4210",1993,8,25 - 29,8,37
"4210",1993,8,30 - 34,15,99
"4210",1993,8,35 - 39,10,94
"4210",1993,8,40 - 44,21,99
"4210",1993,8,45 - 49,23,97
"4210",1993,8,50 - 54,26,88
"4210",1993,8,55 - 59,68,138
"4210",1993,8,60 - 64,77,134
"4210",1993,8,65 - 69,166,153
"4210",1993,8,70 - 74,306,212
"4210",1993,8,75 - 79,371,211
"4210",1993,8,80 - 84,509,259
"4210",1993,8,85 - 89,974,267
"4210",1993,8,90 - 94,0,0
"4210",1993,8,95+,0,0
"4210",1993,8,UNK,0,0
"4210",1993,9,Total,2851,2139
"4210",1993,9,0,3,5
"4210",1993,9,1,3,2
"4210",1993,9,2,0,0
"4210",1993,9,3,0,0
"4210",1993,9,4,0,0
"4210",1993,9,5 - 9,2,3
"4210",1993,9,10 - 14,1,1
"4210",1993,9,15 - 19,3,5
"4210",1993,9,20 - 24,2,4
"4210",1993,9,25 - 29,4,9
"4210",1993,9,30 - 34,12,12
"4210",1993,9,35 - 39,18,36
"4210",1993,9,40 - 44,26,50
"4210",1993,9,45 - 49,55,111
"4210",1993,9,50 - 54,49,77
"4210",1993,9,55 - 59,59,99
"4210",1993,9,60 - 64,111,144
"4210",1993,9,65 - 69,136,214
"4210",1993,9,70 - 74,239,277
"4210",1993,9,75 - 79,340,329
"4210",1993,9,80 - 84,558,350
"4210",1993,9,85 - 89,1230,411
"4210",1993,9,90 - 94,0,0
"4210",1993,9,95+,0,0
"4210",1993,9,UNK,0,0
"4210",1993,10,Total,1595,1119
"4210",1993,10,0,0,0
"4210",1993,10,1,0,0
"4210",1993,10,2,0,0
"4210",1993,10,3,0,0
"4210",1993,10,4,0,0
"4210",1993,10,5 - 9,0,0
"4210",1993,10,10 - 14,0,0
"4210",1993,10,15 - 19,0,1
"4210",1993,10,20 - 24,1,0
"4210",1993,10,25 - 29,0,3
"4210",1993,10,30 - 34,2,2
"4210",1993,10,35 - 39,3,0
"4210",1993,10,40 - 44,2,4
"4210",1993,10,45 - 49,9,8
"4210",1993,10,50 - 54,10,15
"4210",1993,10,55 - 59,11,19
"4210",1993,10,60 - 64,34,31
"4210",1993,10,65 - 69,48,63
"4210",1993,10,70 - 74,95,116
"4210",1993,10,75 - 79,174,187
"4210",1993,10,80 - 84,347,246
"4210",1993,10,85 - 89,859,424
"4210",1993,10,90 - 94,0,0
"4210",1993,10,95+,0,0
"4210",1993,10,UNK,0,0
"4210",1993,11,Total,544,706
"4210",1993,11,0,420,576
"4210",1993,11,1,18,26
"4210",1993,11,2,0,0
"4210",1993,11,3,0,0
"4210",1993,11,4,0,0
"4210",1993,11,5 - 9,10,12
"4210",1993,11,10 - 14,4,4
"4210",1993,11,15 - 19,2,9
"4210",1993,11,20 - 24,8,5
"4210",1993,11,25 - 29,11,11
"4210",1993,11,30 - 34,12,7
"4210",1993,11,35 - 39,11,10
"4210",1993,11,40 - 44,3,9
"4210",1993,11,45 - 49,8,8
"4210",1993,11,50 - 54,4,6
"4210",1993,11,55 - 59,11,9
"4210",1993,11,60 - 64,5,5
"4210",1993,11,65 - 69,6,3
"4210",1993,11,70 - 74,6,6
"4210",1993,11,75 - 79,1,0
"4210",1993,11,80 - 84,2,0
"4210",1993,11,85 - 89,2,0
"4210",1993,11,90 - 94,0,0
"4210",1993,11,95+,0,0
"4210",1993,11,UNK,0,0
"4210",1993,12,Total,5962,7374
"4210",1993,12,0,5,7
"4210",1993,12,1,10,5
"4210",1993,12,2,0,0
"4210",1993,12,3,0,0
"4210",1993,12,4,0,0
"4210",1993,12,5 - 9,2,2
"4210",1993,12,10 - 14,6,1
"4210",1993,12,15 - 19,4,8
"4210",1993,12,20 - 24,4,2
"4210",1993,12,25 - 29,6,4
"4210",1993,12,30 - 34,9,5
"4210",1993,12,35 - 39,11,16
"4210",1993,12,40 - 44,13,21
"4210",1993,12,45 - 49,19,38
"4210",1993,12,50 - 54,30,56
"4210",1993,12,55 - 59,64,117
"4210",1993,12,60 - 64,142,262
"4210",1993,12,65 - 69,264,604
"4210",1993,12,70 - 74,429,1057
"4210",1993,12,75 - 79,686,1460
"4210",1993,12,80 - 84,1214,1607
"4210",1993,12,85 - 89,3044,2102
"4210",1993,12,90 - 94,0,0
"4210",1993,12,95+,0,0
"4210",1993,12,UNK,0,0
"4210",1993,13,Total,2094,2934
"4210",1993,13,0,5,14
"4210",1993,13,1,25,34
"4210",1993,13,2,0,0
"4210",1993,13,3,0,0
"4210",1993,13,4,0,0
"4210",1993,13,5 - 9,12,31
"4210",1993,13,10 - 14,24,41
"4210",1993,13,15 - 19,33,156
"4210",1993,13,20 - 24,64,255
"4210",1993,13,25 - 29,74,227
"4210",1993,13,30 - 34,76,227
"4210",1993,13,35 - 39,85,181
"4210",1993,13,40 - 44,70,196
"4210",1993,13,45 - 49,90,185
"4210",1993,13,50 - 54,60,151
"4210",1993,13,55 - 59,66,149
"4210",1993,13,60 - 64,63,136
"4210",1993,13,65 - 69,97,111
"4210",1993,13,70 - 74,124,175
"4210",1993,13,75 - 79,159,193
"4210",1993,13,80 - 84,285,182
"4210",1993,13,85 - 89,682,290
"4210",1993,13,90 - 94,0,0
"4210",1993,13,95+,0,0
"4210",1993,13,UNK,0,0
"4210",1993,14,Total,55,137
"4210",1993,14,0,4,1
"4210",1993,14,1,1,2
"4210",1993,14,2,0,0
"4210",1993,14,3,0,0
"4210",1993,14,4,0,0
"4210",1993,14,5 - 9,0,1
"4210",1993,14,10 - 14,2,1
"4210",1993,14,15 - 19,3,9
"4210",1993,14,20 - 24,9,25
"4210",1993,14,25 - 29,6,18
"4210",1993,14,30 - 34,6,22
"4210",1993,14,35 - 39,6,14
"4210",1993,14,40 - 44,5,15
"4210",1993,14,45 - 49,0,8
"4210",1993,14,50 - 54,3,7
"4210",1993,14,55 - 59,2,3
"4210",1993,14,60 - 64,2,4
"4210",1993,14,65 - 69,2,4
"4210",1993,14,70 - 74,1,1
"4210",1993,14,75 - 79,2,2
"4210",1993,14,80 - 84,1,0
"4210",1993,14,85 - 89,0,0
"4210",1993,14,90 - 94,0,0
"4210",1993,14,95+,0,0
"4210",1993,14,UNK,0,0
"4210",1994,1,Total,66443,67028
"4210",1994,1,0,468,639
"4210",1994,1,1,106,143
"4210",1994,1,2,0,0
"4210",1994,1,3,0,0
"4210",1994,1,4,0,0
"4210",1994,1,5 - 9,54,78
"4210",1994,1,10 - 14,69,88
"4210",1994,1,15 - 19,122,222
"4210",1994,1,20 - 24,157,429
"4210",1994,1,25 - 29,227,461
"4210",1994,1,30 - 34,343,615
"4210",1994,1,35 - 39,515,741
"4210",1994,1,40 - 44,766,1117
"4210",1994,1,45 - 49,1207,1791
"4210",1994,1,50 - 54,1384,2185
"4210",1994,1,55 - 59,1879,3315
"4210",1994,1,60 - 64,2874,5348
"4210",1994,1,65 - 69,4188,7527
"4210",1994,1,70 - 74,6623,10266
"4210",1994,1,75 - 79,8939,10651
"4210",1994,1,80 - 84,12377,10297
"4210",1994,1,85 - 89,24145,11115
"4210",1994,1,90 - 94,0,0
"4210",1994,1,95+,0,0
"4210",1994,1,UNK,0,0
"4210",1994,2,Total,577,457
"4210",1994,2,0,7,8
"4210",1994,2,1,17,7
"4210",1994,2,2,0,0
"4210",1994,2,3,0,0
"4210",1994,2,4,0,0
"4210",1994,2,5 - 9,3,4
"4210",1994,2,10 - 14,4,4
"4210",1994,2,15 - 19,6,6
"4210",1994,2,20 - 24,2,1
"4210",1994,2,25 - 29,3,3
"4210",1994,2,30 - 34,3,3
"4210",1994,2,35 - 39,5,7
"4210",1994,2,40 - 44,5,6
"4210",1994,2,45 - 49,7,18
"4210",1994,2,50 - 54,8,11
"4210",1994,2,55 - 59,9,12
"4210",1994,2,60 - 64,18,29
"4210",1994,2,65 - 69,20,27
"4210",1994,2,70 - 74,62,79
"4210",1994,2,75 - 79,87,76
"4210",1994,2,80 - 84,115,77
"4210",1994,2,85 - 89,196,79
"4210",1994,2,90 - 94,0,0
"4210",1994,2,95+,0,0
"4210",1994,2,UNK,0,0
"4210",1994,3,Total,16595,20723
"4210",1994,3,0,5,6
"4210",1994,3,1,16,24
"4210",1994,3,2,0,0
"4210",1994,3,3,0,0
"4210",1994,3,4,0,0
"4210",1994,3,5 - 9,10,22
"4210",1994,3,10 - 14,11,12
"4210",1994,3,15 - 19,19,29
"4210",1994,3,20 - 24,19,58
"4210",1994,3,25 - 29,51,44
"4210",1994,3,30 - 34,110,76
"4210",1994,3,35 - 39,228,139
"4210",1994,3,40 - 44,394,277
"4210",1994,3,45 - 49,680,576
"4210",1994,3,50 - 54,828,859
"4210",1994,3,55 - 59,1102,1406
"4210",1994,3,60 - 64,1464,2264
"4210",1994,3,65 - 69,1843,3012
"4210",1994,3,70 - 74,2220,3727
"4210",1994,3,75 - 79,2279,3277
"4210",1994,3,80 - 84,2377,2775
"4210",1994,3,85 - 89,2939,2140
"4210",1994,3,90 - 94,0,0
"4210",1994,3,95+,0,0
"4210",1994,3,UNK,0,0
"4210",1994,4,Total,26375,25305
"4210",1994,4,0,4,6
"4210",1994,4,1,4,4
"4210",1994,4,2,0,0
"4210",1994,4,3,0,0
"4210",1994,4,4,0,0
"4210",1994,4,5 - 9,2,3
"4210",1994,4,10 - 14,4,5
"4210",1994,4,15 - 19,4,7
"4210",1994,4,20 - 24,15,25
"4210",1994,4,25 - 29,16,29
"4210",1994,4,30 - 34,42,60
"4210",1994,4,35 - 39,73,154
"4210",1994,4,40 - 44,128,276
"4210",1994,4,45 - 49,206,545
"4210",1994,4,50 - 54,259,735
"4210",1994,4,55 - 59,356,1097
"4210",1994,4,60 - 64,772,2005
"4210",1994,4,65 - 69,1362,2949
"4210",1994,4,70 - 74,2630,4151
"4210",1994,4,75 - 79,3954,4512
"4210",1994,4,80 - 84,5737,4278
"4210",1994,4,85 - 89,10807,4464
"4210",1994,4,90 - 94,0,0
"4210",1994,4,95+,0,0
"4210",1994,4,UNK,0,0
"4210",1994,5,Total,2713,2536
"4210",1994,5,0,24,49
"4210",1994,5,1,8,11
"4210",1994,5,2,0,0
"4210",1994,5,3,0,0
"4210",1994,5,4,0,0
"4210",1994,5,5 - 9,3,3
"4210",1994,5,10 - 14,4,7
"4210",1994,5,15 - 19,9,17
"4210",1994,5,20 - 24,13,47
"4210",1994,5,25 - 29,14,49
"4210",1994,5,30 - 34,25,69
"4210",1994,5,35 - 39,29,51
"4210",1994,5,40 - 44,29,82
"4210",1994,5,45 - 49,55,133
"4210",1994,5,50 - 54,49,126
"4210",1994,5,55 - 59,68,143
"4210",1994,5,60 - 64,92,206
"4210",1994,5,65 - 69,152,259
"4210",1994,5,70 - 74,191,259
"4210",1994,5,75 - 79,223,244
"4210",1994,5,80 - 84,353,263
"4210",1994,5,85 - 89,1372,518
"4210",1994,5,90 - 94,0,0
"4210",1994,5,95+,0,0
"4210",1994,5,UNK,0,0
"4210",1994,6,Total,2836,1079
"4210",1994,6,0,0,0
"4210",1994,6,1,1,1
"4210",1994,6,2,0,0
"4210",1994,6,3,0,0
"4210",1994,6,4,0,0
"4210",1994,6,5 - 9,0,0
"4210",1994,6,10 - 14,1,1
"4210",1994,6,15 - 19,0,0
"4210",1994,6,20 - 24,2,2
"4210",1994,6,25 - 29,4,2
"4210",1994,6,30 - 34,2,5
"4210",1994,6,35 - 39,4,15
"4210",1994,6,40 - 44,11,19
"4210",1994,6,45 - 49,14,25
"4210",1994,6,50 - 54,7,20
"4210",1994,6,55 - 59,9,34
"4210",1994,6,60 - 64,30,29
"4210",1994,6,65 - 69,32,49
"4210",1994,6,70 - 74,101,95
"4210",1994,6,75 - 79,272,169
"4210",1994,6,80 - 84,588,235
"4210",1994,6,85 - 89,1758,378
"4210",1994,6,90 - 94,0,0
"4210",1994,6,95+,0,0
"4210",1994,6,UNK,0,0
"4210",1994,7,Total,1169,1075
"4210",1994,7,0,11,20
"4210",1994,7,1,16,8
"4210",1994,7,2,0,0
"4210",1994,7,3,0,0
"4210",1994,7,4,0,0
"4210",1994,7,5 - 9,5,7
"4210",1994,7,10 - 14,9,4
"4210",1994,7,15 - 19,6,16
"4210",1994,7,20 - 24,10,14
"4210",1994,7,25 - 29,14,15
"4210",1994,7,30 - 34,15,16
"4210",1994,7,35 - 39,16,17
"4210",1994,7,40 - 44,24,30
"4210",1994,7,45 - 49,27,40
"4210",1994,7,50 - 54,30,32
"4210",1994,7,55 - 59,44,64
"4210",1994,7,60 - 64,55,76
"4210",1994,7,65 - 69,87,103
"4210",1994,7,70 - 74,136,147
"4210",1994,7,75 - 79,196,173
"4210",1994,7,80 - 84,202,151
"4210",1994,7,85 - 89,266,142
"4210",1994,7,90 - 94,0,0
"4210",1994,7,95+,0,0
"4210",1994,7,UNK,0,0
"4210",1994,8,Total,2619,1924
"4210",1994,8,0,9,3
"4210",1994,8,1,5,6
"4210",1994,8,2,0,0
"4210",1994,8,3,0,0
"4210",1994,8,4,0,0
"4210",1994,8,5 - 9,2,2
"4210",1994,8,10 - 14,2,5
"4210",1994,8,15 - 19,4,8
"4210",1994,8,20 - 24,2,9
"4210",1994,8,25 - 29,14,29
"4210",1994,8,30 - 34,16,86
"4210",1994,8,35 - 39,26,90
"4210",1994,8,40 - 44,18,107
"4210",1994,8,45 - 49,32,103
"4210",1994,8,50 - 54,35,88
"4210",1994,8,55 - 59,67,136
"4210",1994,8,60 - 64,113,140
"4210",1994,8,65 - 69,162,175
"4210",1994,8,70 - 74,273,195
"4210",1994,8,75 - 79,353,212
"4210",1994,8,80 - 84,514,214
"4210",1994,8,85 - 89,972,316
"4210",1994,8,90 - 94,0,0
"4210",1994,8,95+,0,0
"4210",1994,8,UNK,0,0
"4210",1994,9,Total,2873,2149
"4210",1994,9,0,2,2
"4210",1994,9,1,0,2
"4210",1994,9,2,0,0
"4210",1994,9,3,0,0
"4210",1994,9,4,0,0
"4210",1994,9,5 - 9,1,0
"4210",1994,9,10 - 14,1,0
"4210",1994,9,15 - 19,1,3
"4210",1994,9,20 - 24,1,5
"4210",1994,9,25 - 29,4,5
"4210",1994,9,30 - 34,11,19
"4210",1994,9,35 - 39,20,35
"4210",1994,9,40 - 44,26,64
"4210",1994,9,45 - 49,53,83
"4210",1994,9,50 - 54,44,84
"4210",1994,9,55 - 59,59,113
"4210",1994,9,60 - 64,79,154
"4210",1994,9,65 - 69,133,196
"4210",1994,9,70 - 74,267,272
"4210",1994,9,75 - 79,339,309
"4210",1994,9,80 - 84,587,332
"4210",1994,9,85 - 89,1245,471
"4210",1994,9,90 - 94,0,0
"4210",1994,9,95+,0,0
"4210",1994,9,UNK,0,0
"4210",1994,10,Total,1626,1026
"4210",1994,10,0,0,0
"4210",1994,10,1,0,0
"4210",1994,10,2,0,0
"4210",1994,10,3,0,0
"4210",1994,10,4,0,0
"4210",1994,10,5 - 9,0,0
"4210",1994,10,10 - 14,1,1
"4210",1994,10,15 - 19,1,1
"4210",1994,10,20 - 24,1,2
"4210",1994,10,25 - 29,1,2
"4210",1994,10,30 - 34,0,2
"4210",1994,10,35 - 39,1,5
"4210",1994,10,40 - 44,6,5
"4210",1994,10,45 - 49,12,7
"4210",1994,10,50 - 54,10,8
"4210",1994,10,55 - 59,11,24
"4210",1994,10,60 - 64,24,25
"4210",1994,10,65 - 69,50,64
"4210",1994,10,70 - 74,105,111
"4210",1994,10,75 - 79,219,139
"4210",1994,10,80 - 84,351,230
"4210",1994,10,85 - 89,833,400
"4210",1994,10,90 - 94,0,0
"4210",1994,10,95+,0,0
"4210",1994,10,UNK,0,0
"4210",1994,11,Total,542,682
"4210",1994,11,0,391,526
"4210",1994,11,1,16,35
"4210",1994,11,2,0,0
"4210",1994,11,3,0,0
"4210",1994,11,4,0,0
"4210",1994,11,5 - 9,7,8
"4210",1994,11,10 - 14,6,9
"4210",1994,11,15 - 19,11,11
"4210",1994,11,20 - 24,5,11
"4210",1994,11,25 - 29,15,11
"4210",1994,11,30 - 34,10,7
"4210",1994,11,35 - 39,12,6
"4210",1994,11,40 - 44,8,9
"4210",1994,11,45 - 49,8,6
"4210",1994,11,50 - 54,14,12
"4210",1994,11,55 - 59,10,12
"4210",1994,11,60 - 64,10,8
"4210",1994,11,65 - 69,6,7
"4210",1994,11,70 - 74,8,2
"4210",1994,11,75 - 79,3,2
"4210",1994,11,80 - 84,1,0
"4210",1994,11,85 - 89,1,0
"4210",1994,11,90 - 94,0,0
"4210",1994,11,95+,0,0
"4210",1994,11,UNK,0,0
"4210",1994,12,Total,4998,6340
"4210",1994,12,0,8,10
"4210",1994,12,1,7,6
"4210",1994,12,2,0,0
"4210",1994,12,3,0,0
"4210",1994,12,4,0,0
"4210",1994,12,5 - 9,1,3
"4210",1994,12,10 - 14,4,0
"4210",1994,12,15 - 19,4,1
"4210",1994,12,20 - 24,3,3
"4210",1994,12,25 - 29,4,2
"4210",1994,12,30 - 34,4,7
"4210",1994,12,35 - 39,12,10
"4210",1994,12,40 - 44,16,12
"4210",1994,12,45 - 49,25,27
"4210",1994,12,50 - 54,28,42
"4210",1994,12,55 - 59,56,90
"4210",1994,12,60 - 64,124,226
"4210",1994,12,65 - 69,206,505
"4210",1994,12,70 - 74,421,959
"4210",1994,12,75 - 79,651,1255
"4210",1994,12,80 - 84,1042,1422
"4210",1994,12,85 - 89,2382,1760
"4210",1994,12,90 - 94,0,0
"4210",1994,12,95+,0,0
"4210",1994,12,UNK,0,0
"4210",1994,13,Total,2103,3003
"4210",1994,13,0,7,8
"4210",1994,13,1,14,38
"4210",1994,13,2,0,0
"4210",1994,13,3,0,0
"4210",1994,13,4,0,0
"4210",1994,13,5 - 9,17,25
"4210",1994,13,10 - 14,20,38
"4210",1994,13,15 - 19,53,117
"4210",1994,13,20 - 24,72,248
"4210",1994,13,25 - 29,64,245
"4210",1994,13,30 - 34,90,240
"4210",1994,13,35 - 39,78,194
"4210",1994,13,40 - 44,90,209
"4210",1994,13,45 - 49,74,211
"4210",1994,13,50 - 54,58,147
"4210",1994,13,55 - 59,67,163
"4210",1994,13,60 - 64,72,144
"4210",1994,13,65 - 69,80,131
"4210",1994,13,70 - 74,104,172
"4210",1994,13,75 - 79,180,186
"4210",1994,13,80 - 84,230,196
"4210",1994,13,85 - 89,733,291
"4210",1994,13,90 - 94,0,0
"4210",1994,13,95+,0,0
"4210",1994,13,UNK,0,0
"4210",1994,14,Total,51,120
"4210",1994,14,0,0,1
"4210",1994,14,1,2,1
"4210",1994,14,2,0,0
"4210",1994,14,3,0,0
"4210",1994,14,4,0,0
"4210",1994,14,5 - 9,3,1
"4210",1994,14,10 - 14,0,1
"4210",1994,14,15 - 19,2,5
"4210",1994,14,20 - 24,6,4
"4210",1994,14,25 - 29,9,24
"4210",1994,14,30 - 34,4,21
"4210",1994,14,35 - 39,4,13
"4210",1994,14,40 - 44,2,13
"4210",1994,14,45 - 49,4,7
"4210",1994,14,50 - 54,1,10
"4210",1994,14,55 - 59,1,5
"4210",1994,14,60 - 64,3,7
"4210",1994,14,65 - 69,1,0
"4210",1994,14,70 - 74,4,2
"4210",1994,14,75 - 79,1,2
"4210",1994,14,80 - 84,3,2
"4210",1994,14,85 - 89,1,1
"4210",1994,14,90 - 94,0,0
"4210",1994,14,95+,0,0
"4210",1994,14,UNK,0,0
"4210",1995,1,Total,67439,68236
"4210",1995,1,0,431,610
"4210",1995,1,1,109,154
"4210",1995,1,2,0,0
"4210",1995,1,3,0,0
"4210",1995,1,4,0,0
"4210",1995,1,5 - 9,52,94
"4210",1995,1,10 - 14,74,90
"4210",1995,1,15 - 19,107,252
"4210",1995,1,20 - 24,170,384
"4210",1995,1,25 - 29,246,407
"4210",1995,1,30 - 34,334,618
"4210",1995,1,35 - 39,525,775
"4210",1995,1,40 - 44,765,1134
"4210",1995,1,45 - 49,1216,1794
"4210",1995,1,50 - 54,1397,2243
"4210",1995,1,55 - 59,1863,3281
"4210",1995,1,60 - 64,2833,5203
"4210",1995,1,65 - 69,4372,7588
"4210",1995,1,70 - 74,6502,10376
"4210",1995,1,75 - 79,8973,11069
"4210",1995,1,80 - 84,12533,10770
"4210",1995,1,85 - 89,24937,11394
"4210",1995,1,90 - 94,0,0
"4210",1995,1,95+,0,0
"4210",1995,1,UNK,0,0
"4210",1995,2,Total,659,514
"4210",1995,2,0,10,11
"4210",1995,2,1,10,13
"4210",1995,2,2,0,0
"4210",1995,2,3,0,0
"4210",1995,2,4,0,0
"4210",1995,2,5 - 9,1,2
"4210",1995,2,10 - 14,3,2
"4210",1995,2,15 - 19,6,7
"4210",1995,2,20 - 24,1,3
"4210",1995,2,25 - 29,9,5
"4210",1995,2,30 - 34,13,10
"4210",1995,2,35 - 39,4,5
"4210",1995,2,40 - 44,7,7
"4210",1995,2,45 - 49,6,10
"4210",1995,2,50 - 54,13,10
"4210",1995,2,55 - 59,16,21
"4210",1995,2,60 - 64,25,34
"4210",1995,2,65 - 69,27,45
"4210",1995,2,70 - 74,70,96
"4210",1995,2,75 - 79,103,85
"4210",1995,2,80 - 84,106,72
"4210",1995,2,85 - 89,229,76
"4210",1995,2,90 - 94,0,0
"4210",1995,2,95+,0,0
"4210",1995,2,UNK,0,0
"4210",1995,3,Total,16532,20807
"4210",1995,3,0,5,6
"4210",1995,3,1,22,11
"4210",1995,3,2,0,0
"4210",1995,3,3,0,0
"4210",1995,3,4,0,0
"4210",1995,3,5 - 9,14,28
"4210",1995,3,10 - 14,13,19
"4210",1995,3,15 - 19,21,24
"4210",1995,3,20 - 24,33,44
"4210",1995,3,25 - 29,48,49
"4210",1995,3,30 - 34,92,91
"4210",1995,3,35 - 39,235,137
"4210",1995,3,40 - 44,366,259
"4210",1995,3,45 - 49,656,599
"4210",1995,3,50 - 54,804,866
"4210",1995,3,55 - 59,1059,1355
"4210",1995,3,60 - 64,1411,2253
"4210",1995,3,65 - 69,1876,2988
"4210",1995,3,70 - 74,2188,3698
"4210",1995,3,75 - 79,2294,3392
"4210",1995,3,80 - 84,2385,2848
"4210",1995,3,85 - 89,3010,2140
"4210",1995,3,90 - 94,0,0
"4210",1995,3,95+,0,0
"4210",1995,3,UNK,0,0
"4210",1995,4,Total,26579,25519
"4210",1995,4,0,5,3
"4210",1995,4,1,1,6
"4210",1995,4,2,0,0
"4210",1995,4,3,0,0
"4210",1995,4,4,0,0
"4210",1995,4,5 - 9,3,7
"4210",1995,4,10 - 14,5,1
"4210",1995,4,15 - 19,4,6
"4210",1995,4,20 - 24,7,14
"4210",1995,4,25 - 29,33,25
"4210",1995,4,30 - 34,46,74
"4210",1995,4,35 - 39,86,140
"4210",1995,4,40 - 44,139,312
"4210",1995,4,45 - 49,231,536
"4210",1995,4,50 - 54,249,728
"4210",1995,4,55 - 59,365,1107
"4210",1995,4,60 - 64,758,1901
"4210",1995,4,65 - 69,1412,3005
"4210",1995,4,70 - 74,2503,4156
"4210",1995,4,75 - 79,3988,4566
"4210",1995,4,80 - 84,5816,4354
"4210",1995,4,85 - 89,10928,4578
"4210",1995,4,90 - 94,0,0
"4210",1995,4,95+,0,0
"4210",1995,4,UNK,0,0
"4210",1995,5,Total,2970,2909
"4210",1995,5,0,23,39
"4210",1995,5,1,11,13
"4210",1995,5,2,0,0
"4210",1995,5,3,0,0
"4210",1995,5,4,0,0
"4210",1995,5,5 - 9,7,2
"4210",1995,5,10 - 14,7,7
"4210",1995,5,15 - 19,8,27
"4210",1995,5,20 - 24,18,47
"4210",1995,5,25 - 29,19,37
"4210",1995,5,30 - 34,18,56
"4210",1995,5,35 - 39,27,62
"4210",1995,5,40 - 44,46,106
"4210",1995,5,45 - 49,67,138
"4210",1995,5,50 - 54,65,160
"4210",1995,5,55 - 59,76,186
"4210",1995,5,60 - 64,100,213
"4210",1995,5,65 - 69,125,276
"4210",1995,5,70 - 74,211,328
"4210",1995,5,75 - 79,255,347
"4210",1995,5,80 - 84,404,304
"4210",1995,5,85 - 89,1483,561
"4210",1995,5,90 - 94,0,0
"4210",1995,5,95+,0,0
"4210",1995,5,UNK,0,0
"4210",1995,6,Total,2989,1124
"4210",1995,6,0,0,0
"4210",1995,6,1,0,2
"4210",1995,6,2,0,0
"4210",1995,6,3,0,0
"4210",1995,6,4,0,0
"4210",1995,6,5 - 9,0,0
"4210",1995,6,10 - 14,1,0
"4210",1995,6,15 - 19,0,2
"4210",1995,6,20 - 24,1,1
"4210",1995,6,25 - 29,3,0
"4210",1995,6,30 - 34,7,7
"4210",1995,6,35 - 39,5,15
"4210",1995,6,40 - 44,4,21
"4210",1995,6,45 - 49,13,23
"4210",1995,6,50 - 54,9,20
"4210",1995,6,55 - 59,10,26
"4210",1995,6,60 - 64,21,35
"4210",1995,6,65 - 69,62,34
"4210",1995,6,70 - 74,121,86
"4210",1995,6,75 - 79,280,153
"4210",1995,6,80 - 84,608,268
"4210",1995,6,85 - 89,1844,431
"4210",1995,6,90 - 94,0,0
"4210",1995,6,95+,0,0
"4210",1995,6,UNK,0,0
"4210",1995,7,Total,1048,1011
"4210",1995,7,0,13,22
"4210",1995,7,1,12,23
"4210",1995,7,2,0,0
"4210",1995,7,3,0,0
"4210",1995,7,4,0,0
"4210",1995,7,5 - 9,6,10
"4210",1995,7,10 - 14,7,7
"4210",1995,7,15 - 19,6,15
"4210",1995,7,20 - 24,10,8
"4210",1995,7,25 - 29,14,9
"4210",1995,7,30 - 34,14,14
"4210",1995,7,35 - 39,14,18
"4210",1995,7,40 - 44,29,27
"4210",1995,7,45 - 49,39,26
"4210",1995,7,50 - 54,18,39
"4210",1995,7,55 - 59,43,45
"4210",1995,7,60 - 64,54,69
"4210",1995,7,65 - 69,77,87
"4210",1995,7,70 - 74,132,140
"4210",1995,7,75 - 79,166,190
"4210",1995,7,80 - 84,175,146
"4210",1995,7,85 - 89,219,116
"4210",1995,7,90 - 94,0,0
"4210",1995,7,95+,0,0
"4210",1995,7,UNK,0,0
"4210",1995,8,Total,2511,1887
"4210",1995,8,0,4,10
"4210",1995,8,1,6,5
"4210",1995,8,2,0,0
"4210",1995,8,3,0,0
"4210",1995,8,4,0,0
"4210",1995,8,5 - 9,6,3
"4210",1995,8,10 - 14,2,4
"4210",1995,8,15 - 19,1,4
"4210",1995,8,20 - 24,4,6
"4210",1995,8,25 - 29,15,30
"4210",1995,8,30 - 34,21,73
"4210",1995,8,35 - 39,27,111
"4210",1995,8,40 - 44,21,93
"4210",1995,8,45 - 49,36,117
"4210",1995,8,50 - 54,42,107
"4210",1995,8,55 - 59,69,111
"4210",1995,8,60 - 64,92,136
"4210",1995,8,65 - 69,173,175
"4210",1995,8,70 - 74,243,175
"4210",1995,8,75 - 79,342,230
"4210",1995,8,80 - 84,467,246
"4210",1995,8,85 - 89,940,251
"4210",1995,8,90 - 94,0,0
"4210",1995,8,95+,0,0
"4210",1995,8,UNK,0,0
"4210",1995,9,Total,2943,2101
"4210",1995,9,0,0,2
"4210",1995,9,1,2,2
"4210",1995,9,2,0,0
"4210",1995,9,3,0,0
"4210",1995,9,4,0,0
"4210",1995,9,5 - 9,0,2
"4210",1995,9,10 - 14,5,3
"4210",1995,9,15 - 19,0,1
"4210",1995,9,20 - 24,2,8
"4210",1995,9,25 - 29,8,5
"4210",1995,9,30 - 34,11,19
"4210",1995,9,35 - 39,21,32
"4210",1995,9,40 - 44,35,40
"4210",1995,9,45 - 49,43,87
"4210",1995,9,50 - 54,59,83
"4210",1995,9,55 - 59,58,120
"4210",1995,9,60 - 64,97,140
"4210",1995,9,65 - 69,146,208
"4210",1995,9,70 - 74,232,283
"4210",1995,9,75 - 79,349,311
"4210",1995,9,80 - 84,548,337
"4210",1995,9,85 - 89,1327,418
"4210",1995,9,90 - 94,0,0
"4210",1995,9,95+,0,0
"4210",1995,9,UNK,0,0
"4210",1995,10,Total,1612,1037
"4210",1995,10,0,0,0
"4210",1995,10,1,0,0
"4210",1995,10,2,0,0
"4210",1995,10,3,0,0
"4210",1995,10,4,0,0
"4210",1995,10,5 - 9,0,0
"4210",1995,10,10 - 14,0,0
"4210",1995,10,15 - 19,1,2
"4210",1995,10,20 - 24,0,1
"4210",1995,10,25 - 29,3,1
"4210",1995,10,30 - 34,3,0
"4210",1995,10,35 - 39,2,3
"4210",1995,10,40 - 44,4,2
"4210",1995,10,45 - 49,5,7
"4210",1995,10,50 - 54,1,11
"4210",1995,10,55 - 59,12,22
"4210",1995,10,60 - 64,36,31
"4210",1995,10,65 - 69,56,54
"4210",1995,10,70 - 74,95,95
"4210",1995,10,75 - 79,203,177
"4210",1995,10,80 - 84,345,228
"4210",1995,10,85 - 89,846,403
"4210",1995,10,90 - 94,0,0
"4210",1995,10,95+,0,0
"4210",1995,10,UNK,0,0
"4210",1995,11,Total,488,650
"4210",1995,11,0,357,498
"4210",1995,11,1,19,27
"4210",1995,11,2,0,0
"4210",1995,11,3,0,0
"4210",1995,11,4,0,0
"4210",1995,11,5 - 9,6,10
"4210",1995,11,10 - 14,5,10
"4210",1995,11,15 - 19,9,13
"4210",1995,11,20 - 24,4,10
"4210",1995,11,25 - 29,7,9
"4210",1995,11,30 - 34,9,9
"4210",1995,11,35 - 39,8,9
"4210",1995,11,40 - 44,5,9
"4210",1995,11,45 - 49,7,4
"4210",1995,11,50 - 54,8,12
"4210",1995,11,55 - 59,10,10
"4210",1995,11,60 - 64,11,9
"4210",1995,11,65 - 69,6,4
"4210",1995,11,70 - 74,5,4
"4210",1995,11,75 - 79,5,2
"4210",1995,11,80 - 84,3,1
"4210",1995,11,85 - 89,4,0
"4210",1995,11,90 - 94,0,0
"4210",1995,11,95+,0,0
"4210",1995,11,UNK,0,0
"4210",1995,12,Total,5674,6970
"4210",1995,12,0,5,8
"4210",1995,12,1,7,4
"4210",1995,12,2,0,0
"4210",1995,12,3,0,0
"4210",1995,12,4,0,0
"4210",1995,12,5 - 9,1,4
"4210",1995,12,10 - 14,4,1
"4210",1995,12,15 - 19,5,7
"4210",1995,12,20 - 24,6,5
"4210",1995,12,25 - 29,4,7
"4210",1995,12,30 - 34,5,13
"4210",1995,12,35 - 39,7,10
"4210",1995,12,40 - 44,15,19
"4210",1995,12,45 - 49,33,26
"4210",1995,12,50 - 54,31,51
"4210",1995,12,55 - 59,66,108
"4210",1995,12,60 - 64,124,208
"4210",1995,12,65 - 69,278,524
"4210",1995,12,70 - 74,469,1064
"4210",1995,12,75 - 79,677,1344
"4210",1995,12,80 - 84,1146,1616
"4210",1995,12,85 - 89,2791,1951
"4210",1995,12,90 - 94,0,0
"4210",1995,12,95+,0,0
"4210",1995,12,UNK,0,0
"4210",1995,13,Total,2065,2915
"4210",1995,13,0,5,7
"4210",1995,13,1,17,45
"4210",1995,13,2,0,0
"4210",1995,13,3,0,0
"4210",1995,13,4,0,0
"4210",1995,13,5 - 9,6,23
"4210",1995,13,10 - 14,21,36
"4210",1995,13,15 - 19,39,135
"4210",1995,13,20 - 24,71,219
"4210",1995,13,25 - 29,65,213
"4210",1995,13,30 - 34,80,235
"4210",1995,13,35 - 39,75,217
"4210",1995,13,40 - 44,72,217
"4210",1995,13,45 - 49,67,195
"4210",1995,13,50 - 54,85,143
"4210",1995,13,55 - 59,61,139
"4210",1995,13,60 - 64,73,143
"4210",1995,13,65 - 69,91,134
"4210",1995,13,70 - 74,125,154
"4210",1995,13,75 - 79,158,166
"4210",1995,13,80 - 84,237,211
"4210",1995,13,85 - 89,717,283
"4210",1995,13,90 - 94,0,0
"4210",1995,13,95+,0,0
"4210",1995,13,UNK,0,0
"4210",1995,14,Total,75,118
"4210",1995,14,0,3,2
"4210",1995,14,1,0,1
"4210",1995,14,2,0,0
"4210",1995,14,3,0,0
"4210",1995,14,4,0,0
"4210",1995,14,5 - 9,1,1
"4210",1995,14,10 - 14,0,0
"4210",1995,14,15 - 19,5,9
"4210",1995,14,20 - 24,6,15
"4210",1995,14,25 - 29,11,15
"4210",1995,14,30 - 34,6,14
"4210",1995,14,35 - 39,6,14
"4210",1995,14,40 - 44,14,13
"4210",1995,14,45 - 49,4,16
"4210",1995,14,50 - 54,6,3
"4210",1995,14,55 - 59,3,8
"4210",1995,14,60 - 64,3,0
"4210",1995,14,65 - 69,0,4
"4210",1995,14,70 - 74,2,1
"4210",1995,14,75 - 79,1,0
"4210",1995,14,80 - 84,1,1
"4210",1995,14,85 - 89,3,1
"4210",1995,14,90 - 94,0,0
"4210",1995,14,95+,0,0
"4210",1995,14,UNK,0,0
