"","Year","Cause","Age","Female","Male"
"4308",1990,1,Total,327198,314601
"4308",1990,1,0,2658,3614
"4308",1990,1,1,227,273
"4308",1990,1,2,100,175
"4308",1990,1,3,98,126
"4308",1990,1,4,64,100
"4308",1990,1,5 - 9,249,376
"4308",1990,1,10 - 14,273,406
"4308",1990,1,15 - 19,534,1487
"4308",1990,1,20 - 24,700,2197
"4308",1990,1,25 - 29,901,2262
"4308",1990,1,30 - 34,1066,2092
"4308",1990,1,35 - 39,1663,2692
"4308",1990,1,40 - 44,2800,4299
"4308",1990,1,45 - 49,3866,6034
"4308",1990,1,50 - 54,5852,9473
"4308",1990,1,55 - 59,9598,15575
"4308",1990,1,60 - 64,16752,26408
"4308",1990,1,65 - 69,27439,42157
"4308",1990,1,70 - 74,34580,46301
"4308",1990,1,75 - 79,52577,57541
"4308",1990,1,80 - 84,63780,49910
"4308",1990,1,85 - 89,101421,41103
"4308",1990,1,90 - 94,0,0
"4308",1990,1,95+,0,0
"4308",1990,1,UNK,0,0
"4308",1990,2,Total,1353,1432
"4308",1990,2,0,49,74
"4308",1990,2,1,17,28
"4308",1990,2,2,5,14
"4308",1990,2,3,8,8
"4308",1990,2,4,4,1
"4308",1990,2,5 - 9,14,15
"4308",1990,2,10 - 14,5,9
"4308",1990,2,15 - 19,16,22
"4308",1990,2,20 - 24,18,20
"4308",1990,2,25 - 29,15,22
"4308",1990,2,30 - 34,17,32
"4308",1990,2,35 - 39,15,42
"4308",1990,2,40 - 44,19,44
"4308",1990,2,45 - 49,23,57
"4308",1990,2,50 - 54,40,50
"4308",1990,2,55 - 59,67,78
"4308",1990,2,60 - 64,81,109
"4308",1990,2,65 - 69,123,159
"4308",1990,2,70 - 74,104,171
"4308",1990,2,75 - 79,186,188
"4308",1990,2,80 - 84,220,144
"4308",1990,2,85 - 89,307,145
"4308",1990,2,90 - 94,0,0
"4308",1990,2,95+,0,0
"4308",1990,2,UNK,0,0
"4308",1990,3,Total,78180,85068
"4308",1990,3,0,16,15
"4308",1990,3,1,14,17
"4308",1990,3,2,9,23
"4308",1990,3,3,18,14
"4308",1990,3,4,12,19
"4308",1990,3,5 - 9,72,84
"4308",1990,3,10 - 14,59,78
"4308",1990,3,15 - 19,72,118
"4308",1990,3,20 - 24,101,170
"4308",1990,3,25 - 29,220,240
"4308",1990,3,30 - 34,412,296
"4308",1990,3,35 - 39,821,479
"4308",1990,3,40 - 44,1538,1029
"4308",1990,3,45 - 49,2155,1764
"4308",1990,3,50 - 54,3275,3121
"4308",1990,3,55 - 59,4957,5361
"4308",1990,3,60 - 64,7500,9512
"4308",1990,3,65 - 69,10736,14340
"4308",1990,3,70 - 74,10755,14382
"4308",1990,3,75 - 79,12589,15623
"4308",1990,3,80 - 84,11480,11487
"4308",1990,3,85 - 89,11369,6896
"4308",1990,3,90 - 94,0,0
"4308",1990,3,95+,0,0
"4308",1990,3,UNK,0,0
"4308",1990,4,Total,153054,142773
"4308",1990,4,0,34,47
"4308",1990,4,1,6,10
"4308",1990,4,2,10,12
"4308",1990,4,3,6,5
"4308",1990,4,4,1,3
"4308",1990,4,5 - 9,13,9
"4308",1990,4,10 - 14,15,13
"4308",1990,4,15 - 19,32,54
"4308",1990,4,20 - 24,61,83
"4308",1990,4,25 - 29,88,131
"4308",1990,4,30 - 34,115,246
"4308",1990,4,35 - 39,208,606
"4308",1990,4,40 - 44,416,1403
"4308",1990,4,45 - 49,721,2394
"4308",1990,4,50 - 54,1346,4192
"4308",1990,4,55 - 59,2645,7334
"4308",1990,4,60 - 64,5759,12449
"4308",1990,4,65 - 69,11051,20303
"4308",1990,4,70 - 74,16260,22718
"4308",1990,4,75 - 79,27255,28174
"4308",1990,4,80 - 84,34240,23880
"4308",1990,4,85 - 89,52772,18707
"4308",1990,4,90 - 94,0,0
"4308",1990,4,95+,0,0
"4308",1990,4,UNK,0,0
"4308",1990,5,Total,3584,1815
"4308",1990,5,0,515,775
"4308",1990,5,1,11,22
"4308",1990,5,2,3,5
"4308",1990,5,3,0,2
"4308",1990,5,4,1,0
"4308",1990,5,5 - 9,0,1
"4308",1990,5,10 - 14,0,0
"4308",1990,5,15 - 19,0,4
"4308",1990,5,20 - 24,4,18
"4308",1990,5,25 - 29,7,15
"4308",1990,5,30 - 34,5,20
"4308",1990,5,35 - 39,4,21
"4308",1990,5,40 - 44,3,22
"4308",1990,5,45 - 49,9,36
"4308",1990,5,50 - 54,11,27
"4308",1990,5,55 - 59,17,26
"4308",1990,5,60 - 64,21,35
"4308",1990,5,65 - 69,22,46
"4308",1990,5,70 - 74,32,31
"4308",1990,5,75 - 79,110,59
"4308",1990,5,80 - 84,394,140
"4308",1990,5,85 - 89,2415,510
"4308",1990,5,90 - 94,0,0
"4308",1990,5,95+,0,0
"4308",1990,5,UNK,0,0
"4308",1990,6,Total,9593,4846
"4308",1990,6,0,3,1
"4308",1990,6,1,1,0
"4308",1990,6,2,0,0
"4308",1990,6,3,0,1
"4308",1990,6,4,2,1
"4308",1990,6,5 - 9,1,4
"4308",1990,6,10 - 14,9,10
"4308",1990,6,15 - 19,14,76
"4308",1990,6,20 - 24,14,52
"4308",1990,6,25 - 29,13,67
"4308",1990,6,30 - 34,6,54
"4308",1990,6,35 - 39,25,73
"4308",1990,6,40 - 44,32,60
"4308",1990,6,45 - 49,23,46
"4308",1990,6,50 - 54,25,57
"4308",1990,6,55 - 59,53,63
"4308",1990,6,60 - 64,85,94
"4308",1990,6,65 - 69,185,221
"4308",1990,6,70 - 74,475,384
"4308",1990,6,75 - 79,1240,906
"4308",1990,6,80 - 84,2393,1277
"4308",1990,6,85 - 89,4994,1399
"4308",1990,6,90 - 94,0,0
"4308",1990,6,95+,0,0
"4308",1990,6,UNK,0,0
"4308",1990,7,Total,6627,6110
"4308",1990,7,0,71,102
"4308",1990,7,1,25,30
"4308",1990,7,2,9,19
"4308",1990,7,3,12,16
"4308",1990,7,4,9,8
"4308",1990,7,5 - 9,27,38
"4308",1990,7,10 - 14,33,39
"4308",1990,7,15 - 19,55,99
"4308",1990,7,20 - 24,49,93
"4308",1990,7,25 - 29,52,104
"4308",1990,7,30 - 34,62,82
"4308",1990,7,35 - 39,72,97
"4308",1990,7,40 - 44,93,138
"4308",1990,7,45 - 49,97,158
"4308",1990,7,50 - 54,145,139
"4308",1990,7,55 - 59,220,240
"4308",1990,7,60 - 64,338,339
"4308",1990,7,65 - 69,489,594
"4308",1990,7,70 - 74,663,708
"4308",1990,7,75 - 79,1057,1083
"4308",1990,7,80 - 84,1322,1146
"4308",1990,7,85 - 89,1727,838
"4308",1990,7,90 - 94,0,0
"4308",1990,7,95+,0,0
"4308",1990,7,UNK,0,0
"4308",1990,8,Total,6185,4898
"4308",1990,8,0,39,36
"4308",1990,8,1,10,8
"4308",1990,8,2,3,5
"4308",1990,8,3,2,4
"4308",1990,8,4,3,3
"4308",1990,8,5 - 9,7,9
"4308",1990,8,10 - 14,16,19
"4308",1990,8,15 - 19,22,26
"4308",1990,8,20 - 24,18,35
"4308",1990,8,25 - 29,32,86
"4308",1990,8,30 - 34,28,116
"4308",1990,8,35 - 39,28,105
"4308",1990,8,40 - 44,37,128
"4308",1990,8,45 - 49,57,114
"4308",1990,8,50 - 54,93,158
"4308",1990,8,55 - 59,175,230
"4308",1990,8,60 - 64,327,348
"4308",1990,8,65 - 69,499,529
"4308",1990,8,70 - 74,758,623
"4308",1990,8,75 - 79,1074,876
"4308",1990,8,80 - 84,1312,822
"4308",1990,8,85 - 89,1645,618
"4308",1990,8,90 - 94,0,0
"4308",1990,8,95+,0,0
"4308",1990,8,UNK,0,0
"4308",1990,9,Total,11933,8934
"4308",1990,9,0,16,26
"4308",1990,9,1,5,9
"4308",1990,9,2,2,1
"4308",1990,9,3,0,1
"4308",1990,9,4,1,1
"4308",1990,9,5 - 9,4,5
"4308",1990,9,10 - 14,4,7
"4308",1990,9,15 - 19,15,5
"4308",1990,9,20 - 24,16,15
"4308",1990,9,25 - 29,34,36
"4308",1990,9,30 - 34,42,69
"4308",1990,9,35 - 39,96,135
"4308",1990,9,40 - 44,156,239
"4308",1990,9,45 - 49,238,334
"4308",1990,9,50 - 54,226,405
"4308",1990,9,55 - 59,355,557
"4308",1990,9,60 - 64,640,766
"4308",1990,9,65 - 69,924,1058
"4308",1990,9,70 - 74,1182,1138
"4308",1990,9,75 - 79,1813,1444
"4308",1990,9,80 - 84,2384,1380
"4308",1990,9,85 - 89,3780,1303
"4308",1990,9,90 - 94,0,0
"4308",1990,9,95+,0,0
"4308",1990,9,UNK,0,0
"4308",1990,10,Total,4534,3876
"4308",1990,10,0,14,28
"4308",1990,10,1,2,3
"4308",1990,10,2,1,2
"4308",1990,10,3,1,0
"4308",1990,10,4,1,0
"4308",1990,10,5 - 9,0,4
"4308",1990,10,10 - 14,0,1
"4308",1990,10,15 - 19,2,3
"4308",1990,10,20 - 24,8,10
"4308",1990,10,25 - 29,9,6
"4308",1990,10,30 - 34,7,14
"4308",1990,10,35 - 39,12,12
"4308",1990,10,40 - 44,21,17
"4308",1990,10,45 - 49,23,28
"4308",1990,10,50 - 54,41,35
"4308",1990,10,55 - 59,69,98
"4308",1990,10,60 - 64,108,142
"4308",1990,10,65 - 69,240,282
"4308",1990,10,70 - 74,361,417
"4308",1990,10,75 - 79,699,758
"4308",1990,10,80 - 84,1042,941
"4308",1990,10,85 - 89,1873,1075
"4308",1990,10,90 - 94,0,0
"4308",1990,10,95+,0,0
"4308",1990,10,UNK,0,0
"4308",1990,11,Total,2389,2980
"4308",1990,11,0,1725,2255
"4308",1990,11,1,65,63
"4308",1990,11,2,24,32
"4308",1990,11,3,17,25
"4308",1990,11,4,12,17
"4308",1990,11,5 - 9,35,28
"4308",1990,11,10 - 14,21,26
"4308",1990,11,15 - 19,25,38
"4308",1990,11,20 - 24,28,63
"4308",1990,11,25 - 29,32,39
"4308",1990,11,30 - 34,24,35
"4308",1990,11,35 - 39,27,32
"4308",1990,11,40 - 44,26,27
"4308",1990,11,45 - 49,18,24
"4308",1990,11,50 - 54,23,45
"4308",1990,11,55 - 59,51,35
"4308",1990,11,60 - 64,41,33
"4308",1990,11,65 - 69,46,39
"4308",1990,11,70 - 74,43,37
"4308",1990,11,75 - 79,43,33
"4308",1990,11,80 - 84,29,39
"4308",1990,11,85 - 89,34,15
"4308",1990,11,90 - 94,0,0
"4308",1990,11,95+,0,0
"4308",1990,11,UNK,0,0
"4308",1990,12,Total,35679,35399
"4308",1990,12,0,130,178
"4308",1990,12,1,29,27
"4308",1990,12,2,9,12
"4308",1990,12,3,7,9
"4308",1990,12,4,2,8
"4308",1990,12,5 - 9,5,16
"4308",1990,12,10 - 14,12,24
"4308",1990,12,15 - 19,37,39
"4308",1990,12,20 - 24,39,40
"4308",1990,12,25 - 29,48,82
"4308",1990,12,30 - 34,37,97
"4308",1990,12,35 - 39,61,115
"4308",1990,12,40 - 44,96,161
"4308",1990,12,45 - 49,156,209
"4308",1990,12,50 - 54,288,428
"4308",1990,12,55 - 59,583,769
"4308",1990,12,60 - 64,1280,1780
"4308",1990,12,65 - 69,2295,3615
"4308",1990,12,70 - 74,2913,4789
"4308",1990,12,75 - 79,4755,7188
"4308",1990,12,80 - 84,6651,7485
"4308",1990,12,85 - 89,16246,8328
"4308",1990,12,90 - 94,0,0
"4308",1990,12,95+,0,0
"4308",1990,12,UNK,0,0
"4308",1990,13,Total,7364,13518
"4308",1990,13,0,38,65
"4308",1990,13,1,39,49
"4308",1990,13,2,20,44
"4308",1990,13,3,23,37
"4308",1990,13,4,13,38
"4308",1990,13,5 - 9,66,155
"4308",1990,13,10 - 14,92,162
"4308",1990,13,15 - 19,225,968
"4308",1990,13,20 - 24,307,1537
"4308",1990,13,25 - 29,302,1382
"4308",1990,13,30 - 34,266,988
"4308",1990,13,35 - 39,265,920
"4308",1990,13,40 - 44,321,990
"4308",1990,13,45 - 49,290,825
"4308",1990,13,50 - 54,272,740
"4308",1990,13,55 - 59,283,702
"4308",1990,13,60 - 64,351,641
"4308",1990,13,65 - 69,466,700
"4308",1990,13,70 - 74,515,585
"4308",1990,13,75 - 79,782,733
"4308",1990,13,80 - 84,923,651
"4308",1990,13,85 - 89,1505,606
"4308",1990,13,90 - 94,0,0
"4308",1990,13,95+,0,0
"4308",1990,13,UNK,0,0
"4308",1990,14,Total,120,293
"4308",1990,14,0,3,5
"4308",1990,14,1,2,6
"4308",1990,14,2,3,3
"4308",1990,14,3,2,2
"4308",1990,14,4,1,0
"4308",1990,14,5 - 9,0,5
"4308",1990,14,10 - 14,3,8
"4308",1990,14,15 - 19,5,24
"4308",1990,14,20 - 24,11,40
"4308",1990,14,25 - 29,13,34
"4308",1990,14,30 - 34,14,27
"4308",1990,14,35 - 39,8,33
"4308",1990,14,40 - 44,12,18
"4308",1990,14,45 - 49,6,17
"4308",1990,14,50 - 54,8,19
"4308",1990,14,55 - 59,5,23
"4308",1990,14,60 - 64,5,10
"4308",1990,14,65 - 69,6,7
"4308",1990,14,70 - 74,5,4
"4308",1990,14,75 - 79,4,6
"4308",1990,14,80 - 84,2,1
"4308",1990,14,85 - 89,2,1
"4308",1990,14,90 - 94,0,0
"4308",1990,14,95+,0,0
"4308",1990,14,UNK,0,0
"4308",1991,1,Total,331754,314427
"4308",1991,1,0,2448,3377
"4308",1991,1,1,221,267
"4308",1991,1,2,133,152
"4308",1991,1,3,79,132
"4308",1991,1,4,79,85
"4308",1991,1,5 - 9,280,395
"4308",1991,1,10 - 14,264,404
"4308",1991,1,15 - 19,538,1417
"4308",1991,1,20 - 24,738,2049
"4308",1991,1,25 - 29,879,2113
"4308",1991,1,30 - 34,1126,2157
"4308",1991,1,35 - 39,1582,2726
"4308",1991,1,40 - 44,2713,4376
"4308",1991,1,45 - 49,3998,6151
"4308",1991,1,50 - 54,5701,9342
"4308",1991,1,55 - 59,9046,14984
"4308",1991,1,60 - 64,15906,25272
"4308",1991,1,65 - 69,26333,40144
"4308",1991,1,70 - 74,35867,47870
"4308",1991,1,75 - 79,52250,56434
"4308",1991,1,80 - 84,64674,50982
"4308",1991,1,85 - 89,106899,43598
"4308",1991,1,90 - 94,0,0
"4308",1991,1,95+,0,0
"4308",1991,1,UNK,0,0
"4308",1991,2,Total,1367,1395
"4308",1991,2,0,45,55
"4308",1991,2,1,22,25
"4308",1991,2,2,11,15
"4308",1991,2,3,6,7
"4308",1991,2,4,1,2
"4308",1991,2,5 - 9,10,12
"4308",1991,2,10 - 14,12,8
"4308",1991,2,15 - 19,16,25
"4308",1991,2,20 - 24,24,25
"4308",1991,2,25 - 29,12,28
"4308",1991,2,30 - 34,20,36
"4308",1991,2,35 - 39,18,47
"4308",1991,2,40 - 44,24,53
"4308",1991,2,45 - 49,21,52
"4308",1991,2,50 - 54,38,43
"4308",1991,2,55 - 59,54,75
"4308",1991,2,60 - 64,81,113
"4308",1991,2,65 - 69,109,132
"4308",1991,2,70 - 74,118,162
"4308",1991,2,75 - 79,206,165
"4308",1991,2,80 - 84,218,171
"4308",1991,2,85 - 89,301,144
"4308",1991,2,90 - 94,0,0
"4308",1991,2,95+,0,0
"4308",1991,2,UNK,0,0
"4308",1991,3,Total,78609,85332
"4308",1991,3,0,18,16
"4308",1991,3,1,21,21
"4308",1991,3,2,13,13
"4308",1991,3,3,12,28
"4308",1991,3,4,14,25
"4308",1991,3,5 - 9,83,89
"4308",1991,3,10 - 14,52,67
"4308",1991,3,15 - 19,64,104
"4308",1991,3,20 - 24,123,180
"4308",1991,3,25 - 29,228,228
"4308",1991,3,30 - 34,416,300
"4308",1991,3,35 - 39,707,488
"4308",1991,3,40 - 44,1461,1023
"4308",1991,3,45 - 49,2303,1829
"4308",1991,3,50 - 54,3249,3174
"4308",1991,3,55 - 59,4671,5291
"4308",1991,3,60 - 64,7258,9075
"4308",1991,3,65 - 69,10332,13977
"4308",1991,3,70 - 74,11500,15045
"4308",1991,3,75 - 79,12570,15339
"4308",1991,3,80 - 84,11679,11739
"4308",1991,3,85 - 89,11835,7281
"4308",1991,3,90 - 94,0,0
"4308",1991,3,95+,0,0
"4308",1991,3,UNK,0,0
"4308",1991,4,Total,155080,142932
"4308",1991,4,0,32,45
"4308",1991,4,1,13,3
"4308",1991,4,2,6,4
"4308",1991,4,3,4,2
"4308",1991,4,4,4,1
"4308",1991,4,5 - 9,13,15
"4308",1991,4,10 - 14,13,25
"4308",1991,4,15 - 19,39,56
"4308",1991,4,20 - 24,60,86
"4308",1991,4,25 - 29,90,142
"4308",1991,4,30 - 34,112,245
"4308",1991,4,35 - 39,223,584
"4308",1991,4,40 - 44,434,1361
"4308",1991,4,45 - 49,697,2388
"4308",1991,4,50 - 54,1257,4121
"4308",1991,4,55 - 59,2491,6926
"4308",1991,4,60 - 64,5449,11952
"4308",1991,4,65 - 69,10585,19074
"4308",1991,4,70 - 74,16645,23516
"4308",1991,4,75 - 79,26920,27703
"4308",1991,4,80 - 84,34891,24665
"4308",1991,4,85 - 89,55102,20018
"4308",1991,4,90 - 94,0,0
"4308",1991,4,95+,0,0
"4308",1991,4,UNK,0,0
"4308",1991,5,Total,3825,1793
"4308",1991,5,0,391,663
"4308",1991,5,1,19,22
"4308",1991,5,2,3,2
"4308",1991,5,3,0,0
"4308",1991,5,4,0,0
"4308",1991,5,5 - 9,0,0
"4308",1991,5,10 - 14,1,1
"4308",1991,5,15 - 19,4,6
"4308",1991,5,20 - 24,6,15
"4308",1991,5,25 - 29,10,18
"4308",1991,5,30 - 34,10,17
"4308",1991,5,35 - 39,9,15
"4308",1991,5,40 - 44,11,29
"4308",1991,5,45 - 49,14,30
"4308",1991,5,50 - 54,12,28
"4308",1991,5,55 - 59,12,23
"4308",1991,5,60 - 64,12,31
"4308",1991,5,65 - 69,25,44
"4308",1991,5,70 - 74,26,35
"4308",1991,5,75 - 79,121,54
"4308",1991,5,80 - 84,377,167
"4308",1991,5,85 - 89,2762,593
"4308",1991,5,90 - 94,0,0
"4308",1991,5,95+,0,0
"4308",1991,5,UNK,0,0
"4308",1991,6,Total,9791,4887
"4308",1991,6,0,0,1
"4308",1991,6,1,0,0
"4308",1991,6,2,1,0
"4308",1991,6,3,0,0
"4308",1991,6,4,0,1
"4308",1991,6,5 - 9,1,2
"4308",1991,6,10 - 14,7,10
"4308",1991,6,15 - 19,11,60
"4308",1991,6,20 - 24,15,49
"4308",1991,6,25 - 29,17,63
"4308",1991,6,30 - 34,24,57
"4308",1991,6,35 - 39,26,63
"4308",1991,6,40 - 44,26,57
"4308",1991,6,45 - 49,36,59
"4308",1991,6,50 - 54,27,49
"4308",1991,6,55 - 59,51,73
"4308",1991,6,60 - 64,78,99
"4308",1991,6,65 - 69,165,230
"4308",1991,6,70 - 74,454,412
"4308",1991,6,75 - 79,1206,862
"4308",1991,6,80 - 84,2233,1270
"4308",1991,6,85 - 89,5413,1470
"4308",1991,6,90 - 94,0,0
"4308",1991,6,95+,0,0
"4308",1991,6,UNK,0,0
"4308",1991,7,Total,6752,6286
"4308",1991,7,0,77,92
"4308",1991,7,1,27,29
"4308",1991,7,2,15,10
"4308",1991,7,3,15,17
"4308",1991,7,4,15,10
"4308",1991,7,5 - 9,32,36
"4308",1991,7,10 - 14,25,33
"4308",1991,7,15 - 19,33,90
"4308",1991,7,20 - 24,65,101
"4308",1991,7,25 - 29,63,87
"4308",1991,7,30 - 34,58,103
"4308",1991,7,35 - 39,62,101
"4308",1991,7,40 - 44,104,153
"4308",1991,7,45 - 49,124,160
"4308",1991,7,50 - 54,138,177
"4308",1991,7,55 - 59,219,254
"4308",1991,7,60 - 64,285,268
"4308",1991,7,65 - 69,461,536
"4308",1991,7,70 - 74,647,767
"4308",1991,7,75 - 79,1040,1096
"4308",1991,7,80 - 84,1395,1199
"4308",1991,7,85 - 89,1852,967
"4308",1991,7,90 - 94,0,0
"4308",1991,7,95+,0,0
"4308",1991,7,UNK,0,0
"4308",1991,8,Total,6225,5173
"4308",1991,8,0,28,38
"4308",1991,8,1,10,10
"4308",1991,8,2,3,10
"4308",1991,8,3,2,2
"4308",1991,8,4,5,4
"4308",1991,8,5 - 9,14,15
"4308",1991,8,10 - 14,16,16
"4308",1991,8,15 - 19,22,21
"4308",1991,8,20 - 24,25,55
"4308",1991,8,25 - 29,41,97
"4308",1991,8,30 - 34,35,137
"4308",1991,8,35 - 39,27,128
"4308",1991,8,40 - 44,36,157
"4308",1991,8,45 - 49,60,156
"4308",1991,8,50 - 54,101,135
"4308",1991,8,55 - 59,138,276
"4308",1991,8,60 - 64,314,351
"4308",1991,8,65 - 69,489,542
"4308",1991,8,70 - 74,695,627
"4308",1991,8,75 - 79,1029,843
"4308",1991,8,80 - 84,1281,820
"4308",1991,8,85 - 89,1854,733
"4308",1991,8,90 - 94,0,0
"4308",1991,8,95+,0,0
"4308",1991,8,UNK,0,0
"4308",1991,9,Total,11964,9000
"4308",1991,9,0,7,21
"4308",1991,9,1,4,7
"4308",1991,9,2,3,5
"4308",1991,9,3,1,2
"4308",1991,9,4,1,0
"4308",1991,9,5 - 9,3,10
"4308",1991,9,10 - 14,2,7
"4308",1991,9,15 - 19,5,9
"4308",1991,9,20 - 24,14,17
"4308",1991,9,25 - 29,21,29
"4308",1991,9,30 - 34,54,85
"4308",1991,9,35 - 39,123,176
"4308",1991,9,40 - 44,145,271
"4308",1991,9,45 - 49,204,320
"4308",1991,9,50 - 54,224,359
"4308",1991,9,55 - 59,371,513
"4308",1991,9,60 - 64,582,734
"4308",1991,9,65 - 69,891,1076
"4308",1991,9,70 - 74,1178,1175
"4308",1991,9,75 - 79,1823,1480
"4308",1991,9,80 - 84,2360,1387
"4308",1991,9,85 - 89,3948,1317
"4308",1991,9,90 - 94,0,0
"4308",1991,9,95+,0,0
"4308",1991,9,UNK,0,0
"4308",1991,10,Total,4122,3441
"4308",1991,10,0,15,17
"4308",1991,10,1,0,3
"4308",1991,10,2,2,0
"4308",1991,10,3,0,0
"4308",1991,10,4,0,0
"4308",1991,10,5 - 9,2,2
"4308",1991,10,10 - 14,1,0
"4308",1991,10,15 - 19,0,2
"4308",1991,10,20 - 24,7,6
"4308",1991,10,25 - 29,10,8
"4308",1991,10,30 - 34,14,6
"4308",1991,10,35 - 39,15,10
"4308",1991,10,40 - 44,23,27
"4308",1991,10,45 - 49,22,23
"4308",1991,10,50 - 54,35,46
"4308",1991,10,55 - 59,54,47
"4308",1991,10,60 - 64,96,132
"4308",1991,10,65 - 69,204,230
"4308",1991,10,70 - 74,353,345
"4308",1991,10,75 - 79,697,700
"4308",1991,10,80 - 84,945,838
"4308",1991,10,85 - 89,1627,999
"4308",1991,10,90 - 94,0,0
"4308",1991,10,95+,0,0
"4308",1991,10,UNK,0,0
"4308",1991,11,Total,2344,2945
"4308",1991,11,0,1658,2200
"4308",1991,11,1,51,70
"4308",1991,11,2,28,39
"4308",1991,11,3,15,19
"4308",1991,11,4,12,8
"4308",1991,11,5 - 9,32,49
"4308",1991,11,10 - 14,35,31
"4308",1991,11,15 - 19,23,42
"4308",1991,11,20 - 24,33,47
"4308",1991,11,25 - 29,42,32
"4308",1991,11,30 - 34,32,29
"4308",1991,11,35 - 39,20,33
"4308",1991,11,40 - 44,25,31
"4308",1991,11,45 - 49,34,38
"4308",1991,11,50 - 54,28,44
"4308",1991,11,55 - 59,36,38
"4308",1991,11,60 - 64,36,39
"4308",1991,11,65 - 69,40,43
"4308",1991,11,70 - 74,50,30
"4308",1991,11,75 - 79,38,35
"4308",1991,11,80 - 84,43,24
"4308",1991,11,85 - 89,33,24
"4308",1991,11,90 - 94,0,0
"4308",1991,11,95+,0,0
"4308",1991,11,UNK,0,0
"4308",1991,12,Total,37505,35360
"4308",1991,12,0,119,149
"4308",1991,12,1,19,26
"4308",1991,12,2,9,10
"4308",1991,12,3,5,10
"4308",1991,12,4,5,6
"4308",1991,12,5 - 9,6,15
"4308",1991,12,10 - 14,19,25
"4308",1991,12,15 - 19,22,43
"4308",1991,12,20 - 24,32,50
"4308",1991,12,25 - 29,42,75
"4308",1991,12,30 - 34,47,100
"4308",1991,12,35 - 39,72,123
"4308",1991,12,40 - 44,94,158
"4308",1991,12,45 - 49,150,207
"4308",1991,12,50 - 54,245,406
"4308",1991,12,55 - 59,553,802
"4308",1991,12,60 - 64,1202,1731
"4308",1991,12,65 - 69,2295,3326
"4308",1991,12,70 - 74,3148,4844
"4308",1991,12,75 - 79,4875,7000
"4308",1991,12,80 - 84,6884,7519
"4308",1991,12,85 - 89,17662,8735
"4308",1991,12,90 - 94,0,0
"4308",1991,12,95+,0,0
"4308",1991,12,UNK,0,0
"4308",1991,13,Total,7359,12777
"4308",1991,13,0,45,63
"4308",1991,13,1,31,45
"4308",1991,13,2,31,39
"4308",1991,13,3,17,43
"4308",1991,13,4,19,25
"4308",1991,13,5 - 9,74,142
"4308",1991,13,10 - 14,73,170
"4308",1991,13,15 - 19,278,930
"4308",1991,13,20 - 24,303,1372
"4308",1991,13,25 - 29,256,1259
"4308",1991,13,30 - 34,260,995
"4308",1991,13,35 - 39,237,909
"4308",1991,13,40 - 44,293,1011
"4308",1991,13,45 - 49,279,843
"4308",1991,13,50 - 54,287,697
"4308",1991,13,55 - 59,295,584
"4308",1991,13,60 - 64,316,586
"4308",1991,13,65 - 69,372,637
"4308",1991,13,70 - 74,518,553
"4308",1991,13,75 - 79,729,663
"4308",1991,13,80 - 84,952,596
"4308",1991,13,85 - 89,1694,615
"4308",1991,13,90 - 94,0,0
"4308",1991,13,95+,0,0
"4308",1991,13,UNK,0,0
"4308",1991,14,Total,161,264
"4308",1991,14,0,8,7
"4308",1991,14,1,2,5
"4308",1991,14,2,3,4
"4308",1991,14,3,2,1
"4308",1991,14,4,2,2
"4308",1991,14,5 - 9,7,3
"4308",1991,14,10 - 14,2,3
"4308",1991,14,15 - 19,10,17
"4308",1991,14,20 - 24,13,26
"4308",1991,14,25 - 29,14,32
"4308",1991,14,30 - 34,15,36
"4308",1991,14,35 - 39,11,25
"4308",1991,14,40 - 44,15,25
"4308",1991,14,45 - 49,8,18
"4308",1991,14,50 - 54,8,15
"4308",1991,14,55 - 59,9,11
"4308",1991,14,60 - 64,4,13
"4308",1991,14,65 - 69,8,7
"4308",1991,14,70 - 74,8,8
"4308",1991,14,75 - 79,4,3
"4308",1991,14,80 - 84,5,3
"4308",1991,14,85 - 89,3,0
"4308",1991,14,90 - 94,0,0
"4308",1991,14,95+,0,0
"4308",1991,14,UNK,0,0
"4308",1992,1,Total,325703,308536
"4308",1992,1,0,2187,2954
"4308",1992,1,1,195,218
"4308",1992,1,2,119,135
"4308",1992,1,3,85,105
"4308",1992,1,4,56,101
"4308",1992,1,5 - 9,249,346
"4308",1992,1,10 - 14,228,377
"4308",1992,1,15 - 19,489,1144
"4308",1992,1,20 - 24,704,1932
"4308",1992,1,25 - 29,871,2138
"4308",1992,1,30 - 34,1123,2241
"4308",1992,1,35 - 39,1617,2754
"4308",1992,1,40 - 44,2645,4091
"4308",1992,1,45 - 49,4099,6259
"4308",1992,1,50 - 54,5606,8977
"4308",1992,1,55 - 59,8770,14514
"4308",1992,1,60 - 64,15243,24519
"4308",1992,1,65 - 69,25086,38305
"4308",1992,1,70 - 74,36549,48771
"4308",1992,1,75 - 79,49847,53802
"4308",1992,1,80 - 84,63272,50459
"4308",1992,1,85 - 89,106663,44394
"4308",1992,1,90 - 94,0,0
"4308",1992,1,95+,0,0
"4308",1992,1,UNK,0,0
"4308",1992,2,Total,1431,1518
"4308",1992,2,0,31,55
"4308",1992,2,1,14,17
"4308",1992,2,2,11,13
"4308",1992,2,3,3,3
"4308",1992,2,4,2,8
"4308",1992,2,5 - 9,9,12
"4308",1992,2,10 - 14,6,13
"4308",1992,2,15 - 19,25,20
"4308",1992,2,20 - 24,11,17
"4308",1992,2,25 - 29,15,31
"4308",1992,2,30 - 34,13,51
"4308",1992,2,35 - 39,29,50
"4308",1992,2,40 - 44,19,43
"4308",1992,2,45 - 49,25,79
"4308",1992,2,50 - 54,32,80
"4308",1992,2,55 - 59,59,79
"4308",1992,2,60 - 64,72,104
"4308",1992,2,65 - 69,118,151
"4308",1992,2,70 - 74,148,170
"4308",1992,2,75 - 79,198,203
"4308",1992,2,80 - 84,220,158
"4308",1992,2,85 - 89,371,161
"4308",1992,2,90 - 94,0,0
"4308",1992,2,95+,0,0
"4308",1992,2,UNK,0,0
"4308",1992,3,Total,78897,86003
"4308",1992,3,0,15,11
"4308",1992,3,1,14,12
"4308",1992,3,2,11,17
"4308",1992,3,3,19,19
"4308",1992,3,4,16,20
"4308",1992,3,5 - 9,67,75
"4308",1992,3,10 - 14,41,79
"4308",1992,3,15 - 19,68,106
"4308",1992,3,20 - 24,124,162
"4308",1992,3,25 - 29,224,246
"4308",1992,3,30 - 34,430,318
"4308",1992,3,35 - 39,755,544
"4308",1992,3,40 - 44,1414,990
"4308",1992,3,45 - 49,2357,1837
"4308",1992,3,50 - 54,3225,3102
"4308",1992,3,55 - 59,4635,5188
"4308",1992,3,60 - 64,7190,8914
"4308",1992,3,65 - 69,9953,13748
"4308",1992,3,70 - 74,11886,15724
"4308",1992,3,75 - 79,12279,15021
"4308",1992,3,80 - 84,12078,11999
"4308",1992,3,85 - 89,12096,7871
"4308",1992,3,90 - 94,0,0
"4308",1992,3,95+,0,0
"4308",1992,3,UNK,0,0
"4308",1992,4,Total,151153,139444
"4308",1992,4,0,39,37
"4308",1992,4,1,6,8
"4308",1992,4,2,7,7
"4308",1992,4,3,2,4
"4308",1992,4,4,2,2
"4308",1992,4,5 - 9,11,13
"4308",1992,4,10 - 14,13,17
"4308",1992,4,15 - 19,30,43
"4308",1992,4,20 - 24,55,80
"4308",1992,4,25 - 29,71,145
"4308",1992,4,30 - 34,141,254
"4308",1992,4,35 - 39,219,574
"4308",1992,4,40 - 44,412,1240
"4308",1992,4,45 - 49,704,2424
"4308",1992,4,50 - 54,1203,3767
"4308",1992,4,55 - 59,2396,6687
"4308",1992,4,60 - 64,5010,11439
"4308",1992,4,65 - 69,9870,17912
"4308",1992,4,70 - 74,16662,23646
"4308",1992,4,75 - 79,25420,26303
"4308",1992,4,80 - 84,33769,24454
"4308",1992,4,85 - 89,55111,20388
"4308",1992,4,90 - 94,0,0
"4308",1992,4,95+,0,0
"4308",1992,4,UNK,0,0
"4308",1992,5,Total,4092,1578
"4308",1992,5,0,202,373
"4308",1992,5,1,11,16
"4308",1992,5,2,0,1
"4308",1992,5,3,0,1
"4308",1992,5,4,0,1
"4308",1992,5,5 - 9,0,1
"4308",1992,5,10 - 14,2,1
"4308",1992,5,15 - 19,5,5
"4308",1992,5,20 - 24,5,13
"4308",1992,5,25 - 29,7,25
"4308",1992,5,30 - 34,9,28
"4308",1992,5,35 - 39,7,17
"4308",1992,5,40 - 44,16,28
"4308",1992,5,45 - 49,11,28
"4308",1992,5,50 - 54,20,32
"4308",1992,5,55 - 59,9,22
"4308",1992,5,60 - 64,12,31
"4308",1992,5,65 - 69,18,29
"4308",1992,5,70 - 74,25,40
"4308",1992,5,75 - 79,121,82
"4308",1992,5,80 - 84,395,130
"4308",1992,5,85 - 89,3217,674
"4308",1992,5,90 - 94,0,0
"4308",1992,5,95+,0,0
"4308",1992,5,UNK,0,0
"4308",1992,6,Total,9326,4809
"4308",1992,6,0,0,0
"4308",1992,6,1,1,0
"4308",1992,6,2,0,0
"4308",1992,6,3,0,1
"4308",1992,6,4,1,0
"4308",1992,6,5 - 9,0,0
"4308",1992,6,10 - 14,5,7
"4308",1992,6,15 - 19,10,46
"4308",1992,6,20 - 24,14,59
"4308",1992,6,25 - 29,22,75
"4308",1992,6,30 - 34,21,73
"4308",1992,6,35 - 39,23,68
"4308",1992,6,40 - 44,27,71
"4308",1992,6,45 - 49,28,65
"4308",1992,6,50 - 54,26,47
"4308",1992,6,55 - 59,26,64
"4308",1992,6,60 - 64,62,88
"4308",1992,6,65 - 69,163,204
"4308",1992,6,70 - 74,412,360
"4308",1992,6,75 - 79,1103,791
"4308",1992,6,80 - 84,2195,1255
"4308",1992,6,85 - 89,5187,1535
"4308",1992,6,90 - 94,0,0
"4308",1992,6,95+,0,0
"4308",1992,6,UNK,0,0
"4308",1992,7,Total,6586,6073
"4308",1992,7,0,78,82
"4308",1992,7,1,26,29
"4308",1992,7,2,16,20
"4308",1992,7,3,11,4
"4308",1992,7,4,7,8
"4308",1992,7,5 - 9,27,39
"4308",1992,7,10 - 14,29,40
"4308",1992,7,15 - 19,34,83
"4308",1992,7,20 - 24,49,87
"4308",1992,7,25 - 29,63,90
"4308",1992,7,30 - 34,65,103
"4308",1992,7,35 - 39,82,116
"4308",1992,7,40 - 44,92,143
"4308",1992,7,45 - 49,121,153
"4308",1992,7,50 - 54,140,157
"4308",1992,7,55 - 59,185,210
"4308",1992,7,60 - 64,286,322
"4308",1992,7,65 - 69,468,497
"4308",1992,7,70 - 74,668,756
"4308",1992,7,75 - 79,988,1057
"4308",1992,7,80 - 84,1272,1138
"4308",1992,7,85 - 89,1879,939
"4308",1992,7,90 - 94,0,0
"4308",1992,7,95+,0,0
"4308",1992,7,UNK,0,0
"4308",1992,8,Total,6266,5158
"4308",1992,8,0,24,43
"4308",1992,8,1,8,8
"4308",1992,8,2,4,1
"4308",1992,8,3,2,6
"4308",1992,8,4,2,2
"4308",1992,8,5 - 9,15,14
"4308",1992,8,10 - 14,10,13
"4308",1992,8,15 - 19,21,24
"4308",1992,8,20 - 24,34,43
"4308",1992,8,25 - 29,37,90
"4308",1992,8,30 - 34,24,137
"4308",1992,8,35 - 39,35,140
"4308",1992,8,40 - 44,48,150
"4308",1992,8,45 - 49,72,149
"4308",1992,8,50 - 54,99,178
"4308",1992,8,55 - 59,180,229
"4308",1992,8,60 - 64,275,387
"4308",1992,8,65 - 69,480,544
"4308",1992,8,70 - 74,725,684
"4308",1992,8,75 - 79,966,810
"4308",1992,8,80 - 84,1307,819
"4308",1992,8,85 - 89,1898,687
"4308",1992,8,90 - 94,0,0
"4308",1992,8,95+,0,0
"4308",1992,8,UNK,0,0
"4308",1992,9,Total,12307,8971
"4308",1992,9,0,19,21
"4308",1992,9,1,10,8
"4308",1992,9,2,5,7
"4308",1992,9,3,3,1
"4308",1992,9,4,0,3
"4308",1992,9,5 - 9,6,7
"4308",1992,9,10 - 14,7,7
"4308",1992,9,15 - 19,5,4
"4308",1992,9,20 - 24,21,16
"4308",1992,9,25 - 29,27,28
"4308",1992,9,30 - 34,43,60
"4308",1992,9,35 - 39,101,150
"4308",1992,9,40 - 44,153,233
"4308",1992,9,45 - 49,225,345
"4308",1992,9,50 - 54,243,398
"4308",1992,9,55 - 59,347,531
"4308",1992,9,60 - 64,560,724
"4308",1992,9,65 - 69,886,988
"4308",1992,9,70 - 74,1308,1289
"4308",1992,9,75 - 79,1824,1365
"4308",1992,9,80 - 84,2432,1436
"4308",1992,9,85 - 89,4082,1350
"4308",1992,9,90 - 94,0,0
"4308",1992,9,95+,0,0
"4308",1992,9,UNK,0,0
"4308",1992,10,Total,3654,2806
"4308",1992,10,0,16,18
"4308",1992,10,1,3,1
"4308",1992,10,2,0,0
"4308",1992,10,3,1,0
"4308",1992,10,4,0,1
"4308",1992,10,5 - 9,3,0
"4308",1992,10,10 - 14,1,1
"4308",1992,10,15 - 19,1,4
"4308",1992,10,20 - 24,1,1
"4308",1992,10,25 - 29,3,9
"4308",1992,10,30 - 34,9,6
"4308",1992,10,35 - 39,5,13
"4308",1992,10,40 - 44,11,11
"4308",1992,10,45 - 49,19,17
"4308",1992,10,50 - 54,35,21
"4308",1992,10,55 - 59,46,50
"4308",1992,10,60 - 64,95,104
"4308",1992,10,65 - 69,165,159
"4308",1992,10,70 - 74,289,297
"4308",1992,10,75 - 79,543,543
"4308",1992,10,80 - 84,775,677
"4308",1992,10,85 - 89,1633,873
"4308",1992,10,90 - 94,0,0
"4308",1992,10,95+,0,0
"4308",1992,10,UNK,0,0
"4308",1992,11,Total,2287,2812
"4308",1992,11,0,1647,2133
"4308",1992,11,1,49,54
"4308",1992,11,2,24,22
"4308",1992,11,3,13,14
"4308",1992,11,4,10,21
"4308",1992,11,5 - 9,32,34
"4308",1992,11,10 - 14,25,24
"4308",1992,11,15 - 19,32,26
"4308",1992,11,20 - 24,26,46
"4308",1992,11,25 - 29,26,41
"4308",1992,11,30 - 34,27,30
"4308",1992,11,35 - 39,24,22
"4308",1992,11,40 - 44,27,21
"4308",1992,11,45 - 49,21,18
"4308",1992,11,50 - 54,26,34
"4308",1992,11,55 - 59,34,35
"4308",1992,11,60 - 64,42,40
"4308",1992,11,65 - 69,39,50
"4308",1992,11,70 - 74,36,52
"4308",1992,11,75 - 79,50,34
"4308",1992,11,80 - 84,29,39
"4308",1992,11,85 - 89,48,22
"4308",1992,11,90 - 94,0,0
"4308",1992,11,95+,0,0
"4308",1992,11,UNK,0,0
"4308",1992,12,Total,35879,33962
"4308",1992,12,0,60,112
"4308",1992,12,1,13,23
"4308",1992,12,2,9,8
"4308",1992,12,3,8,8
"4308",1992,12,4,5,4
"4308",1992,12,5 - 9,9,12
"4308",1992,12,10 - 14,8,11
"4308",1992,12,15 - 19,17,29
"4308",1992,12,20 - 24,31,42
"4308",1992,12,25 - 29,33,71
"4308",1992,12,30 - 34,32,94
"4308",1992,12,35 - 39,50,115
"4308",1992,12,40 - 44,91,156
"4308",1992,12,45 - 49,162,246
"4308",1992,12,50 - 54,242,368
"4308",1992,12,55 - 59,512,731
"4308",1992,12,60 - 64,1120,1591
"4308",1992,12,65 - 69,2187,3240
"4308",1992,12,70 - 74,3292,4767
"4308",1992,12,75 - 79,4736,6510
"4308",1992,12,80 - 84,6550,7192
"4308",1992,12,85 - 89,16712,8632
"4308",1992,12,90 - 94,0,0
"4308",1992,12,95+,0,0
"4308",1992,12,UNK,0,0
"4308",1992,13,Total,6960,12349
"4308",1992,13,0,43,52
"4308",1992,13,1,33,36
"4308",1992,13,2,29,37
"4308",1992,13,3,21,41
"4308",1992,13,4,9,28
"4308",1992,13,5 - 9,61,130
"4308",1992,13,10 - 14,74,160
"4308",1992,13,15 - 19,217,723
"4308",1992,13,20 - 24,303,1299
"4308",1992,13,25 - 29,296,1231
"4308",1992,13,30 - 34,261,1023
"4308",1992,13,35 - 39,233,900
"4308",1992,13,40 - 44,282,952
"4308",1992,13,45 - 49,303,839
"4308",1992,13,50 - 54,253,731
"4308",1992,13,55 - 59,252,613
"4308",1992,13,60 - 64,315,628
"4308",1992,13,65 - 69,380,558
"4308",1992,13,70 - 74,469,596
"4308",1992,13,75 - 79,685,606
"4308",1992,13,80 - 84,904,594
"4308",1992,13,85 - 89,1537,572
"4308",1992,13,90 - 94,0,0
"4308",1992,13,95+,0,0
"4308",1992,13,UNK,0,0
"4308",1992,14,Total,167,336
"4308",1992,14,0,5,11
"4308",1992,14,1,5,2
"4308",1992,14,2,2,1
"4308",1992,14,3,2,1
"4308",1992,14,4,0,2
"4308",1992,14,5 - 9,1,1
"4308",1992,14,10 - 14,3,0
"4308",1992,14,15 - 19,11,27
"4308",1992,14,20 - 24,14,56
"4308",1992,14,25 - 29,12,45
"4308",1992,14,30 - 34,17,45
"4308",1992,14,35 - 39,22,30
"4308",1992,14,40 - 44,12,33
"4308",1992,14,45 - 49,13,26
"4308",1992,14,50 - 54,11,14
"4308",1992,14,55 - 59,4,17
"4308",1992,14,60 - 64,6,13
"4308",1992,14,65 - 69,9,4
"4308",1992,14,70 - 74,5,5
"4308",1992,14,75 - 79,5,2
"4308",1992,14,80 - 84,3,1
"4308",1992,14,85 - 89,5,0
"4308",1992,14,90 - 94,0,0
"4308",1992,14,95+,0,0
"4308",1992,14,UNK,0,0
"4308",1993,1,Total,340685,317796
"4308",1993,1,0,2084,2746
"4308",1993,1,1,178,225
"4308",1993,1,2,107,160
"4308",1993,1,3,85,110
"4308",1993,1,4,66,87
"4308",1993,1,5 - 9,239,325
"4308",1993,1,10 - 14,283,401
"4308",1993,1,15 - 19,465,1072
"4308",1993,1,20 - 24,659,1907
"4308",1993,1,25 - 29,908,2107
"4308",1993,1,30 - 34,1213,2335
"4308",1993,1,35 - 39,1560,2718
"4308",1993,1,40 - 44,2644,3954
"4308",1993,1,45 - 49,4219,6410
"4308",1993,1,50 - 54,5754,9221
"4308",1993,1,55 - 59,8829,14626
"4308",1993,1,60 - 64,15071,24108
"4308",1993,1,65 - 69,24727,38095
"4308",1993,1,70 - 74,39040,52065
"4308",1993,1,75 - 79,48978,52771
"4308",1993,1,80 - 84,65927,52922
"4308",1993,1,85 - 89,117649,49431
"4308",1993,1,90 - 94,0,0
"4308",1993,1,95+,0,0
"4308",1993,1,UNK,0,0
"4308",1993,2,Total,1570,1580
"4308",1993,2,0,51,64
"4308",1993,2,1,18,22
"4308",1993,2,2,6,14
"4308",1993,2,3,4,8
"4308",1993,2,4,3,5
"4308",1993,2,5 - 9,9,17
"4308",1993,2,10 - 14,12,14
"4308",1993,2,15 - 19,22,23
"4308",1993,2,20 - 24,19,16
"4308",1993,2,25 - 29,18,40
"4308",1993,2,30 - 34,24,52
"4308",1993,2,35 - 39,35,72
"4308",1993,2,40 - 44,27,59
"4308",1993,2,45 - 49,30,48
"4308",1993,2,50 - 54,37,61
"4308",1993,2,55 - 59,54,76
"4308",1993,2,60 - 64,93,103
"4308",1993,2,65 - 69,130,162
"4308",1993,2,70 - 74,174,194
"4308",1993,2,75 - 79,181,182
"4308",1993,2,80 - 84,245,173
"4308",1993,2,85 - 89,378,175
"4308",1993,2,90 - 94,0,0
"4308",1993,2,95+,0,0
"4308",1993,2,UNK,0,0
"4308",1993,3,Total,77398,84465
"4308",1993,3,0,12,16
"4308",1993,3,1,11,17
"4308",1993,3,2,9,15
"4308",1993,3,3,19,12
"4308",1993,3,4,11,16
"4308",1993,3,5 - 9,56,90
"4308",1993,3,10 - 14,64,73
"4308",1993,3,15 - 19,58,106
"4308",1993,3,20 - 24,114,156
"4308",1993,3,25 - 29,222,228
"4308",1993,3,30 - 34,421,320
"4308",1993,3,35 - 39,705,472
"4308",1993,3,40 - 44,1374,976
"4308",1993,3,45 - 49,2417,1980
"4308",1993,3,50 - 54,3275,3145
"4308",1993,3,55 - 59,4599,5196
"4308",1993,3,60 - 64,6991,8538
"4308",1993,3,65 - 69,9539,13109
"4308",1993,3,70 - 74,12370,16101
"4308",1993,3,75 - 79,11555,14143
"4308",1993,3,80 - 84,11359,11782
"4308",1993,3,85 - 89,12217,7974
"4308",1993,3,90 - 94,0,0
"4308",1993,3,95+,0,0
"4308",1993,3,UNK,0,0
"4308",1993,4,Total,153993,141078
"4308",1993,4,0,62,58
"4308",1993,4,1,7,11
"4308",1993,4,2,3,13
"4308",1993,4,3,5,8
"4308",1993,4,4,3,4
"4308",1993,4,5 - 9,9,16
"4308",1993,4,10 - 14,19,18
"4308",1993,4,15 - 19,28,47
"4308",1993,4,20 - 24,66,101
"4308",1993,4,25 - 29,99,167
"4308",1993,4,30 - 34,166,267
"4308",1993,4,35 - 39,215,566
"4308",1993,4,40 - 44,422,1137
"4308",1993,4,45 - 49,739,2402
"4308",1993,4,50 - 54,1210,3920
"4308",1993,4,55 - 59,2382,6616
"4308",1993,4,60 - 64,4912,11228
"4308",1993,4,65 - 69,9544,17680
"4308",1993,4,70 - 74,17468,24953
"4308",1993,4,75 - 79,24533,25208
"4308",1993,4,80 - 84,34730,24831
"4308",1993,4,85 - 89,57371,21827
"4308",1993,4,90 - 94,0,0
"4308",1993,4,95+,0,0
"4308",1993,4,UNK,0,0
"4308",1993,5,Total,5352,1811
"4308",1993,5,0,213,306
"4308",1993,5,1,11,11
"4308",1993,5,2,0,2
"4308",1993,5,3,0,2
"4308",1993,5,4,1,0
"4308",1993,5,5 - 9,2,0
"4308",1993,5,10 - 14,1,3
"4308",1993,5,15 - 19,4,4
"4308",1993,5,20 - 24,4,16
"4308",1993,5,25 - 29,8,22
"4308",1993,5,30 - 34,17,28
"4308",1993,5,35 - 39,7,31
"4308",1993,5,40 - 44,11,23
"4308",1993,5,45 - 49,7,35
"4308",1993,5,50 - 54,16,28
"4308",1993,5,55 - 59,18,37
"4308",1993,5,60 - 64,20,27
"4308",1993,5,65 - 69,30,40
"4308",1993,5,70 - 74,51,56
"4308",1993,5,75 - 79,139,98
"4308",1993,5,80 - 84,551,199
"4308",1993,5,85 - 89,4241,843
"4308",1993,5,90 - 94,0,0
"4308",1993,5,95+,0,0
"4308",1993,5,UNK,0,0
"4308",1993,6,Total,6086,3072
"4308",1993,6,0,0,1
"4308",1993,6,1,0,1
"4308",1993,6,2,0,3
"4308",1993,6,3,0,0
"4308",1993,6,4,0,0
"4308",1993,6,5 - 9,0,1
"4308",1993,6,10 - 14,1,6
"4308",1993,6,15 - 19,9,40
"4308",1993,6,20 - 24,15,56
"4308",1993,6,25 - 29,18,77
"4308",1993,6,30 - 34,24,76
"4308",1993,6,35 - 39,18,77
"4308",1993,6,40 - 44,22,67
"4308",1993,6,45 - 49,33,62
"4308",1993,6,50 - 54,32,65
"4308",1993,6,55 - 59,33,53
"4308",1993,6,60 - 64,40,74
"4308",1993,6,65 - 69,98,144
"4308",1993,6,70 - 74,261,269
"4308",1993,6,75 - 79,628,424
"4308",1993,6,80 - 84,1312,663
"4308",1993,6,85 - 89,3542,913
"4308",1993,6,90 - 94,0,0
"4308",1993,6,95+,0,0
"4308",1993,6,UNK,0,0
"4308",1993,7,Total,5303,4928
"4308",1993,7,0,55,79
"4308",1993,7,1,30,29
"4308",1993,7,2,15,16
"4308",1993,7,3,11,9
"4308",1993,7,4,9,6
"4308",1993,7,5 - 9,37,33
"4308",1993,7,10 - 14,29,54
"4308",1993,7,15 - 19,50,83
"4308",1993,7,20 - 24,34,96
"4308",1993,7,25 - 29,64,77
"4308",1993,7,30 - 34,74,107
"4308",1993,7,35 - 39,58,112
"4308",1993,7,40 - 44,94,125
"4308",1993,7,45 - 49,104,155
"4308",1993,7,50 - 54,111,149
"4308",1993,7,55 - 59,175,202
"4308",1993,7,60 - 64,239,263
"4308",1993,7,65 - 69,379,401
"4308",1993,7,70 - 74,558,608
"4308",1993,7,75 - 79,714,744
"4308",1993,7,80 - 84,980,814
"4308",1993,7,85 - 89,1483,766
"4308",1993,7,90 - 94,0,0
"4308",1993,7,95+,0,0
"4308",1993,7,UNK,0,0
"4308",1993,8,Total,4911,4380
"4308",1993,8,0,28,39
"4308",1993,8,1,4,10
"4308",1993,8,2,6,7
"4308",1993,8,3,2,5
"4308",1993,8,4,3,3
"4308",1993,8,5 - 9,15,12
"4308",1993,8,10 - 14,17,17
"4308",1993,8,15 - 19,35,24
"4308",1993,8,20 - 24,30,40
"4308",1993,8,25 - 29,43,91
"4308",1993,8,30 - 34,43,153
"4308",1993,8,35 - 39,40,151
"4308",1993,8,40 - 44,40,138
"4308",1993,8,45 - 49,66,139
"4308",1993,8,50 - 54,77,146
"4308",1993,8,55 - 59,137,225
"4308",1993,8,60 - 64,260,342
"4308",1993,8,65 - 69,406,505
"4308",1993,8,70 - 74,592,554
"4308",1993,8,75 - 79,757,660
"4308",1993,8,80 - 84,968,604
"4308",1993,8,85 - 89,1342,515
"4308",1993,8,90 - 94,0,0
"4308",1993,8,95+,0,0
"4308",1993,8,UNK,0,0
"4308",1993,9,Total,12013,9009
"4308",1993,9,0,27,22
"4308",1993,9,1,4,8
"4308",1993,9,2,4,4
"4308",1993,9,3,1,4
"4308",1993,9,4,0,4
"4308",1993,9,5 - 9,4,4
"4308",1993,9,10 - 14,2,4
"4308",1993,9,15 - 19,4,14
"4308",1993,9,20 - 24,18,18
"4308",1993,9,25 - 29,21,39
"4308",1993,9,30 - 34,52,86
"4308",1993,9,35 - 39,93,166
"4308",1993,9,40 - 44,152,275
"4308",1993,9,45 - 49,223,331
"4308",1993,9,50 - 54,256,409
"4308",1993,9,55 - 59,359,536
"4308",1993,9,60 - 64,569,769
"4308",1993,9,65 - 69,853,1008
"4308",1993,9,70 - 74,1348,1346
"4308",1993,9,75 - 79,1720,1260
"4308",1993,9,80 - 84,2344,1395
"4308",1993,9,85 - 89,3959,1307
"4308",1993,9,90 - 94,0,0
"4308",1993,9,95+,0,0
"4308",1993,9,UNK,0,0
"4308",1993,10,Total,4364,3510
"4308",1993,10,0,17,21
"4308",1993,10,1,0,2
"4308",1993,10,2,0,1
"4308",1993,10,3,1,0
"4308",1993,10,4,2,1
"4308",1993,10,5 - 9,2,2
"4308",1993,10,10 - 14,3,1
"4308",1993,10,15 - 19,0,5
"4308",1993,10,20 - 24,7,6
"4308",1993,10,25 - 29,7,8
"4308",1993,10,30 - 34,9,14
"4308",1993,10,35 - 39,11,15
"4308",1993,10,40 - 44,25,15
"4308",1993,10,45 - 49,29,17
"4308",1993,10,50 - 54,41,46
"4308",1993,10,55 - 59,76,72
"4308",1993,10,60 - 64,109,125
"4308",1993,10,65 - 69,233,313
"4308",1993,10,70 - 74,399,466
"4308",1993,10,75 - 79,556,604
"4308",1993,10,80 - 84,916,772
"4308",1993,10,85 - 89,1921,1004
"4308",1993,10,90 - 94,0,0
"4308",1993,10,95+,0,0
"4308",1993,10,UNK,0,0
"4308",1993,11,Total,2123,2616
"4308",1993,11,0,1476,1960
"4308",1993,11,1,39,42
"4308",1993,11,2,32,26
"4308",1993,11,3,21,14
"4308",1993,11,4,17,7
"4308",1993,11,5 - 9,19,28
"4308",1993,11,10 - 14,25,34
"4308",1993,11,15 - 19,24,25
"4308",1993,11,20 - 24,26,37
"4308",1993,11,25 - 29,28,37
"4308",1993,11,30 - 34,21,31
"4308",1993,11,35 - 39,20,25
"4308",1993,11,40 - 44,29,30
"4308",1993,11,45 - 49,29,28
"4308",1993,11,50 - 54,32,32
"4308",1993,11,55 - 59,27,41
"4308",1993,11,60 - 64,26,35
"4308",1993,11,65 - 69,42,39
"4308",1993,11,70 - 74,54,35
"4308",1993,11,75 - 79,52,33
"4308",1993,11,80 - 84,37,38
"4308",1993,11,85 - 89,47,39
"4308",1993,11,90 - 94,0,0
"4308",1993,11,95+,0,0
"4308",1993,11,UNK,0,0
"4308",1993,12,Total,55263,46919
"4308",1993,12,0,90,119
"4308",1993,12,1,18,23
"4308",1993,12,2,11,15
"4308",1993,12,3,7,13
"4308",1993,12,4,5,8
"4308",1993,12,5 - 9,21,15
"4308",1993,12,10 - 14,21,18
"4308",1993,12,15 - 19,25,48
"4308",1993,12,20 - 24,45,48
"4308",1993,12,25 - 29,53,91
"4308",1993,12,30 - 34,58,141
"4308",1993,12,35 - 39,68,151
"4308",1993,12,40 - 44,131,186
"4308",1993,12,45 - 49,203,323
"4308",1993,12,50 - 54,344,505
"4308",1993,12,55 - 59,638,866
"4308",1993,12,60 - 64,1366,1943
"4308",1993,12,65 - 69,2842,3916
"4308",1993,12,70 - 74,4795,6600
"4308",1993,12,75 - 79,6803,8472
"4308",1993,12,80 - 84,10568,10599
"4308",1993,12,85 - 89,27151,12819
"4308",1993,12,90 - 94,0,0
"4308",1993,12,95+,0,0
"4308",1993,12,UNK,0,0
"4308",1993,13,Total,7026,11758
"4308",1993,13,0,39,38
"4308",1993,13,1,27,41
"4308",1993,13,2,18,38
"4308",1993,13,3,10,33
"4308",1993,13,4,9,30
"4308",1993,13,5 - 9,56,98
"4308",1993,13,10 - 14,76,146
"4308",1993,13,15 - 19,172,613
"4308",1993,13,20 - 24,241,1225
"4308",1993,13,25 - 29,262,1142
"4308",1993,13,30 - 34,261,974
"4308",1993,13,35 - 39,247,817
"4308",1993,13,40 - 44,268,851
"4308",1993,13,45 - 49,286,829
"4308",1993,13,50 - 54,257,649
"4308",1993,13,55 - 59,250,613
"4308",1993,13,60 - 64,289,528
"4308",1993,13,65 - 69,373,583
"4308",1993,13,70 - 74,502,600
"4308",1993,13,75 - 79,646,567
"4308",1993,13,80 - 84,916,634
"4308",1993,13,85 - 89,1821,709
"4308",1993,13,90 - 94,0,0
"4308",1993,13,95+,0,0
"4308",1993,13,UNK,0,0
"4308",1993,14,Total,227,483
"4308",1993,14,0,9,12
"4308",1993,14,1,6,5
"4308",1993,14,2,3,6
"4308",1993,14,3,2,2
"4308",1993,14,4,3,2
"4308",1993,14,5 - 9,4,3
"4308",1993,14,10 - 14,3,4
"4308",1993,14,15 - 19,22,31
"4308",1993,14,20 - 24,23,79
"4308",1993,14,25 - 29,29,65
"4308",1993,14,30 - 34,16,66
"4308",1993,14,35 - 39,20,49
"4308",1993,14,40 - 44,20,51
"4308",1993,14,45 - 49,18,26
"4308",1993,14,50 - 54,7,27
"4308",1993,14,55 - 59,2,15
"4308",1993,14,60 - 64,7,16
"4308",1993,14,65 - 69,5,7
"4308",1993,14,70 - 74,7,7
"4308",1993,14,75 - 79,7,4
"4308",1993,14,80 - 84,7,3
"4308",1993,14,85 - 89,7,3
"4308",1993,14,90 - 94,0,0
"4308",1993,14,95+,0,0
"4308",1993,14,UNK,0,0
"4308",1994,1,Total,324303,303333
"4308",1994,1,0,1989,2660
"4308",1994,1,1,171,201
"4308",1994,1,2,107,127
"4308",1994,1,3,80,87
"4308",1994,1,4,52,82
"4308",1994,1,5 - 9,205,319
"4308",1994,1,10 - 14,232,400
"4308",1994,1,15 - 19,406,1041
"4308",1994,1,20 - 24,626,1829
"4308",1994,1,25 - 29,858,2179
"4308",1994,1,30 - 34,1195,2562
"4308",1994,1,35 - 39,1663,2706
"4308",1994,1,40 - 44,2622,3955
"4308",1994,1,45 - 49,4355,6189
"4308",1994,1,50 - 54,5726,8794
"4308",1994,1,55 - 59,8381,13974
"4308",1994,1,60 - 64,14020,22495
"4308",1994,1,65 - 69,23382,35503
"4308",1994,1,70 - 74,38687,51393
"4308",1994,1,75 - 79,44114,47944
"4308",1994,1,80 - 84,62702,51038
"4308",1994,1,85 - 89,112730,47855
"4308",1994,1,90 - 94,0,0
"4308",1994,1,95+,0,0
"4308",1994,1,UNK,0,0
"4308",1994,2,Total,1517,1570
"4308",1994,2,0,44,51
"4308",1994,2,1,17,19
"4308",1994,2,2,17,12
"4308",1994,2,3,2,8
"4308",1994,2,4,3,4
"4308",1994,2,5 - 9,12,9
"4308",1994,2,10 - 14,5,6
"4308",1994,2,15 - 19,18,16
"4308",1994,2,20 - 24,23,19
"4308",1994,2,25 - 29,24,37
"4308",1994,2,30 - 34,22,63
"4308",1994,2,35 - 39,31,45
"4308",1994,2,40 - 44,23,74
"4308",1994,2,45 - 49,30,62
"4308",1994,2,50 - 54,33,67
"4308",1994,2,55 - 59,49,81
"4308",1994,2,60 - 64,95,112
"4308",1994,2,65 - 69,133,157
"4308",1994,2,70 - 74,165,226
"4308",1994,2,75 - 79,175,158
"4308",1994,2,80 - 84,262,207
"4308",1994,2,85 - 89,334,137
"4308",1994,2,90 - 94,0,0
"4308",1994,2,95+,0,0
"4308",1994,2,UNK,0,0
"4308",1994,3,Total,77365,83447
"4308",1994,3,0,21,17
"4308",1994,3,1,14,10
"4308",1994,3,2,8,15
"4308",1994,3,3,18,11
"4308",1994,3,4,10,24
"4308",1994,3,5 - 9,55,76
"4308",1994,3,10 - 14,45,87
"4308",1994,3,15 - 19,66,102
"4308",1994,3,20 - 24,93,138
"4308",1994,3,25 - 29,180,212
"4308",1994,3,30 - 34,418,314
"4308",1994,3,35 - 39,735,462
"4308",1994,3,40 - 44,1347,964
"4308",1994,3,45 - 49,2435,1863
"4308",1994,3,50 - 54,3302,3147
"4308",1994,3,55 - 59,4503,5205
"4308",1994,3,60 - 64,6549,8294
"4308",1994,3,65 - 69,9498,12505
"4308",1994,3,70 - 74,12826,16694
"4308",1994,3,75 - 79,11005,13224
"4308",1994,3,80 - 84,11776,11937
"4308",1994,3,85 - 89,12461,8146
"4308",1994,3,90 - 94,0,0
"4308",1994,3,95+,0,0
"4308",1994,3,UNK,0,0
"4308",1994,4,Total,144293,132119
"4308",1994,4,0,53,57
"4308",1994,4,1,5,10
"4308",1994,4,2,10,7
"4308",1994,4,3,5,5
"4308",1994,4,4,1,3
"4308",1994,4,5 - 9,10,19
"4308",1994,4,10 - 14,17,25
"4308",1994,4,15 - 19,22,51
"4308",1994,4,20 - 24,53,85
"4308",1994,4,25 - 29,88,164
"4308",1994,4,30 - 34,144,259
"4308",1994,4,35 - 39,267,526
"4308",1994,4,40 - 44,433,1094
"4308",1994,4,45 - 49,786,2216
"4308",1994,4,50 - 54,1171,3471
"4308",1994,4,55 - 59,2116,6043
"4308",1994,4,60 - 64,4486,10191
"4308",1994,4,65 - 69,8791,16388
"4308",1994,4,70 - 74,16905,24025
"4308",1994,4,75 - 79,21673,22841
"4308",1994,4,80 - 84,32336,23651
"4308",1994,4,85 - 89,54921,20988
"4308",1994,4,90 - 94,0,0
"4308",1994,4,95+,0,0
"4308",1994,4,UNK,0,0
"4308",1994,5,Total,6085,2101
"4308",1994,5,0,190,315
"4308",1994,5,1,6,15
"4308",1994,5,2,2,3
"4308",1994,5,3,3,0
"4308",1994,5,4,0,0
"4308",1994,5,5 - 9,0,0
"4308",1994,5,10 - 14,1,2
"4308",1994,5,15 - 19,5,7
"4308",1994,5,20 - 24,4,14
"4308",1994,5,25 - 29,7,32
"4308",1994,5,30 - 34,11,36
"4308",1994,5,35 - 39,9,27
"4308",1994,5,40 - 44,18,24
"4308",1994,5,45 - 49,18,33
"4308",1994,5,50 - 54,14,34
"4308",1994,5,55 - 59,15,37
"4308",1994,5,60 - 64,16,48
"4308",1994,5,65 - 69,23,54
"4308",1994,5,70 - 74,60,54
"4308",1994,5,75 - 79,152,78
"4308",1994,5,80 - 84,531,246
"4308",1994,5,85 - 89,5000,1042
"4308",1994,5,90 - 94,0,0
"4308",1994,5,95+,0,0
"4308",1994,5,UNK,0,0
"4308",1994,6,Total,6151,3288
"4308",1994,6,0,0,1
"4308",1994,6,1,1,0
"4308",1994,6,2,0,0
"4308",1994,6,3,0,0
"4308",1994,6,4,1,0
"4308",1994,6,5 - 9,1,0
"4308",1994,6,10 - 14,2,5
"4308",1994,6,15 - 19,10,46
"4308",1994,6,20 - 24,25,113
"4308",1994,6,25 - 29,32,117
"4308",1994,6,30 - 34,27,110
"4308",1994,6,35 - 39,24,88
"4308",1994,6,40 - 44,28,64
"4308",1994,6,45 - 49,38,86
"4308",1994,6,50 - 54,29,74
"4308",1994,6,55 - 59,48,56
"4308",1994,6,60 - 64,48,81
"4308",1994,6,65 - 69,96,131
"4308",1994,6,70 - 74,278,260
"4308",1994,6,75 - 79,571,433
"4308",1994,6,80 - 84,1309,684
"4308",1994,6,85 - 89,3583,939
"4308",1994,6,90 - 94,0,0
"4308",1994,6,95+,0,0
"4308",1994,6,UNK,0,0
"4308",1994,7,Total,5194,4886
"4308",1994,7,0,73,84
"4308",1994,7,1,25,16
"4308",1994,7,2,10,13
"4308",1994,7,3,7,9
"4308",1994,7,4,5,5
"4308",1994,7,5 - 9,19,28
"4308",1994,7,10 - 14,19,49
"4308",1994,7,15 - 19,27,59
"4308",1994,7,20 - 24,51,81
"4308",1994,7,25 - 29,55,92
"4308",1994,7,30 - 34,72,110
"4308",1994,7,35 - 39,72,108
"4308",1994,7,40 - 44,78,112
"4308",1994,7,45 - 49,136,153
"4308",1994,7,50 - 54,170,143
"4308",1994,7,55 - 59,188,187
"4308",1994,7,60 - 64,254,279
"4308",1994,7,65 - 69,350,414
"4308",1994,7,70 - 74,577,662
"4308",1994,7,75 - 79,687,689
"4308",1994,7,80 - 84,923,859
"4308",1994,7,85 - 89,1396,734
"4308",1994,7,90 - 94,0,0
"4308",1994,7,95+,0,0
"4308",1994,7,UNK,0,0
"4308",1994,8,Total,4545,4315
"4308",1994,8,0,25,27
"4308",1994,8,1,9,11
"4308",1994,8,2,3,4
"4308",1994,8,3,3,1
"4308",1994,8,4,2,2
"4308",1994,8,5 - 9,10,9
"4308",1994,8,10 - 14,14,14
"4308",1994,8,15 - 19,20,25
"4308",1994,8,20 - 24,30,39
"4308",1994,8,25 - 29,47,90
"4308",1994,8,30 - 34,40,176
"4308",1994,8,35 - 39,31,172
"4308",1994,8,40 - 44,46,172
"4308",1994,8,45 - 49,62,151
"4308",1994,8,50 - 54,67,155
"4308",1994,8,55 - 59,125,239
"4308",1994,8,60 - 64,266,325
"4308",1994,8,65 - 69,370,480
"4308",1994,8,70 - 74,582,566
"4308",1994,8,75 - 79,697,554
"4308",1994,8,80 - 84,843,573
"4308",1994,8,85 - 89,1253,530
"4308",1994,8,90 - 94,0,0
"4308",1994,8,95+,0,0
"4308",1994,8,UNK,0,0
"4308",1994,9,Total,12016,9244
"4308",1994,9,0,17,26
"4308",1994,9,1,9,7
"4308",1994,9,2,0,2
"4308",1994,9,3,0,1
"4308",1994,9,4,2,2
"4308",1994,9,5 - 9,5,5
"4308",1994,9,10 - 14,7,3
"4308",1994,9,15 - 19,7,6
"4308",1994,9,20 - 24,10,16
"4308",1994,9,25 - 29,19,40
"4308",1994,9,30 - 34,47,106
"4308",1994,9,35 - 39,104,169
"4308",1994,9,40 - 44,181,298
"4308",1994,9,45 - 49,259,403
"4308",1994,9,50 - 54,263,477
"4308",1994,9,55 - 59,399,555
"4308",1994,9,60 - 64,570,726
"4308",1994,9,65 - 69,865,1032
"4308",1994,9,70 - 74,1365,1396
"4308",1994,9,75 - 79,1550,1261
"4308",1994,9,80 - 84,2366,1418
"4308",1994,9,85 - 89,3971,1295
"4308",1994,9,90 - 94,0,0
"4308",1994,9,95+,0,0
"4308",1994,9,UNK,0,0
"4308",1994,10,Total,4448,3453
"4308",1994,10,0,6,21
"4308",1994,10,1,1,1
"4308",1994,10,2,1,2
"4308",1994,10,3,0,0
"4308",1994,10,4,0,3
"4308",1994,10,5 - 9,2,2
"4308",1994,10,10 - 14,1,2
"4308",1994,10,15 - 19,0,3
"4308",1994,10,20 - 24,5,8
"4308",1994,10,25 - 29,12,7
"4308",1994,10,30 - 34,12,15
"4308",1994,10,35 - 39,19,8
"4308",1994,10,40 - 44,16,18
"4308",1994,10,45 - 49,25,30
"4308",1994,10,50 - 54,36,50
"4308",1994,10,55 - 59,64,66
"4308",1994,10,60 - 64,125,123
"4308",1994,10,65 - 69,206,243
"4308",1994,10,70 - 74,414,447
"4308",1994,10,75 - 79,580,566
"4308",1994,10,80 - 84,973,805
"4308",1994,10,85 - 89,1950,1033
"4308",1994,10,90 - 94,0,0
"4308",1994,10,95+,0,0
"4308",1994,10,UNK,0,0
"4308",1994,11,Total,1970,2506
"4308",1994,11,0,1416,1909
"4308",1994,11,1,33,45
"4308",1994,11,2,24,23
"4308",1994,11,3,13,12
"4308",1994,11,4,7,11
"4308",1994,11,5 - 9,29,21
"4308",1994,11,10 - 14,19,18
"4308",1994,11,15 - 19,23,32
"4308",1994,11,20 - 24,19,28
"4308",1994,11,25 - 29,25,30
"4308",1994,11,30 - 34,23,34
"4308",1994,11,35 - 39,20,17
"4308",1994,11,40 - 44,26,19
"4308",1994,11,45 - 49,24,22
"4308",1994,11,50 - 54,29,33
"4308",1994,11,55 - 59,25,32
"4308",1994,11,60 - 64,29,35
"4308",1994,11,65 - 69,34,41
"4308",1994,11,70 - 74,42,49
"4308",1994,11,75 - 79,30,36
"4308",1994,11,80 - 84,41,33
"4308",1994,11,85 - 89,39,26
"4308",1994,11,90 - 94,0,0
"4308",1994,11,95+,0,0
"4308",1994,11,UNK,0,0
"4308",1994,12,Total,48900,42001
"4308",1994,12,0,99,99
"4308",1994,12,1,22,26
"4308",1994,12,2,7,16
"4308",1994,12,3,9,7
"4308",1994,12,4,4,6
"4308",1994,12,5 - 9,17,33
"4308",1994,12,10 - 14,16,29
"4308",1994,12,15 - 19,19,27
"4308",1994,12,20 - 24,29,54
"4308",1994,12,25 - 29,41,68
"4308",1994,12,30 - 34,54,165
"4308",1994,12,35 - 39,82,149
"4308",1994,12,40 - 44,117,206
"4308",1994,12,45 - 49,217,309
"4308",1994,12,50 - 54,309,433
"4308",1994,12,55 - 59,531,800
"4308",1994,12,60 - 64,1141,1613
"4308",1994,12,65 - 69,2441,3354
"4308",1994,12,70 - 74,4495,6093
"4308",1994,12,75 - 79,5803,7182
"4308",1994,12,80 - 84,9497,9562
"4308",1994,12,85 - 89,23950,11770
"4308",1994,12,90 - 94,0,0
"4308",1994,12,95+,0,0
"4308",1994,12,UNK,0,0
"4308",1994,13,Total,6729,11842
"4308",1994,13,0,27,37
"4308",1994,13,1,22,38
"4308",1994,13,2,21,28
"4308",1994,13,3,18,28
"4308",1994,13,4,12,21
"4308",1994,13,5 - 9,35,103
"4308",1994,13,10 - 14,74,154
"4308",1994,13,15 - 19,167,626
"4308",1994,13,20 - 24,246,1171
"4308",1994,13,25 - 29,280,1222
"4308",1994,13,30 - 34,277,1106
"4308",1994,13,35 - 39,224,871
"4308",1994,13,40 - 44,265,855
"4308",1994,13,45 - 49,270,805
"4308",1994,13,50 - 54,237,644
"4308",1994,13,55 - 59,228,568
"4308",1994,13,60 - 64,302,536
"4308",1994,13,65 - 69,323,515
"4308",1994,13,70 - 74,492,611
"4308",1994,13,75 - 79,577,565
"4308",1994,13,80 - 84,891,639
"4308",1994,13,85 - 89,1741,699
"4308",1994,13,90 - 94,0,0
"4308",1994,13,95+,0,0
"4308",1994,13,UNK,0,0
"4308",1994,14,Total,188,400
"4308",1994,14,0,10,5
"4308",1994,14,1,6,2
"4308",1994,14,2,1,2
"4308",1994,14,3,2,2
"4308",1994,14,4,5,0
"4308",1994,14,5 - 9,6,6
"4308",1994,14,10 - 14,4,1
"4308",1994,14,15 - 19,11,29
"4308",1994,14,20 - 24,20,54
"4308",1994,14,25 - 29,20,51
"4308",1994,14,30 - 34,14,53
"4308",1994,14,35 - 39,18,49
"4308",1994,14,40 - 44,10,33
"4308",1994,14,45 - 49,14,31
"4308",1994,14,50 - 54,12,33
"4308",1994,14,55 - 59,4,22
"4308",1994,14,60 - 64,3,10
"4308",1994,14,65 - 69,7,9
"4308",1994,14,70 - 74,10,4
"4308",1994,14,75 - 79,1,2
"4308",1994,14,80 - 84,6,2
"4308",1994,14,85 - 89,4,0
"4308",1994,14,90 - 94,0,0
"4308",1994,14,95+,0,0
"4308",1994,14,UNK,0,0
"4308",1995,1,Total,334771,310722
"4308",1995,1,0,1931,2595
"4308",1995,1,1,169,175
"4308",1995,1,2,87,115
"4308",1995,1,3,63,94
"4308",1995,1,4,51,63
"4308",1995,1,5 - 9,224,314
"4308",1995,1,10 - 14,250,388
"4308",1995,1,15 - 19,449,1115
"4308",1995,1,20 - 24,592,1810
"4308",1995,1,25 - 29,861,2176
"4308",1995,1,30 - 34,1279,2572
"4308",1995,1,35 - 39,1639,2821
"4308",1995,1,40 - 44,2564,3933
"4308",1995,1,45 - 49,4423,6578
"4308",1995,1,50 - 54,5966,9066
"4308",1995,1,55 - 59,8574,13937
"4308",1995,1,60 - 64,13519,22131
"4308",1995,1,65 - 69,23023,35013
"4308",1995,1,70 - 74,37965,50446
"4308",1995,1,75 - 79,45970,50633
"4308",1995,1,80 - 84,64277,52691
"4308",1995,1,85 - 89,120895,52056
"4308",1995,1,90 - 94,0,0
"4308",1995,1,95+,0,0
"4308",1995,1,UNK,0,0
"4308",1995,2,Total,1650,1849
"4308",1995,2,0,57,71
"4308",1995,2,1,25,16
"4308",1995,2,2,8,16
"4308",1995,2,3,5,9
"4308",1995,2,4,4,9
"4308",1995,2,5 - 9,13,14
"4308",1995,2,10 - 14,8,14
"4308",1995,2,15 - 19,27,26
"4308",1995,2,20 - 24,16,32
"4308",1995,2,25 - 29,29,39
"4308",1995,2,30 - 34,35,77
"4308",1995,2,35 - 39,29,81
"4308",1995,2,40 - 44,31,70
"4308",1995,2,45 - 49,39,80
"4308",1995,2,50 - 54,61,82
"4308",1995,2,55 - 59,53,104
"4308",1995,2,60 - 64,115,125
"4308",1995,2,65 - 69,122,175
"4308",1995,2,70 - 74,159,210
"4308",1995,2,75 - 79,178,197
"4308",1995,2,80 - 84,233,202
"4308",1995,2,85 - 89,403,200
"4308",1995,2,90 - 94,0,0
"4308",1995,2,95+,0,0
"4308",1995,2,UNK,0,0
"4308",1995,3,Total,76930,83423
"4308",1995,3,0,13,15
"4308",1995,3,1,15,11
"4308",1995,3,2,6,13
"4308",1995,3,3,12,20
"4308",1995,3,4,8,11
"4308",1995,3,5 - 9,55,82
"4308",1995,3,10 - 14,56,70
"4308",1995,3,15 - 19,74,95
"4308",1995,3,20 - 24,92,133
"4308",1995,3,25 - 29,204,207
"4308",1995,3,30 - 34,432,314
"4308",1995,3,35 - 39,688,455
"4308",1995,3,40 - 44,1258,875
"4308",1995,3,45 - 49,2477,1883
"4308",1995,3,50 - 54,3322,3172
"4308",1995,3,55 - 59,4550,5102
"4308",1995,3,60 - 64,6259,8019
"4308",1995,3,65 - 69,9143,12462
"4308",1995,3,70 - 74,12432,16042
"4308",1995,3,75 - 79,11446,14000
"4308",1995,3,80 - 84,11682,12009
"4308",1995,3,85 - 89,12706,8433
"4308",1995,3,90 - 94,0,0
"4308",1995,3,95+,0,0
"4308",1995,3,UNK,0,0
"4308",1995,4,Total,144747,132701
"4308",1995,4,0,42,71
"4308",1995,4,1,8,4
"4308",1995,4,2,5,6
"4308",1995,4,3,4,5
"4308",1995,4,4,3,3
"4308",1995,4,5 - 9,17,18
"4308",1995,4,10 - 14,17,27
"4308",1995,4,15 - 19,31,46
"4308",1995,4,20 - 24,52,94
"4308",1995,4,25 - 29,97,153
"4308",1995,4,30 - 34,179,282
"4308",1995,4,35 - 39,206,519
"4308",1995,4,40 - 44,431,1105
"4308",1995,4,45 - 49,752,2373
"4308",1995,4,50 - 54,1227,3595
"4308",1995,4,55 - 59,2110,5882
"4308",1995,4,60 - 64,4221,9813
"4308",1995,4,65 - 69,8437,15746
"4308",1995,4,70 - 74,15970,23158
"4308",1995,4,75 - 79,21798,23615
"4308",1995,4,80 - 84,32407,24127
"4308",1995,4,85 - 89,56733,22059
"4308",1995,4,90 - 94,0,0
"4308",1995,4,95+,0,0
"4308",1995,4,UNK,0,0
"4308",1995,5,Total,7713,2556
"4308",1995,5,0,186,276
"4308",1995,5,1,10,11
"4308",1995,5,2,1,4
"4308",1995,5,3,1,1
"4308",1995,5,4,0,0
"4308",1995,5,5 - 9,0,2
"4308",1995,5,10 - 14,3,2
"4308",1995,5,15 - 19,4,11
"4308",1995,5,20 - 24,4,17
"4308",1995,5,25 - 29,3,29
"4308",1995,5,30 - 34,10,33
"4308",1995,5,35 - 39,9,40
"4308",1995,5,40 - 44,18,48
"4308",1995,5,45 - 49,25,44
"4308",1995,5,50 - 54,21,38
"4308",1995,5,55 - 59,18,35
"4308",1995,5,60 - 64,21,44
"4308",1995,5,65 - 69,32,50
"4308",1995,5,70 - 74,58,60
"4308",1995,5,75 - 79,174,101
"4308",1995,5,80 - 84,727,342
"4308",1995,5,85 - 89,6388,1368
"4308",1995,5,90 - 94,0,0
"4308",1995,5,95+,0,0
"4308",1995,5,UNK,0,0
"4308",1995,6,Total,6980,3830
"4308",1995,6,0,0,0
"4308",1995,6,1,0,0
"4308",1995,6,2,0,0
"4308",1995,6,3,0,0
"4308",1995,6,4,0,0
"4308",1995,6,5 - 9,0,1
"4308",1995,6,10 - 14,5,2
"4308",1995,6,15 - 19,14,77
"4308",1995,6,20 - 24,16,109
"4308",1995,6,25 - 29,34,140
"4308",1995,6,30 - 34,32,123
"4308",1995,6,35 - 39,30,97
"4308",1995,6,40 - 44,29,79
"4308",1995,6,45 - 49,39,94
"4308",1995,6,50 - 54,31,73
"4308",1995,6,55 - 59,46,69
"4308",1995,6,60 - 64,61,88
"4308",1995,6,65 - 69,107,142
"4308",1995,6,70 - 74,290,337
"4308",1995,6,75 - 79,657,464
"4308",1995,6,80 - 84,1407,805
"4308",1995,6,85 - 89,4182,1130
"4308",1995,6,90 - 94,0,0
"4308",1995,6,95+,0,0
"4308",1995,6,UNK,0,0
"4308",1995,7,Total,5709,5108
"4308",1995,7,0,62,82
"4308",1995,7,1,22,25
"4308",1995,7,2,10,9
"4308",1995,7,3,11,9
"4308",1995,7,4,9,7
"4308",1995,7,5 - 9,19,30
"4308",1995,7,10 - 14,31,39
"4308",1995,7,15 - 19,28,93
"4308",1995,7,20 - 24,54,81
"4308",1995,7,25 - 29,48,94
"4308",1995,7,30 - 34,86,99
"4308",1995,7,35 - 39,70,104
"4308",1995,7,40 - 44,108,112
"4308",1995,7,45 - 49,134,179
"4308",1995,7,50 - 54,152,175
"4308",1995,7,55 - 59,171,210
"4308",1995,7,60 - 64,248,298
"4308",1995,7,65 - 69,396,411
"4308",1995,7,70 - 74,604,622
"4308",1995,7,75 - 79,743,788
"4308",1995,7,80 - 84,1072,831
"4308",1995,7,85 - 89,1631,810
"4308",1995,7,90 - 94,0,0
"4308",1995,7,95+,0,0
"4308",1995,7,UNK,0,0
"4308",1995,8,Total,4769,4501
"4308",1995,8,0,21,32
"4308",1995,8,1,7,9
"4308",1995,8,2,3,2
"4308",1995,8,3,2,2
"4308",1995,8,4,1,1
"4308",1995,8,5 - 9,8,9
"4308",1995,8,10 - 14,18,16
"4308",1995,8,15 - 19,23,28
"4308",1995,8,20 - 24,18,38
"4308",1995,8,25 - 29,48,85
"4308",1995,8,30 - 34,60,192
"4308",1995,8,35 - 39,51,174
"4308",1995,8,40 - 44,48,161
"4308",1995,8,45 - 49,72,158
"4308",1995,8,50 - 54,78,132
"4308",1995,8,55 - 59,158,234
"4308",1995,8,60 - 64,260,363
"4308",1995,8,65 - 69,394,434
"4308",1995,8,70 - 74,619,623
"4308",1995,8,75 - 79,652,573
"4308",1995,8,80 - 84,877,622
"4308",1995,8,85 - 89,1351,613
"4308",1995,8,90 - 94,0,0
"4308",1995,8,95+,0,0
"4308",1995,8,UNK,0,0
"4308",1995,9,Total,12417,9764
"4308",1995,9,0,18,32
"4308",1995,9,1,8,4
"4308",1995,9,2,4,2
"4308",1995,9,3,2,1
"4308",1995,9,4,0,3
"4308",1995,9,5 - 9,6,10
"4308",1995,9,10 - 14,5,4
"4308",1995,9,15 - 19,6,8
"4308",1995,9,20 - 24,9,16
"4308",1995,9,25 - 29,23,45
"4308",1995,9,30 - 34,62,104
"4308",1995,9,35 - 39,123,180
"4308",1995,9,40 - 44,172,313
"4308",1995,9,45 - 49,270,482
"4308",1995,9,50 - 54,323,488
"4308",1995,9,55 - 59,373,623
"4308",1995,9,60 - 64,570,761
"4308",1995,9,65 - 69,866,1020
"4308",1995,9,70 - 74,1410,1429
"4308",1995,9,75 - 79,1689,1382
"4308",1995,9,80 - 84,2312,1407
"4308",1995,9,85 - 89,4166,1450
"4308",1995,9,90 - 94,0,0
"4308",1995,9,95+,0,0
"4308",1995,9,UNK,0,0
"4308",1995,10,Total,4643,3674
"4308",1995,10,0,14,13
"4308",1995,10,1,0,2
"4308",1995,10,2,0,0
"4308",1995,10,3,0,0
"4308",1995,10,4,0,1
"4308",1995,10,5 - 9,0,1
"4308",1995,10,10 - 14,0,0
"4308",1995,10,15 - 19,3,3
"4308",1995,10,20 - 24,7,2
"4308",1995,10,25 - 29,10,3
"4308",1995,10,30 - 34,12,11
"4308",1995,10,35 - 39,21,9
"4308",1995,10,40 - 44,17,17
"4308",1995,10,45 - 49,47,28
"4308",1995,10,50 - 54,54,44
"4308",1995,10,55 - 59,55,86
"4308",1995,10,60 - 64,122,135
"4308",1995,10,65 - 69,226,263
"4308",1995,10,70 - 74,414,458
"4308",1995,10,75 - 79,607,601
"4308",1995,10,80 - 84,962,834
"4308",1995,10,85 - 89,2072,1163
"4308",1995,10,90 - 94,0,0
"4308",1995,10,95+,0,0
"4308",1995,10,UNK,0,0
"4308",1995,11,Total,1989,2428
"4308",1995,11,0,1407,1850
"4308",1995,11,1,29,43
"4308",1995,11,2,17,26
"4308",1995,11,3,12,12
"4308",1995,11,4,3,8
"4308",1995,11,5 - 9,33,28
"4308",1995,11,10 - 14,25,22
"4308",1995,11,15 - 19,18,27
"4308",1995,11,20 - 24,22,32
"4308",1995,11,25 - 29,24,32
"4308",1995,11,30 - 34,28,35
"4308",1995,11,35 - 39,28,33
"4308",1995,11,40 - 44,26,21
"4308",1995,11,45 - 49,28,29
"4308",1995,11,50 - 54,30,27
"4308",1995,11,55 - 59,37,31
"4308",1995,11,60 - 64,27,24
"4308",1995,11,65 - 69,31,30
"4308",1995,11,70 - 74,45,31
"4308",1995,11,75 - 79,43,45
"4308",1995,11,80 - 84,38,22
"4308",1995,11,85 - 89,38,20
"4308",1995,11,90 - 94,0,0
"4308",1995,11,95+,0,0
"4308",1995,11,UNK,0,0
"4308",1995,12,Total,55183,46476
"4308",1995,12,0,75,99
"4308",1995,12,1,18,13
"4308",1995,12,2,5,8
"4308",1995,12,3,5,11
"4308",1995,12,4,5,2
"4308",1995,12,5 - 9,15,18
"4308",1995,12,10 - 14,24,19
"4308",1995,12,15 - 19,22,30
"4308",1995,12,20 - 24,21,53
"4308",1995,12,25 - 29,57,98
"4308",1995,12,30 - 34,62,131
"4308",1995,12,35 - 39,77,169
"4308",1995,12,40 - 44,115,214
"4308",1995,12,45 - 49,223,358
"4308",1995,12,50 - 54,357,520
"4308",1995,12,55 - 59,682,869
"4308",1995,12,60 - 64,1251,1833
"4308",1995,12,65 - 69,2685,3552
"4308",1995,12,70 - 74,5000,6597
"4308",1995,12,75 - 79,6757,7955
"4308",1995,12,80 - 84,10656,10431
"4308",1995,12,85 - 89,27071,13496
"4308",1995,12,90 - 94,0,0
"4308",1995,12,95+,0,0
"4308",1995,12,UNK,0,0
"4308",1995,13,Total,6818,11727
"4308",1995,13,0,28,39
"4308",1995,13,1,22,32
"4308",1995,13,2,23,27
"4308",1995,13,3,8,22
"4308",1995,13,4,17,16
"4308",1995,13,5 - 9,44,86
"4308",1995,13,10 - 14,46,163
"4308",1995,13,15 - 19,177,627
"4308",1995,13,20 - 24,244,1129
"4308",1995,13,25 - 29,242,1185
"4308",1995,13,30 - 34,234,1104
"4308",1995,13,35 - 39,262,889
"4308",1995,13,40 - 44,271,855
"4308",1995,13,45 - 49,268,808
"4308",1995,13,50 - 54,250,657
"4308",1995,13,55 - 59,229,601
"4308",1995,13,60 - 64,226,488
"4308",1995,13,65 - 69,307,535
"4308",1995,13,70 - 74,485,552
"4308",1995,13,75 - 79,603,571
"4308",1995,13,80 - 84,891,607
"4308",1995,13,85 - 89,1941,734
"4308",1995,13,90 - 94,0,0
"4308",1995,13,95+,0,0
"4308",1995,13,UNK,0,0
"4308",1995,14,Total,160,411
"4308",1995,14,0,3,6
"4308",1995,14,1,1,4
"4308",1995,14,2,2,0
"4308",1995,14,3,0,2
"4308",1995,14,4,1,1
"4308",1995,14,5 - 9,9,9
"4308",1995,14,10 - 14,2,6
"4308",1995,14,15 - 19,12,34
"4308",1995,14,20 - 24,16,54
"4308",1995,14,25 - 29,18,51
"4308",1995,14,30 - 34,17,51
"4308",1995,14,35 - 39,16,57
"4308",1995,14,40 - 44,13,38
"4308",1995,14,45 - 49,13,31
"4308",1995,14,50 - 54,10,21
"4308",1995,14,55 - 59,8,18
"4308",1995,14,60 - 64,5,13
"4308",1995,14,65 - 69,3,4
"4308",1995,14,70 - 74,3,3
"4308",1995,14,75 - 79,4,3
"4308",1995,14,80 - 84,3,3
"4308",1995,14,85 - 89,1,2
"4308",1995,14,90 - 94,0,0
"4308",1995,14,95+,0,0
"4308",1995,14,UNK,0,0
"4308",1996,1,Total,330698,305309
"4308",1996,1,0,1904,2562
"4308",1996,1,1,145,194
"4308",1996,1,2,97,119
"4308",1996,1,3,62,84
"4308",1996,1,4,51,92
"4308",1996,1,5 - 9,214,267
"4308",1996,1,10 - 14,224,352
"4308",1996,1,15 - 19,493,1104
"4308",1996,1,20 - 24,589,1693
"4308",1996,1,25 - 29,879,2145
"4308",1996,1,30 - 34,1261,2601
"4308",1996,1,35 - 39,1745,2901
"4308",1996,1,40 - 44,2470,3889
"4308",1996,1,45 - 49,4283,6573
"4308",1996,1,50 - 54,6018,9222
"4308",1996,1,55 - 59,8457,13662
"4308",1996,1,60 - 64,12948,21368
"4308",1996,1,65 - 69,22092,33269
"4308",1996,1,70 - 74,35796,48060
"4308",1996,1,75 - 79,46636,50920
"4308",1996,1,80 - 84,62941,51165
"4308",1996,1,85 - 89,121393,53065
"4308",1996,1,90 - 94,0,0
"4308",1996,1,95+,0,0
"4308",1996,1,UNK,0,2
"4308",1996,2,Total,1774,1838
"4308",1996,2,0,38,64
"4308",1996,2,1,15,21
"4308",1996,2,2,8,21
"4308",1996,2,3,3,14
"4308",1996,2,4,2,6
"4308",1996,2,5 - 9,18,9
"4308",1996,2,10 - 14,16,10
"4308",1996,2,15 - 19,27,30
"4308",1996,2,20 - 24,11,23
"4308",1996,2,25 - 29,24,36
"4308",1996,2,30 - 34,33,74
"4308",1996,2,35 - 39,37,75
"4308",1996,2,40 - 44,33,73
"4308",1996,2,45 - 49,42,79
"4308",1996,2,50 - 54,65,77
"4308",1996,2,55 - 59,57,106
"4308",1996,2,60 - 64,92,122
"4308",1996,2,65 - 69,130,161
"4308",1996,2,70 - 74,185,211
"4308",1996,2,75 - 79,211,204
"4308",1996,2,80 - 84,300,203
"4308",1996,2,85 - 89,427,219
"4308",1996,2,90 - 94,0,0
"4308",1996,2,95+,0,0
"4308",1996,2,UNK,0,0
"4308",1996,3,Total,76377,82216
"4308",1996,3,0,11,18
"4308",1996,3,1,8,11
"4308",1996,3,2,13,24
"4308",1996,3,3,16,14
"4308",1996,3,4,13,17
"4308",1996,3,5 - 9,58,74
"4308",1996,3,10 - 14,53,57
"4308",1996,3,15 - 19,80,79
"4308",1996,3,20 - 24,117,132
"4308",1996,3,25 - 29,179,202
"4308",1996,3,30 - 34,402,280
"4308",1996,3,35 - 39,767,491
"4308",1996,3,40 - 44,1201,891
"4308",1996,3,45 - 49,2306,1917
"4308",1996,3,50 - 54,3388,3165
"4308",1996,3,55 - 59,4448,5073
"4308",1996,3,60 - 64,5922,7943
"4308",1996,3,65 - 69,8977,11759
"4308",1996,3,70 - 74,11906,15529
"4308",1996,3,75 - 79,12124,14078
"4308",1996,3,80 - 84,11528,11731
"4308",1996,3,85 - 89,12860,8731
"4308",1996,3,90 - 94,0,0
"4308",1996,3,95+,0,0
"4308",1996,3,UNK,0,0
"4308",1996,4,Total,141332,129735
"4308",1996,4,0,58,53
"4308",1996,4,1,7,15
"4308",1996,4,2,6,2
"4308",1996,4,3,2,9
"4308",1996,4,4,3,2
"4308",1996,4,5 - 9,16,6
"4308",1996,4,10 - 14,16,17
"4308",1996,4,15 - 19,27,47
"4308",1996,4,20 - 24,50,72
"4308",1996,4,25 - 29,106,146
"4308",1996,4,30 - 34,149,265
"4308",1996,4,35 - 39,234,558
"4308",1996,4,40 - 44,377,1025
"4308",1996,4,45 - 49,809,2248
"4308",1996,4,50 - 54,1169,3537
"4308",1996,4,55 - 59,2107,5649
"4308",1996,4,60 - 64,4048,9307
"4308",1996,4,65 - 69,7889,14876
"4308",1996,4,70 - 74,14828,21963
"4308",1996,4,75 - 79,21736,23837
"4308",1996,4,80 - 84,31130,23422
"4308",1996,4,85 - 89,56565,22678
"4308",1996,4,90 - 94,0,0
"4308",1996,4,95+,0,0
"4308",1996,4,UNK,0,1
"4308",1996,5,Total,8599,2661
"4308",1996,5,0,198,290
"4308",1996,5,1,11,12
"4308",1996,5,2,0,3
"4308",1996,5,3,0,0
"4308",1996,5,4,0,1
"4308",1996,5,5 - 9,2,1
"4308",1996,5,10 - 14,5,4
"4308",1996,5,15 - 19,0,11
"4308",1996,5,20 - 24,11,15
"4308",1996,5,25 - 29,8,31
"4308",1996,5,30 - 34,11,34
"4308",1996,5,35 - 39,5,41
"4308",1996,5,40 - 44,12,36
"4308",1996,5,45 - 49,18,48
"4308",1996,5,50 - 54,20,51
"4308",1996,5,55 - 59,25,46
"4308",1996,5,60 - 64,19,33
"4308",1996,5,65 - 69,34,37
"4308",1996,5,70 - 74,59,53
"4308",1996,5,75 - 79,166,109
"4308",1996,5,80 - 84,845,314
"4308",1996,5,85 - 89,7150,1491
"4308",1996,5,90 - 94,0,0
"4308",1996,5,95+,0,0
"4308",1996,5,UNK,0,0
"4308",1996,6,Total,7032,3959
"4308",1996,6,0,0,0
"4308",1996,6,1,1,2
"4308",1996,6,2,0,0
"4308",1996,6,3,0,0
"4308",1996,6,4,0,0
"4308",1996,6,5 - 9,0,0
"4308",1996,6,10 - 14,4,7
"4308",1996,6,15 - 19,18,56
"4308",1996,6,20 - 24,28,139
"4308",1996,6,25 - 29,39,148
"4308",1996,6,30 - 34,34,152
"4308",1996,6,35 - 39,30,109
"4308",1996,6,40 - 44,43,104
"4308",1996,6,45 - 49,38,93
"4308",1996,6,50 - 54,51,83
"4308",1996,6,55 - 59,46,85
"4308",1996,6,60 - 64,50,90
"4308",1996,6,65 - 69,104,142
"4308",1996,6,70 - 74,272,289
"4308",1996,6,75 - 79,672,513
"4308",1996,6,80 - 84,1489,771
"4308",1996,6,85 - 89,4113,1176
"4308",1996,6,90 - 94,0,0
"4308",1996,6,95+,0,0
"4308",1996,6,UNK,0,0
"4308",1996,7,Total,5752,5132
"4308",1996,7,0,51,67
"4308",1996,7,1,15,25
"4308",1996,7,2,10,17
"4308",1996,7,3,10,8
"4308",1996,7,4,6,15
"4308",1996,7,5 - 9,28,36
"4308",1996,7,10 - 14,20,46
"4308",1996,7,15 - 19,42,87
"4308",1996,7,20 - 24,39,63
"4308",1996,7,25 - 29,63,94
"4308",1996,7,30 - 34,76,104
"4308",1996,7,35 - 39,85,136
"4308",1996,7,40 - 44,105,161
"4308",1996,7,45 - 49,130,170
"4308",1996,7,50 - 54,144,174
"4308",1996,7,55 - 59,191,211
"4308",1996,7,60 - 64,271,275
"4308",1996,7,65 - 69,372,432
"4308",1996,7,70 - 74,576,597
"4308",1996,7,75 - 79,768,747
"4308",1996,7,80 - 84,1123,839
"4308",1996,7,85 - 89,1627,828
"4308",1996,7,90 - 94,0,0
"4308",1996,7,95+,0,0
"4308",1996,7,UNK,0,0
"4308",1996,8,Total,4584,4306
"4308",1996,8,0,19,36
"4308",1996,8,1,7,8
"4308",1996,8,2,5,1
"4308",1996,8,3,1,3
"4308",1996,8,4,3,4
"4308",1996,8,5 - 9,10,14
"4308",1996,8,10 - 14,12,15
"4308",1996,8,15 - 19,17,20
"4308",1996,8,20 - 24,25,39
"4308",1996,8,25 - 29,39,74
"4308",1996,8,30 - 34,63,143
"4308",1996,8,35 - 39,45,160
"4308",1996,8,40 - 44,46,154
"4308",1996,8,45 - 49,61,152
"4308",1996,8,50 - 54,61,140
"4308",1996,8,55 - 59,139,215
"4308",1996,8,60 - 64,241,315
"4308",1996,8,65 - 69,359,448
"4308",1996,8,70 - 74,560,554
"4308",1996,8,75 - 79,681,623
"4308",1996,8,80 - 84,815,599
"4308",1996,8,85 - 89,1375,589
"4308",1996,8,90 - 94,0,0
"4308",1996,8,95+,0,0
"4308",1996,8,UNK,0,0
"4308",1996,9,Total,12806,10069
"4308",1996,9,0,14,30
"4308",1996,9,1,6,11
"4308",1996,9,2,4,1
"4308",1996,9,3,3,2
"4308",1996,9,4,2,2
"4308",1996,9,5 - 9,1,2
"4308",1996,9,10 - 14,6,3
"4308",1996,9,15 - 19,3,7
"4308",1996,9,20 - 24,12,19
"4308",1996,9,25 - 29,23,40
"4308",1996,9,30 - 34,63,127
"4308",1996,9,35 - 39,117,220
"4308",1996,9,40 - 44,214,350
"4308",1996,9,45 - 49,295,550
"4308",1996,9,50 - 54,357,630
"4308",1996,9,55 - 59,403,648
"4308",1996,9,60 - 64,565,826
"4308",1996,9,65 - 69,896,986
"4308",1996,9,70 - 74,1339,1355
"4308",1996,9,75 - 79,1770,1387
"4308",1996,9,80 - 84,2400,1395
"4308",1996,9,85 - 89,4313,1478
"4308",1996,9,90 - 94,0,0
"4308",1996,9,95+,0,0
"4308",1996,9,UNK,0,0
"4308",1996,10,Total,4434,3426
"4308",1996,10,0,14,9
"4308",1996,10,1,0,0
"4308",1996,10,2,1,0
"4308",1996,10,3,0,0
"4308",1996,10,4,0,2
"4308",1996,10,5 - 9,0,1
"4308",1996,10,10 - 14,1,1
"4308",1996,10,15 - 19,4,5
"4308",1996,10,20 - 24,3,7
"4308",1996,10,25 - 29,3,12
"4308",1996,10,30 - 34,7,8
"4308",1996,10,35 - 39,12,15
"4308",1996,10,40 - 44,25,20
"4308",1996,10,45 - 49,35,32
"4308",1996,10,50 - 54,41,35
"4308",1996,10,55 - 59,64,74
"4308",1996,10,60 - 64,93,104
"4308",1996,10,65 - 69,182,227
"4308",1996,10,70 - 74,370,420
"4308",1996,10,75 - 79,584,577
"4308",1996,10,80 - 84,967,794
"4308",1996,10,85 - 89,2028,1083
"4308",1996,10,90 - 94,0,0
"4308",1996,10,95+,0,0
"4308",1996,10,UNK,0,0
"4308",1996,11,Total,1900,2417
"4308",1996,11,0,1391,1840
"4308",1996,11,1,35,36
"4308",1996,11,2,21,12
"4308",1996,11,3,9,12
"4308",1996,11,4,7,10
"4308",1996,11,5 - 9,13,18
"4308",1996,11,10 - 14,12,21
"4308",1996,11,15 - 19,18,27
"4308",1996,11,20 - 24,16,27
"4308",1996,11,25 - 29,31,44
"4308",1996,11,30 - 34,21,29
"4308",1996,11,35 - 39,29,24
"4308",1996,11,40 - 44,27,15
"4308",1996,11,45 - 49,19,35
"4308",1996,11,50 - 54,25,27
"4308",1996,11,55 - 59,25,25
"4308",1996,11,60 - 64,18,41
"4308",1996,11,65 - 69,31,50
"4308",1996,11,70 - 74,46,37
"4308",1996,11,75 - 79,40,33
"4308",1996,11,80 - 84,22,27
"4308",1996,11,85 - 89,44,27
"4308",1996,11,90 - 94,0,0
"4308",1996,11,95+,0,0
"4308",1996,11,UNK,0,0
"4308",1996,12,Total,54091,45178
"4308",1996,12,0,71,107
"4308",1996,12,1,14,20
"4308",1996,12,2,7,11
"4308",1996,12,3,3,6
"4308",1996,12,4,3,6
"4308",1996,12,5 - 9,14,13
"4308",1996,12,10 - 14,17,22
"4308",1996,12,15 - 19,25,39
"4308",1996,12,20 - 24,32,60
"4308",1996,12,25 - 29,49,77
"4308",1996,12,30 - 34,69,147
"4308",1996,12,35 - 39,82,161
"4308",1996,12,40 - 44,95,205
"4308",1996,12,45 - 49,192,346
"4308",1996,12,50 - 54,352,520
"4308",1996,12,55 - 59,632,840
"4308",1996,12,60 - 64,1221,1717
"4308",1996,12,65 - 69,2549,3433
"4308",1996,12,70 - 74,4766,6129
"4308",1996,12,75 - 79,6629,7906
"4308",1996,12,80 - 84,10451,10015
"4308",1996,12,85 - 89,26818,13398
"4308",1996,12,90 - 94,0,0
"4308",1996,12,95+,0,0
"4308",1996,12,UNK,0,0
"4308",1996,13,Total,6890,11782
"4308",1996,13,0,30,36
"4308",1996,13,1,20,29
"4308",1996,13,2,20,24
"4308",1996,13,3,11,13
"4308",1996,13,4,8,23
"4308",1996,13,5 - 9,34,76
"4308",1996,13,10 - 14,51,140
"4308",1996,13,15 - 19,208,650
"4308",1996,13,20 - 24,214,1048
"4308",1996,13,25 - 29,275,1191
"4308",1996,13,30 - 34,291,1190
"4308",1996,13,35 - 39,250,852
"4308",1996,13,40 - 44,259,811
"4308",1996,13,45 - 49,277,848
"4308",1996,13,50 - 54,273,715
"4308",1996,13,55 - 59,243,617
"4308",1996,13,60 - 64,267,486
"4308",1996,13,65 - 69,336,522
"4308",1996,13,70 - 74,463,609
"4308",1996,13,75 - 79,600,538
"4308",1996,13,80 - 84,891,630
"4308",1996,13,85 - 89,1869,733
"4308",1996,13,90 - 94,0,0
"4308",1996,13,95+,0,0
"4308",1996,13,UNK,0,1
"4308",1996,14,Total,158,335
"4308",1996,14,0,4,9
"4308",1996,14,1,3,3
"4308",1996,14,2,1,1
"4308",1996,14,3,1,2
"4308",1996,14,4,4,2
"4308",1996,14,5 - 9,19,11
"4308",1996,14,10 - 14,7,7
"4308",1996,14,15 - 19,9,37
"4308",1996,14,20 - 24,13,43
"4308",1996,14,25 - 29,14,37
"4308",1996,14,30 - 34,15,40
"4308",1996,14,35 - 39,21,44
"4308",1996,14,40 - 44,5,27
"4308",1996,14,45 - 49,17,25
"4308",1996,14,50 - 54,5,15
"4308",1996,14,55 - 59,5,10
"4308",1996,14,60 - 64,2,2
"4308",1996,14,65 - 69,2,8
"4308",1996,14,70 - 74,3,10
"4308",1996,14,75 - 79,4,1
"4308",1996,14,80 - 84,3,1
"4308",1996,14,85 - 89,1,0
"4308",1996,14,90 - 94,0,0
"4308",1996,14,95+,0,0
"4308",1996,14,UNK,0,0
"4308",1997,1,Total,329332,300414
"4308",1997,1,0,1862,2391
"4308",1997,1,1,136,185
"4308",1997,1,2,87,115
"4308",1997,1,3,63,84
"4308",1997,1,4,47,72
"4308",1997,1,5 - 9,215,300
"4308",1997,1,10 - 14,239,364
"4308",1997,1,15 - 19,487,1111
"4308",1997,1,20 - 24,574,1712
"4308",1997,1,25 - 29,772,2090
"4308",1997,1,30 - 34,1188,2493
"4308",1997,1,35 - 39,1823,2767
"4308",1997,1,40 - 44,2500,3900
"4308",1997,1,45 - 49,4102,6141
"4308",1997,1,50 - 54,6310,9548
"4308",1997,1,55 - 59,8228,13367
"4308",1997,1,60 - 64,12771,20340
"4308",1997,1,65 - 69,21255,32015
"4308",1997,1,70 - 74,34432,45855
"4308",1997,1,75 - 79,47836,52270
"4308",1997,1,80 - 84,60440,49095
"4308",1997,1,85 - 89,123965,54198
"4308",1997,1,90 - 94,0,0
"4308",1997,1,95+,0,0
"4308",1997,1,UNK,0,1
"4308",1997,2,Total,1893,1795
"4308",1997,2,0,60,71
"4308",1997,2,1,8,19
"4308",1997,2,2,11,11
"4308",1997,2,3,5,3
"4308",1997,2,4,3,4
"4308",1997,2,5 - 9,14,10
"4308",1997,2,10 - 14,12,10
"4308",1997,2,15 - 19,31,35
"4308",1997,2,20 - 24,27,22
"4308",1997,2,25 - 29,14,34
"4308",1997,2,30 - 34,33,45
"4308",1997,2,35 - 39,25,46
"4308",1997,2,40 - 44,27,78
"4308",1997,2,45 - 49,40,73
"4308",1997,2,50 - 54,58,90
"4308",1997,2,55 - 59,67,89
"4308",1997,2,60 - 64,82,120
"4308",1997,2,65 - 69,149,180
"4308",1997,2,70 - 74,174,223
"4308",1997,2,75 - 79,233,249
"4308",1997,2,80 - 84,295,182
"4308",1997,2,85 - 89,525,201
"4308",1997,2,90 - 94,0,0
"4308",1997,2,95+,0,0
"4308",1997,2,UNK,0,0
"4308",1997,3,Total,75604,80740
"4308",1997,3,0,18,16
"4308",1997,3,1,10,8
"4308",1997,3,2,11,9
"4308",1997,3,3,17,18
"4308",1997,3,4,15,11
"4308",1997,3,5 - 9,57,71
"4308",1997,3,10 - 14,57,70
"4308",1997,3,15 - 19,74,84
"4308",1997,3,20 - 24,82,122
"4308",1997,3,25 - 29,173,187
"4308",1997,3,30 - 34,431,321
"4308",1997,3,35 - 39,758,476
"4308",1997,3,40 - 44,1158,846
"4308",1997,3,45 - 49,2133,1677
"4308",1997,3,50 - 54,3519,3231
"4308",1997,3,55 - 59,4363,4908
"4308",1997,3,60 - 64,5964,7377
"4308",1997,3,65 - 69,8568,11484
"4308",1997,3,70 - 74,11568,15034
"4308",1997,3,75 - 79,12600,14571
"4308",1997,3,80 - 84,11067,11313
"4308",1997,3,85 - 89,12961,8906
"4308",1997,3,90 - 94,0,0
"4308",1997,3,95+,0,0
"4308",1997,3,UNK,0,0
"4308",1997,4,Total,136241,124655
"4308",1997,4,0,29,60
"4308",1997,4,1,10,14
"4308",1997,4,2,3,10
"4308",1997,4,3,5,3
"4308",1997,4,4,3,1
"4308",1997,4,5 - 9,8,14
"4308",1997,4,10 - 14,10,24
"4308",1997,4,15 - 19,29,38
"4308",1997,4,20 - 24,44,63
"4308",1997,4,25 - 29,72,132
"4308",1997,4,30 - 34,130,287
"4308",1997,4,35 - 39,241,487
"4308",1997,4,40 - 44,411,1070
"4308",1997,4,45 - 49,711,2050
"4308",1997,4,50 - 54,1197,3666
"4308",1997,4,55 - 59,1973,5352
"4308",1997,4,60 - 64,3859,8754
"4308",1997,4,65 - 69,7483,14019
"4308",1997,4,70 - 74,13822,20184
"4308",1997,4,75 - 79,21656,23923
"4308",1997,4,80 - 84,29059,21946
"4308",1997,4,85 - 89,55486,22557
"4308",1997,4,90 - 94,0,0
"4308",1997,4,95+,0,0
"4308",1997,4,UNK,0,1
"4308",1997,5,Total,9707,3126
"4308",1997,5,0,181,300
"4308",1997,5,1,9,12
"4308",1997,5,2,0,5
"4308",1997,5,3,0,1
"4308",1997,5,4,1,0
"4308",1997,5,5 - 9,1,1
"4308",1997,5,10 - 14,4,3
"4308",1997,5,15 - 19,6,9
"4308",1997,5,20 - 24,6,24
"4308",1997,5,25 - 29,9,48
"4308",1997,5,30 - 34,8,46
"4308",1997,5,35 - 39,19,48
"4308",1997,5,40 - 44,18,53
"4308",1997,5,45 - 49,11,60
"4308",1997,5,50 - 54,16,57
"4308",1997,5,55 - 59,17,54
"4308",1997,5,60 - 64,23,52
"4308",1997,5,65 - 69,27,47
"4308",1997,5,70 - 74,69,76
"4308",1997,5,75 - 79,236,130
"4308",1997,5,80 - 84,897,335
"4308",1997,5,85 - 89,8149,1765
"4308",1997,5,90 - 94,0,0
"4308",1997,5,95+,0,0
"4308",1997,5,UNK,0,0
"4308",1997,6,Total,7313,4161
"4308",1997,6,0,1,0
"4308",1997,6,1,0,0
"4308",1997,6,2,0,0
"4308",1997,6,3,0,0
"4308",1997,6,4,1,0
"4308",1997,6,5 - 9,0,1
"4308",1997,6,10 - 14,1,1
"4308",1997,6,15 - 19,15,65
"4308",1997,6,20 - 24,30,129
"4308",1997,6,25 - 29,33,165
"4308",1997,6,30 - 34,30,144
"4308",1997,6,35 - 39,33,127
"4308",1997,6,40 - 44,40,121
"4308",1997,6,45 - 49,53,123
"4308",1997,6,50 - 54,56,116
"4308",1997,6,55 - 59,40,84
"4308",1997,6,60 - 64,53,89
"4308",1997,6,65 - 69,118,141
"4308",1997,6,70 - 74,256,292
"4308",1997,6,75 - 79,655,508
"4308",1997,6,80 - 84,1484,788
"4308",1997,6,85 - 89,4414,1267
"4308",1997,6,90 - 94,0,0
"4308",1997,6,95+,0,0
"4308",1997,6,UNK,0,0
"4308",1997,7,Total,5721,5210
"4308",1997,7,0,63,69
"4308",1997,7,1,19,16
"4308",1997,7,2,7,14
"4308",1997,7,3,11,17
"4308",1997,7,4,9,9
"4308",1997,7,5 - 9,34,42
"4308",1997,7,10 - 14,27,46
"4308",1997,7,15 - 19,31,81
"4308",1997,7,20 - 24,42,72
"4308",1997,7,25 - 29,50,86
"4308",1997,7,30 - 34,62,105
"4308",1997,7,35 - 39,78,119
"4308",1997,7,40 - 44,116,123
"4308",1997,7,45 - 49,142,166
"4308",1997,7,50 - 54,164,204
"4308",1997,7,55 - 59,178,235
"4308",1997,7,60 - 64,238,269
"4308",1997,7,65 - 69,346,384
"4308",1997,7,70 - 74,572,654
"4308",1997,7,75 - 79,862,807
"4308",1997,7,80 - 84,995,857
"4308",1997,7,85 - 89,1675,835
"4308",1997,7,90 - 94,0,0
"4308",1997,7,95+,0,0
"4308",1997,7,UNK,0,0
"4308",1997,8,Total,4471,4064
"4308",1997,8,0,26,30
"4308",1997,8,1,3,8
"4308",1997,8,2,3,6
"4308",1997,8,3,2,1
"4308",1997,8,4,0,4
"4308",1997,8,5 - 9,10,8
"4308",1997,8,10 - 14,10,16
"4308",1997,8,15 - 19,24,19
"4308",1997,8,20 - 24,29,17
"4308",1997,8,25 - 29,46,47
"4308",1997,8,30 - 34,43,88
"4308",1997,8,35 - 39,54,102
"4308",1997,8,40 - 44,40,107
"4308",1997,8,45 - 49,50,137
"4308",1997,8,50 - 54,75,126
"4308",1997,8,55 - 59,116,213
"4308",1997,8,60 - 64,228,314
"4308",1997,8,65 - 69,373,453
"4308",1997,8,70 - 74,522,560
"4308",1997,8,75 - 79,658,609
"4308",1997,8,80 - 84,837,576
"4308",1997,8,85 - 89,1322,623
"4308",1997,8,90 - 94,0,0
"4308",1997,8,95+,0,0
"4308",1997,8,UNK,0,0
"4308",1997,9,Total,13048,10248
"4308",1997,9,0,9,20
"4308",1997,9,1,3,5
"4308",1997,9,2,3,3
"4308",1997,9,3,1,0
"4308",1997,9,4,1,2
"4308",1997,9,5 - 9,5,4
"4308",1997,9,10 - 14,7,5
"4308",1997,9,15 - 19,10,7
"4308",1997,9,20 - 24,19,23
"4308",1997,9,25 - 29,27,35
"4308",1997,9,30 - 34,57,124
"4308",1997,9,35 - 39,138,224
"4308",1997,9,40 - 44,197,400
"4308",1997,9,45 - 49,320,587
"4308",1997,9,50 - 54,398,661
"4308",1997,9,55 - 59,434,685
"4308",1997,9,60 - 64,593,791
"4308",1997,9,65 - 69,897,1085
"4308",1997,9,70 - 74,1430,1408
"4308",1997,9,75 - 79,1797,1393
"4308",1997,9,80 - 84,2394,1351
"4308",1997,9,85 - 89,4308,1435
"4308",1997,9,90 - 94,0,0
"4308",1997,9,95+,0,0
"4308",1997,9,UNK,0,0
"4308",1997,10,Total,4399,3520
"4308",1997,10,0,5,12
"4308",1997,10,1,3,0
"4308",1997,10,2,0,1
"4308",1997,10,3,0,0
"4308",1997,10,4,0,0
"4308",1997,10,5 - 9,3,4
"4308",1997,10,10 - 14,0,3
"4308",1997,10,15 - 19,2,5
"4308",1997,10,20 - 24,5,7
"4308",1997,10,25 - 29,5,9
"4308",1997,10,30 - 34,11,9
"4308",1997,10,35 - 39,18,13
"4308",1997,10,40 - 44,8,23
"4308",1997,10,45 - 49,29,39
"4308",1997,10,50 - 54,41,43
"4308",1997,10,55 - 59,68,81
"4308",1997,10,60 - 64,100,124
"4308",1997,10,65 - 69,199,208
"4308",1997,10,70 - 74,348,391
"4308",1997,10,75 - 79,582,574
"4308",1997,10,80 - 84,940,794
"4308",1997,10,85 - 89,2032,1180
"4308",1997,10,90 - 94,0,0
"4308",1997,10,95+,0,0
"4308",1997,10,UNK,0,0
"4308",1997,11,Total,1909,2259
"4308",1997,11,0,1336,1666
"4308",1997,11,1,37,51
"4308",1997,11,2,18,18
"4308",1997,11,3,7,12
"4308",1997,11,4,8,8
"4308",1997,11,5 - 9,16,19
"4308",1997,11,10 - 14,18,26
"4308",1997,11,15 - 19,25,36
"4308",1997,11,20 - 24,16,33
"4308",1997,11,25 - 29,24,42
"4308",1997,11,30 - 34,27,25
"4308",1997,11,35 - 39,21,30
"4308",1997,11,40 - 44,26,19
"4308",1997,11,45 - 49,25,35
"4308",1997,11,50 - 54,29,43
"4308",1997,11,55 - 59,39,26
"4308",1997,11,60 - 64,34,29
"4308",1997,11,65 - 69,35,33
"4308",1997,11,70 - 74,46,30
"4308",1997,11,75 - 79,36,28
"4308",1997,11,80 - 84,30,23
"4308",1997,11,85 - 89,56,27
"4308",1997,11,90 - 94,0,0
"4308",1997,11,95+,0,0
"4308",1997,11,UNK,0,0
"4308",1997,12,Total,56918,46179
"4308",1997,12,0,91,98
"4308",1997,12,1,15,23
"4308",1997,12,2,7,12
"4308",1997,12,3,5,8
"4308",1997,12,4,1,5
"4308",1997,12,5 - 9,26,23
"4308",1997,12,10 - 14,12,17
"4308",1997,12,15 - 19,20,35
"4308",1997,12,20 - 24,39,47
"4308",1997,12,25 - 29,34,68
"4308",1997,12,30 - 34,61,98
"4308",1997,12,35 - 39,92,133
"4308",1997,12,40 - 44,159,183
"4308",1997,12,45 - 49,233,316
"4308",1997,12,50 - 54,424,551
"4308",1997,12,55 - 59,612,1001
"4308",1997,12,60 - 64,1204,1795
"4308",1997,12,65 - 69,2495,3270
"4308",1997,12,70 - 74,4755,6149
"4308",1997,12,75 - 79,7263,8451
"4308",1997,12,80 - 84,10686,9823
"4308",1997,12,85 - 89,28684,14073
"4308",1997,12,90 - 94,0,0
"4308",1997,12,95+,0,0
"4308",1997,12,UNK,0,0
"4308",1997,13,Total,6951,11934
"4308",1997,13,0,30,36
"4308",1997,13,1,17,24
"4308",1997,13,2,22,24
"4308",1997,13,3,7,19
"4308",1997,13,4,5,23
"4308",1997,13,5 - 9,34,97
"4308",1997,13,10 - 14,70,131
"4308",1997,13,15 - 19,203,667
"4308",1997,13,20 - 24,213,1108
"4308",1997,13,25 - 29,258,1192
"4308",1997,13,30 - 34,259,1150
"4308",1997,13,35 - 39,301,917
"4308",1997,13,40 - 44,272,828
"4308",1997,13,45 - 49,302,821
"4308",1997,13,50 - 54,262,710
"4308",1997,13,55 - 59,245,559
"4308",1997,13,60 - 64,252,516
"4308",1997,13,65 - 69,323,496
"4308",1997,13,70 - 74,424,552
"4308",1997,13,75 - 79,611,641
"4308",1997,13,80 - 84,843,666
"4308",1997,13,85 - 89,1998,757
"4308",1997,13,90 - 94,0,0
"4308",1997,13,95+,0,0
"4308",1997,13,UNK,0,0
"4308",1997,14,Total,119,282
"4308",1997,14,0,2,9
"4308",1997,14,1,1,2
"4308",1997,14,2,2,0
"4308",1997,14,3,2,1
"4308",1997,14,4,0,3
"4308",1997,14,5 - 9,3,3
"4308",1997,14,10 - 14,3,5
"4308",1997,14,15 - 19,7,21
"4308",1997,14,20 - 24,6,38
"4308",1997,14,25 - 29,13,35
"4308",1997,14,30 - 34,9,36
"4308",1997,14,35 - 39,13,28
"4308",1997,14,40 - 44,10,26
"4308",1997,14,45 - 49,8,26
"4308",1997,14,50 - 54,8,11
"4308",1997,14,55 - 59,4,13
"4308",1997,14,60 - 64,2,7
"4308",1997,14,65 - 69,5,5
"4308",1997,14,70 - 74,4,5
"4308",1997,14,75 - 79,5,4
"4308",1997,14,80 - 84,5,3
"4308",1997,14,85 - 89,7,1
"4308",1997,14,90 - 94,0,0
"4308",1997,14,95+,0,0
"4308",1997,14,UNK,0,0
"4308",1998,1,Total,329012,300160
"4308",1998,1,0,1752,2327
"4308",1998,1,1,150,190
"4308",1998,1,2,100,117
"4308",1998,1,3,61,86
"4308",1998,1,4,36,70
"4308",1998,1,5 - 9,213,283
"4308",1998,1,10 - 14,215,343
"4308",1998,1,15 - 19,486,1058
"4308",1998,1,20 - 24,568,1539
"4308",1998,1,25 - 29,802,2120
"4308",1998,1,30 - 34,1169,2564
"4308",1998,1,35 - 39,1732,2967
"4308",1998,1,40 - 44,2557,3935
"4308",1998,1,45 - 49,3960,5996
"4308",1998,1,50 - 54,6470,9829
"4308",1998,1,55 - 59,8324,13346
"4308",1998,1,60 - 64,12550,20432
"4308",1998,1,65 - 69,20612,31005
"4308",1998,1,70 - 74,33588,44713
"4308",1998,1,75 - 79,49473,54681
"4308",1998,1,80 - 84,57662,46787
"4308",1998,1,85 - 89,126531,55771
"4308",1998,1,90 - 94,0,0
"4308",1998,1,95+,0,0
"4308",1998,1,UNK,1,1
"4308",1998,2,Total,1866,1891
"4308",1998,2,0,66,68
"4308",1998,2,1,19,25
"4308",1998,2,2,11,11
"4308",1998,2,3,6,7
"4308",1998,2,4,2,2
"4308",1998,2,5 - 9,9,15
"4308",1998,2,10 - 14,8,9
"4308",1998,2,15 - 19,36,32
"4308",1998,2,20 - 24,13,15
"4308",1998,2,25 - 29,27,19
"4308",1998,2,30 - 34,26,37
"4308",1998,2,35 - 39,28,44
"4308",1998,2,40 - 44,40,55
"4308",1998,2,45 - 49,36,71
"4308",1998,2,50 - 54,44,68
"4308",1998,2,55 - 59,60,114
"4308",1998,2,60 - 64,96,124
"4308",1998,2,65 - 69,128,175
"4308",1998,2,70 - 74,212,227
"4308",1998,2,75 - 79,235,283
"4308",1998,2,80 - 84,258,221
"4308",1998,2,85 - 89,506,269
"4308",1998,2,90 - 94,0,0
"4308",1998,2,95+,0,0
"4308",1998,2,UNK,0,0
"4308",1998,3,Total,75471,81518
"4308",1998,3,0,11,19
"4308",1998,3,1,7,10
"4308",1998,3,2,11,21
"4308",1998,3,3,17,18
"4308",1998,3,4,9,13
"4308",1998,3,5 - 9,56,94
"4308",1998,3,10 - 14,31,78
"4308",1998,3,15 - 19,63,99
"4308",1998,3,20 - 24,79,125
"4308",1998,3,25 - 29,157,170
"4308",1998,3,30 - 34,350,267
"4308",1998,3,35 - 39,714,463
"4308",1998,3,40 - 44,1238,833
"4308",1998,3,45 - 49,2105,1682
"4308",1998,3,50 - 54,3540,3361
"4308",1998,3,55 - 59,4322,5059
"4308",1998,3,60 - 64,5933,7653
"4308",1998,3,65 - 69,8363,11215
"4308",1998,3,70 - 74,11366,14836
"4308",1998,3,75 - 79,12980,15461
"4308",1998,3,80 - 84,10623,10806
"4308",1998,3,85 - 89,13496,9235
"4308",1998,3,90 - 94,0,0
"4308",1998,3,95+,0,0
"4308",1998,3,UNK,0,0
"4308",1998,4,Total,135126,123114
"4308",1998,4,0,48,68
"4308",1998,4,1,17,13
"4308",1998,4,2,4,6
"4308",1998,4,3,6,2
"4308",1998,4,4,1,1
"4308",1998,4,5 - 9,12,4
"4308",1998,4,10 - 14,10,19
"4308",1998,4,15 - 19,24,34
"4308",1998,4,20 - 24,42,74
"4308",1998,4,25 - 29,102,137
"4308",1998,4,30 - 34,149,255
"4308",1998,4,35 - 39,222,575
"4308",1998,4,40 - 44,422,1042
"4308",1998,4,45 - 49,736,1978
"4308",1998,4,50 - 54,1196,3677
"4308",1998,4,55 - 59,2018,5223
"4308",1998,4,60 - 64,3663,8554
"4308",1998,4,65 - 69,7087,13382
"4308",1998,4,70 - 74,13257,19618
"4308",1998,4,75 - 79,22156,24504
"4308",1998,4,80 - 84,27638,20881
"4308",1998,4,85 - 89,56315,23067
"4308",1998,4,90 - 94,0,0
"4308",1998,4,95+,0,0
"4308",1998,4,UNK,1,0
"4308",1998,5,Total,11174,3287
"4308",1998,5,0,167,224
"4308",1998,5,1,7,14
"4308",1998,5,2,1,2
"4308",1998,5,3,0,0
"4308",1998,5,4,0,2
"4308",1998,5,5 - 9,1,2
"4308",1998,5,10 - 14,4,1
"4308",1998,5,15 - 19,6,12
"4308",1998,5,20 - 24,7,22
"4308",1998,5,25 - 29,8,45
"4308",1998,5,30 - 34,19,43
"4308",1998,5,35 - 39,17,46
"4308",1998,5,40 - 44,18,55
"4308",1998,5,45 - 49,22,63
"4308",1998,5,50 - 54,26,71
"4308",1998,5,55 - 59,22,45
"4308",1998,5,60 - 64,21,34
"4308",1998,5,65 - 69,28,51
"4308",1998,5,70 - 74,87,61
"4308",1998,5,75 - 79,262,130
"4308",1998,5,80 - 84,998,338
"4308",1998,5,85 - 89,9453,2025
"4308",1998,5,90 - 94,0,0
"4308",1998,5,95+,0,0
"4308",1998,5,UNK,0,1
"4308",1998,6,Total,7878,4422
"4308",1998,6,0,1,0
"4308",1998,6,1,0,0
"4308",1998,6,2,2,0
"4308",1998,6,3,0,0
"4308",1998,6,4,0,0
"4308",1998,6,5 - 9,0,0
"4308",1998,6,10 - 14,2,0
"4308",1998,6,15 - 19,17,69
"4308",1998,6,20 - 24,37,152
"4308",1998,6,25 - 29,35,200
"4308",1998,6,30 - 34,44,194
"4308",1998,6,35 - 39,40,140
"4308",1998,6,40 - 44,46,149
"4308",1998,6,45 - 49,44,123
"4308",1998,6,50 - 54,62,97
"4308",1998,6,55 - 59,52,101
"4308",1998,6,60 - 64,59,97
"4308",1998,6,65 - 69,134,163
"4308",1998,6,70 - 74,262,256
"4308",1998,6,75 - 79,749,574
"4308",1998,6,80 - 84,1482,796
"4308",1998,6,85 - 89,4810,1311
"4308",1998,6,90 - 94,0,0
"4308",1998,6,95+,0,0
"4308",1998,6,UNK,0,0
"4308",1998,7,Total,5959,5239
"4308",1998,7,0,60,71
"4308",1998,7,1,25,31
"4308",1998,7,2,9,14
"4308",1998,7,3,5,10
"4308",1998,7,4,5,12
"4308",1998,7,5 - 9,38,39
"4308",1998,7,10 - 14,41,41
"4308",1998,7,15 - 19,41,72
"4308",1998,7,20 - 24,32,85
"4308",1998,7,25 - 29,66,90
"4308",1998,7,30 - 34,57,110
"4308",1998,7,35 - 39,82,121
"4308",1998,7,40 - 44,94,123
"4308",1998,7,45 - 49,124,170
"4308",1998,7,50 - 54,202,164
"4308",1998,7,55 - 59,175,210
"4308",1998,7,60 - 64,218,269
"4308",1998,7,65 - 69,397,388
"4308",1998,7,70 - 74,555,620
"4308",1998,7,75 - 79,860,883
"4308",1998,7,80 - 84,1038,879
"4308",1998,7,85 - 89,1835,837
"4308",1998,7,90 - 94,0,0
"4308",1998,7,95+,0,0
"4308",1998,7,UNK,0,0
"4308",1998,8,Total,4545,4086
"4308",1998,8,0,25,34
"4308",1998,8,1,5,5
"4308",1998,8,2,5,3
"4308",1998,8,3,3,3
"4308",1998,8,4,0,4
"4308",1998,8,5 - 9,7,11
"4308",1998,8,10 - 14,18,12
"4308",1998,8,15 - 19,25,25
"4308",1998,8,20 - 24,29,25
"4308",1998,8,25 - 29,22,61
"4308",1998,8,30 - 34,35,82
"4308",1998,8,35 - 39,42,98
"4308",1998,8,40 - 44,55,96
"4308",1998,8,45 - 49,48,107
"4308",1998,8,50 - 54,94,134
"4308",1998,8,55 - 59,132,188
"4308",1998,8,60 - 64,257,291
"4308",1998,8,65 - 69,337,485
"4308",1998,8,70 - 74,482,557
"4308",1998,8,75 - 79,700,670
"4308",1998,8,80 - 84,789,554
"4308",1998,8,85 - 89,1435,641
"4308",1998,8,90 - 94,0,0
"4308",1998,8,95+,0,0
"4308",1998,8,UNK,0,0
"4308",1998,9,Total,13264,10849
"4308",1998,9,0,21,26
"4308",1998,9,1,6,7
"4308",1998,9,2,1,0
"4308",1998,9,3,0,1
"4308",1998,9,4,1,2
"4308",1998,9,5 - 9,5,8
"4308",1998,9,10 - 14,5,6
"4308",1998,9,15 - 19,6,3
"4308",1998,9,20 - 24,8,14
"4308",1998,9,25 - 29,26,38
"4308",1998,9,30 - 34,57,117
"4308",1998,9,35 - 39,140,258
"4308",1998,9,40 - 44,206,460
"4308",1998,9,45 - 49,292,610
"4308",1998,9,50 - 54,447,766
"4308",1998,9,55 - 59,493,689
"4308",1998,9,60 - 64,583,850
"4308",1998,9,65 - 69,923,1048
"4308",1998,9,70 - 74,1327,1383
"4308",1998,9,75 - 79,1956,1618
"4308",1998,9,80 - 84,2309,1342
"4308",1998,9,85 - 89,4452,1603
"4308",1998,9,90 - 94,0,0
"4308",1998,9,95+,0,0
"4308",1998,9,UNK,0,0
"4308",1998,10,Total,4592,3525
"4308",1998,10,0,11,12
"4308",1998,10,1,1,0
"4308",1998,10,2,0,0
"4308",1998,10,3,1,0
"4308",1998,10,4,0,0
"4308",1998,10,5 - 9,0,0
"4308",1998,10,10 - 14,0,2
"4308",1998,10,15 - 19,1,0
"4308",1998,10,20 - 24,8,6
"4308",1998,10,25 - 29,7,9
"4308",1998,10,30 - 34,16,19
"4308",1998,10,35 - 39,20,13
"4308",1998,10,40 - 44,21,15
"4308",1998,10,45 - 49,27,33
"4308",1998,10,50 - 54,48,47
"4308",1998,10,55 - 59,47,45
"4308",1998,10,60 - 64,123,113
"4308",1998,10,65 - 69,191,213
"4308",1998,10,70 - 74,367,387
"4308",1998,10,75 - 79,623,689
"4308",1998,10,80 - 84,886,747
"4308",1998,10,85 - 89,2194,1175
"4308",1998,10,90 - 94,0,0
"4308",1998,10,95+,0,0
"4308",1998,10,UNK,0,0
"4308",1998,11,Total,1793,2240
"4308",1998,11,0,1219,1647
"4308",1998,11,1,29,39
"4308",1998,11,2,16,17
"4308",1998,11,3,9,10
"4308",1998,11,4,6,10
"4308",1998,11,5 - 9,15,24
"4308",1998,11,10 - 14,22,21
"4308",1998,11,15 - 19,20,42
"4308",1998,11,20 - 24,17,24
"4308",1998,11,25 - 29,31,37
"4308",1998,11,30 - 34,35,37
"4308",1998,11,35 - 39,20,37
"4308",1998,11,40 - 44,21,23
"4308",1998,11,45 - 49,32,22
"4308",1998,11,50 - 54,37,27
"4308",1998,11,55 - 59,33,37
"4308",1998,11,60 - 64,32,35
"4308",1998,11,65 - 69,33,30
"4308",1998,11,70 - 74,52,31
"4308",1998,11,75 - 79,44,43
"4308",1998,11,80 - 84,37,19
"4308",1998,11,85 - 89,33,28
"4308",1998,11,90 - 94,0,0
"4308",1998,11,95+,0,0
"4308",1998,11,UNK,0,0
"4308",1998,12,Total,55378,45476
"4308",1998,12,0,77,108
"4308",1998,12,1,17,16
"4308",1998,12,2,5,12
"4308",1998,12,3,3,10
"4308",1998,12,4,2,6
"4308",1998,12,5 - 9,20,19
"4308",1998,12,10 - 14,21,16
"4308",1998,12,15 - 19,24,29
"4308",1998,12,20 - 24,34,44
"4308",1998,12,25 - 29,34,48
"4308",1998,12,30 - 34,66,94
"4308",1998,12,35 - 39,88,122
"4308",1998,12,40 - 44,113,179
"4308",1998,12,45 - 49,186,281
"4308",1998,12,50 - 54,438,579
"4308",1998,12,55 - 59,644,951
"4308",1998,12,60 - 64,1203,1724
"4308",1998,12,65 - 69,2428,3157
"4308",1998,12,70 - 74,4786,5938
"4308",1998,12,75 - 79,7585,8815
"4308",1998,12,80 - 84,9948,9275
"4308",1998,12,85 - 89,27656,14053
"4308",1998,12,90 - 94,0,0
"4308",1998,12,95+,0,0
"4308",1998,12,UNK,0,0
"4308",1998,13,Total,6822,11922
"4308",1998,13,0,35,39
"4308",1998,13,1,15,26
"4308",1998,13,2,31,26
"4308",1998,13,3,9,25
"4308",1998,13,4,9,15
"4308",1998,13,5 - 9,43,53
"4308",1998,13,10 - 14,49,133
"4308",1998,13,15 - 19,200,607
"4308",1998,13,20 - 24,236,909
"4308",1998,13,25 - 29,247,1223
"4308",1998,13,30 - 34,264,1254
"4308",1998,13,35 - 39,279,1005
"4308",1998,13,40 - 44,246,853
"4308",1998,13,45 - 49,267,799
"4308",1998,13,50 - 54,272,775
"4308",1998,13,55 - 59,238,607
"4308",1998,13,60 - 64,234,567
"4308",1998,13,65 - 69,328,520
"4308",1998,13,70 - 74,403,514
"4308",1998,13,75 - 79,606,587
"4308",1998,13,80 - 84,767,555
"4308",1998,13,85 - 89,2044,830
"4308",1998,13,90 - 94,0,0
"4308",1998,13,95+,0,0
"4308",1998,13,UNK,0,0
"4308",1998,14,Total,131,284
"4308",1998,14,0,3,4
"4308",1998,14,1,1,3
"4308",1998,14,2,1,2
"4308",1998,14,3,2,0
"4308",1998,14,4,0,0
"4308",1998,14,5 - 9,4,8
"4308",1998,14,10 - 14,2,0
"4308",1998,14,15 - 19,9,27
"4308",1998,14,20 - 24,11,33
"4308",1998,14,25 - 29,15,32
"4308",1998,14,30 - 34,19,40
"4308",1998,14,35 - 39,11,29
"4308",1998,14,40 - 44,8,27
"4308",1998,14,45 - 49,10,27
"4308",1998,14,50 - 54,8,15
"4308",1998,14,55 - 59,1,12
"4308",1998,14,60 - 64,3,8
"4308",1998,14,65 - 69,4,8
"4308",1998,14,70 - 74,5,2
"4308",1998,14,75 - 79,6,4
"4308",1998,14,80 - 84,6,2
"4308",1998,14,85 - 89,2,1
"4308",1998,14,90 - 94,0,0
"4308",1998,14,95+,0,0
"4308",1998,14,UNK,0,0
"4308",1999,1,Total,331694,300368
"4308",1999,1,0,1727,2318
"4308",1999,1,1,135,189
"4308",1999,1,2,94,114
"4308",1999,1,3,70,81
"4308",1999,1,4,39,72
"4308",1999,1,5 - 9,195,257
"4308",1999,1,10 - 14,240,319
"4308",1999,1,15 - 19,473,1085
"4308",1999,1,20 - 24,553,1553
"4308",1999,1,25 - 29,753,1994
"4308",1999,1,30 - 34,1171,2522
"4308",1999,1,35 - 39,1757,3056
"4308",1999,1,40 - 44,2615,3890
"4308",1999,1,45 - 49,3973,5833
"4308",1999,1,50 - 54,6457,10016
"4308",1999,1,55 - 59,8349,13455
"4308",1999,1,60 - 64,12696,19883
"4308",1999,1,65 - 69,19689,30214
"4308",1999,1,70 - 74,32551,43522
"4308",1999,1,75 - 79,51614,56610
"4308",1999,1,80 - 84,55227,45185
"4308",1999,1,85 - 89,131316,58200
"4308",1999,1,90 - 94,0,0
"4308",1999,1,95+,0,0
"4308",1999,1,UNK,0,0
"4308",1999,2,Total,2025,1956
"4308",1999,2,0,69,80
"4308",1999,2,1,17,22
"4308",1999,2,2,9,8
"4308",1999,2,3,4,8
"4308",1999,2,4,2,5
"4308",1999,2,5 - 9,5,11
"4308",1999,2,10 - 14,13,9
"4308",1999,2,15 - 19,28,35
"4308",1999,2,20 - 24,20,16
"4308",1999,2,25 - 29,14,24
"4308",1999,2,30 - 34,19,45
"4308",1999,2,35 - 39,25,61
"4308",1999,2,40 - 44,32,53
"4308",1999,2,45 - 49,35,83
"4308",1999,2,50 - 54,62,96
"4308",1999,2,55 - 59,59,91
"4308",1999,2,60 - 64,104,116
"4308",1999,2,65 - 69,131,171
"4308",1999,2,70 - 74,195,218
"4308",1999,2,75 - 79,281,279
"4308",1999,2,80 - 84,290,224
"4308",1999,2,85 - 89,611,301
"4308",1999,2,90 - 94,0,0
"4308",1999,2,95+,0,0
"4308",1999,2,UNK,0,0
"4308",1999,3,Total,74950,79853
"4308",1999,3,0,16,11
"4308",1999,3,1,13,16
"4308",1999,3,2,11,15
"4308",1999,3,3,13,24
"4308",1999,3,4,6,20
"4308",1999,3,5 - 9,61,80
"4308",1999,3,10 - 14,52,60
"4308",1999,3,15 - 19,61,94
"4308",1999,3,20 - 24,83,126
"4308",1999,3,25 - 29,164,164
"4308",1999,3,30 - 34,365,283
"4308",1999,3,35 - 39,706,441
"4308",1999,3,40 - 44,1177,762
"4308",1999,3,45 - 49,2005,1601
"4308",1999,3,50 - 54,3505,3408
"4308",1999,3,55 - 59,4310,5020
"4308",1999,3,60 - 64,6098,7435
"4308",1999,3,65 - 69,8082,10808
"4308",1999,3,70 - 74,11063,14169
"4308",1999,3,75 - 79,13531,15878
"4308",1999,3,80 - 84,9932,10124
"4308",1999,3,85 - 89,13696,9314
"4308",1999,3,90 - 94,0,0
"4308",1999,3,95+,0,0
"4308",1999,3,UNK,0,0
"4308",1999,4,Total,130587,119756
"4308",1999,4,0,44,54
"4308",1999,4,1,5,17
"4308",1999,4,2,6,10
"4308",1999,4,3,5,2
"4308",1999,4,4,2,6
"4308",1999,4,5 - 9,11,12
"4308",1999,4,10 - 14,15,17
"4308",1999,4,15 - 19,33,32
"4308",1999,4,20 - 24,57,58
"4308",1999,4,25 - 29,77,121
"4308",1999,4,30 - 34,137,247
"4308",1999,4,35 - 39,241,509
"4308",1999,4,40 - 44,422,1077
"4308",1999,4,45 - 49,711,1852
"4308",1999,4,50 - 54,1255,3531
"4308",1999,4,55 - 59,1919,5172
"4308",1999,4,60 - 64,3446,7925
"4308",1999,4,65 - 69,6407,12576
"4308",1999,4,70 - 74,12445,18717
"4308",1999,4,75 - 79,22068,24785
"4308",1999,4,80 - 84,25412,19696
"4308",1999,4,85 - 89,55869,23340
"4308",1999,4,90 - 94,0,0
"4308",1999,4,95+,0,0
"4308",1999,4,UNK,0,0
"4308",1999,5,Total,11732,3556
"4308",1999,5,0,155,233
"4308",1999,5,1,4,10
"4308",1999,5,2,1,4
"4308",1999,5,3,0,1
"4308",1999,5,4,0,1
"4308",1999,5,5 - 9,1,0
"4308",1999,5,10 - 14,5,7
"4308",1999,5,15 - 19,8,17
"4308",1999,5,20 - 24,8,28
"4308",1999,5,25 - 29,8,35
"4308",1999,5,30 - 34,17,42
"4308",1999,5,35 - 39,15,54
"4308",1999,5,40 - 44,15,58
"4308",1999,5,45 - 49,31,53
"4308",1999,5,50 - 54,26,61
"4308",1999,5,55 - 59,16,39
"4308",1999,5,60 - 64,26,52
"4308",1999,5,65 - 69,32,53
"4308",1999,5,70 - 74,84,67
"4308",1999,5,75 - 79,287,166
"4308",1999,5,80 - 84,1003,394
"4308",1999,5,85 - 89,9990,2181
"4308",1999,5,90 - 94,0,0
"4308",1999,5,95+,0,0
"4308",1999,5,UNK,0,0
"4308",1999,6,Total,8496,4768
"4308",1999,6,0,0,0
"4308",1999,6,1,0,0
"4308",1999,6,2,0,0
"4308",1999,6,3,0,0
"4308",1999,6,4,0,0
"4308",1999,6,5 - 9,0,0
"4308",1999,6,10 - 14,3,2
"4308",1999,6,15 - 19,20,74
"4308",1999,6,20 - 24,35,175
"4308",1999,6,25 - 29,34,232
"4308",1999,6,30 - 34,34,202
"4308",1999,6,35 - 39,45,197
"4308",1999,6,40 - 44,43,142
"4308",1999,6,45 - 49,60,114
"4308",1999,6,50 - 54,45,120
"4308",1999,6,55 - 59,50,113
"4308",1999,6,60 - 64,60,126
"4308",1999,6,65 - 69,107,137
"4308",1999,6,70 - 74,277,307
"4308",1999,6,75 - 79,889,614
"4308",1999,6,80 - 84,1534,756
"4308",1999,6,85 - 89,5260,1457
"4308",1999,6,90 - 94,0,0
"4308",1999,6,95+,0,0
"4308",1999,6,UNK,0,0
"4308",1999,7,Total,6051,5424
"4308",1999,7,0,56,70
"4308",1999,7,1,18,18
"4308",1999,7,2,11,8
"4308",1999,7,3,8,12
"4308",1999,7,4,8,9
"4308",1999,7,5 - 9,25,37
"4308",1999,7,10 - 14,36,37
"4308",1999,7,15 - 19,38,89
"4308",1999,7,20 - 24,32,53
"4308",1999,7,25 - 29,49,81
"4308",1999,7,30 - 34,66,104
"4308",1999,7,35 - 39,71,135
"4308",1999,7,40 - 44,104,125
"4308",1999,7,45 - 49,153,157
"4308",1999,7,50 - 54,183,228
"4308",1999,7,55 - 59,202,223
"4308",1999,7,60 - 64,253,301
"4308",1999,7,65 - 69,361,424
"4308",1999,7,70 - 74,540,654
"4308",1999,7,75 - 79,975,912
"4308",1999,7,80 - 84,962,876
"4308",1999,7,85 - 89,1900,871
"4308",1999,7,90 - 94,0,0
"4308",1999,7,95+,0,0
"4308",1999,7,UNK,0,0
"4308",1999,8,Total,4630,4117
"4308",1999,8,0,23,33
"4308",1999,8,1,12,8
"4308",1999,8,2,3,8
"4308",1999,8,3,2,4
"4308",1999,8,4,2,0
"4308",1999,8,5 - 9,9,4
"4308",1999,8,10 - 14,11,12
"4308",1999,8,15 - 19,21,20
"4308",1999,8,20 - 24,25,34
"4308",1999,8,25 - 29,31,41
"4308",1999,8,30 - 34,31,72
"4308",1999,8,35 - 39,40,82
"4308",1999,8,40 - 44,50,87
"4308",1999,8,45 - 49,62,106
"4308",1999,8,50 - 54,79,159
"4308",1999,8,55 - 59,115,190
"4308",1999,8,60 - 64,245,320
"4308",1999,8,65 - 69,348,495
"4308",1999,8,70 - 74,496,559
"4308",1999,8,75 - 79,748,708
"4308",1999,8,80 - 84,756,523
"4308",1999,8,85 - 89,1521,652
"4308",1999,8,90 - 94,0,0
"4308",1999,8,95+,0,0
"4308",1999,8,UNK,0,0
"4308",1999,9,Total,13571,11434
"4308",1999,9,0,19,19
"4308",1999,9,1,2,4
"4308",1999,9,2,1,2
"4308",1999,9,3,2,3
"4308",1999,9,4,1,2
"4308",1999,9,5 - 9,6,4
"4308",1999,9,10 - 14,4,6
"4308",1999,9,15 - 19,7,9
"4308",1999,9,20 - 24,12,16
"4308",1999,9,25 - 29,32,39
"4308",1999,9,30 - 34,77,137
"4308",1999,9,35 - 39,147,252
"4308",1999,9,40 - 44,252,436
"4308",1999,9,45 - 49,349,612
"4308",1999,9,50 - 54,420,880
"4308",1999,9,55 - 59,502,809
"4308",1999,9,60 - 64,571,896
"4308",1999,9,65 - 69,876,1083
"4308",1999,9,70 - 74,1283,1369
"4308",1999,9,75 - 79,2076,1724
"4308",1999,9,80 - 84,2249,1372
"4308",1999,9,85 - 89,4683,1760
"4308",1999,9,90 - 94,0,0
"4308",1999,9,95+,0,0
"4308",1999,9,UNK,0,0
"4308",1999,10,Total,4814,3683
"4308",1999,10,0,15,15
"4308",1999,10,1,2,1
"4308",1999,10,2,1,0
"4308",1999,10,3,0,0
"4308",1999,10,4,0,1
"4308",1999,10,5 - 9,2,1
"4308",1999,10,10 - 14,5,0
"4308",1999,10,15 - 19,0,1
"4308",1999,10,20 - 24,3,3
"4308",1999,10,25 - 29,9,6
"4308",1999,10,30 - 34,11,16
"4308",1999,10,35 - 39,12,14
"4308",1999,10,40 - 44,18,25
"4308",1999,10,45 - 49,25,28
"4308",1999,10,50 - 54,47,54
"4308",1999,10,55 - 59,57,56
"4308",1999,10,60 - 64,96,116
"4308",1999,10,65 - 69,194,248
"4308",1999,10,70 - 74,368,409
"4308",1999,10,75 - 79,666,678
"4308",1999,10,80 - 84,905,722
"4308",1999,10,85 - 89,2378,1289
"4308",1999,10,90 - 94,0,0
"4308",1999,10,95+,0,0
"4308",1999,10,UNK,0,0
"4308",1999,11,Total,1789,2168
"4308",1999,11,0,1221,1642
"4308",1999,11,1,27,32
"4308",1999,11,2,19,13
"4308",1999,11,3,9,6
"4308",1999,11,4,4,7
"4308",1999,11,5 - 9,20,16
"4308",1999,11,10 - 14,17,21
"4308",1999,11,15 - 19,25,33
"4308",1999,11,20 - 24,17,23
"4308",1999,11,25 - 29,28,32
"4308",1999,11,30 - 34,30,36
"4308",1999,11,35 - 39,20,26
"4308",1999,11,40 - 44,27,27
"4308",1999,11,45 - 49,28,27
"4308",1999,11,50 - 54,42,30
"4308",1999,11,55 - 59,37,33
"4308",1999,11,60 - 64,48,29
"4308",1999,11,65 - 69,43,25
"4308",1999,11,70 - 74,30,34
"4308",1999,11,75 - 79,35,30
"4308",1999,11,80 - 84,25,20
"4308",1999,11,85 - 89,37,26
"4308",1999,11,90 - 94,0,0
"4308",1999,11,95+,0,0
"4308",1999,11,UNK,0,0
"4308",1999,12,Total,60888,48919
"4308",1999,12,0,63,103
"4308",1999,12,1,14,23
"4308",1999,12,2,16,13
"4308",1999,12,3,7,6
"4308",1999,12,4,4,6
"4308",1999,12,5 - 9,16,18
"4308",1999,12,10 - 14,13,27
"4308",1999,12,15 - 19,29,35
"4308",1999,12,20 - 24,33,41
"4308",1999,12,25 - 29,40,53
"4308",1999,12,30 - 34,57,90
"4308",1999,12,35 - 39,110,131
"4308",1999,12,40 - 44,150,172
"4308",1999,12,45 - 49,214,337
"4308",1999,12,50 - 54,455,605
"4308",1999,12,55 - 59,738,1008
"4308",1999,12,60 - 64,1380,1936
"4308",1999,12,65 - 69,2580,3521
"4308",1999,12,70 - 74,4945,6154
"4308",1999,12,75 - 79,8678,9684
"4308",1999,12,80 - 84,10513,9480
"4308",1999,12,85 - 89,30833,15476
"4308",1999,12,90 - 94,0,0
"4308",1999,12,95+,0,0
"4308",1999,12,UNK,0,0
"4308",1999,13,Total,7110,12048
"4308",1999,13,0,37,42
"4308",1999,13,1,17,27
"4308",1999,13,2,12,27
"4308",1999,13,3,17,13
"4308",1999,13,4,9,14
"4308",1999,13,5 - 9,30,65
"4308",1999,13,10 - 14,59,112
"4308",1999,13,15 - 19,191,612
"4308",1999,13,20 - 24,209,935
"4308",1999,13,25 - 29,233,1112
"4308",1999,13,30 - 34,282,1194
"4308",1999,13,35 - 39,286,1091
"4308",1999,13,40 - 44,270,876
"4308",1999,13,45 - 49,257,812
"4308",1999,13,50 - 54,288,771
"4308",1999,13,55 - 59,261,617
"4308",1999,13,60 - 64,232,515
"4308",1999,13,65 - 69,298,489
"4308",1999,13,70 - 74,419,557
"4308",1999,13,75 - 79,708,712
"4308",1999,13,80 - 84,785,593
"4308",1999,13,85 - 89,2210,862
"4308",1999,13,90 - 94,0,0
"4308",1999,13,95+,0,0
"4308",1999,13,UNK,0,0
"4308",1999,14,Total,105,335
"4308",1999,14,0,4,8
"4308",1999,14,1,0,3
"4308",1999,14,2,0,6
"4308",1999,14,3,2,2
"4308",1999,14,4,1,1
"4308",1999,14,5 - 9,5,6
"4308",1999,14,10 - 14,1,4
"4308",1999,14,15 - 19,5,30
"4308",1999,14,20 - 24,9,36
"4308",1999,14,25 - 29,12,42
"4308",1999,14,30 - 34,16,39
"4308",1999,14,35 - 39,10,41
"4308",1999,14,40 - 44,12,29
"4308",1999,14,45 - 49,9,24
"4308",1999,14,50 - 54,2,22
"4308",1999,14,55 - 59,4,14
"4308",1999,14,60 - 64,2,10
"4308",1999,14,65 - 69,0,4
"4308",1999,14,70 - 74,2,6
"4308",1999,14,75 - 79,4,5
"4308",1999,14,80 - 84,2,2
"4308",1999,14,85 - 89,3,1
"4308",1999,14,90 - 94,0,0
"4308",1999,14,95+,0,0
"4308",1999,14,UNK,0,0
