"","Year","Cause","Age","Female","Male"
"4190",1990,1,Total,1920,1913
"4190",1990,1,0,14,21
"4190",1990,1,1,1,3
"4190",1990,1,2,1,1
"4190",1990,1,3,1,0
"4190",1990,1,4,1,0
"4190",1990,1,5 - 9,4,1
"4190",1990,1,10 - 14,3,2
"4190",1990,1,15 - 19,1,18
"4190",1990,1,20 - 24,6,23
"4190",1990,1,25 - 29,6,20
"4190",1990,1,30 - 34,13,19
"4190",1990,1,35 - 39,19,32
"4190",1990,1,40 - 44,20,43
"4190",1990,1,45 - 49,25,64
"4190",1990,1,50 - 54,57,77
"4190",1990,1,55 - 59,70,113
"4190",1990,1,60 - 64,94,189
"4190",1990,1,65 - 69,158,209
"4190",1990,1,70 - 74,172,240
"4190",1990,1,75 - 79,298,296
"4190",1990,1,80 - 84,401,291
"4190",1990,1,85 - 89,555,251
"4190",1990,1,90 - 94,0,0
"4190",1990,1,95+,0,0
"4190",1990,1,UNK,0,0
"4190",1990,2,Total,9,10
"4190",1990,2,0,0,0
"4190",1990,2,1,0,0
"4190",1990,2,2,0,0
"4190",1990,2,3,0,0
"4190",1990,2,4,0,0
"4190",1990,2,5 - 9,0,0
"4190",1990,2,10 - 14,0,0
"4190",1990,2,15 - 19,0,0
"4190",1990,2,20 - 24,0,0
"4190",1990,2,25 - 29,0,0
"4190",1990,2,30 - 34,1,0
"4190",1990,2,35 - 39,0,1
"4190",1990,2,40 - 44,0,0
"4190",1990,2,45 - 49,0,1
"4190",1990,2,50 - 54,0,1
"4190",1990,2,55 - 59,0,0
"4190",1990,2,60 - 64,0,1
"4190",1990,2,65 - 69,1,1
"4190",1990,2,70 - 74,0,0
"4190",1990,2,75 - 79,3,0
"4190",1990,2,80 - 84,3,4
"4190",1990,2,85 - 89,1,1
"4190",1990,2,90 - 94,0,0
"4190",1990,2,95+,0,0
"4190",1990,2,UNK,0,0
"4190",1990,3,Total,445,528
"4190",1990,3,0,0,0
"4190",1990,3,1,0,0
"4190",1990,3,2,0,0
"4190",1990,3,3,0,0
"4190",1990,3,4,0,0
"4190",1990,3,5 - 9,1,0
"4190",1990,3,10 - 14,1,1
"4190",1990,3,15 - 19,0,1
"4190",1990,3,20 - 24,0,0
"4190",1990,3,25 - 29,1,0
"4190",1990,3,30 - 34,4,0
"4190",1990,3,35 - 39,7,4
"4190",1990,3,40 - 44,5,16
"4190",1990,3,45 - 49,11,22
"4190",1990,3,50 - 54,30,28
"4190",1990,3,55 - 59,35,41
"4190",1990,3,60 - 64,46,66
"4190",1990,3,65 - 69,71,81
"4190",1990,3,70 - 74,42,79
"4190",1990,3,75 - 79,65,72
"4190",1990,3,80 - 84,68,64
"4190",1990,3,85 - 89,58,53
"4190",1990,3,90 - 94,0,0
"4190",1990,3,95+,0,0
"4190",1990,3,UNK,0,0
"4190",1990,4,Total,985,794
"4190",1990,4,0,0,0
"4190",1990,4,1,0,0
"4190",1990,4,2,0,0
"4190",1990,4,3,0,0
"4190",1990,4,4,0,0
"4190",1990,4,5 - 9,0,0
"4190",1990,4,10 - 14,1,0
"4190",1990,4,15 - 19,0,0
"4190",1990,4,20 - 24,0,2
"4190",1990,4,25 - 29,1,1
"4190",1990,4,30 - 34,1,1
"4190",1990,4,35 - 39,2,3
"4190",1990,4,40 - 44,3,4
"4190",1990,4,45 - 49,4,17
"4190",1990,4,50 - 54,8,27
"4190",1990,4,55 - 59,17,36
"4190",1990,4,60 - 64,26,77
"4190",1990,4,65 - 69,53,76
"4190",1990,4,70 - 74,84,116
"4190",1990,4,75 - 79,184,144
"4190",1990,4,80 - 84,242,163
"4190",1990,4,85 - 89,359,127
"4190",1990,4,90 - 94,0,0
"4190",1990,4,95+,0,0
"4190",1990,4,UNK,0,0
"4190",1990,5,Total,79,60
"4190",1990,5,0,7,4
"4190",1990,5,1,0,0
"4190",1990,5,2,0,0
"4190",1990,5,3,0,0
"4190",1990,5,4,0,0
"4190",1990,5,5 - 9,0,0
"4190",1990,5,10 - 14,0,0
"4190",1990,5,15 - 19,0,0
"4190",1990,5,20 - 24,1,0
"4190",1990,5,25 - 29,0,0
"4190",1990,5,30 - 34,0,2
"4190",1990,5,35 - 39,0,0
"4190",1990,5,40 - 44,1,5
"4190",1990,5,45 - 49,2,2
"4190",1990,5,50 - 54,3,0
"4190",1990,5,55 - 59,0,2
"4190",1990,5,60 - 64,3,7
"4190",1990,5,65 - 69,4,4
"4190",1990,5,70 - 74,6,6
"4190",1990,5,75 - 79,13,14
"4190",1990,5,80 - 84,16,7
"4190",1990,5,85 - 89,23,7
"4190",1990,5,90 - 94,0,0
"4190",1990,5,95+,0,0
"4190",1990,5,UNK,0,0
"4190",1990,6,Total,38,41
"4190",1990,6,0,0,0
"4190",1990,6,1,0,0
"4190",1990,6,2,0,0
"4190",1990,6,3,0,0
"4190",1990,6,4,0,0
"4190",1990,6,5 - 9,0,0
"4190",1990,6,10 - 14,0,0
"4190",1990,6,15 - 19,0,0
"4190",1990,6,20 - 24,0,0
"4190",1990,6,25 - 29,0,0
"4190",1990,6,30 - 34,0,0
"4190",1990,6,35 - 39,0,1
"4190",1990,6,40 - 44,1,0
"4190",1990,6,45 - 49,0,0
"4190",1990,6,50 - 54,0,0
"4190",1990,6,55 - 59,1,2
"4190",1990,6,60 - 64,0,3
"4190",1990,6,65 - 69,3,4
"4190",1990,6,70 - 74,1,4
"4190",1990,6,75 - 79,6,9
"4190",1990,6,80 - 84,11,9
"4190",1990,6,85 - 89,15,9
"4190",1990,6,90 - 94,0,0
"4190",1990,6,95+,0,0
"4190",1990,6,UNK,0,0
"4190",1990,7,Total,40,18
"4190",1990,7,0,0,0
"4190",1990,7,1,0,0
"4190",1990,7,2,1,0
"4190",1990,7,3,0,0
"4190",1990,7,4,0,0
"4190",1990,7,5 - 9,1,0
"4190",1990,7,10 - 14,1,0
"4190",1990,7,15 - 19,0,1
"4190",1990,7,20 - 24,0,0
"4190",1990,7,25 - 29,0,0
"4190",1990,7,30 - 34,0,0
"4190",1990,7,35 - 39,2,0
"4190",1990,7,40 - 44,1,2
"4190",1990,7,45 - 49,0,0
"4190",1990,7,50 - 54,1,0
"4190",1990,7,55 - 59,2,2
"4190",1990,7,60 - 64,1,2
"4190",1990,7,65 - 69,2,3
"4190",1990,7,70 - 74,3,3
"4190",1990,7,75 - 79,8,4
"4190",1990,7,80 - 84,8,0
"4190",1990,7,85 - 89,9,1
"4190",1990,7,90 - 94,0,0
"4190",1990,7,95+,0,0
"4190",1990,7,UNK,0,0
"4190",1990,8,Total,35,27
"4190",1990,8,0,0,0
"4190",1990,8,1,0,0
"4190",1990,8,2,0,0
"4190",1990,8,3,0,0
"4190",1990,8,4,0,0
"4190",1990,8,5 - 9,0,0
"4190",1990,8,10 - 14,0,0
"4190",1990,8,15 - 19,0,0
"4190",1990,8,20 - 24,0,0
"4190",1990,8,25 - 29,0,3
"4190",1990,8,30 - 34,0,1
"4190",1990,8,35 - 39,0,2
"4190",1990,8,40 - 44,0,1
"4190",1990,8,45 - 49,1,0
"4190",1990,8,50 - 54,0,0
"4190",1990,8,55 - 59,2,2
"4190",1990,8,60 - 64,0,4
"4190",1990,8,65 - 69,5,2
"4190",1990,8,70 - 74,8,2
"4190",1990,8,75 - 79,3,5
"4190",1990,8,80 - 84,5,4
"4190",1990,8,85 - 89,11,1
"4190",1990,8,90 - 94,0,0
"4190",1990,8,95+,0,0
"4190",1990,8,UNK,0,0
"4190",1990,9,Total,95,95
"4190",1990,9,0,0,0
"4190",1990,9,1,0,0
"4190",1990,9,2,0,0
"4190",1990,9,3,0,0
"4190",1990,9,4,0,0
"4190",1990,9,5 - 9,0,0
"4190",1990,9,10 - 14,0,0
"4190",1990,9,15 - 19,0,0
"4190",1990,9,20 - 24,0,0
"4190",1990,9,25 - 29,0,0
"4190",1990,9,30 - 34,1,3
"4190",1990,9,35 - 39,2,6
"4190",1990,9,40 - 44,4,2
"4190",1990,9,45 - 49,5,10
"4190",1990,9,50 - 54,5,6
"4190",1990,9,55 - 59,5,11
"4190",1990,9,60 - 64,7,12
"4190",1990,9,65 - 69,12,16
"4190",1990,9,70 - 74,10,8
"4190",1990,9,75 - 79,8,5
"4190",1990,9,80 - 84,16,8
"4190",1990,9,85 - 89,20,8
"4190",1990,9,90 - 94,0,0
"4190",1990,9,95+,0,0
"4190",1990,9,UNK,0,0
"4190",1990,10,Total,19,8
"4190",1990,10,0,0,0
"4190",1990,10,1,0,0
"4190",1990,10,2,0,0
"4190",1990,10,3,0,0
"4190",1990,10,4,0,0
"4190",1990,10,5 - 9,0,0
"4190",1990,10,10 - 14,0,0
"4190",1990,10,15 - 19,0,0
"4190",1990,10,20 - 24,0,0
"4190",1990,10,25 - 29,0,0
"4190",1990,10,30 - 34,0,0
"4190",1990,10,35 - 39,0,0
"4190",1990,10,40 - 44,0,0
"4190",1990,10,45 - 49,0,0
"4190",1990,10,50 - 54,1,0
"4190",1990,10,55 - 59,1,0
"4190",1990,10,60 - 64,1,0
"4190",1990,10,65 - 69,0,0
"4190",1990,10,70 - 74,1,0
"4190",1990,10,75 - 79,0,1
"4190",1990,10,80 - 84,6,3
"4190",1990,10,85 - 89,9,4
"4190",1990,10,90 - 94,0,0
"4190",1990,10,95+,0,0
"4190",1990,10,UNK,0,0
"4190",1990,11,Total,8,17
"4190",1990,11,0,6,15
"4190",1990,11,1,1,1
"4190",1990,11,2,0,0
"4190",1990,11,3,1,0
"4190",1990,11,4,0,0
"4190",1990,11,5 - 9,0,0
"4190",1990,11,10 - 14,0,0
"4190",1990,11,15 - 19,0,0
"4190",1990,11,20 - 24,0,0
"4190",1990,11,25 - 29,0,0
"4190",1990,11,30 - 34,0,0
"4190",1990,11,35 - 39,0,0
"4190",1990,11,40 - 44,0,1
"4190",1990,11,45 - 49,0,0
"4190",1990,11,50 - 54,0,0
"4190",1990,11,55 - 59,0,0
"4190",1990,11,60 - 64,0,0
"4190",1990,11,65 - 69,0,0
"4190",1990,11,70 - 74,0,0
"4190",1990,11,75 - 79,0,0
"4190",1990,11,80 - 84,0,0
"4190",1990,11,85 - 89,0,0
"4190",1990,11,90 - 94,0,0
"4190",1990,11,95+,0,0
"4190",1990,11,UNK,0,0
"4190",1990,12,Total,91,144
"4190",1990,12,0,0,0
"4190",1990,12,1,0,1
"4190",1990,12,2,0,0
"4190",1990,12,3,0,0
"4190",1990,12,4,0,0
"4190",1990,12,5 - 9,0,0
"4190",1990,12,10 - 14,0,0
"4190",1990,12,15 - 19,0,0
"4190",1990,12,20 - 24,0,0
"4190",1990,12,25 - 29,1,0
"4190",1990,12,30 - 34,1,1
"4190",1990,12,35 - 39,1,0
"4190",1990,12,40 - 44,1,0
"4190",1990,12,45 - 49,0,2
"4190",1990,12,50 - 54,2,3
"4190",1990,12,55 - 59,2,6
"4190",1990,12,60 - 64,7,8
"4190",1990,12,65 - 69,5,13
"4190",1990,12,70 - 74,12,15
"4190",1990,12,75 - 79,5,35
"4190",1990,12,80 - 84,13,24
"4190",1990,12,85 - 89,41,36
"4190",1990,12,90 - 94,0,0
"4190",1990,12,95+,0,0
"4190",1990,12,UNK,0,0
"4190",1990,13,Total,68,159
"4190",1990,13,0,1,2
"4190",1990,13,1,0,1
"4190",1990,13,2,0,1
"4190",1990,13,3,0,0
"4190",1990,13,4,1,0
"4190",1990,13,5 - 9,2,1
"4190",1990,13,10 - 14,0,1
"4190",1990,13,15 - 19,1,15
"4190",1990,13,20 - 24,4,21
"4190",1990,13,25 - 29,3,16
"4190",1990,13,30 - 34,4,11
"4190",1990,13,35 - 39,4,15
"4190",1990,13,40 - 44,4,9
"4190",1990,13,45 - 49,1,10
"4190",1990,13,50 - 54,5,8
"4190",1990,13,55 - 59,5,10
"4190",1990,13,60 - 64,3,8
"4190",1990,13,65 - 69,2,9
"4190",1990,13,70 - 74,5,6
"4190",1990,13,75 - 79,3,6
"4190",1990,13,80 - 84,13,5
"4190",1990,13,85 - 89,7,4
"4190",1990,13,90 - 94,0,0
"4190",1990,13,95+,0,0
"4190",1990,13,UNK,0,0
"4190",1990,14,Total,2,9
"4190",1990,14,0,0,0
"4190",1990,14,1,0,0
"4190",1990,14,2,0,0
"4190",1990,14,3,0,0
"4190",1990,14,4,0,0
"4190",1990,14,5 - 9,0,0
"4190",1990,14,10 - 14,0,0
"4190",1990,14,15 - 19,0,1
"4190",1990,14,20 - 24,0,0
"4190",1990,14,25 - 29,0,0
"4190",1990,14,30 - 34,0,0
"4190",1990,14,35 - 39,1,0
"4190",1990,14,40 - 44,0,3
"4190",1990,14,45 - 49,0,0
"4190",1990,14,50 - 54,1,3
"4190",1990,14,55 - 59,0,1
"4190",1990,14,60 - 64,0,1
"4190",1990,14,65 - 69,0,0
"4190",1990,14,70 - 74,0,0
"4190",1990,14,75 - 79,0,0
"4190",1990,14,80 - 84,0,0
"4190",1990,14,85 - 89,0,0
"4190",1990,14,90 - 94,0,0
"4190",1990,14,95+,0,0
"4190",1990,14,UNK,0,0
"4190",1991,1,Total,1888,1942
"4190",1991,1,0,20,23
"4190",1991,1,1,1,2
"4190",1991,1,2,0,1
"4190",1991,1,3,0,1
"4190",1991,1,4,1,1
"4190",1991,1,5 - 9,3,3
"4190",1991,1,10 - 14,0,1
"4190",1991,1,15 - 19,5,23
"4190",1991,1,20 - 24,3,24
"4190",1991,1,25 - 29,7,20
"4190",1991,1,30 - 34,8,32
"4190",1991,1,35 - 39,21,35
"4190",1991,1,40 - 44,27,48
"4190",1991,1,45 - 49,26,64
"4190",1991,1,50 - 54,45,98
"4190",1991,1,55 - 59,59,126
"4190",1991,1,60 - 64,97,172
"4190",1991,1,65 - 69,126,191
"4190",1991,1,70 - 74,169,233
"4190",1991,1,75 - 79,288,299
"4190",1991,1,80 - 84,413,290
"4190",1991,1,85 - 89,569,255
"4190",1991,1,90 - 94,0,0
"4190",1991,1,95+,0,0
"4190",1991,1,UNK,0,0
"4190",1991,2,Total,6,6
"4190",1991,2,0,0,1
"4190",1991,2,1,0,0
"4190",1991,2,2,0,0
"4190",1991,2,3,0,0
"4190",1991,2,4,0,0
"4190",1991,2,5 - 9,0,0
"4190",1991,2,10 - 14,0,0
"4190",1991,2,15 - 19,0,0
"4190",1991,2,20 - 24,0,0
"4190",1991,2,25 - 29,0,0
"4190",1991,2,30 - 34,0,0
"4190",1991,2,35 - 39,0,0
"4190",1991,2,40 - 44,0,1
"4190",1991,2,45 - 49,0,0
"4190",1991,2,50 - 54,0,0
"4190",1991,2,55 - 59,1,0
"4190",1991,2,60 - 64,0,0
"4190",1991,2,65 - 69,2,0
"4190",1991,2,70 - 74,0,0
"4190",1991,2,75 - 79,0,1
"4190",1991,2,80 - 84,3,1
"4190",1991,2,85 - 89,0,2
"4190",1991,2,90 - 94,0,0
"4190",1991,2,95+,0,0
"4190",1991,2,UNK,0,0
"4190",1991,3,Total,440,523
"4190",1991,3,0,1,0
"4190",1991,3,1,0,0
"4190",1991,3,2,0,0
"4190",1991,3,3,0,0
"4190",1991,3,4,1,0
"4190",1991,3,5 - 9,0,1
"4190",1991,3,10 - 14,0,0
"4190",1991,3,15 - 19,1,0
"4190",1991,3,20 - 24,0,3
"4190",1991,3,25 - 29,2,1
"4190",1991,3,30 - 34,2,1
"4190",1991,3,35 - 39,4,3
"4190",1991,3,40 - 44,11,8
"4190",1991,3,45 - 49,7,21
"4190",1991,3,50 - 54,21,41
"4190",1991,3,55 - 59,31,58
"4190",1991,3,60 - 64,34,65
"4190",1991,3,65 - 69,50,60
"4190",1991,3,70 - 74,57,71
"4190",1991,3,75 - 79,70,78
"4190",1991,3,80 - 84,85,71
"4190",1991,3,85 - 89,63,41
"4190",1991,3,90 - 94,0,0
"4190",1991,3,95+,0,0
"4190",1991,3,UNK,0,0
"4190",1991,4,Total,912,782
"4190",1991,4,0,0,0
"4190",1991,4,1,0,0
"4190",1991,4,2,0,0
"4190",1991,4,3,0,0
"4190",1991,4,4,0,0
"4190",1991,4,5 - 9,0,0
"4190",1991,4,10 - 14,0,0
"4190",1991,4,15 - 19,0,2
"4190",1991,4,20 - 24,0,1
"4190",1991,4,25 - 29,0,2
"4190",1991,4,30 - 34,0,2
"4190",1991,4,35 - 39,3,4
"4190",1991,4,40 - 44,3,8
"4190",1991,4,45 - 49,9,20
"4190",1991,4,50 - 54,5,21
"4190",1991,4,55 - 59,8,33
"4190",1991,4,60 - 64,29,71
"4190",1991,4,65 - 69,45,87
"4190",1991,4,70 - 74,66,98
"4190",1991,4,75 - 79,154,135
"4190",1991,4,80 - 84,238,152
"4190",1991,4,85 - 89,352,146
"4190",1991,4,90 - 94,0,0
"4190",1991,4,95+,0,0
"4190",1991,4,UNK,0,0
"4190",1991,5,Total,87,71
"4190",1991,5,0,3,8
"4190",1991,5,1,0,0
"4190",1991,5,2,0,0
"4190",1991,5,3,0,0
"4190",1991,5,4,0,0
"4190",1991,5,5 - 9,0,0
"4190",1991,5,10 - 14,0,0
"4190",1991,5,15 - 19,0,0
"4190",1991,5,20 - 24,0,1
"4190",1991,5,25 - 29,1,0
"4190",1991,5,30 - 34,2,1
"4190",1991,5,35 - 39,0,1
"4190",1991,5,40 - 44,0,3
"4190",1991,5,45 - 49,0,3
"4190",1991,5,50 - 54,0,4
"4190",1991,5,55 - 59,1,5
"4190",1991,5,60 - 64,6,3
"4190",1991,5,65 - 69,4,5
"4190",1991,5,70 - 74,4,9
"4190",1991,5,75 - 79,8,8
"4190",1991,5,80 - 84,13,8
"4190",1991,5,85 - 89,45,12
"4190",1991,5,90 - 94,0,0
"4190",1991,5,95+,0,0
"4190",1991,5,UNK,0,0
"4190",1991,6,Total,45,33
"4190",1991,6,0,0,0
"4190",1991,6,1,0,0
"4190",1991,6,2,0,0
"4190",1991,6,3,0,0
"4190",1991,6,4,0,0
"4190",1991,6,5 - 9,0,0
"4190",1991,6,10 - 14,0,0
"4190",1991,6,15 - 19,0,1
"4190",1991,6,20 - 24,0,0
"4190",1991,6,25 - 29,0,0
"4190",1991,6,30 - 34,0,1
"4190",1991,6,35 - 39,0,0
"4190",1991,6,40 - 44,0,2
"4190",1991,6,45 - 49,1,0
"4190",1991,6,50 - 54,2,2
"4190",1991,6,55 - 59,1,2
"4190",1991,6,60 - 64,1,0
"4190",1991,6,65 - 69,1,1
"4190",1991,6,70 - 74,1,5
"4190",1991,6,75 - 79,11,6
"4190",1991,6,80 - 84,10,7
"4190",1991,6,85 - 89,17,6
"4190",1991,6,90 - 94,0,0
"4190",1991,6,95+,0,0
"4190",1991,6,UNK,0,0
"4190",1991,7,Total,38,38
"4190",1991,7,0,1,1
"4190",1991,7,1,0,0
"4190",1991,7,2,0,0
"4190",1991,7,3,0,1
"4190",1991,7,4,0,0
"4190",1991,7,5 - 9,0,0
"4190",1991,7,10 - 14,0,0
"4190",1991,7,15 - 19,0,0
"4190",1991,7,20 - 24,0,1
"4190",1991,7,25 - 29,0,0
"4190",1991,7,30 - 34,0,1
"4190",1991,7,35 - 39,0,2
"4190",1991,7,40 - 44,0,1
"4190",1991,7,45 - 49,0,1
"4190",1991,7,50 - 54,2,1
"4190",1991,7,55 - 59,0,0
"4190",1991,7,60 - 64,3,1
"4190",1991,7,65 - 69,4,3
"4190",1991,7,70 - 74,2,7
"4190",1991,7,75 - 79,11,6
"4190",1991,7,80 - 84,8,5
"4190",1991,7,85 - 89,7,7
"4190",1991,7,90 - 94,0,0
"4190",1991,7,95+,0,0
"4190",1991,7,UNK,0,0
"4190",1991,8,Total,39,29
"4190",1991,8,0,0,0
"4190",1991,8,1,0,0
"4190",1991,8,2,0,0
"4190",1991,8,3,0,0
"4190",1991,8,4,0,0
"4190",1991,8,5 - 9,0,0
"4190",1991,8,10 - 14,0,0
"4190",1991,8,15 - 19,0,0
"4190",1991,8,20 - 24,0,0
"4190",1991,8,25 - 29,0,0
"4190",1991,8,30 - 34,0,2
"4190",1991,8,35 - 39,1,1
"4190",1991,8,40 - 44,0,2
"4190",1991,8,45 - 49,0,1
"4190",1991,8,50 - 54,3,2
"4190",1991,8,55 - 59,0,0
"4190",1991,8,60 - 64,2,2
"4190",1991,8,65 - 69,6,1
"4190",1991,8,70 - 74,6,3
"4190",1991,8,75 - 79,4,6
"4190",1991,8,80 - 84,5,5
"4190",1991,8,85 - 89,12,4
"4190",1991,8,90 - 94,0,0
"4190",1991,8,95+,0,0
"4190",1991,8,UNK,0,0
"4190",1991,9,Total,83,86
"4190",1991,9,0,0,0
"4190",1991,9,1,0,0
"4190",1991,9,2,0,0
"4190",1991,9,3,0,0
"4190",1991,9,4,0,0
"4190",1991,9,5 - 9,0,0
"4190",1991,9,10 - 14,0,0
"4190",1991,9,15 - 19,0,0
"4190",1991,9,20 - 24,0,0
"4190",1991,9,25 - 29,0,1
"4190",1991,9,30 - 34,0,3
"4190",1991,9,35 - 39,2,3
"4190",1991,9,40 - 44,4,6
"4190",1991,9,45 - 49,2,6
"4190",1991,9,50 - 54,6,12
"4190",1991,9,55 - 59,4,8
"4190",1991,9,60 - 64,6,8
"4190",1991,9,65 - 69,6,8
"4190",1991,9,70 - 74,10,9
"4190",1991,9,75 - 79,10,8
"4190",1991,9,80 - 84,14,8
"4190",1991,9,85 - 89,19,6
"4190",1991,9,90 - 94,0,0
"4190",1991,9,95+,0,0
"4190",1991,9,UNK,0,0
"4190",1991,10,Total,28,16
"4190",1991,10,0,0,0
"4190",1991,10,1,0,0
"4190",1991,10,2,0,0
"4190",1991,10,3,0,0
"4190",1991,10,4,0,0
"4190",1991,10,5 - 9,0,0
"4190",1991,10,10 - 14,0,0
"4190",1991,10,15 - 19,0,0
"4190",1991,10,20 - 24,0,0
"4190",1991,10,25 - 29,0,1
"4190",1991,10,30 - 34,0,0
"4190",1991,10,35 - 39,0,0
"4190",1991,10,40 - 44,0,0
"4190",1991,10,45 - 49,2,0
"4190",1991,10,50 - 54,0,0
"4190",1991,10,55 - 59,0,2
"4190",1991,10,60 - 64,2,0
"4190",1991,10,65 - 69,0,3
"4190",1991,10,70 - 74,1,2
"4190",1991,10,75 - 79,4,2
"4190",1991,10,80 - 84,10,5
"4190",1991,10,85 - 89,9,1
"4190",1991,10,90 - 94,0,0
"4190",1991,10,95+,0,0
"4190",1991,10,UNK,0,0
"4190",1991,11,Total,14,11
"4190",1991,11,0,14,11
"4190",1991,11,1,0,0
"4190",1991,11,2,0,0
"4190",1991,11,3,0,0
"4190",1991,11,4,0,0
"4190",1991,11,5 - 9,0,0
"4190",1991,11,10 - 14,0,0
"4190",1991,11,15 - 19,0,0
"4190",1991,11,20 - 24,0,0
"4190",1991,11,25 - 29,0,0
"4190",1991,11,30 - 34,0,0
"4190",1991,11,35 - 39,0,0
"4190",1991,11,40 - 44,0,0
"4190",1991,11,45 - 49,0,0
"4190",1991,11,50 - 54,0,0
"4190",1991,11,55 - 59,0,0
"4190",1991,11,60 - 64,0,0
"4190",1991,11,65 - 69,0,0
"4190",1991,11,70 - 74,0,0
"4190",1991,11,75 - 79,0,0
"4190",1991,11,80 - 84,0,0
"4190",1991,11,85 - 89,0,0
"4190",1991,11,90 - 94,0,0
"4190",1991,11,95+,0,0
"4190",1991,11,UNK,0,0
"4190",1991,12,Total,98,145
"4190",1991,12,0,0,1
"4190",1991,12,1,0,1
"4190",1991,12,2,0,0
"4190",1991,12,3,0,0
"4190",1991,12,4,0,0
"4190",1991,12,5 - 9,0,0
"4190",1991,12,10 - 14,0,0
"4190",1991,12,15 - 19,0,0
"4190",1991,12,20 - 24,0,0
"4190",1991,12,25 - 29,0,0
"4190",1991,12,30 - 34,0,2
"4190",1991,12,35 - 39,1,0
"4190",1991,12,40 - 44,0,1
"4190",1991,12,45 - 49,1,2
"4190",1991,12,50 - 54,1,3
"4190",1991,12,55 - 59,8,8
"4190",1991,12,60 - 64,8,10
"4190",1991,12,65 - 69,6,14
"4190",1991,12,70 - 74,13,25
"4190",1991,12,75 - 79,12,30
"4190",1991,12,80 - 84,17,25
"4190",1991,12,85 - 89,31,23
"4190",1991,12,90 - 94,0,0
"4190",1991,12,95+,0,0
"4190",1991,12,UNK,0,0
"4190",1991,13,Total,77,195
"4190",1991,13,0,0,1
"4190",1991,13,1,1,1
"4190",1991,13,2,0,0
"4190",1991,13,3,0,0
"4190",1991,13,4,0,1
"4190",1991,13,5 - 9,3,2
"4190",1991,13,10 - 14,0,1
"4190",1991,13,15 - 19,4,20
"4190",1991,13,20 - 24,3,18
"4190",1991,13,25 - 29,3,15
"4190",1991,13,30 - 34,4,19
"4190",1991,13,35 - 39,7,19
"4190",1991,13,40 - 44,9,16
"4190",1991,13,45 - 49,4,10
"4190",1991,13,50 - 54,4,12
"4190",1991,13,55 - 59,5,9
"4190",1991,13,60 - 64,4,12
"4190",1991,13,65 - 69,2,9
"4190",1991,13,70 - 74,7,3
"4190",1991,13,75 - 79,2,17
"4190",1991,13,80 - 84,6,3
"4190",1991,13,85 - 89,9,7
"4190",1991,13,90 - 94,0,0
"4190",1991,13,95+,0,0
"4190",1991,13,UNK,0,0
"4190",1991,14,Total,6,3
"4190",1991,14,0,1,0
"4190",1991,14,1,0,0
"4190",1991,14,2,0,0
"4190",1991,14,3,0,0
"4190",1991,14,4,0,0
"4190",1991,14,5 - 9,0,0
"4190",1991,14,10 - 14,0,0
"4190",1991,14,15 - 19,0,0
"4190",1991,14,20 - 24,0,0
"4190",1991,14,25 - 29,1,0
"4190",1991,14,30 - 34,0,0
"4190",1991,14,35 - 39,2,2
"4190",1991,14,40 - 44,0,0
"4190",1991,14,45 - 49,0,0
"4190",1991,14,50 - 54,0,0
"4190",1991,14,55 - 59,0,0
"4190",1991,14,60 - 64,0,0
"4190",1991,14,65 - 69,0,0
"4190",1991,14,70 - 74,0,1
"4190",1991,14,75 - 79,1,0
"4190",1991,14,80 - 84,1,0
"4190",1991,14,85 - 89,0,0
"4190",1991,14,90 - 94,0,0
"4190",1991,14,95+,0,0
"4190",1991,14,UNK,0,0
"4190",1992,1,Total,1954,1926
"4190",1992,1,0,14,23
"4190",1992,1,1,0,3
"4190",1992,1,2,1,0
"4190",1992,1,3,0,2
"4190",1992,1,4,0,0
"4190",1992,1,5 - 9,0,2
"4190",1992,1,10 - 14,0,1
"4190",1992,1,15 - 19,3,9
"4190",1992,1,20 - 24,8,18
"4190",1992,1,25 - 29,7,16
"4190",1992,1,30 - 34,13,30
"4190",1992,1,35 - 39,17,38
"4190",1992,1,40 - 44,18,44
"4190",1992,1,45 - 49,31,52
"4190",1992,1,50 - 54,47,81
"4190",1992,1,55 - 59,44,118
"4190",1992,1,60 - 64,116,181
"4190",1992,1,65 - 69,136,214
"4190",1992,1,70 - 74,175,226
"4190",1992,1,75 - 79,292,315
"4190",1992,1,80 - 84,442,288
"4190",1992,1,85 - 89,590,265
"4190",1992,1,90 - 94,0,0
"4190",1992,1,95+,0,0
"4190",1992,1,UNK,0,0
"4190",1992,2,Total,15,14
"4190",1992,2,0,0,1
"4190",1992,2,1,0,0
"4190",1992,2,2,0,0
"4190",1992,2,3,0,0
"4190",1992,2,4,0,0
"4190",1992,2,5 - 9,0,0
"4190",1992,2,10 - 14,0,0
"4190",1992,2,15 - 19,0,0
"4190",1992,2,20 - 24,0,0
"4190",1992,2,25 - 29,0,0
"4190",1992,2,30 - 34,0,0
"4190",1992,2,35 - 39,1,1
"4190",1992,2,40 - 44,0,0
"4190",1992,2,45 - 49,0,0
"4190",1992,2,50 - 54,0,1
"4190",1992,2,55 - 59,0,1
"4190",1992,2,60 - 64,1,0
"4190",1992,2,65 - 69,4,0
"4190",1992,2,70 - 74,2,2
"4190",1992,2,75 - 79,3,3
"4190",1992,2,80 - 84,1,2
"4190",1992,2,85 - 89,3,3
"4190",1992,2,90 - 94,0,0
"4190",1992,2,95+,0,0
"4190",1992,2,UNK,0,0
"4190",1992,3,Total,437,561
"4190",1992,3,0,0,0
"4190",1992,3,1,0,0
"4190",1992,3,2,0,0
"4190",1992,3,3,0,0
"4190",1992,3,4,0,0
"4190",1992,3,5 - 9,0,0
"4190",1992,3,10 - 14,0,1
"4190",1992,3,15 - 19,0,1
"4190",1992,3,20 - 24,0,1
"4190",1992,3,25 - 29,0,1
"4190",1992,3,30 - 34,3,3
"4190",1992,3,35 - 39,6,10
"4190",1992,3,40 - 44,6,10
"4190",1992,3,45 - 49,14,11
"4190",1992,3,50 - 54,22,31
"4190",1992,3,55 - 59,23,49
"4190",1992,3,60 - 64,57,73
"4190",1992,3,65 - 69,50,92
"4190",1992,3,70 - 74,53,71
"4190",1992,3,75 - 79,57,83
"4190",1992,3,80 - 84,65,73
"4190",1992,3,85 - 89,81,51
"4190",1992,3,90 - 94,0,0
"4190",1992,3,95+,0,0
"4190",1992,3,UNK,0,0
"4190",1992,4,Total,935,751
"4190",1992,4,0,0,0
"4190",1992,4,1,0,0
"4190",1992,4,2,0,0
"4190",1992,4,3,0,0
"4190",1992,4,4,0,0
"4190",1992,4,5 - 9,0,1
"4190",1992,4,10 - 14,0,0
"4190",1992,4,15 - 19,0,0
"4190",1992,4,20 - 24,0,2
"4190",1992,4,25 - 29,0,1
"4190",1992,4,30 - 34,2,1
"4190",1992,4,35 - 39,2,6
"4190",1992,4,40 - 44,4,10
"4190",1992,4,45 - 49,4,20
"4190",1992,4,50 - 54,10,27
"4190",1992,4,55 - 59,7,33
"4190",1992,4,60 - 64,29,62
"4190",1992,4,65 - 69,50,78
"4190",1992,4,70 - 74,70,104
"4190",1992,4,75 - 79,150,146
"4190",1992,4,80 - 84,265,138
"4190",1992,4,85 - 89,342,122
"4190",1992,4,90 - 94,0,0
"4190",1992,4,95+,0,0
"4190",1992,4,UNK,0,0
"4190",1992,5,Total,63,69
"4190",1992,5,0,4,8
"4190",1992,5,1,0,1
"4190",1992,5,2,0,0
"4190",1992,5,3,0,0
"4190",1992,5,4,0,0
"4190",1992,5,5 - 9,0,0
"4190",1992,5,10 - 14,0,0
"4190",1992,5,15 - 19,0,0
"4190",1992,5,20 - 24,0,0
"4190",1992,5,25 - 29,0,1
"4190",1992,5,30 - 34,1,0
"4190",1992,5,35 - 39,0,1
"4190",1992,5,40 - 44,0,2
"4190",1992,5,45 - 49,0,3
"4190",1992,5,50 - 54,0,3
"4190",1992,5,55 - 59,1,3
"4190",1992,5,60 - 64,2,2
"4190",1992,5,65 - 69,2,6
"4190",1992,5,70 - 74,2,7
"4190",1992,5,75 - 79,6,9
"4190",1992,5,80 - 84,17,9
"4190",1992,5,85 - 89,28,14
"4190",1992,5,90 - 94,0,0
"4190",1992,5,95+,0,0
"4190",1992,5,UNK,0,0
"4190",1992,6,Total,61,42
"4190",1992,6,0,0,0
"4190",1992,6,1,0,0
"4190",1992,6,2,0,0
"4190",1992,6,3,0,0
"4190",1992,6,4,0,0
"4190",1992,6,5 - 9,0,0
"4190",1992,6,10 - 14,0,0
"4190",1992,6,15 - 19,0,0
"4190",1992,6,20 - 24,0,0
"4190",1992,6,25 - 29,0,1
"4190",1992,6,30 - 34,0,0
"4190",1992,6,35 - 39,0,1
"4190",1992,6,40 - 44,0,0
"4190",1992,6,45 - 49,2,2
"4190",1992,6,50 - 54,1,1
"4190",1992,6,55 - 59,0,3
"4190",1992,6,60 - 64,0,3
"4190",1992,6,65 - 69,2,4
"4190",1992,6,70 - 74,3,6
"4190",1992,6,75 - 79,10,7
"4190",1992,6,80 - 84,20,6
"4190",1992,6,85 - 89,23,8
"4190",1992,6,90 - 94,0,0
"4190",1992,6,95+,0,0
"4190",1992,6,UNK,0,0
"4190",1992,7,Total,32,29
"4190",1992,7,0,0,0
"4190",1992,7,1,0,0
"4190",1992,7,2,0,0
"4190",1992,7,3,0,0
"4190",1992,7,4,0,0
"4190",1992,7,5 - 9,0,0
"4190",1992,7,10 - 14,0,0
"4190",1992,7,15 - 19,0,1
"4190",1992,7,20 - 24,0,1
"4190",1992,7,25 - 29,0,0
"4190",1992,7,30 - 34,0,0
"4190",1992,7,35 - 39,0,1
"4190",1992,7,40 - 44,0,0
"4190",1992,7,45 - 49,0,0
"4190",1992,7,50 - 54,2,0
"4190",1992,7,55 - 59,1,2
"4190",1992,7,60 - 64,3,3
"4190",1992,7,65 - 69,3,3
"4190",1992,7,70 - 74,2,4
"4190",1992,7,75 - 79,12,5
"4190",1992,7,80 - 84,6,4
"4190",1992,7,85 - 89,3,5
"4190",1992,7,90 - 94,0,0
"4190",1992,7,95+,0,0
"4190",1992,7,UNK,0,0
"4190",1992,8,Total,63,33
"4190",1992,8,0,0,0
"4190",1992,8,1,0,1
"4190",1992,8,2,0,0
"4190",1992,8,3,0,0
"4190",1992,8,4,0,0
"4190",1992,8,5 - 9,0,0
"4190",1992,8,10 - 14,0,0
"4190",1992,8,15 - 19,0,0
"4190",1992,8,20 - 24,0,0
"4190",1992,8,25 - 29,1,0
"4190",1992,8,30 - 34,0,0
"4190",1992,8,35 - 39,1,3
"4190",1992,8,40 - 44,4,1
"4190",1992,8,45 - 49,1,3
"4190",1992,8,50 - 54,1,1
"4190",1992,8,55 - 59,0,5
"4190",1992,8,60 - 64,2,6
"4190",1992,8,65 - 69,4,4
"4190",1992,8,70 - 74,13,0
"4190",1992,8,75 - 79,11,3
"4190",1992,8,80 - 84,10,3
"4190",1992,8,85 - 89,15,3
"4190",1992,8,90 - 94,0,0
"4190",1992,8,95+,0,0
"4190",1992,8,UNK,0,0
"4190",1992,9,Total,96,94
"4190",1992,9,0,0,0
"4190",1992,9,1,0,0
"4190",1992,9,2,0,0
"4190",1992,9,3,0,0
"4190",1992,9,4,0,0
"4190",1992,9,5 - 9,0,0
"4190",1992,9,10 - 14,0,0
"4190",1992,9,15 - 19,0,0
"4190",1992,9,20 - 24,0,0
"4190",1992,9,25 - 29,0,0
"4190",1992,9,30 - 34,1,2
"4190",1992,9,35 - 39,1,3
"4190",1992,9,40 - 44,0,7
"4190",1992,9,45 - 49,5,5
"4190",1992,9,50 - 54,4,6
"4190",1992,9,55 - 59,2,12
"4190",1992,9,60 - 64,6,14
"4190",1992,9,65 - 69,7,9
"4190",1992,9,70 - 74,13,9
"4190",1992,9,75 - 79,12,10
"4190",1992,9,80 - 84,22,6
"4190",1992,9,85 - 89,23,11
"4190",1992,9,90 - 94,0,0
"4190",1992,9,95+,0,0
"4190",1992,9,UNK,0,0
"4190",1992,10,Total,23,8
"4190",1992,10,0,0,0
"4190",1992,10,1,0,0
"4190",1992,10,2,0,0
"4190",1992,10,3,0,0
"4190",1992,10,4,0,0
"4190",1992,10,5 - 9,0,0
"4190",1992,10,10 - 14,0,0
"4190",1992,10,15 - 19,0,0
"4190",1992,10,20 - 24,0,0
"4190",1992,10,25 - 29,0,0
"4190",1992,10,30 - 34,0,0
"4190",1992,10,35 - 39,0,0
"4190",1992,10,40 - 44,0,0
"4190",1992,10,45 - 49,0,0
"4190",1992,10,50 - 54,0,0
"4190",1992,10,55 - 59,0,0
"4190",1992,10,60 - 64,1,1
"4190",1992,10,65 - 69,1,0
"4190",1992,10,70 - 74,3,1
"4190",1992,10,75 - 79,4,1
"4190",1992,10,80 - 84,5,3
"4190",1992,10,85 - 89,9,2
"4190",1992,10,90 - 94,0,0
"4190",1992,10,95+,0,0
"4190",1992,10,UNK,0,0
"4190",1992,11,Total,10,12
"4190",1992,11,0,10,12
"4190",1992,11,1,0,0
"4190",1992,11,2,0,0
"4190",1992,11,3,0,0
"4190",1992,11,4,0,0
"4190",1992,11,5 - 9,0,0
"4190",1992,11,10 - 14,0,0
"4190",1992,11,15 - 19,0,0
"4190",1992,11,20 - 24,0,0
"4190",1992,11,25 - 29,0,0
"4190",1992,11,30 - 34,0,0
"4190",1992,11,35 - 39,0,0
"4190",1992,11,40 - 44,0,0
"4190",1992,11,45 - 49,0,0
"4190",1992,11,50 - 54,0,0
"4190",1992,11,55 - 59,0,0
"4190",1992,11,60 - 64,0,0
"4190",1992,11,65 - 69,0,0
"4190",1992,11,70 - 74,0,0
"4190",1992,11,75 - 79,0,0
"4190",1992,11,80 - 84,0,0
"4190",1992,11,85 - 89,0,0
"4190",1992,11,90 - 94,0,0
"4190",1992,11,95+,0,0
"4190",1992,11,UNK,0,0
"4190",1992,12,Total,104,155
"4190",1992,12,0,0,0
"4190",1992,12,1,0,0
"4190",1992,12,2,0,0
"4190",1992,12,3,0,0
"4190",1992,12,4,0,0
"4190",1992,12,5 - 9,0,0
"4190",1992,12,10 - 14,0,0
"4190",1992,12,15 - 19,0,1
"4190",1992,12,20 - 24,0,1
"4190",1992,12,25 - 29,0,0
"4190",1992,12,30 - 34,0,1
"4190",1992,12,35 - 39,1,1
"4190",1992,12,40 - 44,2,1
"4190",1992,12,45 - 49,1,3
"4190",1992,12,50 - 54,0,2
"4190",1992,12,55 - 59,2,1
"4190",1992,12,60 - 64,4,5
"4190",1992,12,65 - 69,6,12
"4190",1992,12,70 - 74,8,20
"4190",1992,12,75 - 79,21,29
"4190",1992,12,80 - 84,19,36
"4190",1992,12,85 - 89,40,42
"4190",1992,12,90 - 94,0,0
"4190",1992,12,95+,0,0
"4190",1992,12,UNK,0,0
"4190",1992,13,Total,102,150
"4190",1992,13,0,0,2
"4190",1992,13,1,0,1
"4190",1992,13,2,0,0
"4190",1992,13,3,0,2
"4190",1992,13,4,0,0
"4190",1992,13,5 - 9,0,1
"4190",1992,13,10 - 14,0,0
"4190",1992,13,15 - 19,3,6
"4190",1992,13,20 - 24,7,13
"4190",1992,13,25 - 29,6,12
"4190",1992,13,30 - 34,5,21
"4190",1992,13,35 - 39,4,10
"4190",1992,13,40 - 44,2,13
"4190",1992,13,45 - 49,4,5
"4190",1992,13,50 - 54,6,9
"4190",1992,13,55 - 59,8,9
"4190",1992,13,60 - 64,10,12
"4190",1992,13,65 - 69,7,6
"4190",1992,13,70 - 74,6,2
"4190",1992,13,75 - 79,6,16
"4190",1992,13,80 - 84,8,8
"4190",1992,13,85 - 89,20,2
"4190",1992,13,90 - 94,0,0
"4190",1992,13,95+,0,0
"4190",1992,13,UNK,0,0
"4190",1992,14,Total,5,3
"4190",1992,14,0,0,0
"4190",1992,14,1,0,0
"4190",1992,14,2,1,0
"4190",1992,14,3,0,0
"4190",1992,14,4,0,0
"4190",1992,14,5 - 9,0,0
"4190",1992,14,10 - 14,0,0
"4190",1992,14,15 - 19,0,0
"4190",1992,14,20 - 24,1,0
"4190",1992,14,25 - 29,0,0
"4190",1992,14,30 - 34,1,2
"4190",1992,14,35 - 39,1,0
"4190",1992,14,40 - 44,0,0
"4190",1992,14,45 - 49,0,0
"4190",1992,14,50 - 54,1,0
"4190",1992,14,55 - 59,0,0
"4190",1992,14,60 - 64,0,0
"4190",1992,14,65 - 69,0,0
"4190",1992,14,70 - 74,0,0
"4190",1992,14,75 - 79,0,1
"4190",1992,14,80 - 84,0,0
"4190",1992,14,85 - 89,0,0
"4190",1992,14,90 - 94,0,0
"4190",1992,14,95+,0,0
"4190",1992,14,UNK,0,0
"4190",1993,1,Total,1966,1950
"4190",1993,1,0,9,19
"4190",1993,1,1,2,1
"4190",1993,1,2,3,1
"4190",1993,1,3,0,0
"4190",1993,1,4,1,1
"4190",1993,1,5 - 9,0,6
"4190",1993,1,10 - 14,2,5
"4190",1993,1,15 - 19,6,12
"4190",1993,1,20 - 24,10,26
"4190",1993,1,25 - 29,5,24
"4190",1993,1,30 - 34,11,31
"4190",1993,1,35 - 39,18,43
"4190",1993,1,40 - 44,24,34
"4190",1993,1,45 - 49,33,51
"4190",1993,1,50 - 54,41,81
"4190",1993,1,55 - 59,67,101
"4190",1993,1,60 - 64,78,191
"4190",1993,1,65 - 69,147,217
"4190",1993,1,70 - 74,188,258
"4190",1993,1,75 - 79,272,291
"4190",1993,1,80 - 84,436,302
"4190",1993,1,85 - 89,613,255
"4190",1993,1,90 - 94,0,0
"4190",1993,1,95+,0,0
"4190",1993,1,UNK,0,0
"4190",1993,2,Total,20,12
"4190",1993,2,0,0,1
"4190",1993,2,1,0,0
"4190",1993,2,2,0,0
"4190",1993,2,3,0,0
"4190",1993,2,4,0,0
"4190",1993,2,5 - 9,0,0
"4190",1993,2,10 - 14,0,0
"4190",1993,2,15 - 19,0,0
"4190",1993,2,20 - 24,0,0
"4190",1993,2,25 - 29,0,0
"4190",1993,2,30 - 34,0,0
"4190",1993,2,35 - 39,0,0
"4190",1993,2,40 - 44,0,0
"4190",1993,2,45 - 49,0,0
"4190",1993,2,50 - 54,0,1
"4190",1993,2,55 - 59,1,2
"4190",1993,2,60 - 64,0,1
"4190",1993,2,65 - 69,1,0
"4190",1993,2,70 - 74,4,2
"4190",1993,2,75 - 79,6,2
"4190",1993,2,80 - 84,2,2
"4190",1993,2,85 - 89,6,1
"4190",1993,2,90 - 94,0,0
"4190",1993,2,95+,0,0
"4190",1993,2,UNK,0,0
"4190",1993,3,Total,443,574
"4190",1993,3,0,0,0
"4190",1993,3,1,0,0
"4190",1993,3,2,1,0
"4190",1993,3,3,0,0
"4190",1993,3,4,0,0
"4190",1993,3,5 - 9,0,1
"4190",1993,3,10 - 14,1,1
"4190",1993,3,15 - 19,1,1
"4190",1993,3,20 - 24,0,0
"4190",1993,3,25 - 29,2,1
"4190",1993,3,30 - 34,1,4
"4190",1993,3,35 - 39,6,5
"4190",1993,3,40 - 44,10,5
"4190",1993,3,45 - 49,11,23
"4190",1993,3,50 - 54,23,23
"4190",1993,3,55 - 59,29,38
"4190",1993,3,60 - 64,41,91
"4190",1993,3,65 - 69,59,87
"4190",1993,3,70 - 74,57,85
"4190",1993,3,75 - 79,58,88
"4190",1993,3,80 - 84,74,77
"4190",1993,3,85 - 89,69,44
"4190",1993,3,90 - 94,0,0
"4190",1993,3,95+,0,0
"4190",1993,3,UNK,0,0
"4190",1993,4,Total,918,740
"4190",1993,4,0,0,0
"4190",1993,4,1,0,0
"4190",1993,4,2,0,0
"4190",1993,4,3,0,0
"4190",1993,4,4,0,0
"4190",1993,4,5 - 9,0,0
"4190",1993,4,10 - 14,0,0
"4190",1993,4,15 - 19,0,0
"4190",1993,4,20 - 24,1,1
"4190",1993,4,25 - 29,0,1
"4190",1993,4,30 - 34,2,1
"4190",1993,4,35 - 39,2,4
"4190",1993,4,40 - 44,6,9
"4190",1993,4,45 - 49,9,9
"4190",1993,4,50 - 54,7,27
"4190",1993,4,55 - 59,19,31
"4190",1993,4,60 - 64,24,65
"4190",1993,4,65 - 69,53,80
"4190",1993,4,70 - 74,67,102
"4190",1993,4,75 - 79,137,132
"4190",1993,4,80 - 84,248,142
"4190",1993,4,85 - 89,343,136
"4190",1993,4,90 - 94,0,0
"4190",1993,4,95+,0,0
"4190",1993,4,UNK,0,0
"4190",1993,5,Total,78,65
"4190",1993,5,0,2,7
"4190",1993,5,1,1,0
"4190",1993,5,2,0,0
"4190",1993,5,3,0,0
"4190",1993,5,4,0,0
"4190",1993,5,5 - 9,0,0
"4190",1993,5,10 - 14,0,1
"4190",1993,5,15 - 19,0,0
"4190",1993,5,20 - 24,0,0
"4190",1993,5,25 - 29,0,0
"4190",1993,5,30 - 34,0,1
"4190",1993,5,35 - 39,2,2
"4190",1993,5,40 - 44,0,1
"4190",1993,5,45 - 49,0,0
"4190",1993,5,50 - 54,2,2
"4190",1993,5,55 - 59,0,3
"4190",1993,5,60 - 64,1,4
"4190",1993,5,65 - 69,2,4
"4190",1993,5,70 - 74,7,4
"4190",1993,5,75 - 79,6,14
"4190",1993,5,80 - 84,12,10
"4190",1993,5,85 - 89,43,12
"4190",1993,5,90 - 94,0,0
"4190",1993,5,95+,0,0
"4190",1993,5,UNK,0,0
"4190",1993,6,Total,64,27
"4190",1993,6,0,0,0
"4190",1993,6,1,0,0
"4190",1993,6,2,0,0
"4190",1993,6,3,0,0
"4190",1993,6,4,0,0
"4190",1993,6,5 - 9,0,0
"4190",1993,6,10 - 14,0,0
"4190",1993,6,15 - 19,0,0
"4190",1993,6,20 - 24,0,0
"4190",1993,6,25 - 29,0,0
"4190",1993,6,30 - 34,0,0
"4190",1993,6,35 - 39,0,2
"4190",1993,6,40 - 44,1,0
"4190",1993,6,45 - 49,1,1
"4190",1993,6,50 - 54,0,2
"4190",1993,6,55 - 59,1,1
"4190",1993,6,60 - 64,1,0
"4190",1993,6,65 - 69,5,0
"4190",1993,6,70 - 74,5,2
"4190",1993,6,75 - 79,8,4
"4190",1993,6,80 - 84,13,3
"4190",1993,6,85 - 89,29,12
"4190",1993,6,90 - 94,0,0
"4190",1993,6,95+,0,0
"4190",1993,6,UNK,0,0
"4190",1993,7,Total,31,33
"4190",1993,7,0,1,2
"4190",1993,7,1,1,0
"4190",1993,7,2,0,0
"4190",1993,7,3,0,0
"4190",1993,7,4,1,0
"4190",1993,7,5 - 9,0,0
"4190",1993,7,10 - 14,0,1
"4190",1993,7,15 - 19,0,0
"4190",1993,7,20 - 24,0,0
"4190",1993,7,25 - 29,0,1
"4190",1993,7,30 - 34,0,1
"4190",1993,7,35 - 39,0,0
"4190",1993,7,40 - 44,0,0
"4190",1993,7,45 - 49,0,0
"4190",1993,7,50 - 54,0,1
"4190",1993,7,55 - 59,0,2
"4190",1993,7,60 - 64,0,3
"4190",1993,7,65 - 69,4,2
"4190",1993,7,70 - 74,5,3
"4190",1993,7,75 - 79,7,6
"4190",1993,7,80 - 84,5,7
"4190",1993,7,85 - 89,7,4
"4190",1993,7,90 - 94,0,0
"4190",1993,7,95+,0,0
"4190",1993,7,UNK,0,0
"4190",1993,8,Total,55,35
"4190",1993,8,0,0,0
"4190",1993,8,1,0,0
"4190",1993,8,2,0,0
"4190",1993,8,3,0,0
"4190",1993,8,4,0,0
"4190",1993,8,5 - 9,0,0
"4190",1993,8,10 - 14,0,0
"4190",1993,8,15 - 19,0,0
"4190",1993,8,20 - 24,0,0
"4190",1993,8,25 - 29,2,1
"4190",1993,8,30 - 34,1,4
"4190",1993,8,35 - 39,0,3
"4190",1993,8,40 - 44,0,2
"4190",1993,8,45 - 49,1,0
"4190",1993,8,50 - 54,1,1
"4190",1993,8,55 - 59,4,2
"4190",1993,8,60 - 64,1,1
"4190",1993,8,65 - 69,2,0
"4190",1993,8,70 - 74,5,9
"4190",1993,8,75 - 79,8,4
"4190",1993,8,80 - 84,13,6
"4190",1993,8,85 - 89,17,2
"4190",1993,8,90 - 94,0,0
"4190",1993,8,95+,0,0
"4190",1993,8,UNK,0,0
"4190",1993,9,Total,96,91
"4190",1993,9,0,0,0
"4190",1993,9,1,0,0
"4190",1993,9,2,0,0
"4190",1993,9,3,0,0
"4190",1993,9,4,0,0
"4190",1993,9,5 - 9,0,0
"4190",1993,9,10 - 14,0,0
"4190",1993,9,15 - 19,0,0
"4190",1993,9,20 - 24,0,0
"4190",1993,9,25 - 29,0,0
"4190",1993,9,30 - 34,1,2
"4190",1993,9,35 - 39,2,2
"4190",1993,9,40 - 44,3,5
"4190",1993,9,45 - 49,1,3
"4190",1993,9,50 - 54,0,9
"4190",1993,9,55 - 59,5,11
"4190",1993,9,60 - 64,4,9
"4190",1993,9,65 - 69,5,17
"4190",1993,9,70 - 74,16,11
"4190",1993,9,75 - 79,10,8
"4190",1993,9,80 - 84,23,7
"4190",1993,9,85 - 89,26,7
"4190",1993,9,90 - 94,0,0
"4190",1993,9,95+,0,0
"4190",1993,9,UNK,0,0
"4190",1993,10,Total,24,18
"4190",1993,10,0,0,0
"4190",1993,10,1,0,0
"4190",1993,10,2,0,0
"4190",1993,10,3,0,0
"4190",1993,10,4,0,0
"4190",1993,10,5 - 9,0,0
"4190",1993,10,10 - 14,0,0
"4190",1993,10,15 - 19,0,0
"4190",1993,10,20 - 24,0,1
"4190",1993,10,25 - 29,0,0
"4190",1993,10,30 - 34,0,0
"4190",1993,10,35 - 39,0,0
"4190",1993,10,40 - 44,0,1
"4190",1993,10,45 - 49,0,0
"4190",1993,10,50 - 54,0,0
"4190",1993,10,55 - 59,1,1
"4190",1993,10,60 - 64,1,1
"4190",1993,10,65 - 69,2,2
"4190",1993,10,70 - 74,4,2
"4190",1993,10,75 - 79,7,3
"4190",1993,10,80 - 84,6,4
"4190",1993,10,85 - 89,3,3
"4190",1993,10,90 - 94,0,0
"4190",1993,10,95+,0,0
"4190",1993,10,UNK,0,0
"4190",1993,11,Total,8,11
"4190",1993,11,0,6,9
"4190",1993,11,1,0,0
"4190",1993,11,2,0,0
"4190",1993,11,3,0,0
"4190",1993,11,4,0,1
"4190",1993,11,5 - 9,0,0
"4190",1993,11,10 - 14,0,0
"4190",1993,11,15 - 19,1,0
"4190",1993,11,20 - 24,0,0
"4190",1993,11,25 - 29,0,0
"4190",1993,11,30 - 34,0,0
"4190",1993,11,35 - 39,0,1
"4190",1993,11,40 - 44,0,0
"4190",1993,11,45 - 49,0,0
"4190",1993,11,50 - 54,0,0
"4190",1993,11,55 - 59,0,0
"4190",1993,11,60 - 64,0,0
"4190",1993,11,65 - 69,1,0
"4190",1993,11,70 - 74,0,0
"4190",1993,11,75 - 79,0,0
"4190",1993,11,80 - 84,0,0
"4190",1993,11,85 - 89,0,0
"4190",1993,11,90 - 94,0,0
"4190",1993,11,95+,0,0
"4190",1993,11,UNK,0,0
"4190",1993,12,Total,128,148
"4190",1993,12,0,0,0
"4190",1993,12,1,0,0
"4190",1993,12,2,0,0
"4190",1993,12,3,0,0
"4190",1993,12,4,0,0
"4190",1993,12,5 - 9,0,0
"4190",1993,12,10 - 14,0,0
"4190",1993,12,15 - 19,0,0
"4190",1993,12,20 - 24,1,0
"4190",1993,12,25 - 29,0,0
"4190",1993,12,30 - 34,0,0
"4190",1993,12,35 - 39,2,0
"4190",1993,12,40 - 44,2,1
"4190",1993,12,45 - 49,2,1
"4190",1993,12,50 - 54,4,5
"4190",1993,12,55 - 59,1,3
"4190",1993,12,60 - 64,1,10
"4190",1993,12,65 - 69,8,20
"4190",1993,12,70 - 74,11,30
"4190",1993,12,75 - 79,21,22
"4190",1993,12,80 - 84,22,29
"4190",1993,12,85 - 89,53,27
"4190",1993,12,90 - 94,0,0
"4190",1993,12,95+,0,0
"4190",1993,12,UNK,0,0
"4190",1993,13,Total,83,185
"4190",1993,13,0,0,0
"4190",1993,13,1,0,1
"4190",1993,13,2,2,1
"4190",1993,13,3,0,0
"4190",1993,13,4,0,0
"4190",1993,13,5 - 9,0,5
"4190",1993,13,10 - 14,1,2
"4190",1993,13,15 - 19,4,11
"4190",1993,13,20 - 24,8,24
"4190",1993,13,25 - 29,1,19
"4190",1993,13,30 - 34,6,17
"4190",1993,13,35 - 39,4,24
"4190",1993,13,40 - 44,2,10
"4190",1993,13,45 - 49,7,14
"4190",1993,13,50 - 54,4,10
"4190",1993,13,55 - 59,6,6
"4190",1993,13,60 - 64,4,5
"4190",1993,13,65 - 69,2,3
"4190",1993,13,70 - 74,6,6
"4190",1993,13,75 - 79,3,8
"4190",1993,13,80 - 84,11,13
"4190",1993,13,85 - 89,12,6
"4190",1993,13,90 - 94,0,0
"4190",1993,13,95+,0,0
"4190",1993,13,UNK,0,0
"4190",1993,14,Total,0,1
"4190",1993,14,0,0,0
"4190",1993,14,1,0,0
"4190",1993,14,2,0,0
"4190",1993,14,3,0,0
"4190",1993,14,4,0,0
"4190",1993,14,5 - 9,0,0
"4190",1993,14,10 - 14,0,0
"4190",1993,14,15 - 19,0,0
"4190",1993,14,20 - 24,0,0
"4190",1993,14,25 - 29,0,1
"4190",1993,14,30 - 34,0,0
"4190",1993,14,35 - 39,0,0
"4190",1993,14,40 - 44,0,0
"4190",1993,14,45 - 49,0,0
"4190",1993,14,50 - 54,0,0
"4190",1993,14,55 - 59,0,0
"4190",1993,14,60 - 64,0,0
"4190",1993,14,65 - 69,0,0
"4190",1993,14,70 - 74,0,0
"4190",1993,14,75 - 79,0,0
"4190",1993,14,80 - 84,0,0
"4190",1993,14,85 - 89,0,0
"4190",1993,14,90 - 94,0,0
"4190",1993,14,95+,0,0
"4190",1993,14,UNK,0,0
"4190",1994,1,Total,1852,1875
"4190",1994,1,0,15,13
"4190",1994,1,1,2,2
"4190",1994,1,2,0,2
"4190",1994,1,3,0,0
"4190",1994,1,4,0,1
"4190",1994,1,5 - 9,1,2
"4190",1994,1,10 - 14,1,1
"4190",1994,1,15 - 19,6,8
"4190",1994,1,20 - 24,6,20
"4190",1994,1,25 - 29,8,33
"4190",1994,1,30 - 34,13,28
"4190",1994,1,35 - 39,10,32
"4190",1994,1,40 - 44,18,51
"4190",1994,1,45 - 49,27,49
"4190",1994,1,50 - 54,34,88
"4190",1994,1,55 - 59,54,109
"4190",1994,1,60 - 64,83,142
"4190",1994,1,65 - 69,124,221
"4190",1994,1,70 - 74,193,260
"4190",1994,1,75 - 79,229,253
"4190",1994,1,80 - 84,426,275
"4190",1994,1,85 - 89,602,285
"4190",1994,1,90 - 94,0,0
"4190",1994,1,95+,0,0
"4190",1994,1,UNK,0,0
"4190",1994,2,Total,22,14
"4190",1994,2,0,1,0
"4190",1994,2,1,0,0
"4190",1994,2,2,0,0
"4190",1994,2,3,0,0
"4190",1994,2,4,0,0
"4190",1994,2,5 - 9,0,0
"4190",1994,2,10 - 14,0,0
"4190",1994,2,15 - 19,0,0
"4190",1994,2,20 - 24,0,0
"4190",1994,2,25 - 29,0,0
"4190",1994,2,30 - 34,0,0
"4190",1994,2,35 - 39,0,1
"4190",1994,2,40 - 44,0,0
"4190",1994,2,45 - 49,0,0
"4190",1994,2,50 - 54,0,0
"4190",1994,2,55 - 59,0,3
"4190",1994,2,60 - 64,2,1
"4190",1994,2,65 - 69,1,5
"4190",1994,2,70 - 74,2,0
"4190",1994,2,75 - 79,2,2
"4190",1994,2,80 - 84,7,1
"4190",1994,2,85 - 89,7,1
"4190",1994,2,90 - 94,0,0
"4190",1994,2,95+,0,0
"4190",1994,2,UNK,0,0
"4190",1994,3,Total,438,509
"4190",1994,3,0,0,0
"4190",1994,3,1,0,0
"4190",1994,3,2,0,0
"4190",1994,3,3,0,0
"4190",1994,3,4,0,0
"4190",1994,3,5 - 9,0,0
"4190",1994,3,10 - 14,1,0
"4190",1994,3,15 - 19,0,2
"4190",1994,3,20 - 24,2,0
"4190",1994,3,25 - 29,0,0
"4190",1994,3,30 - 34,2,3
"4190",1994,3,35 - 39,4,1
"4190",1994,3,40 - 44,9,9
"4190",1994,3,45 - 49,14,14
"4190",1994,3,50 - 54,17,33
"4190",1994,3,55 - 59,31,37
"4190",1994,3,60 - 64,38,59
"4190",1994,3,65 - 69,55,74
"4190",1994,3,70 - 74,68,76
"4190",1994,3,75 - 79,50,76
"4190",1994,3,80 - 84,69,73
"4190",1994,3,85 - 89,78,52
"4190",1994,3,90 - 94,0,0
"4190",1994,3,95+,0,0
"4190",1994,3,UNK,0,0
"4190",1994,4,Total,871,708
"4190",1994,4,0,0,0
"4190",1994,4,1,1,0
"4190",1994,4,2,0,0
"4190",1994,4,3,0,0
"4190",1994,4,4,0,0
"4190",1994,4,5 - 9,0,0
"4190",1994,4,10 - 14,0,0
"4190",1994,4,15 - 19,0,0
"4190",1994,4,20 - 24,0,0
"4190",1994,4,25 - 29,2,3
"4190",1994,4,30 - 34,0,1
"4190",1994,4,35 - 39,0,7
"4190",1994,4,40 - 44,3,14
"4190",1994,4,45 - 49,4,12
"4190",1994,4,50 - 54,7,20
"4190",1994,4,55 - 59,10,37
"4190",1994,4,60 - 64,22,58
"4190",1994,4,65 - 69,42,78
"4190",1994,4,70 - 74,81,103
"4190",1994,4,75 - 79,115,106
"4190",1994,4,80 - 84,237,136
"4190",1994,4,85 - 89,347,133
"4190",1994,4,90 - 94,0,0
"4190",1994,4,95+,0,0
"4190",1994,4,UNK,0,0
"4190",1994,5,Total,90,58
"4190",1994,5,0,6,3
"4190",1994,5,1,0,0
"4190",1994,5,2,0,0
"4190",1994,5,3,0,0
"4190",1994,5,4,0,0
"4190",1994,5,5 - 9,0,0
"4190",1994,5,10 - 14,0,0
"4190",1994,5,15 - 19,0,0
"4190",1994,5,20 - 24,0,0
"4190",1994,5,25 - 29,0,0
"4190",1994,5,30 - 34,0,0
"4190",1994,5,35 - 39,1,0
"4190",1994,5,40 - 44,0,0
"4190",1994,5,45 - 49,1,1
"4190",1994,5,50 - 54,3,6
"4190",1994,5,55 - 59,4,3
"4190",1994,5,60 - 64,1,4
"4190",1994,5,65 - 69,3,7
"4190",1994,5,70 - 74,4,5
"4190",1994,5,75 - 79,6,7
"4190",1994,5,80 - 84,23,6
"4190",1994,5,85 - 89,38,16
"4190",1994,5,90 - 94,0,0
"4190",1994,5,95+,0,0
"4190",1994,5,UNK,0,0
"4190",1994,6,Total,54,37
"4190",1994,6,0,0,0
"4190",1994,6,1,0,0
"4190",1994,6,2,0,0
"4190",1994,6,3,0,0
"4190",1994,6,4,0,0
"4190",1994,6,5 - 9,0,0
"4190",1994,6,10 - 14,0,0
"4190",1994,6,15 - 19,0,0
"4190",1994,6,20 - 24,0,0
"4190",1994,6,25 - 29,0,0
"4190",1994,6,30 - 34,1,2
"4190",1994,6,35 - 39,0,0
"4190",1994,6,40 - 44,0,1
"4190",1994,6,45 - 49,0,0
"4190",1994,6,50 - 54,0,0
"4190",1994,6,55 - 59,1,4
"4190",1994,6,60 - 64,0,0
"4190",1994,6,65 - 69,1,4
"4190",1994,6,70 - 74,6,4
"4190",1994,6,75 - 79,8,6
"4190",1994,6,80 - 84,14,6
"4190",1994,6,85 - 89,23,10
"4190",1994,6,90 - 94,0,0
"4190",1994,6,95+,0,0
"4190",1994,6,UNK,0,0
"4190",1994,7,Total,20,35
"4190",1994,7,0,0,0
"4190",1994,7,1,0,2
"4190",1994,7,2,0,0
"4190",1994,7,3,0,0
"4190",1994,7,4,0,0
"4190",1994,7,5 - 9,0,0
"4190",1994,7,10 - 14,0,0
"4190",1994,7,15 - 19,0,0
"4190",1994,7,20 - 24,0,0
"4190",1994,7,25 - 29,0,0
"4190",1994,7,30 - 34,0,1
"4190",1994,7,35 - 39,1,0
"4190",1994,7,40 - 44,0,1
"4190",1994,7,45 - 49,0,2
"4190",1994,7,50 - 54,0,2
"4190",1994,7,55 - 59,1,1
"4190",1994,7,60 - 64,0,0
"4190",1994,7,65 - 69,4,4
"4190",1994,7,70 - 74,1,8
"4190",1994,7,75 - 79,2,3
"4190",1994,7,80 - 84,4,5
"4190",1994,7,85 - 89,7,6
"4190",1994,7,90 - 94,0,0
"4190",1994,7,95+,0,0
"4190",1994,7,UNK,0,0
"4190",1994,8,Total,39,37
"4190",1994,8,0,0,0
"4190",1994,8,1,0,0
"4190",1994,8,2,0,0
"4190",1994,8,3,0,0
"4190",1994,8,4,0,0
"4190",1994,8,5 - 9,0,0
"4190",1994,8,10 - 14,0,0
"4190",1994,8,15 - 19,0,0
"4190",1994,8,20 - 24,0,0
"4190",1994,8,25 - 29,1,0
"4190",1994,8,30 - 34,1,1
"4190",1994,8,35 - 39,0,2
"4190",1994,8,40 - 44,0,7
"4190",1994,8,45 - 49,0,1
"4190",1994,8,50 - 54,0,4
"4190",1994,8,55 - 59,1,1
"4190",1994,8,60 - 64,3,3
"4190",1994,8,65 - 69,2,1
"4190",1994,8,70 - 74,3,0
"4190",1994,8,75 - 79,7,6
"4190",1994,8,80 - 84,10,5
"4190",1994,8,85 - 89,11,6
"4190",1994,8,90 - 94,0,0
"4190",1994,8,95+,0,0
"4190",1994,8,UNK,0,0
"4190",1994,9,Total,90,91
"4190",1994,9,0,0,0
"4190",1994,9,1,0,0
"4190",1994,9,2,0,0
"4190",1994,9,3,0,0
"4190",1994,9,4,0,0
"4190",1994,9,5 - 9,0,1
"4190",1994,9,10 - 14,0,0
"4190",1994,9,15 - 19,1,0
"4190",1994,9,20 - 24,0,0
"4190",1994,9,25 - 29,0,0
"4190",1994,9,30 - 34,1,1
"4190",1994,9,35 - 39,0,3
"4190",1994,9,40 - 44,1,4
"4190",1994,9,45 - 49,3,6
"4190",1994,9,50 - 54,4,7
"4190",1994,9,55 - 59,2,7
"4190",1994,9,60 - 64,2,5
"4190",1994,9,65 - 69,7,16
"4190",1994,9,70 - 74,10,13
"4190",1994,9,75 - 79,13,9
"4190",1994,9,80 - 84,21,8
"4190",1994,9,85 - 89,25,11
"4190",1994,9,90 - 94,0,0
"4190",1994,9,95+,0,0
"4190",1994,9,UNK,0,0
"4190",1994,10,Total,17,16
"4190",1994,10,0,0,0
"4190",1994,10,1,0,0
"4190",1994,10,2,0,0
"4190",1994,10,3,0,0
"4190",1994,10,4,0,0
"4190",1994,10,5 - 9,0,0
"4190",1994,10,10 - 14,0,0
"4190",1994,10,15 - 19,0,0
"4190",1994,10,20 - 24,0,0
"4190",1994,10,25 - 29,0,0
"4190",1994,10,30 - 34,0,0
"4190",1994,10,35 - 39,0,0
"4190",1994,10,40 - 44,0,0
"4190",1994,10,45 - 49,0,0
"4190",1994,10,50 - 54,0,0
"4190",1994,10,55 - 59,0,1
"4190",1994,10,60 - 64,1,2
"4190",1994,10,65 - 69,1,1
"4190",1994,10,70 - 74,1,5
"4190",1994,10,75 - 79,1,0
"4190",1994,10,80 - 84,4,3
"4190",1994,10,85 - 89,9,4
"4190",1994,10,90 - 94,0,0
"4190",1994,10,95+,0,0
"4190",1994,10,UNK,0,0
"4190",1994,11,Total,9,13
"4190",1994,11,0,8,10
"4190",1994,11,1,0,0
"4190",1994,11,2,0,0
"4190",1994,11,3,0,0
"4190",1994,11,4,0,0
"4190",1994,11,5 - 9,0,0
"4190",1994,11,10 - 14,0,0
"4190",1994,11,15 - 19,0,0
"4190",1994,11,20 - 24,1,2
"4190",1994,11,25 - 29,0,1
"4190",1994,11,30 - 34,0,0
"4190",1994,11,35 - 39,0,0
"4190",1994,11,40 - 44,0,0
"4190",1994,11,45 - 49,0,0
"4190",1994,11,50 - 54,0,0
"4190",1994,11,55 - 59,0,0
"4190",1994,11,60 - 64,0,0
"4190",1994,11,65 - 69,0,0
"4190",1994,11,70 - 74,0,0
"4190",1994,11,75 - 79,0,0
"4190",1994,11,80 - 84,0,0
"4190",1994,11,85 - 89,0,0
"4190",1994,11,90 - 94,0,0
"4190",1994,11,95+,0,0
"4190",1994,11,UNK,0,0
"4190",1994,12,Total,119,157
"4190",1994,12,0,0,0
"4190",1994,12,1,0,0
"4190",1994,12,2,0,0
"4190",1994,12,3,0,0
"4190",1994,12,4,0,0
"4190",1994,12,5 - 9,0,0
"4190",1994,12,10 - 14,0,0
"4190",1994,12,15 - 19,0,0
"4190",1994,12,20 - 24,0,0
"4190",1994,12,25 - 29,0,0
"4190",1994,12,30 - 34,0,0
"4190",1994,12,35 - 39,0,0
"4190",1994,12,40 - 44,0,1
"4190",1994,12,45 - 49,0,1
"4190",1994,12,50 - 54,1,3
"4190",1994,12,55 - 59,0,4
"4190",1994,12,60 - 64,9,4
"4190",1994,12,65 - 69,7,23
"4190",1994,12,70 - 74,16,35
"4190",1994,12,75 - 79,20,29
"4190",1994,12,80 - 84,25,26
"4190",1994,12,85 - 89,41,31
"4190",1994,12,90 - 94,0,0
"4190",1994,12,95+,0,0
"4190",1994,12,UNK,0,0
"4190",1994,13,Total,68,190
"4190",1994,13,0,0,0
"4190",1994,13,1,1,0
"4190",1994,13,2,0,2
"4190",1994,13,3,0,0
"4190",1994,13,4,0,1
"4190",1994,13,5 - 9,1,1
"4190",1994,13,10 - 14,0,1
"4190",1994,13,15 - 19,5,6
"4190",1994,13,20 - 24,2,18
"4190",1994,13,25 - 29,4,29
"4190",1994,13,30 - 34,8,19
"4190",1994,13,35 - 39,4,17
"4190",1994,13,40 - 44,5,13
"4190",1994,13,45 - 49,5,12
"4190",1994,13,50 - 54,2,13
"4190",1994,13,55 - 59,4,10
"4190",1994,13,60 - 64,4,6
"4190",1994,13,65 - 69,0,8
"4190",1994,13,70 - 74,1,10
"4190",1994,13,75 - 79,3,7
"4190",1994,13,80 - 84,9,6
"4190",1994,13,85 - 89,10,11
"4190",1994,13,90 - 94,0,0
"4190",1994,13,95+,0,0
"4190",1994,13,UNK,0,0
"4190",1994,14,Total,3,2
"4190",1994,14,0,0,0
"4190",1994,14,1,0,0
"4190",1994,14,2,0,0
"4190",1994,14,3,0,0
"4190",1994,14,4,0,0
"4190",1994,14,5 - 9,0,0
"4190",1994,14,10 - 14,0,0
"4190",1994,14,15 - 19,0,0
"4190",1994,14,20 - 24,1,0
"4190",1994,14,25 - 29,0,0
"4190",1994,14,30 - 34,0,0
"4190",1994,14,35 - 39,0,1
"4190",1994,14,40 - 44,0,0
"4190",1994,14,45 - 49,0,0
"4190",1994,14,50 - 54,0,0
"4190",1994,14,55 - 59,0,0
"4190",1994,14,60 - 64,0,0
"4190",1994,14,65 - 69,1,0
"4190",1994,14,70 - 74,0,1
"4190",1994,14,75 - 79,1,0
"4190",1994,14,80 - 84,0,0
"4190",1994,14,85 - 89,0,0
"4190",1994,14,90 - 94,0,0
"4190",1994,14,95+,0,0
"4190",1994,14,UNK,0,0
"4190",1995,1,Total,1801,1899
"4190",1995,1,0,9,13
"4190",1995,1,1,0,0
"4190",1995,1,2,0,1
"4190",1995,1,3,0,0
"4190",1995,1,4,0,1
"4190",1995,1,5 - 9,0,0
"4190",1995,1,10 - 14,0,2
"4190",1995,1,15 - 19,7,8
"4190",1995,1,20 - 24,11,18
"4190",1995,1,25 - 29,6,25
"4190",1995,1,30 - 34,14,22
"4190",1995,1,35 - 39,9,37
"4190",1995,1,40 - 44,18,46
"4190",1995,1,45 - 49,24,53
"4190",1995,1,50 - 54,40,84
"4190",1995,1,55 - 59,38,128
"4190",1995,1,60 - 64,93,159
"4190",1995,1,65 - 69,134,259
"4190",1995,1,70 - 74,200,214
"4190",1995,1,75 - 79,228,237
"4190",1995,1,80 - 84,360,301
"4190",1995,1,85 - 89,610,291
"4190",1995,1,90 - 94,0,0
"4190",1995,1,95+,0,0
"4190",1995,1,UNK,0,0
"4190",1995,2,Total,11,8
"4190",1995,2,0,0,0
"4190",1995,2,1,0,0
"4190",1995,2,2,0,0
"4190",1995,2,3,0,0
"4190",1995,2,4,0,0
"4190",1995,2,5 - 9,0,0
"4190",1995,2,10 - 14,0,0
"4190",1995,2,15 - 19,0,0
"4190",1995,2,20 - 24,1,0
"4190",1995,2,25 - 29,0,0
"4190",1995,2,30 - 34,0,0
"4190",1995,2,35 - 39,0,0
"4190",1995,2,40 - 44,0,0
"4190",1995,2,45 - 49,0,0
"4190",1995,2,50 - 54,0,0
"4190",1995,2,55 - 59,0,0
"4190",1995,2,60 - 64,2,0
"4190",1995,2,65 - 69,0,1
"4190",1995,2,70 - 74,2,3
"4190",1995,2,75 - 79,2,3
"4190",1995,2,80 - 84,2,0
"4190",1995,2,85 - 89,2,1
"4190",1995,2,90 - 94,0,0
"4190",1995,2,95+,0,0
"4190",1995,2,UNK,0,0
"4190",1995,3,Total,437,585
"4190",1995,3,0,0,0
"4190",1995,3,1,0,0
"4190",1995,3,2,0,0
"4190",1995,3,3,0,0
"4190",1995,3,4,0,0
"4190",1995,3,5 - 9,0,0
"4190",1995,3,10 - 14,0,1
"4190",1995,3,15 - 19,0,0
"4190",1995,3,20 - 24,1,0
"4190",1995,3,25 - 29,0,2
"4190",1995,3,30 - 34,3,2
"4190",1995,3,35 - 39,1,7
"4190",1995,3,40 - 44,9,5
"4190",1995,3,45 - 49,12,10
"4190",1995,3,50 - 54,23,36
"4190",1995,3,55 - 59,17,61
"4190",1995,3,60 - 64,39,69
"4190",1995,3,65 - 69,56,106
"4190",1995,3,70 - 74,59,73
"4190",1995,3,75 - 79,64,69
"4190",1995,3,80 - 84,75,88
"4190",1995,3,85 - 89,78,56
"4190",1995,3,90 - 94,0,0
"4190",1995,3,95+,0,0
"4190",1995,3,UNK,0,0
"4190",1995,4,Total,838,700
"4190",1995,4,0,0,1
"4190",1995,4,1,0,0
"4190",1995,4,2,0,0
"4190",1995,4,3,0,0
"4190",1995,4,4,0,0
"4190",1995,4,5 - 9,0,0
"4190",1995,4,10 - 14,0,1
"4190",1995,4,15 - 19,0,0
"4190",1995,4,20 - 24,0,1
"4190",1995,4,25 - 29,0,1
"4190",1995,4,30 - 34,2,2
"4190",1995,4,35 - 39,1,7
"4190",1995,4,40 - 44,2,11
"4190",1995,4,45 - 49,3,17
"4190",1995,4,50 - 54,6,18
"4190",1995,4,55 - 59,11,34
"4190",1995,4,60 - 64,25,48
"4190",1995,4,65 - 69,41,89
"4190",1995,4,70 - 74,92,88
"4190",1995,4,75 - 79,101,107
"4190",1995,4,80 - 84,200,133
"4190",1995,4,85 - 89,354,142
"4190",1995,4,90 - 94,0,0
"4190",1995,4,95+,0,0
"4190",1995,4,UNK,0,0
"4190",1995,5,Total,83,49
"4190",1995,5,0,2,3
"4190",1995,5,1,0,0
"4190",1995,5,2,0,0
"4190",1995,5,3,0,0
"4190",1995,5,4,0,0
"4190",1995,5,5 - 9,0,0
"4190",1995,5,10 - 14,0,0
"4190",1995,5,15 - 19,2,0
"4190",1995,5,20 - 24,0,0
"4190",1995,5,25 - 29,1,1
"4190",1995,5,30 - 34,1,0
"4190",1995,5,35 - 39,1,4
"4190",1995,5,40 - 44,0,2
"4190",1995,5,45 - 49,0,1
"4190",1995,5,50 - 54,0,3
"4190",1995,5,55 - 59,1,1
"4190",1995,5,60 - 64,3,4
"4190",1995,5,65 - 69,6,7
"4190",1995,5,70 - 74,6,7
"4190",1995,5,75 - 79,3,2
"4190",1995,5,80 - 84,13,6
"4190",1995,5,85 - 89,44,8
"4190",1995,5,90 - 94,0,0
"4190",1995,5,95+,0,0
"4190",1995,5,UNK,0,0
"4190",1995,6,Total,53,38
"4190",1995,6,0,0,0
"4190",1995,6,1,0,0
"4190",1995,6,2,0,0
"4190",1995,6,3,0,0
"4190",1995,6,4,0,0
"4190",1995,6,5 - 9,0,0
"4190",1995,6,10 - 14,0,0
"4190",1995,6,15 - 19,0,0
"4190",1995,6,20 - 24,0,0
"4190",1995,6,25 - 29,0,0
"4190",1995,6,30 - 34,0,0
"4190",1995,6,35 - 39,0,0
"4190",1995,6,40 - 44,1,0
"4190",1995,6,45 - 49,1,2
"4190",1995,6,50 - 54,2,1
"4190",1995,6,55 - 59,2,2
"4190",1995,6,60 - 64,2,3
"4190",1995,6,65 - 69,1,2
"4190",1995,6,70 - 74,5,4
"4190",1995,6,75 - 79,4,9
"4190",1995,6,80 - 84,19,8
"4190",1995,6,85 - 89,16,7
"4190",1995,6,90 - 94,0,0
"4190",1995,6,95+,0,0
"4190",1995,6,UNK,0,0
"4190",1995,7,Total,33,28
"4190",1995,7,0,0,0
"4190",1995,7,1,0,0
"4190",1995,7,2,0,0
"4190",1995,7,3,0,0
"4190",1995,7,4,0,0
"4190",1995,7,5 - 9,0,0
"4190",1995,7,10 - 14,0,0
"4190",1995,7,15 - 19,1,0
"4190",1995,7,20 - 24,0,0
"4190",1995,7,25 - 29,0,1
"4190",1995,7,30 - 34,0,0
"4190",1995,7,35 - 39,0,1
"4190",1995,7,40 - 44,1,1
"4190",1995,7,45 - 49,0,0
"4190",1995,7,50 - 54,3,2
"4190",1995,7,55 - 59,0,1
"4190",1995,7,60 - 64,1,4
"4190",1995,7,65 - 69,5,1
"4190",1995,7,70 - 74,3,7
"4190",1995,7,75 - 79,7,2
"4190",1995,7,80 - 84,8,7
"4190",1995,7,85 - 89,4,1
"4190",1995,7,90 - 94,0,0
"4190",1995,7,95+,0,0
"4190",1995,7,UNK,0,0
"4190",1995,8,Total,52,38
"4190",1995,8,0,0,0
"4190",1995,8,1,0,0
"4190",1995,8,2,0,0
"4190",1995,8,3,0,0
"4190",1995,8,4,0,1
"4190",1995,8,5 - 9,0,0
"4190",1995,8,10 - 14,0,0
"4190",1995,8,15 - 19,0,0
"4190",1995,8,20 - 24,0,0
"4190",1995,8,25 - 29,0,1
"4190",1995,8,30 - 34,1,1
"4190",1995,8,35 - 39,1,0
"4190",1995,8,40 - 44,0,1
"4190",1995,8,45 - 49,0,2
"4190",1995,8,50 - 54,0,1
"4190",1995,8,55 - 59,0,0
"4190",1995,8,60 - 64,3,1
"4190",1995,8,65 - 69,3,7
"4190",1995,8,70 - 74,6,4
"4190",1995,8,75 - 79,6,6
"4190",1995,8,80 - 84,10,7
"4190",1995,8,85 - 89,22,6
"4190",1995,8,90 - 94,0,0
"4190",1995,8,95+,0,0
"4190",1995,8,UNK,0,0
"4190",1995,9,Total,64,101
"4190",1995,9,0,0,0
"4190",1995,9,1,0,0
"4190",1995,9,2,0,0
"4190",1995,9,3,0,0
"4190",1995,9,4,0,0
"4190",1995,9,5 - 9,0,0
"4190",1995,9,10 - 14,0,0
"4190",1995,9,15 - 19,0,0
"4190",1995,9,20 - 24,0,0
"4190",1995,9,25 - 29,0,0
"4190",1995,9,30 - 34,0,0
"4190",1995,9,35 - 39,1,2
"4190",1995,9,40 - 44,2,5
"4190",1995,9,45 - 49,2,7
"4190",1995,9,50 - 54,1,10
"4190",1995,9,55 - 59,2,12
"4190",1995,9,60 - 64,5,18
"4190",1995,9,65 - 69,6,16
"4190",1995,9,70 - 74,7,6
"4190",1995,9,75 - 79,12,8
"4190",1995,9,80 - 84,9,6
"4190",1995,9,85 - 89,17,11
"4190",1995,9,90 - 94,0,0
"4190",1995,9,95+,0,0
"4190",1995,9,UNK,0,0
"4190",1995,10,Total,23,20
"4190",1995,10,0,0,0
"4190",1995,10,1,0,0
"4190",1995,10,2,0,0
"4190",1995,10,3,0,0
"4190",1995,10,4,0,0
"4190",1995,10,5 - 9,0,0
"4190",1995,10,10 - 14,0,0
"4190",1995,10,15 - 19,0,0
"4190",1995,10,20 - 24,0,0
"4190",1995,10,25 - 29,0,0
"4190",1995,10,30 - 34,0,0
"4190",1995,10,35 - 39,0,0
"4190",1995,10,40 - 44,0,0
"4190",1995,10,45 - 49,0,1
"4190",1995,10,50 - 54,1,0
"4190",1995,10,55 - 59,0,0
"4190",1995,10,60 - 64,1,0
"4190",1995,10,65 - 69,1,5
"4190",1995,10,70 - 74,0,1
"4190",1995,10,75 - 79,4,1
"4190",1995,10,80 - 84,3,6
"4190",1995,10,85 - 89,13,6
"4190",1995,10,90 - 94,0,0
"4190",1995,10,95+,0,0
"4190",1995,10,UNK,0,0
"4190",1995,11,Total,8,11
"4190",1995,11,0,7,9
"4190",1995,11,1,0,0
"4190",1995,11,2,0,0
"4190",1995,11,3,0,0
"4190",1995,11,4,0,0
"4190",1995,11,5 - 9,0,0
"4190",1995,11,10 - 14,0,0
"4190",1995,11,15 - 19,0,0
"4190",1995,11,20 - 24,0,0
"4190",1995,11,25 - 29,0,0
"4190",1995,11,30 - 34,0,1
"4190",1995,11,35 - 39,0,0
"4190",1995,11,40 - 44,0,1
"4190",1995,11,45 - 49,0,0
"4190",1995,11,50 - 54,0,0
"4190",1995,11,55 - 59,0,0
"4190",1995,11,60 - 64,0,0
"4190",1995,11,65 - 69,0,0
"4190",1995,11,70 - 74,0,0
"4190",1995,11,75 - 79,0,0
"4190",1995,11,80 - 84,1,0
"4190",1995,11,85 - 89,0,0
"4190",1995,11,90 - 94,0,0
"4190",1995,11,95+,0,0
"4190",1995,11,UNK,0,0
"4190",1995,12,Total,105,147
"4190",1995,12,0,0,0
"4190",1995,12,1,0,0
"4190",1995,12,2,0,0
"4190",1995,12,3,0,0
"4190",1995,12,4,0,0
"4190",1995,12,5 - 9,0,0
"4190",1995,12,10 - 14,0,0
"4190",1995,12,15 - 19,0,0
"4190",1995,12,20 - 24,0,0
"4190",1995,12,25 - 29,0,0
"4190",1995,12,30 - 34,1,2
"4190",1995,12,35 - 39,0,0
"4190",1995,12,40 - 44,0,2
"4190",1995,12,45 - 49,2,3
"4190",1995,12,50 - 54,0,3
"4190",1995,12,55 - 59,3,7
"4190",1995,12,60 - 64,9,5
"4190",1995,12,65 - 69,10,14
"4190",1995,12,70 - 74,12,16
"4190",1995,12,75 - 79,13,25
"4190",1995,12,80 - 84,13,29
"4190",1995,12,85 - 89,42,41
"4190",1995,12,90 - 94,0,0
"4190",1995,12,95+,0,0
"4190",1995,12,UNK,0,0
"4190",1995,13,Total,77,162
"4190",1995,13,0,0,0
"4190",1995,13,1,0,0
"4190",1995,13,2,0,1
"4190",1995,13,3,0,0
"4190",1995,13,4,0,0
"4190",1995,13,5 - 9,0,0
"4190",1995,13,10 - 14,0,0
"4190",1995,13,15 - 19,4,8
"4190",1995,13,20 - 24,9,17
"4190",1995,13,25 - 29,4,19
"4190",1995,13,30 - 34,5,14
"4190",1995,13,35 - 39,4,16
"4190",1995,13,40 - 44,3,18
"4190",1995,13,45 - 49,4,9
"4190",1995,13,50 - 54,3,9
"4190",1995,13,55 - 59,2,8
"4190",1995,13,60 - 64,2,6
"4190",1995,13,65 - 69,4,9
"4190",1995,13,70 - 74,4,3
"4190",1995,13,75 - 79,9,4
"4190",1995,13,80 - 84,7,10
"4190",1995,13,85 - 89,13,11
"4190",1995,13,90 - 94,0,0
"4190",1995,13,95+,0,0
"4190",1995,13,UNK,0,0
"4190",1995,14,Total,1,2
"4190",1995,14,0,0,0
"4190",1995,14,1,0,0
"4190",1995,14,2,0,0
"4190",1995,14,3,0,0
"4190",1995,14,4,0,0
"4190",1995,14,5 - 9,0,0
"4190",1995,14,10 - 14,0,0
"4190",1995,14,15 - 19,0,0
"4190",1995,14,20 - 24,0,0
"4190",1995,14,25 - 29,1,0
"4190",1995,14,30 - 34,0,0
"4190",1995,14,35 - 39,0,0
"4190",1995,14,40 - 44,0,0
"4190",1995,14,45 - 49,0,1
"4190",1995,14,50 - 54,0,0
"4190",1995,14,55 - 59,0,1
"4190",1995,14,60 - 64,0,0
"4190",1995,14,65 - 69,0,0
"4190",1995,14,70 - 74,0,0
"4190",1995,14,75 - 79,0,0
"4190",1995,14,80 - 84,0,0
"4190",1995,14,85 - 89,0,0
"4190",1995,14,90 - 94,0,0
"4190",1995,14,95+,0,0
"4190",1995,14,UNK,0,0
"4190",1996,1,Total,1872,1967
"4190",1996,1,0,12,13
"4190",1996,1,1,0,1
"4190",1996,1,2,1,0
"4190",1996,1,3,1,1
"4190",1996,1,4,1,0
"4190",1996,1,5 - 9,2,1
"4190",1996,1,10 - 14,1,3
"4190",1996,1,15 - 19,5,9
"4190",1996,1,20 - 24,7,16
"4190",1996,1,25 - 29,9,26
"4190",1996,1,30 - 34,15,37
"4190",1996,1,35 - 39,20,36
"4190",1996,1,40 - 44,16,37
"4190",1996,1,45 - 49,31,62
"4190",1996,1,50 - 54,30,74
"4190",1996,1,55 - 59,54,126
"4190",1996,1,60 - 64,77,199
"4190",1996,1,65 - 69,137,256
"4190",1996,1,70 - 74,180,222
"4190",1996,1,75 - 79,232,271
"4190",1996,1,80 - 84,352,273
"4190",1996,1,85 - 89,689,304
"4190",1996,1,90 - 94,0,0
"4190",1996,1,95+,0,0
"4190",1996,1,UNK,0,0
"4190",1996,2,Total,11,5
"4190",1996,2,0,0,0
"4190",1996,2,1,0,0
"4190",1996,2,2,0,0
"4190",1996,2,3,0,0
"4190",1996,2,4,0,0
"4190",1996,2,5 - 9,0,0
"4190",1996,2,10 - 14,0,1
"4190",1996,2,15 - 19,0,0
"4190",1996,2,20 - 24,0,0
"4190",1996,2,25 - 29,0,0
"4190",1996,2,30 - 34,0,0
"4190",1996,2,35 - 39,0,0
"4190",1996,2,40 - 44,0,0
"4190",1996,2,45 - 49,0,1
"4190",1996,2,50 - 54,0,1
"4190",1996,2,55 - 59,0,0
"4190",1996,2,60 - 64,0,0
"4190",1996,2,65 - 69,0,0
"4190",1996,2,70 - 74,0,0
"4190",1996,2,75 - 79,1,0
"4190",1996,2,80 - 84,4,0
"4190",1996,2,85 - 89,6,2
"4190",1996,2,90 - 94,0,0
"4190",1996,2,95+,0,0
"4190",1996,2,UNK,0,0
"4190",1996,3,Total,421,557
"4190",1996,3,0,0,0
"4190",1996,3,1,0,0
"4190",1996,3,2,0,0
"4190",1996,3,3,0,0
"4190",1996,3,4,0,0
"4190",1996,3,5 - 9,1,0
"4190",1996,3,10 - 14,0,1
"4190",1996,3,15 - 19,1,0
"4190",1996,3,20 - 24,0,0
"4190",1996,3,25 - 29,0,0
"4190",1996,3,30 - 34,5,7
"4190",1996,3,35 - 39,3,7
"4190",1996,3,40 - 44,7,10
"4190",1996,3,45 - 49,12,16
"4190",1996,3,50 - 54,9,20
"4190",1996,3,55 - 59,32,43
"4190",1996,3,60 - 64,33,85
"4190",1996,3,65 - 69,60,98
"4190",1996,3,70 - 74,55,71
"4190",1996,3,75 - 79,64,84
"4190",1996,3,80 - 84,59,65
"4190",1996,3,85 - 89,80,50
"4190",1996,3,90 - 94,0,0
"4190",1996,3,95+,0,0
"4190",1996,3,UNK,0,0
"4190",1996,4,Total,887,773
"4190",1996,4,0,0,0
"4190",1996,4,1,0,0
"4190",1996,4,2,0,0
"4190",1996,4,3,0,0
"4190",1996,4,4,0,0
"4190",1996,4,5 - 9,0,0
"4190",1996,4,10 - 14,0,0
"4190",1996,4,15 - 19,0,1
"4190",1996,4,20 - 24,1,0
"4190",1996,4,25 - 29,1,1
"4190",1996,4,30 - 34,1,1
"4190",1996,4,35 - 39,6,5
"4190",1996,4,40 - 44,3,10
"4190",1996,4,45 - 49,7,19
"4190",1996,4,50 - 54,7,24
"4190",1996,4,55 - 59,8,43
"4190",1996,4,60 - 64,22,63
"4190",1996,4,65 - 69,47,92
"4190",1996,4,70 - 74,69,91
"4190",1996,4,75 - 79,121,111
"4190",1996,4,80 - 84,208,138
"4190",1996,4,85 - 89,386,174
"4190",1996,4,90 - 94,0,0
"4190",1996,4,95+,0,0
"4190",1996,4,UNK,0,0
"4190",1996,5,Total,101,60
"4190",1996,5,0,3,2
"4190",1996,5,1,0,1
"4190",1996,5,2,0,0
"4190",1996,5,3,0,0
"4190",1996,5,4,0,0
"4190",1996,5,5 - 9,0,0
"4190",1996,5,10 - 14,0,1
"4190",1996,5,15 - 19,0,0
"4190",1996,5,20 - 24,0,0
"4190",1996,5,25 - 29,0,1
"4190",1996,5,30 - 34,1,2
"4190",1996,5,35 - 39,0,0
"4190",1996,5,40 - 44,1,2
"4190",1996,5,45 - 49,2,2
"4190",1996,5,50 - 54,2,2
"4190",1996,5,55 - 59,2,1
"4190",1996,5,60 - 64,3,10
"4190",1996,5,65 - 69,1,6
"4190",1996,5,70 - 74,6,5
"4190",1996,5,75 - 79,9,9
"4190",1996,5,80 - 84,17,6
"4190",1996,5,85 - 89,54,10
"4190",1996,5,90 - 94,0,0
"4190",1996,5,95+,0,0
"4190",1996,5,UNK,0,0
"4190",1996,6,Total,49,49
"4190",1996,6,0,0,0
"4190",1996,6,1,0,0
"4190",1996,6,2,0,0
"4190",1996,6,3,0,0
"4190",1996,6,4,0,0
"4190",1996,6,5 - 9,0,0
"4190",1996,6,10 - 14,0,0
"4190",1996,6,15 - 19,0,0
"4190",1996,6,20 - 24,0,0
"4190",1996,6,25 - 29,0,0
"4190",1996,6,30 - 34,0,1
"4190",1996,6,35 - 39,1,0
"4190",1996,6,40 - 44,0,1
"4190",1996,6,45 - 49,2,1
"4190",1996,6,50 - 54,1,3
"4190",1996,6,55 - 59,0,5
"4190",1996,6,60 - 64,2,4
"4190",1996,6,65 - 69,1,2
"4190",1996,6,70 - 74,5,7
"4190",1996,6,75 - 79,4,9
"4190",1996,6,80 - 84,9,12
"4190",1996,6,85 - 89,24,4
"4190",1996,6,90 - 94,0,0
"4190",1996,6,95+,0,0
"4190",1996,6,UNK,0,0
"4190",1996,7,Total,27,28
"4190",1996,7,0,1,1
"4190",1996,7,1,0,0
"4190",1996,7,2,0,0
"4190",1996,7,3,0,0
"4190",1996,7,4,0,0
"4190",1996,7,5 - 9,0,0
"4190",1996,7,10 - 14,0,0
"4190",1996,7,15 - 19,0,1
"4190",1996,7,20 - 24,1,2
"4190",1996,7,25 - 29,0,1
"4190",1996,7,30 - 34,1,1
"4190",1996,7,35 - 39,0,0
"4190",1996,7,40 - 44,0,0
"4190",1996,7,45 - 49,2,0
"4190",1996,7,50 - 54,0,1
"4190",1996,7,55 - 59,1,2
"4190",1996,7,60 - 64,1,1
"4190",1996,7,65 - 69,4,5
"4190",1996,7,70 - 74,4,1
"4190",1996,7,75 - 79,4,6
"4190",1996,7,80 - 84,2,2
"4190",1996,7,85 - 89,6,4
"4190",1996,7,90 - 94,0,0
"4190",1996,7,95+,0,0
"4190",1996,7,UNK,0,0
"4190",1996,8,Total,63,39
"4190",1996,8,0,1,0
"4190",1996,8,1,0,0
"4190",1996,8,2,0,0
"4190",1996,8,3,0,0
"4190",1996,8,4,0,0
"4190",1996,8,5 - 9,0,0
"4190",1996,8,10 - 14,0,0
"4190",1996,8,15 - 19,0,0
"4190",1996,8,20 - 24,0,0
"4190",1996,8,25 - 29,0,1
"4190",1996,8,30 - 34,0,2
"4190",1996,8,35 - 39,1,1
"4190",1996,8,40 - 44,1,0
"4190",1996,8,45 - 49,0,1
"4190",1996,8,50 - 54,0,3
"4190",1996,8,55 - 59,0,3
"4190",1996,8,60 - 64,4,2
"4190",1996,8,65 - 69,4,6
"4190",1996,8,70 - 74,9,5
"4190",1996,8,75 - 79,11,4
"4190",1996,8,80 - 84,9,4
"4190",1996,8,85 - 89,23,7
"4190",1996,8,90 - 94,0,0
"4190",1996,8,95+,0,0
"4190",1996,8,UNK,0,0
"4190",1996,9,Total,87,98
"4190",1996,9,0,0,0
"4190",1996,9,1,0,0
"4190",1996,9,2,1,0
"4190",1996,9,3,0,0
"4190",1996,9,4,0,0
"4190",1996,9,5 - 9,0,0
"4190",1996,9,10 - 14,0,0
"4190",1996,9,15 - 19,0,0
"4190",1996,9,20 - 24,0,0
"4190",1996,9,25 - 29,0,0
"4190",1996,9,30 - 34,0,2
"4190",1996,9,35 - 39,2,3
"4190",1996,9,40 - 44,2,3
"4190",1996,9,45 - 49,1,5
"4190",1996,9,50 - 54,5,8
"4190",1996,9,55 - 59,7,7
"4190",1996,9,60 - 64,8,17
"4190",1996,9,65 - 69,11,16
"4190",1996,9,70 - 74,8,15
"4190",1996,9,75 - 79,6,8
"4190",1996,9,80 - 84,13,10
"4190",1996,9,85 - 89,23,4
"4190",1996,9,90 - 94,0,0
"4190",1996,9,95+,0,0
"4190",1996,9,UNK,0,0
"4190",1996,10,Total,23,17
"4190",1996,10,0,0,0
"4190",1996,10,1,0,0
"4190",1996,10,2,0,0
"4190",1996,10,3,0,0
"4190",1996,10,4,0,0
"4190",1996,10,5 - 9,0,0
"4190",1996,10,10 - 14,0,0
"4190",1996,10,15 - 19,0,0
"4190",1996,10,20 - 24,0,0
"4190",1996,10,25 - 29,0,0
"4190",1996,10,30 - 34,0,0
"4190",1996,10,35 - 39,0,0
"4190",1996,10,40 - 44,0,1
"4190",1996,10,45 - 49,0,0
"4190",1996,10,50 - 54,0,0
"4190",1996,10,55 - 59,1,0
"4190",1996,10,60 - 64,0,0
"4190",1996,10,65 - 69,1,1
"4190",1996,10,70 - 74,3,0
"4190",1996,10,75 - 79,1,1
"4190",1996,10,80 - 84,8,6
"4190",1996,10,85 - 89,9,8
"4190",1996,10,90 - 94,0,0
"4190",1996,10,95+,0,0
"4190",1996,10,UNK,0,0
"4190",1996,11,Total,11,11
"4190",1996,11,0,7,9
"4190",1996,11,1,0,0
"4190",1996,11,2,0,0
"4190",1996,11,3,1,0
"4190",1996,11,4,0,0
"4190",1996,11,5 - 9,0,0
"4190",1996,11,10 - 14,0,0
"4190",1996,11,15 - 19,0,0
"4190",1996,11,20 - 24,1,0
"4190",1996,11,25 - 29,0,1
"4190",1996,11,30 - 34,1,0
"4190",1996,11,35 - 39,1,0
"4190",1996,11,40 - 44,0,1
"4190",1996,11,45 - 49,0,0
"4190",1996,11,50 - 54,0,0
"4190",1996,11,55 - 59,0,0
"4190",1996,11,60 - 64,0,0
"4190",1996,11,65 - 69,0,0
"4190",1996,11,70 - 74,0,0
"4190",1996,11,75 - 79,0,0
"4190",1996,11,80 - 84,0,0
"4190",1996,11,85 - 89,0,0
"4190",1996,11,90 - 94,0,0
"4190",1996,11,95+,0,0
"4190",1996,11,UNK,0,0
"4190",1996,12,Total,114,149
"4190",1996,12,0,0,0
"4190",1996,12,1,0,0
"4190",1996,12,2,0,0
"4190",1996,12,3,0,0
"4190",1996,12,4,1,0
"4190",1996,12,5 - 9,1,0
"4190",1996,12,10 - 14,1,0
"4190",1996,12,15 - 19,0,0
"4190",1996,12,20 - 24,0,0
"4190",1996,12,25 - 29,0,1
"4190",1996,12,30 - 34,0,0
"4190",1996,12,35 - 39,1,2
"4190",1996,12,40 - 44,0,0
"4190",1996,12,45 - 49,2,1
"4190",1996,12,50 - 54,1,2
"4190",1996,12,55 - 59,1,9
"4190",1996,12,60 - 64,3,5
"4190",1996,12,65 - 69,4,17
"4190",1996,12,70 - 74,18,20
"4190",1996,12,75 - 79,8,30
"4190",1996,12,80 - 84,16,27
"4190",1996,12,85 - 89,57,35
"4190",1996,12,90 - 94,0,0
"4190",1996,12,95+,0,0
"4190",1996,12,UNK,0,0
"4190",1996,13,Total,66,173
"4190",1996,13,0,0,1
"4190",1996,13,1,0,0
"4190",1996,13,2,0,0
"4190",1996,13,3,0,1
"4190",1996,13,4,0,0
"4190",1996,13,5 - 9,0,1
"4190",1996,13,10 - 14,0,0
"4190",1996,13,15 - 19,4,7
"4190",1996,13,20 - 24,4,14
"4190",1996,13,25 - 29,7,20
"4190",1996,13,30 - 34,6,21
"4190",1996,13,35 - 39,5,18
"4190",1996,13,40 - 44,2,9
"4190",1996,13,45 - 49,3,16
"4190",1996,13,50 - 54,5,9
"4190",1996,13,55 - 59,1,13
"4190",1996,13,60 - 64,1,11
"4190",1996,13,65 - 69,2,12
"4190",1996,13,70 - 74,3,7
"4190",1996,13,75 - 79,1,6
"4190",1996,13,80 - 84,4,3
"4190",1996,13,85 - 89,18,4
"4190",1996,13,90 - 94,0,0
"4190",1996,13,95+,0,0
"4190",1996,13,UNK,0,0
"4190",1996,14,Total,2,2
"4190",1996,14,0,0,0
"4190",1996,14,1,0,0
"4190",1996,14,2,0,0
"4190",1996,14,3,0,0
"4190",1996,14,4,0,0
"4190",1996,14,5 - 9,0,0
"4190",1996,14,10 - 14,0,0
"4190",1996,14,15 - 19,0,0
"4190",1996,14,20 - 24,0,0
"4190",1996,14,25 - 29,1,0
"4190",1996,14,30 - 34,0,0
"4190",1996,14,35 - 39,0,0
"4190",1996,14,40 - 44,0,0
"4190",1996,14,45 - 49,0,0
"4190",1996,14,50 - 54,0,0
"4190",1996,14,55 - 59,0,0
"4190",1996,14,60 - 64,0,1
"4190",1996,14,65 - 69,0,0
"4190",1996,14,70 - 74,0,0
"4190",1996,14,75 - 79,1,1
"4190",1996,14,80 - 84,0,0
"4190",1996,14,85 - 89,0,0
"4190",1996,14,90 - 94,0,0
"4190",1996,14,95+,0,0
"4190",1996,14,UNK,0,0
"4190",1997,1,Total,1941,1825
"4190",1997,1,0,10,9
"4190",1997,1,1,2,1
"4190",1997,1,2,1,2
"4190",1997,1,3,0,0
"4190",1997,1,4,0,0
"4190",1997,1,5 - 9,0,0
"4190",1997,1,10 - 14,1,1
"4190",1997,1,15 - 19,1,8
"4190",1997,1,20 - 24,7,23
"4190",1997,1,25 - 29,10,13
"4190",1997,1,30 - 34,7,24
"4190",1997,1,35 - 39,15,33
"4190",1997,1,40 - 44,23,44
"4190",1997,1,45 - 49,32,46
"4190",1997,1,50 - 54,38,83
"4190",1997,1,55 - 59,62,96
"4190",1997,1,60 - 64,95,150
"4190",1997,1,65 - 69,128,233
"4190",1997,1,70 - 74,199,262
"4190",1997,1,75 - 79,248,242
"4190",1997,1,80 - 84,361,247
"4190",1997,1,85 - 89,701,308
"4190",1997,1,90 - 94,0,0
"4190",1997,1,95+,0,0
"4190",1997,1,UNK,0,0
"4190",1997,2,Total,11,11
"4190",1997,2,0,0,0
"4190",1997,2,1,0,0
"4190",1997,2,2,0,0
"4190",1997,2,3,0,0
"4190",1997,2,4,0,0
"4190",1997,2,5 - 9,0,0
"4190",1997,2,10 - 14,0,0
"4190",1997,2,15 - 19,0,1
"4190",1997,2,20 - 24,0,0
"4190",1997,2,25 - 29,0,0
"4190",1997,2,30 - 34,0,0
"4190",1997,2,35 - 39,0,0
"4190",1997,2,40 - 44,0,0
"4190",1997,2,45 - 49,0,0
"4190",1997,2,50 - 54,0,0
"4190",1997,2,55 - 59,1,1
"4190",1997,2,60 - 64,0,0
"4190",1997,2,65 - 69,0,1
"4190",1997,2,70 - 74,0,2
"4190",1997,2,75 - 79,2,2
"4190",1997,2,80 - 84,4,4
"4190",1997,2,85 - 89,4,0
"4190",1997,2,90 - 94,0,0
"4190",1997,2,95+,0,0
"4190",1997,2,UNK,0,0
"4190",1997,3,Total,472,502
"4190",1997,3,0,0,0
"4190",1997,3,1,1,0
"4190",1997,3,2,1,0
"4190",1997,3,3,0,0
"4190",1997,3,4,0,0
"4190",1997,3,5 - 9,0,0
"4190",1997,3,10 - 14,0,0
"4190",1997,3,15 - 19,0,0
"4190",1997,3,20 - 24,1,0
"4190",1997,3,25 - 29,2,1
"4190",1997,3,30 - 34,1,2
"4190",1997,3,35 - 39,6,6
"4190",1997,3,40 - 44,8,6
"4190",1997,3,45 - 49,14,12
"4190",1997,3,50 - 54,18,30
"4190",1997,3,55 - 59,35,35
"4190",1997,3,60 - 64,52,58
"4190",1997,3,65 - 69,60,92
"4190",1997,3,70 - 74,64,86
"4190",1997,3,75 - 79,62,55
"4190",1997,3,80 - 84,62,61
"4190",1997,3,85 - 89,85,58
"4190",1997,3,90 - 94,0,0
"4190",1997,3,95+,0,0
"4190",1997,3,UNK,0,0
"4190",1997,4,Total,882,683
"4190",1997,4,0,0,1
"4190",1997,4,1,0,0
"4190",1997,4,2,0,0
"4190",1997,4,3,0,0
"4190",1997,4,4,0,0
"4190",1997,4,5 - 9,0,0
"4190",1997,4,10 - 14,0,0
"4190",1997,4,15 - 19,0,0
"4190",1997,4,20 - 24,0,0
"4190",1997,4,25 - 29,0,0
"4190",1997,4,30 - 34,2,3
"4190",1997,4,35 - 39,3,3
"4190",1997,4,40 - 44,2,14
"4190",1997,4,45 - 49,7,14
"4190",1997,4,50 - 54,7,21
"4190",1997,4,55 - 59,10,30
"4190",1997,4,60 - 64,21,43
"4190",1997,4,65 - 69,46,83
"4190",1997,4,70 - 74,83,102
"4190",1997,4,75 - 79,114,107
"4190",1997,4,80 - 84,206,113
"4190",1997,4,85 - 89,381,149
"4190",1997,4,90 - 94,0,0
"4190",1997,4,95+,0,0
"4190",1997,4,UNK,0,0
"4190",1997,5,Total,85,61
"4190",1997,5,0,2,2
"4190",1997,5,1,0,0
"4190",1997,5,2,0,0
"4190",1997,5,3,0,0
"4190",1997,5,4,0,0
"4190",1997,5,5 - 9,0,0
"4190",1997,5,10 - 14,0,0
"4190",1997,5,15 - 19,0,0
"4190",1997,5,20 - 24,0,0
"4190",1997,5,25 - 29,0,0
"4190",1997,5,30 - 34,0,0
"4190",1997,5,35 - 39,0,0
"4190",1997,5,40 - 44,0,1
"4190",1997,5,45 - 49,1,1
"4190",1997,5,50 - 54,0,7
"4190",1997,5,55 - 59,0,2
"4190",1997,5,60 - 64,5,5
"4190",1997,5,65 - 69,4,5
"4190",1997,5,70 - 74,2,8
"4190",1997,5,75 - 79,10,9
"4190",1997,5,80 - 84,15,4
"4190",1997,5,85 - 89,46,17
"4190",1997,5,90 - 94,0,0
"4190",1997,5,95+,0,0
"4190",1997,5,UNK,0,0
"4190",1997,6,Total,89,64
"4190",1997,6,0,0,0
"4190",1997,6,1,0,0
"4190",1997,6,2,0,0
"4190",1997,6,3,0,0
"4190",1997,6,4,0,0
"4190",1997,6,5 - 9,0,0
"4190",1997,6,10 - 14,0,0
"4190",1997,6,15 - 19,0,0
"4190",1997,6,20 - 24,0,0
"4190",1997,6,25 - 29,0,0
"4190",1997,6,30 - 34,0,3
"4190",1997,6,35 - 39,0,1
"4190",1997,6,40 - 44,1,5
"4190",1997,6,45 - 49,0,4
"4190",1997,6,50 - 54,1,5
"4190",1997,6,55 - 59,1,3
"4190",1997,6,60 - 64,3,4
"4190",1997,6,65 - 69,4,7
"4190",1997,6,70 - 74,7,5
"4190",1997,6,75 - 79,16,9
"4190",1997,6,80 - 84,16,8
"4190",1997,6,85 - 89,40,10
"4190",1997,6,90 - 94,0,0
"4190",1997,6,95+,0,0
"4190",1997,6,UNK,0,0
"4190",1997,7,Total,35,34
"4190",1997,7,0,0,0
"4190",1997,7,1,0,0
"4190",1997,7,2,0,0
"4190",1997,7,3,0,0
"4190",1997,7,4,0,0
"4190",1997,7,5 - 9,0,0
"4190",1997,7,10 - 14,0,0
"4190",1997,7,15 - 19,0,0
"4190",1997,7,20 - 24,2,0
"4190",1997,7,25 - 29,1,0
"4190",1997,7,30 - 34,0,1
"4190",1997,7,35 - 39,0,0
"4190",1997,7,40 - 44,1,3
"4190",1997,7,45 - 49,0,1
"4190",1997,7,50 - 54,3,1
"4190",1997,7,55 - 59,0,1
"4190",1997,7,60 - 64,2,2
"4190",1997,7,65 - 69,1,3
"4190",1997,7,70 - 74,4,6
"4190",1997,7,75 - 79,4,4
"4190",1997,7,80 - 84,5,5
"4190",1997,7,85 - 89,12,7
"4190",1997,7,90 - 94,0,0
"4190",1997,7,95+,0,0
"4190",1997,7,UNK,0,0
"4190",1997,8,Total,33,43
"4190",1997,8,0,0,1
"4190",1997,8,1,0,0
"4190",1997,8,2,0,0
"4190",1997,8,3,0,0
"4190",1997,8,4,0,0
"4190",1997,8,5 - 9,0,0
"4190",1997,8,10 - 14,0,0
"4190",1997,8,15 - 19,0,0
"4190",1997,8,20 - 24,0,0
"4190",1997,8,25 - 29,0,0
"4190",1997,8,30 - 34,0,1
"4190",1997,8,35 - 39,0,2
"4190",1997,8,40 - 44,0,3
"4190",1997,8,45 - 49,0,0
"4190",1997,8,50 - 54,0,0
"4190",1997,8,55 - 59,1,2
"4190",1997,8,60 - 64,1,5
"4190",1997,8,65 - 69,2,3
"4190",1997,8,70 - 74,8,8
"4190",1997,8,75 - 79,3,5
"4190",1997,8,80 - 84,4,5
"4190",1997,8,85 - 89,14,8
"4190",1997,8,90 - 94,0,0
"4190",1997,8,95+,0,0
"4190",1997,8,UNK,0,0
"4190",1997,9,Total,94,86
"4190",1997,9,0,0,0
"4190",1997,9,1,0,0
"4190",1997,9,2,0,0
"4190",1997,9,3,0,0
"4190",1997,9,4,0,0
"4190",1997,9,5 - 9,0,0
"4190",1997,9,10 - 14,0,0
"4190",1997,9,15 - 19,0,0
"4190",1997,9,20 - 24,0,0
"4190",1997,9,25 - 29,0,0
"4190",1997,9,30 - 34,1,0
"4190",1997,9,35 - 39,2,1
"4190",1997,9,40 - 44,2,3
"4190",1997,9,45 - 49,7,3
"4190",1997,9,50 - 54,4,11
"4190",1997,9,55 - 59,5,11
"4190",1997,9,60 - 64,4,14
"4190",1997,9,65 - 69,4,11
"4190",1997,9,70 - 74,11,10
"4190",1997,9,75 - 79,10,9
"4190",1997,9,80 - 84,7,6
"4190",1997,9,85 - 89,37,7
"4190",1997,9,90 - 94,0,0
"4190",1997,9,95+,0,0
"4190",1997,9,UNK,0,0
"4190",1997,10,Total,22,19
"4190",1997,10,0,0,0
"4190",1997,10,1,0,0
"4190",1997,10,2,0,0
"4190",1997,10,3,0,0
"4190",1997,10,4,0,0
"4190",1997,10,5 - 9,0,0
"4190",1997,10,10 - 14,0,0
"4190",1997,10,15 - 19,0,0
"4190",1997,10,20 - 24,0,0
"4190",1997,10,25 - 29,0,0
"4190",1997,10,30 - 34,0,0
"4190",1997,10,35 - 39,0,0
"4190",1997,10,40 - 44,0,0
"4190",1997,10,45 - 49,0,0
"4190",1997,10,50 - 54,1,0
"4190",1997,10,55 - 59,0,0
"4190",1997,10,60 - 64,0,2
"4190",1997,10,65 - 69,1,1
"4190",1997,10,70 - 74,2,3
"4190",1997,10,75 - 79,2,4
"4190",1997,10,80 - 84,5,2
"4190",1997,10,85 - 89,11,7
"4190",1997,10,90 - 94,0,0
"4190",1997,10,95+,0,0
"4190",1997,10,UNK,0,0
"4190",1997,11,Total,8,8
"4190",1997,11,0,8,5
"4190",1997,11,1,0,0
"4190",1997,11,2,0,1
"4190",1997,11,3,0,0
"4190",1997,11,4,0,0
"4190",1997,11,5 - 9,0,0
"4190",1997,11,10 - 14,0,0
"4190",1997,11,15 - 19,0,0
"4190",1997,11,20 - 24,0,1
"4190",1997,11,25 - 29,0,0
"4190",1997,11,30 - 34,0,0
"4190",1997,11,35 - 39,0,1
"4190",1997,11,40 - 44,0,0
"4190",1997,11,45 - 49,0,0
"4190",1997,11,50 - 54,0,0
"4190",1997,11,55 - 59,0,0
"4190",1997,11,60 - 64,0,0
"4190",1997,11,65 - 69,0,0
"4190",1997,11,70 - 74,0,0
"4190",1997,11,75 - 79,0,0
"4190",1997,11,80 - 84,0,0
"4190",1997,11,85 - 89,0,0
"4190",1997,11,90 - 94,0,0
"4190",1997,11,95+,0,0
"4190",1997,11,UNK,0,0
"4190",1997,12,Total,122,147
"4190",1997,12,0,0,0
"4190",1997,12,1,1,1
"4190",1997,12,2,0,0
"4190",1997,12,3,0,0
"4190",1997,12,4,0,0
"4190",1997,12,5 - 9,0,0
"4190",1997,12,10 - 14,0,0
"4190",1997,12,15 - 19,0,0
"4190",1997,12,20 - 24,1,1
"4190",1997,12,25 - 29,0,1
"4190",1997,12,30 - 34,0,0
"4190",1997,12,35 - 39,0,0
"4190",1997,12,40 - 44,3,0
"4190",1997,12,45 - 49,1,0
"4190",1997,12,50 - 54,2,2
"4190",1997,12,55 - 59,2,1
"4190",1997,12,60 - 64,4,8
"4190",1997,12,65 - 69,4,19
"4190",1997,12,70 - 74,13,21
"4190",1997,12,75 - 79,20,27
"4190",1997,12,80 - 84,22,30
"4190",1997,12,85 - 89,49,36
"4190",1997,12,90 - 94,0,0
"4190",1997,12,95+,0,0
"4190",1997,12,UNK,0,0
"4190",1997,13,Total,72,150
"4190",1997,13,0,0,0
"4190",1997,13,1,0,0
"4190",1997,13,2,0,1
"4190",1997,13,3,0,0
"4190",1997,13,4,0,0
"4190",1997,13,5 - 9,0,0
"4190",1997,13,10 - 14,1,1
"4190",1997,13,15 - 19,1,7
"4190",1997,13,20 - 24,3,20
"4190",1997,13,25 - 29,7,11
"4190",1997,13,30 - 34,3,13
"4190",1997,13,35 - 39,4,18
"4190",1997,13,40 - 44,6,9
"4190",1997,13,45 - 49,2,11
"4190",1997,13,50 - 54,2,6
"4190",1997,13,55 - 59,7,10
"4190",1997,13,60 - 64,3,6
"4190",1997,13,65 - 69,2,7
"4190",1997,13,70 - 74,3,8
"4190",1997,13,75 - 79,3,8
"4190",1997,13,80 - 84,10,7
"4190",1997,13,85 - 89,15,7
"4190",1997,13,90 - 94,0,0
"4190",1997,13,95+,0,0
"4190",1997,13,UNK,0,0
"4190",1997,14,Total,0,3
"4190",1997,14,0,0,0
"4190",1997,14,1,0,0
"4190",1997,14,2,0,0
"4190",1997,14,3,0,0
"4190",1997,14,4,0,0
"4190",1997,14,5 - 9,0,0
"4190",1997,14,10 - 14,0,0
"4190",1997,14,15 - 19,0,0
"4190",1997,14,20 - 24,0,0
"4190",1997,14,25 - 29,0,0
"4190",1997,14,30 - 34,0,1
"4190",1997,14,35 - 39,0,1
"4190",1997,14,40 - 44,0,0
"4190",1997,14,45 - 49,0,0
"4190",1997,14,50 - 54,0,0
"4190",1997,14,55 - 59,0,0
"4190",1997,14,60 - 64,0,0
"4190",1997,14,65 - 69,0,0
"4190",1997,14,70 - 74,0,0
"4190",1997,14,75 - 79,0,0
"4190",1997,14,80 - 84,0,0
"4190",1997,14,85 - 89,0,1
"4190",1997,14,90 - 94,0,0
"4190",1997,14,95+,0,0
"4190",1997,14,UNK,0,0
