"","Year","Cause","Age","Female","Male"
"4070",1990,1,Total,25053,25034
"4070",1990,1,0,182,186
"4070",1990,1,1,9,21
"4070",1990,1,2,6,9
"4070",1990,1,3,5,10
"4070",1990,1,4,5,1
"4070",1990,1,5 - 9,29,39
"4070",1990,1,10 - 14,20,43
"4070",1990,1,15 - 19,72,161
"4070",1990,1,20 - 24,91,287
"4070",1990,1,25 - 29,73,277
"4070",1990,1,30 - 34,121,400
"4070",1990,1,35 - 39,157,598
"4070",1990,1,40 - 44,338,917
"4070",1990,1,45 - 49,335,891
"4070",1990,1,50 - 54,473,1167
"4070",1990,1,55 - 59,602,1624
"4070",1990,1,60 - 64,1088,2480
"4070",1990,1,65 - 69,1893,2994
"4070",1990,1,70 - 74,2777,3123
"4070",1990,1,75 - 79,4346,3795
"4070",1990,1,80 - 84,5555,3309
"4070",1990,1,85 - 89,6876,2702
"4070",1990,1,90 - 94,0,0
"4070",1990,1,95+,0,0
"4070",1990,1,UNK,0,0
"4070",1990,2,Total,237,198
"4070",1990,2,0,5,6
"4070",1990,2,1,0,1
"4070",1990,2,2,0,0
"4070",1990,2,3,0,0
"4070",1990,2,4,0,0
"4070",1990,2,5 - 9,1,0
"4070",1990,2,10 - 14,0,1
"4070",1990,2,15 - 19,1,2
"4070",1990,2,20 - 24,0,2
"4070",1990,2,25 - 29,0,1
"4070",1990,2,30 - 34,1,7
"4070",1990,2,35 - 39,0,8
"4070",1990,2,40 - 44,4,13
"4070",1990,2,45 - 49,4,8
"4070",1990,2,50 - 54,7,9
"4070",1990,2,55 - 59,8,11
"4070",1990,2,60 - 64,18,15
"4070",1990,2,65 - 69,22,16
"4070",1990,2,70 - 74,22,27
"4070",1990,2,75 - 79,29,28
"4070",1990,2,80 - 84,42,28
"4070",1990,2,85 - 89,73,15
"4070",1990,2,90 - 94,0,0
"4070",1990,2,95+,0,0
"4070",1990,2,UNK,0,0
"4070",1990,3,Total,4931,5151
"4070",1990,3,0,4,0
"4070",1990,3,1,1,4
"4070",1990,3,2,1,1
"4070",1990,3,3,1,2
"4070",1990,3,4,1,0
"4070",1990,3,5 - 9,7,2
"4070",1990,3,10 - 14,4,5
"4070",1990,3,15 - 19,8,3
"4070",1990,3,20 - 24,10,11
"4070",1990,3,25 - 29,15,16
"4070",1990,3,30 - 34,27,22
"4070",1990,3,35 - 39,49,35
"4070",1990,3,40 - 44,121,93
"4070",1990,3,45 - 49,147,130
"4070",1990,3,50 - 54,218,212
"4070",1990,3,55 - 59,268,368
"4070",1990,3,60 - 64,434,671
"4070",1990,3,65 - 69,633,841
"4070",1990,3,70 - 74,702,843
"4070",1990,3,75 - 79,852,860
"4070",1990,3,80 - 84,826,617
"4070",1990,3,85 - 89,602,415
"4070",1990,3,90 - 94,0,0
"4070",1990,3,95+,0,0
"4070",1990,3,UNK,0,0
"4070",1990,4,Total,12926,11663
"4070",1990,4,0,3,2
"4070",1990,4,1,1,0
"4070",1990,4,2,0,0
"4070",1990,4,3,0,0
"4070",1990,4,4,0,0
"4070",1990,4,5 - 9,2,3
"4070",1990,4,10 - 14,1,2
"4070",1990,4,15 - 19,2,5
"4070",1990,4,20 - 24,5,5
"4070",1990,4,25 - 29,5,9
"4070",1990,4,30 - 34,9,41
"4070",1990,4,35 - 39,25,103
"4070",1990,4,40 - 44,52,233
"4070",1990,4,45 - 49,59,295
"4070",1990,4,50 - 54,109,499
"4070",1990,4,55 - 59,186,784
"4070",1990,4,60 - 64,403,1261
"4070",1990,4,65 - 69,867,1568
"4070",1990,4,70 - 74,1497,1583
"4070",1990,4,75 - 79,2496,2097
"4070",1990,4,80 - 84,3242,1766
"4070",1990,4,85 - 89,3962,1407
"4070",1990,4,90 - 94,0,0
"4070",1990,4,95+,0,0
"4070",1990,4,UNK,0,0
"4070",1990,5,Total,122,131
"4070",1990,5,0,21,20
"4070",1990,5,1,0,2
"4070",1990,5,2,0,0
"4070",1990,5,3,1,0
"4070",1990,5,4,1,0
"4070",1990,5,5 - 9,0,0
"4070",1990,5,10 - 14,0,1
"4070",1990,5,15 - 19,1,0
"4070",1990,5,20 - 24,2,5
"4070",1990,5,25 - 29,4,4
"4070",1990,5,30 - 34,2,10
"4070",1990,5,35 - 39,0,10
"4070",1990,5,40 - 44,9,8
"4070",1990,5,45 - 49,1,4
"4070",1990,5,50 - 54,2,14
"4070",1990,5,55 - 59,2,6
"4070",1990,5,60 - 64,1,13
"4070",1990,5,65 - 69,3,8
"4070",1990,5,70 - 74,2,3
"4070",1990,5,75 - 79,7,4
"4070",1990,5,80 - 84,13,6
"4070",1990,5,85 - 89,50,13
"4070",1990,5,90 - 94,0,0
"4070",1990,5,95+,0,0
"4070",1990,5,UNK,0,0
"4070",1990,6,Total,1128,463
"4070",1990,6,0,0,0
"4070",1990,6,1,0,0
"4070",1990,6,2,0,0
"4070",1990,6,3,0,0
"4070",1990,6,4,0,0
"4070",1990,6,5 - 9,0,0
"4070",1990,6,10 - 14,0,0
"4070",1990,6,15 - 19,0,1
"4070",1990,6,20 - 24,0,4
"4070",1990,6,25 - 29,1,1
"4070",1990,6,30 - 34,1,6
"4070",1990,6,35 - 39,3,13
"4070",1990,6,40 - 44,1,8
"4070",1990,6,45 - 49,3,20
"4070",1990,6,50 - 54,3,14
"4070",1990,6,55 - 59,6,8
"4070",1990,6,60 - 64,11,13
"4070",1990,6,65 - 69,13,24
"4070",1990,6,70 - 74,56,41
"4070",1990,6,75 - 79,162,77
"4070",1990,6,80 - 84,295,102
"4070",1990,6,85 - 89,573,131
"4070",1990,6,90 - 94,0,0
"4070",1990,6,95+,0,0
"4070",1990,6,UNK,0,0
"4070",1990,7,Total,493,367
"4070",1990,7,0,0,1
"4070",1990,7,1,0,3
"4070",1990,7,2,1,0
"4070",1990,7,3,1,1
"4070",1990,7,4,0,0
"4070",1990,7,5 - 9,1,3
"4070",1990,7,10 - 14,2,1
"4070",1990,7,15 - 19,2,1
"4070",1990,7,20 - 24,5,6
"4070",1990,7,25 - 29,3,6
"4070",1990,7,30 - 34,2,8
"4070",1990,7,35 - 39,4,16
"4070",1990,7,40 - 44,7,19
"4070",1990,7,45 - 49,5,8
"4070",1990,7,50 - 54,9,11
"4070",1990,7,55 - 59,12,12
"4070",1990,7,60 - 64,26,31
"4070",1990,7,65 - 69,46,43
"4070",1990,7,70 - 74,67,51
"4070",1990,7,75 - 79,99,51
"4070",1990,7,80 - 84,104,57
"4070",1990,7,85 - 89,97,38
"4070",1990,7,90 - 94,0,0
"4070",1990,7,95+,0,0
"4070",1990,7,UNK,0,0
"4070",1990,8,Total,427,243
"4070",1990,8,0,2,6
"4070",1990,8,1,0,1
"4070",1990,8,2,0,0
"4070",1990,8,3,0,0
"4070",1990,8,4,0,0
"4070",1990,8,5 - 9,2,2
"4070",1990,8,10 - 14,3,1
"4070",1990,8,15 - 19,1,0
"4070",1990,8,20 - 24,3,3
"4070",1990,8,25 - 29,1,5
"4070",1990,8,30 - 34,3,3
"4070",1990,8,35 - 39,7,7
"4070",1990,8,40 - 44,7,18
"4070",1990,8,45 - 49,7,13
"4070",1990,8,50 - 54,8,12
"4070",1990,8,55 - 59,10,16
"4070",1990,8,60 - 64,10,15
"4070",1990,8,65 - 69,35,25
"4070",1990,8,70 - 74,68,33
"4070",1990,8,75 - 79,82,29
"4070",1990,8,80 - 84,90,30
"4070",1990,8,85 - 89,88,24
"4070",1990,8,90 - 94,0,0
"4070",1990,8,95+,0,0
"4070",1990,8,UNK,0,0
"4070",1990,9,Total,924,923
"4070",1990,9,0,0,0
"4070",1990,9,1,0,0
"4070",1990,9,2,0,0
"4070",1990,9,3,0,1
"4070",1990,9,4,0,0
"4070",1990,9,5 - 9,0,0
"4070",1990,9,10 - 14,0,0
"4070",1990,9,15 - 19,1,1
"4070",1990,9,20 - 24,2,1
"4070",1990,9,25 - 29,1,4
"4070",1990,9,30 - 34,6,19
"4070",1990,9,35 - 39,8,53
"4070",1990,9,40 - 44,21,87
"4070",1990,9,45 - 49,24,79
"4070",1990,9,50 - 54,27,77
"4070",1990,9,55 - 59,16,102
"4070",1990,9,60 - 64,41,96
"4070",1990,9,65 - 69,51,87
"4070",1990,9,70 - 74,86,80
"4070",1990,9,75 - 79,154,78
"4070",1990,9,80 - 84,211,92
"4070",1990,9,85 - 89,275,66
"4070",1990,9,90 - 94,0,0
"4070",1990,9,95+,0,0
"4070",1990,9,UNK,0,0
"4070",1990,10,Total,343,194
"4070",1990,10,0,1,0
"4070",1990,10,1,0,0
"4070",1990,10,2,1,0
"4070",1990,10,3,0,0
"4070",1990,10,4,0,0
"4070",1990,10,5 - 9,0,0
"4070",1990,10,10 - 14,0,0
"4070",1990,10,15 - 19,1,0
"4070",1990,10,20 - 24,0,1
"4070",1990,10,25 - 29,0,0
"4070",1990,10,30 - 34,0,1
"4070",1990,10,35 - 39,1,3
"4070",1990,10,40 - 44,0,2
"4070",1990,10,45 - 49,0,4
"4070",1990,10,50 - 54,3,2
"4070",1990,10,55 - 59,2,2
"4070",1990,10,60 - 64,8,17
"4070",1990,10,65 - 69,18,16
"4070",1990,10,70 - 74,30,29
"4070",1990,10,75 - 79,57,39
"4070",1990,10,80 - 84,79,26
"4070",1990,10,85 - 89,142,52
"4070",1990,10,90 - 94,0,0
"4070",1990,10,95+,0,0
"4070",1990,10,UNK,0,0
"4070",1990,11,Total,199,205
"4070",1990,11,0,137,140
"4070",1990,11,1,3,7
"4070",1990,11,2,2,1
"4070",1990,11,3,0,1
"4070",1990,11,4,0,0
"4070",1990,11,5 - 9,4,9
"4070",1990,11,10 - 14,3,5
"4070",1990,11,15 - 19,5,4
"4070",1990,11,20 - 24,4,8
"4070",1990,11,25 - 29,3,2
"4070",1990,11,30 - 34,3,2
"4070",1990,11,35 - 39,3,5
"4070",1990,11,40 - 44,6,6
"4070",1990,11,45 - 49,1,2
"4070",1990,11,50 - 54,2,0
"4070",1990,11,55 - 59,3,1
"4070",1990,11,60 - 64,4,3
"4070",1990,11,65 - 69,3,2
"4070",1990,11,70 - 74,2,4
"4070",1990,11,75 - 79,7,1
"4070",1990,11,80 - 84,2,2
"4070",1990,11,85 - 89,2,0
"4070",1990,11,90 - 94,0,0
"4070",1990,11,95+,0,0
"4070",1990,11,UNK,0,0
"4070",1990,12,Total,1751,1995
"4070",1990,12,0,3,5
"4070",1990,12,1,1,1
"4070",1990,12,2,0,0
"4070",1990,12,3,0,1
"4070",1990,12,4,0,0
"4070",1990,12,5 - 9,2,1
"4070",1990,12,10 - 14,0,0
"4070",1990,12,15 - 19,0,0
"4070",1990,12,20 - 24,0,2
"4070",1990,12,25 - 29,1,4
"4070",1990,12,30 - 34,1,8
"4070",1990,12,35 - 39,7,11
"4070",1990,12,40 - 44,7,15
"4070",1990,12,45 - 49,12,24
"4070",1990,12,50 - 54,17,37
"4070",1990,12,55 - 59,24,53
"4070",1990,12,60 - 64,33,120
"4070",1990,12,65 - 69,90,181
"4070",1990,12,70 - 74,119,285
"4070",1990,12,75 - 79,244,378
"4070",1990,12,80 - 84,432,444
"4070",1990,12,85 - 89,758,425
"4070",1990,12,90 - 94,0,0
"4070",1990,12,95+,0,0
"4070",1990,12,UNK,0,0
"4070",1990,13,Total,1269,3306
"4070",1990,13,0,5,4
"4070",1990,13,1,2,2
"4070",1990,13,2,1,6
"4070",1990,13,3,2,4
"4070",1990,13,4,2,1
"4070",1990,13,5 - 9,10,19
"4070",1990,13,10 - 14,6,26
"4070",1990,13,15 - 19,44,139
"4070",1990,13,20 - 24,54,231
"4070",1990,13,25 - 29,36,213
"4070",1990,13,30 - 34,58,264
"4070",1990,13,35 - 39,46,318
"4070",1990,13,40 - 44,95,395
"4070",1990,13,45 - 49,67,287
"4070",1990,13,50 - 54,57,264
"4070",1990,13,55 - 59,60,249
"4070",1990,13,60 - 64,76,209
"4070",1990,13,65 - 69,75,173
"4070",1990,13,70 - 74,87,127
"4070",1990,13,75 - 79,109,138
"4070",1990,13,80 - 84,178,126
"4070",1990,13,85 - 89,199,111
"4070",1990,13,90 - 94,0,0
"4070",1990,13,95+,0,0
"4070",1990,13,UNK,0,0
"4070",1990,14,Total,40,120
"4070",1990,14,0,1,2
"4070",1990,14,1,0,0
"4070",1990,14,2,0,1
"4070",1990,14,3,0,0
"4070",1990,14,4,0,0
"4070",1990,14,5 - 9,0,0
"4070",1990,14,10 - 14,0,1
"4070",1990,14,15 - 19,5,4
"4070",1990,14,20 - 24,4,8
"4070",1990,14,25 - 29,2,12
"4070",1990,14,30 - 34,6,8
"4070",1990,14,35 - 39,4,16
"4070",1990,14,40 - 44,5,19
"4070",1990,14,45 - 49,3,17
"4070",1990,14,50 - 54,2,10
"4070",1990,14,55 - 59,1,5
"4070",1990,14,60 - 64,4,7
"4070",1990,14,65 - 69,3,3
"4070",1990,14,70 - 74,0,4
"4070",1990,14,75 - 79,0,2
"4070",1990,14,80 - 84,0,1
"4070",1990,14,85 - 89,0,0
"4070",1990,14,90 - 94,0,0
"4070",1990,14,95+,0,0
"4070",1990,14,UNK,0,0
"4070",1991,1,Total,24727,24579
"4070",1991,1,0,166,217
"4070",1991,1,1,15,12
"4070",1991,1,2,5,10
"4070",1991,1,3,10,9
"4070",1991,1,4,4,5
"4070",1991,1,5 - 9,26,34
"4070",1991,1,10 - 14,21,33
"4070",1991,1,15 - 19,43,151
"4070",1991,1,20 - 24,66,250
"4070",1991,1,25 - 29,70,290
"4070",1991,1,30 - 34,110,410
"4070",1991,1,35 - 39,216,618
"4070",1991,1,40 - 44,305,880
"4070",1991,1,45 - 49,339,947
"4070",1991,1,50 - 54,458,1085
"4070",1991,1,55 - 59,601,1502
"4070",1991,1,60 - 64,1054,2448
"4070",1991,1,65 - 69,1724,3033
"4070",1991,1,70 - 74,2640,3086
"4070",1991,1,75 - 79,4316,3598
"4070",1991,1,80 - 84,5506,3229
"4070",1991,1,85 - 89,7032,2732
"4070",1991,1,90 - 94,0,0
"4070",1991,1,95+,0,0
"4070",1991,1,UNK,0,0
"4070",1991,2,Total,219,171
"4070",1991,2,0,1,3
"4070",1991,2,1,1,1
"4070",1991,2,2,1,2
"4070",1991,2,3,0,0
"4070",1991,2,4,0,0
"4070",1991,2,5 - 9,0,1
"4070",1991,2,10 - 14,0,2
"4070",1991,2,15 - 19,1,0
"4070",1991,2,20 - 24,2,1
"4070",1991,2,25 - 29,0,1
"4070",1991,2,30 - 34,1,6
"4070",1991,2,35 - 39,3,7
"4070",1991,2,40 - 44,3,9
"4070",1991,2,45 - 49,4,7
"4070",1991,2,50 - 54,4,6
"4070",1991,2,55 - 59,8,10
"4070",1991,2,60 - 64,6,12
"4070",1991,2,65 - 69,21,21
"4070",1991,2,70 - 74,25,20
"4070",1991,2,75 - 79,28,19
"4070",1991,2,80 - 84,45,21
"4070",1991,2,85 - 89,65,22
"4070",1991,2,90 - 94,0,0
"4070",1991,2,95+,0,0
"4070",1991,2,UNK,0,0
"4070",1991,3,Total,4805,5075
"4070",1991,3,0,3,4
"4070",1991,3,1,1,3
"4070",1991,3,2,1,1
"4070",1991,3,3,4,1
"4070",1991,3,4,1,3
"4070",1991,3,5 - 9,6,9
"4070",1991,3,10 - 14,1,5
"4070",1991,3,15 - 19,2,13
"4070",1991,3,20 - 24,13,11
"4070",1991,3,25 - 29,14,17
"4070",1991,3,30 - 34,33,20
"4070",1991,3,35 - 39,47,43
"4070",1991,3,40 - 44,110,77
"4070",1991,3,45 - 49,146,140
"4070",1991,3,50 - 54,202,220
"4070",1991,3,55 - 59,262,336
"4070",1991,3,60 - 64,452,635
"4070",1991,3,65 - 69,576,849
"4070",1991,3,70 - 74,696,839
"4070",1991,3,75 - 79,808,832
"4070",1991,3,80 - 84,779,612
"4070",1991,3,85 - 89,648,405
"4070",1991,3,90 - 94,0,0
"4070",1991,3,95+,0,0
"4070",1991,3,UNK,0,0
"4070",1991,4,Total,12815,11480
"4070",1991,4,0,3,1
"4070",1991,4,1,0,0
"4070",1991,4,2,0,0
"4070",1991,4,3,0,0
"4070",1991,4,4,0,0
"4070",1991,4,5 - 9,0,1
"4070",1991,4,10 - 14,0,2
"4070",1991,4,15 - 19,1,5
"4070",1991,4,20 - 24,2,5
"4070",1991,4,25 - 29,7,10
"4070",1991,4,30 - 34,10,62
"4070",1991,4,35 - 39,33,97
"4070",1991,4,40 - 44,42,231
"4070",1991,4,45 - 49,50,304
"4070",1991,4,50 - 54,107,447
"4070",1991,4,55 - 59,166,706
"4070",1991,4,60 - 64,354,1243
"4070",1991,4,65 - 69,805,1555
"4070",1991,4,70 - 74,1377,1673
"4070",1991,4,75 - 79,2477,1991
"4070",1991,4,80 - 84,3273,1718
"4070",1991,4,85 - 89,4108,1429
"4070",1991,4,90 - 94,0,0
"4070",1991,4,95+,0,0
"4070",1991,4,UNK,0,0
"4070",1991,5,Total,94,108
"4070",1991,5,0,10,21
"4070",1991,5,1,2,0
"4070",1991,5,2,0,0
"4070",1991,5,3,0,0
"4070",1991,5,4,0,0
"4070",1991,5,5 - 9,0,0
"4070",1991,5,10 - 14,1,1
"4070",1991,5,15 - 19,0,2
"4070",1991,5,20 - 24,2,0
"4070",1991,5,25 - 29,2,4
"4070",1991,5,30 - 34,2,5
"4070",1991,5,35 - 39,2,12
"4070",1991,5,40 - 44,1,10
"4070",1991,5,45 - 49,2,1
"4070",1991,5,50 - 54,6,5
"4070",1991,5,55 - 59,2,8
"4070",1991,5,60 - 64,2,3
"4070",1991,5,65 - 69,2,7
"4070",1991,5,70 - 74,3,3
"4070",1991,5,75 - 79,5,6
"4070",1991,5,80 - 84,8,5
"4070",1991,5,85 - 89,42,15
"4070",1991,5,90 - 94,0,0
"4070",1991,5,95+,0,0
"4070",1991,5,UNK,0,0
"4070",1991,6,Total,1218,519
"4070",1991,6,0,0,0
"4070",1991,6,1,0,0
"4070",1991,6,2,0,0
"4070",1991,6,3,0,0
"4070",1991,6,4,0,0
"4070",1991,6,5 - 9,0,0
"4070",1991,6,10 - 14,0,0
"4070",1991,6,15 - 19,0,0
"4070",1991,6,20 - 24,1,3
"4070",1991,6,25 - 29,0,6
"4070",1991,6,30 - 34,1,7
"4070",1991,6,35 - 39,2,14
"4070",1991,6,40 - 44,1,19
"4070",1991,6,45 - 49,2,11
"4070",1991,6,50 - 54,2,13
"4070",1991,6,55 - 59,2,13
"4070",1991,6,60 - 64,5,16
"4070",1991,6,65 - 69,12,23
"4070",1991,6,70 - 74,53,31
"4070",1991,6,75 - 79,161,75
"4070",1991,6,80 - 84,344,139
"4070",1991,6,85 - 89,632,149
"4070",1991,6,90 - 94,0,0
"4070",1991,6,95+,0,0
"4070",1991,6,UNK,0,0
"4070",1991,7,Total,533,392
"4070",1991,7,0,2,3
"4070",1991,7,1,2,0
"4070",1991,7,2,1,0
"4070",1991,7,3,0,0
"4070",1991,7,4,1,0
"4070",1991,7,5 - 9,0,2
"4070",1991,7,10 - 14,4,2
"4070",1991,7,15 - 19,4,4
"4070",1991,7,20 - 24,2,7
"4070",1991,7,25 - 29,3,7
"4070",1991,7,30 - 34,5,6
"4070",1991,7,35 - 39,10,17
"4070",1991,7,40 - 44,12,17
"4070",1991,7,45 - 49,11,19
"4070",1991,7,50 - 54,17,16
"4070",1991,7,55 - 59,18,21
"4070",1991,7,60 - 64,35,27
"4070",1991,7,65 - 69,51,52
"4070",1991,7,70 - 74,72,48
"4070",1991,7,75 - 79,95,58
"4070",1991,7,80 - 84,102,49
"4070",1991,7,85 - 89,86,37
"4070",1991,7,90 - 94,0,0
"4070",1991,7,95+,0,0
"4070",1991,7,UNK,0,0
"4070",1991,8,Total,397,237
"4070",1991,8,0,5,4
"4070",1991,8,1,0,0
"4070",1991,8,2,0,0
"4070",1991,8,3,1,1
"4070",1991,8,4,0,0
"4070",1991,8,5 - 9,1,1
"4070",1991,8,10 - 14,1,0
"4070",1991,8,15 - 19,0,0
"4070",1991,8,20 - 24,1,2
"4070",1991,8,25 - 29,3,4
"4070",1991,8,30 - 34,4,5
"4070",1991,8,35 - 39,6,13
"4070",1991,8,40 - 44,2,20
"4070",1991,8,45 - 49,4,11
"4070",1991,8,50 - 54,5,10
"4070",1991,8,55 - 59,3,16
"4070",1991,8,60 - 64,13,28
"4070",1991,8,65 - 69,29,29
"4070",1991,8,70 - 74,43,20
"4070",1991,8,75 - 79,99,24
"4070",1991,8,80 - 84,95,28
"4070",1991,8,85 - 89,82,21
"4070",1991,8,90 - 94,0,0
"4070",1991,8,95+,0,0
"4070",1991,8,UNK,0,0
"4070",1991,9,Total,959,919
"4070",1991,9,0,2,1
"4070",1991,9,1,0,0
"4070",1991,9,2,0,0
"4070",1991,9,3,0,0
"4070",1991,9,4,0,0
"4070",1991,9,5 - 9,0,1
"4070",1991,9,10 - 14,0,0
"4070",1991,9,15 - 19,0,0
"4070",1991,9,20 - 24,0,1
"4070",1991,9,25 - 29,0,2
"4070",1991,9,30 - 34,4,16
"4070",1991,9,35 - 39,8,46
"4070",1991,9,40 - 44,24,69
"4070",1991,9,45 - 49,15,116
"4070",1991,9,50 - 54,21,71
"4070",1991,9,55 - 59,26,76
"4070",1991,9,60 - 64,42,116
"4070",1991,9,65 - 69,64,94
"4070",1991,9,70 - 74,101,71
"4070",1991,9,75 - 79,165,72
"4070",1991,9,80 - 84,203,87
"4070",1991,9,85 - 89,284,80
"4070",1991,9,90 - 94,0,0
"4070",1991,9,95+,0,0
"4070",1991,9,UNK,0,0
"4070",1991,10,Total,346,198
"4070",1991,10,0,0,0
"4070",1991,10,1,0,0
"4070",1991,10,2,0,0
"4070",1991,10,3,0,0
"4070",1991,10,4,0,0
"4070",1991,10,5 - 9,0,0
"4070",1991,10,10 - 14,0,0
"4070",1991,10,15 - 19,0,0
"4070",1991,10,20 - 24,0,0
"4070",1991,10,25 - 29,0,1
"4070",1991,10,30 - 34,0,4
"4070",1991,10,35 - 39,1,2
"4070",1991,10,40 - 44,1,2
"4070",1991,10,45 - 49,3,5
"4070",1991,10,50 - 54,2,5
"4070",1991,10,55 - 59,7,6
"4070",1991,10,60 - 64,8,5
"4070",1991,10,65 - 69,16,18
"4070",1991,10,70 - 74,33,19
"4070",1991,10,75 - 79,57,41
"4070",1991,10,80 - 84,94,37
"4070",1991,10,85 - 89,124,53
"4070",1991,10,90 - 94,0,0
"4070",1991,10,95+,0,0
"4070",1991,10,UNK,0,0
"4070",1991,11,Total,178,234
"4070",1991,11,0,132,171
"4070",1991,11,1,5,6
"4070",1991,11,2,1,0
"4070",1991,11,3,1,3
"4070",1991,11,4,0,0
"4070",1991,11,5 - 9,5,6
"4070",1991,11,10 - 14,3,0
"4070",1991,11,15 - 19,2,3
"4070",1991,11,20 - 24,4,7
"4070",1991,11,25 - 29,1,1
"4070",1991,11,30 - 34,1,7
"4070",1991,11,35 - 39,3,7
"4070",1991,11,40 - 44,1,5
"4070",1991,11,45 - 49,4,7
"4070",1991,11,50 - 54,0,1
"4070",1991,11,55 - 59,1,4
"4070",1991,11,60 - 64,2,1
"4070",1991,11,65 - 69,0,3
"4070",1991,11,70 - 74,4,1
"4070",1991,11,75 - 79,3,1
"4070",1991,11,80 - 84,5,0
"4070",1991,11,85 - 89,0,0
"4070",1991,11,90 - 94,0,0
"4070",1991,11,95+,0,0
"4070",1991,11,UNK,0,0
"4070",1991,12,Total,1630,1819
"4070",1991,12,0,4,2
"4070",1991,12,1,0,0
"4070",1991,12,2,0,0
"4070",1991,12,3,0,0
"4070",1991,12,4,1,0
"4070",1991,12,5 - 9,0,0
"4070",1991,12,10 - 14,1,1
"4070",1991,12,15 - 19,1,1
"4070",1991,12,20 - 24,1,2
"4070",1991,12,25 - 29,2,4
"4070",1991,12,30 - 34,4,4
"4070",1991,12,35 - 39,8,12
"4070",1991,12,40 - 44,12,29
"4070",1991,12,45 - 49,11,25
"4070",1991,12,50 - 54,16,37
"4070",1991,12,55 - 59,25,54
"4070",1991,12,60 - 64,43,102
"4070",1991,12,65 - 69,69,195
"4070",1991,12,70 - 74,116,231
"4070",1991,12,75 - 79,254,324
"4070",1991,12,80 - 84,370,389
"4070",1991,12,85 - 89,692,407
"4070",1991,12,90 - 94,0,0
"4070",1991,12,95+,0,0
"4070",1991,12,UNK,0,0
"4070",1991,13,Total,1267,3232
"4070",1991,13,0,4,6
"4070",1991,13,1,4,2
"4070",1991,13,2,1,7
"4070",1991,13,3,4,3
"4070",1991,13,4,1,2
"4070",1991,13,5 - 9,13,12
"4070",1991,13,10 - 14,9,18
"4070",1991,13,15 - 19,29,119
"4070",1991,13,20 - 24,36,205
"4070",1991,13,25 - 29,36,222
"4070",1991,13,30 - 34,39,253
"4070",1991,13,35 - 39,83,335
"4070",1991,13,40 - 44,85,364
"4070",1991,13,45 - 49,84,287
"4070",1991,13,50 - 54,70,245
"4070",1991,13,55 - 59,70,241
"4070",1991,13,60 - 64,67,246
"4070",1991,13,65 - 69,55,179
"4070",1991,13,70 - 74,84,113
"4070",1991,13,75 - 79,118,144
"4070",1991,13,80 - 84,150,123
"4070",1991,13,85 - 89,225,106
"4070",1991,13,90 - 94,0,0
"4070",1991,13,95+,0,0
"4070",1991,13,UNK,0,0
"4070",1991,14,Total,38,116
"4070",1991,14,0,0,1
"4070",1991,14,1,0,0
"4070",1991,14,2,0,0
"4070",1991,14,3,0,1
"4070",1991,14,4,0,0
"4070",1991,14,5 - 9,0,1
"4070",1991,14,10 - 14,1,2
"4070",1991,14,15 - 19,3,4
"4070",1991,14,20 - 24,2,6
"4070",1991,14,25 - 29,2,11
"4070",1991,14,30 - 34,4,14
"4070",1991,14,35 - 39,6,13
"4070",1991,14,40 - 44,5,24
"4070",1991,14,45 - 49,1,12
"4070",1991,14,50 - 54,3,5
"4070",1991,14,55 - 59,4,4
"4070",1991,14,60 - 64,4,8
"4070",1991,14,65 - 69,1,3
"4070",1991,14,70 - 74,1,5
"4070",1991,14,75 - 79,0,2
"4070",1991,14,80 - 84,0,0
"4070",1991,14,85 - 89,1,0
"4070",1991,14,90 - 94,0,0
"4070",1991,14,95+,0,0
"4070",1991,14,UNK,0,0
"4070",1992,1,Total,24987,24865
"4070",1992,1,0,146,198
"4070",1992,1,1,16,12
"4070",1992,1,2,4,12
"4070",1992,1,3,4,6
"4070",1992,1,4,5,4
"4070",1992,1,5 - 9,35,28
"4070",1992,1,10 - 14,32,30
"4070",1992,1,15 - 19,53,128
"4070",1992,1,20 - 24,62,218
"4070",1992,1,25 - 29,82,261
"4070",1992,1,30 - 34,98,360
"4070",1992,1,35 - 39,196,574
"4070",1992,1,40 - 44,306,847
"4070",1992,1,45 - 49,412,987
"4070",1992,1,50 - 54,436,1135
"4070",1992,1,55 - 59,593,1411
"4070",1992,1,60 - 64,1027,2379
"4070",1992,1,65 - 69,1790,2982
"4070",1992,1,70 - 74,2631,3251
"4070",1992,1,75 - 79,4169,3680
"4070",1992,1,80 - 84,5484,3524
"4070",1992,1,85 - 89,7406,2838
"4070",1992,1,90 - 94,0,0
"4070",1992,1,95+,0,0
"4070",1992,1,UNK,0,0
"4070",1992,2,Total,185,161
"4070",1992,2,0,2,0
"4070",1992,2,1,3,1
"4070",1992,2,2,0,1
"4070",1992,2,3,0,1
"4070",1992,2,4,0,1
"4070",1992,2,5 - 9,0,0
"4070",1992,2,10 - 14,0,2
"4070",1992,2,15 - 19,1,0
"4070",1992,2,20 - 24,0,0
"4070",1992,2,25 - 29,1,0
"4070",1992,2,30 - 34,1,6
"4070",1992,2,35 - 39,0,7
"4070",1992,2,40 - 44,2,8
"4070",1992,2,45 - 49,1,11
"4070",1992,2,50 - 54,6,13
"4070",1992,2,55 - 59,3,13
"4070",1992,2,60 - 64,11,14
"4070",1992,2,65 - 69,19,18
"4070",1992,2,70 - 74,21,19
"4070",1992,2,75 - 79,36,16
"4070",1992,2,80 - 84,36,17
"4070",1992,2,85 - 89,42,13
"4070",1992,2,90 - 94,0,0
"4070",1992,2,95+,0,0
"4070",1992,2,UNK,0,0
"4070",1992,3,Total,4979,5266
"4070",1992,3,0,1,2
"4070",1992,3,1,0,3
"4070",1992,3,2,0,4
"4070",1992,3,3,1,1
"4070",1992,3,4,1,0
"4070",1992,3,5 - 9,9,1
"4070",1992,3,10 - 14,4,5
"4070",1992,3,15 - 19,5,7
"4070",1992,3,20 - 24,6,14
"4070",1992,3,25 - 29,14,10
"4070",1992,3,30 - 34,17,26
"4070",1992,3,35 - 39,57,46
"4070",1992,3,40 - 44,124,81
"4070",1992,3,45 - 49,172,153
"4070",1992,3,50 - 54,191,225
"4070",1992,3,55 - 59,272,344
"4070",1992,3,60 - 64,438,650
"4070",1992,3,65 - 69,630,826
"4070",1992,3,70 - 74,696,836
"4070",1992,3,75 - 79,848,862
"4070",1992,3,80 - 84,790,741
"4070",1992,3,85 - 89,703,429
"4070",1992,3,90 - 94,0,0
"4070",1992,3,95+,0,0
"4070",1992,3,UNK,0,0
"4070",1992,4,Total,12726,11591
"4070",1992,4,0,0,2
"4070",1992,4,1,1,1
"4070",1992,4,2,1,0
"4070",1992,4,3,0,0
"4070",1992,4,4,1,0
"4070",1992,4,5 - 9,2,2
"4070",1992,4,10 - 14,1,2
"4070",1992,4,15 - 19,2,2
"4070",1992,4,20 - 24,2,5
"4070",1992,4,25 - 29,7,10
"4070",1992,4,30 - 34,12,30
"4070",1992,4,35 - 39,27,107
"4070",1992,4,40 - 44,44,209
"4070",1992,4,45 - 49,61,310
"4070",1992,4,50 - 54,91,419
"4070",1992,4,55 - 59,152,659
"4070",1992,4,60 - 64,341,1184
"4070",1992,4,65 - 69,764,1562
"4070",1992,4,70 - 74,1384,1741
"4070",1992,4,75 - 79,2344,2022
"4070",1992,4,80 - 84,3271,1874
"4070",1992,4,85 - 89,4218,1450
"4070",1992,4,90 - 94,0,0
"4070",1992,4,95+,0,0
"4070",1992,4,UNK,0,0
"4070",1992,5,Total,92,99
"4070",1992,5,0,17,19
"4070",1992,5,1,1,1
"4070",1992,5,2,0,0
"4070",1992,5,3,0,0
"4070",1992,5,4,0,0
"4070",1992,5,5 - 9,0,0
"4070",1992,5,10 - 14,0,0
"4070",1992,5,15 - 19,0,0
"4070",1992,5,20 - 24,1,3
"4070",1992,5,25 - 29,0,2
"4070",1992,5,30 - 34,2,5
"4070",1992,5,35 - 39,5,5
"4070",1992,5,40 - 44,0,4
"4070",1992,5,45 - 49,5,8
"4070",1992,5,50 - 54,1,8
"4070",1992,5,55 - 59,2,4
"4070",1992,5,60 - 64,1,8
"4070",1992,5,65 - 69,4,3
"4070",1992,5,70 - 74,2,1
"4070",1992,5,75 - 79,4,5
"4070",1992,5,80 - 84,5,4
"4070",1992,5,85 - 89,42,19
"4070",1992,5,90 - 94,0,0
"4070",1992,5,95+,0,0
"4070",1992,5,UNK,0,0
"4070",1992,6,Total,1226,514
"4070",1992,6,0,0,0
"4070",1992,6,1,0,0
"4070",1992,6,2,0,0
"4070",1992,6,3,0,0
"4070",1992,6,4,0,0
"4070",1992,6,5 - 9,0,0
"4070",1992,6,10 - 14,0,0
"4070",1992,6,15 - 19,1,0
"4070",1992,6,20 - 24,1,2
"4070",1992,6,25 - 29,1,1
"4070",1992,6,30 - 34,2,6
"4070",1992,6,35 - 39,0,8
"4070",1992,6,40 - 44,2,10
"4070",1992,6,45 - 49,1,12
"4070",1992,6,50 - 54,4,18
"4070",1992,6,55 - 59,1,12
"4070",1992,6,60 - 64,4,10
"4070",1992,6,65 - 69,16,19
"4070",1992,6,70 - 74,41,35
"4070",1992,6,75 - 79,129,65
"4070",1992,6,80 - 84,296,120
"4070",1992,6,85 - 89,727,196
"4070",1992,6,90 - 94,0,0
"4070",1992,6,95+,0,0
"4070",1992,6,UNK,0,0
"4070",1992,7,Total,484,395
"4070",1992,7,0,3,2
"4070",1992,7,1,2,2
"4070",1992,7,2,0,1
"4070",1992,7,3,0,0
"4070",1992,7,4,0,0
"4070",1992,7,5 - 9,6,0
"4070",1992,7,10 - 14,2,2
"4070",1992,7,15 - 19,4,2
"4070",1992,7,20 - 24,5,6
"4070",1992,7,25 - 29,4,6
"4070",1992,7,30 - 34,4,8
"4070",1992,7,35 - 39,11,7
"4070",1992,7,40 - 44,12,19
"4070",1992,7,45 - 49,14,17
"4070",1992,7,50 - 54,13,11
"4070",1992,7,55 - 59,14,21
"4070",1992,7,60 - 64,26,22
"4070",1992,7,65 - 69,38,35
"4070",1992,7,70 - 74,61,56
"4070",1992,7,75 - 79,105,67
"4070",1992,7,80 - 84,75,73
"4070",1992,7,85 - 89,85,38
"4070",1992,7,90 - 94,0,0
"4070",1992,7,95+,0,0
"4070",1992,7,UNK,0,0
"4070",1992,8,Total,417,243
"4070",1992,8,0,6,2
"4070",1992,8,1,2,0
"4070",1992,8,2,0,1
"4070",1992,8,3,0,0
"4070",1992,8,4,0,1
"4070",1992,8,5 - 9,1,1
"4070",1992,8,10 - 14,0,0
"4070",1992,8,15 - 19,0,1
"4070",1992,8,20 - 24,1,1
"4070",1992,8,25 - 29,0,1
"4070",1992,8,30 - 34,4,9
"4070",1992,8,35 - 39,6,15
"4070",1992,8,40 - 44,6,15
"4070",1992,8,45 - 49,9,10
"4070",1992,8,50 - 54,2,10
"4070",1992,8,55 - 59,14,11
"4070",1992,8,60 - 64,20,32
"4070",1992,8,65 - 69,31,17
"4070",1992,8,70 - 74,62,34
"4070",1992,8,75 - 79,77,32
"4070",1992,8,80 - 84,96,31
"4070",1992,8,85 - 89,80,19
"4070",1992,8,90 - 94,0,0
"4070",1992,8,95+,0,0
"4070",1992,8,UNK,0,0
"4070",1992,9,Total,975,980
"4070",1992,9,0,0,0
"4070",1992,9,1,0,0
"4070",1992,9,2,0,0
"4070",1992,9,3,0,0
"4070",1992,9,4,0,0
"4070",1992,9,5 - 9,1,0
"4070",1992,9,10 - 14,0,0
"4070",1992,9,15 - 19,0,2
"4070",1992,9,20 - 24,0,1
"4070",1992,9,25 - 29,3,2
"4070",1992,9,30 - 34,3,12
"4070",1992,9,35 - 39,12,45
"4070",1992,9,40 - 44,13,68
"4070",1992,9,45 - 49,27,108
"4070",1992,9,50 - 54,22,93
"4070",1992,9,55 - 59,31,75
"4070",1992,9,60 - 64,38,112
"4070",1992,9,65 - 69,72,82
"4070",1992,9,70 - 74,71,90
"4070",1992,9,75 - 79,151,101
"4070",1992,9,80 - 84,216,83
"4070",1992,9,85 - 89,315,106
"4070",1992,9,90 - 94,0,0
"4070",1992,9,95+,0,0
"4070",1992,9,UNK,0,0
"4070",1992,10,Total,383,181
"4070",1992,10,0,0,0
"4070",1992,10,1,0,0
"4070",1992,10,2,0,0
"4070",1992,10,3,0,1
"4070",1992,10,4,0,0
"4070",1992,10,5 - 9,0,0
"4070",1992,10,10 - 14,0,0
"4070",1992,10,15 - 19,0,0
"4070",1992,10,20 - 24,0,0
"4070",1992,10,25 - 29,0,0
"4070",1992,10,30 - 34,0,0
"4070",1992,10,35 - 39,0,0
"4070",1992,10,40 - 44,0,3
"4070",1992,10,45 - 49,3,2
"4070",1992,10,50 - 54,2,4
"4070",1992,10,55 - 59,3,4
"4070",1992,10,60 - 64,10,8
"4070",1992,10,65 - 69,11,9
"4070",1992,10,70 - 74,28,20
"4070",1992,10,75 - 79,65,41
"4070",1992,10,80 - 84,102,39
"4070",1992,10,85 - 89,159,50
"4070",1992,10,90 - 94,0,0
"4070",1992,10,95+,0,0
"4070",1992,10,UNK,0,0
"4070",1992,11,Total,183,217
"4070",1992,11,0,115,165
"4070",1992,11,1,5,2
"4070",1992,11,2,1,2
"4070",1992,11,3,0,0
"4070",1992,11,4,3,1
"4070",1992,11,5 - 9,7,3
"4070",1992,11,10 - 14,6,1
"4070",1992,11,15 - 19,2,3
"4070",1992,11,20 - 24,3,4
"4070",1992,11,25 - 29,3,4
"4070",1992,11,30 - 34,2,8
"4070",1992,11,35 - 39,1,1
"4070",1992,11,40 - 44,7,3
"4070",1992,11,45 - 49,4,5
"4070",1992,11,50 - 54,0,2
"4070",1992,11,55 - 59,2,4
"4070",1992,11,60 - 64,3,4
"4070",1992,11,65 - 69,4,2
"4070",1992,11,70 - 74,6,0
"4070",1992,11,75 - 79,5,0
"4070",1992,11,80 - 84,3,3
"4070",1992,11,85 - 89,1,0
"4070",1992,11,90 - 94,0,0
"4070",1992,11,95+,0,0
"4070",1992,11,UNK,0,0
"4070",1992,12,Total,1741,1897
"4070",1992,12,0,0,0
"4070",1992,12,1,0,0
"4070",1992,12,2,0,0
"4070",1992,12,3,0,0
"4070",1992,12,4,0,0
"4070",1992,12,5 - 9,1,1
"4070",1992,12,10 - 14,2,1
"4070",1992,12,15 - 19,0,4
"4070",1992,12,20 - 24,2,3
"4070",1992,12,25 - 29,0,0
"4070",1992,12,30 - 34,0,5
"4070",1992,12,35 - 39,5,7
"4070",1992,12,40 - 44,8,31
"4070",1992,12,45 - 49,6,26
"4070",1992,12,50 - 54,18,43
"4070",1992,12,55 - 59,21,41
"4070",1992,12,60 - 64,32,125
"4070",1992,12,65 - 69,94,210
"4070",1992,12,70 - 74,134,270
"4070",1992,12,75 - 79,249,331
"4070",1992,12,80 - 84,396,395
"4070",1992,12,85 - 89,773,404
"4070",1992,12,90 - 94,0,0
"4070",1992,12,95+,0,0
"4070",1992,12,UNK,0,0
"4070",1992,13,Total,1246,3118
"4070",1992,13,0,2,5
"4070",1992,13,1,2,2
"4070",1992,13,2,2,3
"4070",1992,13,3,2,2
"4070",1992,13,4,0,1
"4070",1992,13,5 - 9,8,19
"4070",1992,13,10 - 14,16,16
"4070",1992,13,15 - 19,36,101
"4070",1992,13,20 - 24,30,167
"4070",1992,13,25 - 29,43,215
"4070",1992,13,30 - 34,43,235
"4070",1992,13,35 - 39,60,309
"4070",1992,13,40 - 44,81,368
"4070",1992,13,45 - 49,99,311
"4070",1992,13,50 - 54,71,278
"4070",1992,13,55 - 59,63,211
"4070",1992,13,60 - 64,74,203
"4070",1992,13,65 - 69,77,185
"4070",1992,13,70 - 74,78,132
"4070",1992,13,75 - 79,114,124
"4070",1992,13,80 - 84,140,131
"4070",1992,13,85 - 89,205,100
"4070",1992,13,90 - 94,0,0
"4070",1992,13,95+,0,0
"4070",1992,13,UNK,0,0
"4070",1992,14,Total,61,112
"4070",1992,14,0,0,1
"4070",1992,14,1,0,0
"4070",1992,14,2,0,0
"4070",1992,14,3,1,1
"4070",1992,14,4,0,0
"4070",1992,14,5 - 9,0,0
"4070",1992,14,10 - 14,1,1
"4070",1992,14,15 - 19,2,5
"4070",1992,14,20 - 24,8,12
"4070",1992,14,25 - 29,2,10
"4070",1992,14,30 - 34,7,8
"4070",1992,14,35 - 39,11,17
"4070",1992,14,40 - 44,6,24
"4070",1992,14,45 - 49,7,13
"4070",1992,14,50 - 54,6,5
"4070",1992,14,55 - 59,3,6
"4070",1992,14,60 - 64,0,1
"4070",1992,14,65 - 69,2,3
"4070",1992,14,70 - 74,2,1
"4070",1992,14,75 - 79,1,1
"4070",1992,14,80 - 84,1,2
"4070",1992,14,85 - 89,1,1
"4070",1992,14,90 - 94,0,0
"4070",1992,14,95+,0,0
"4070",1992,14,UNK,0,0
"4070",1993,1,Total,26260,24768
"4070",1993,1,0,121,164
"4070",1993,1,1,10,15
"4070",1993,1,2,9,9
"4070",1993,1,3,2,10
"4070",1993,1,4,3,6
"4070",1993,1,5 - 9,18,36
"4070",1993,1,10 - 14,22,30
"4070",1993,1,15 - 19,38,121
"4070",1993,1,20 - 24,53,172
"4070",1993,1,25 - 29,81,283
"4070",1993,1,30 - 34,108,334
"4070",1993,1,35 - 39,178,469
"4070",1993,1,40 - 44,286,788
"4070",1993,1,45 - 49,404,1018
"4070",1993,1,50 - 54,463,1101
"4070",1993,1,55 - 59,597,1469
"4070",1993,1,60 - 64,1011,2205
"4070",1993,1,65 - 69,1721,3009
"4070",1993,1,70 - 74,2731,3274
"4070",1993,1,75 - 79,4107,3536
"4070",1993,1,80 - 84,5793,3604
"4070",1993,1,85 - 89,8504,3115
"4070",1993,1,90 - 94,0,0
"4070",1993,1,95+,0,0
"4070",1993,1,UNK,0,0
"4070",1993,2,Total,172,167
"4070",1993,2,0,1,1
"4070",1993,2,1,1,0
"4070",1993,2,2,0,1
"4070",1993,2,3,0,0
"4070",1993,2,4,0,0
"4070",1993,2,5 - 9,0,0
"4070",1993,2,10 - 14,0,0
"4070",1993,2,15 - 19,0,0
"4070",1993,2,20 - 24,1,1
"4070",1993,2,25 - 29,1,2
"4070",1993,2,30 - 34,1,8
"4070",1993,2,35 - 39,1,8
"4070",1993,2,40 - 44,1,6
"4070",1993,2,45 - 49,1,11
"4070",1993,2,50 - 54,3,12
"4070",1993,2,55 - 59,5,8
"4070",1993,2,60 - 64,8,13
"4070",1993,2,65 - 69,16,18
"4070",1993,2,70 - 74,24,17
"4070",1993,2,75 - 79,39,22
"4070",1993,2,80 - 84,26,18
"4070",1993,2,85 - 89,43,21
"4070",1993,2,90 - 94,0,0
"4070",1993,2,95+,0,0
"4070",1993,2,UNK,0,0
"4070",1993,3,Total,5049,5300
"4070",1993,3,0,0,2
"4070",1993,3,1,1,1
"4070",1993,3,2,2,1
"4070",1993,3,3,0,3
"4070",1993,3,4,0,2
"4070",1993,3,5 - 9,1,4
"4070",1993,3,10 - 14,3,4
"4070",1993,3,15 - 19,5,7
"4070",1993,3,20 - 24,8,10
"4070",1993,3,25 - 29,6,13
"4070",1993,3,30 - 34,23,25
"4070",1993,3,35 - 39,46,39
"4070",1993,3,40 - 44,85,90
"4070",1993,3,45 - 49,184,151
"4070",1993,3,50 - 54,228,226
"4070",1993,3,55 - 59,279,370
"4070",1993,3,60 - 64,425,641
"4070",1993,3,65 - 69,587,863
"4070",1993,3,70 - 74,794,862
"4070",1993,3,75 - 79,798,786
"4070",1993,3,80 - 84,828,710
"4070",1993,3,85 - 89,746,490
"4070",1993,3,90 - 94,0,0
"4070",1993,3,95+,0,0
"4070",1993,3,UNK,0,0
"4070",1993,4,Total,13304,11278
"4070",1993,4,0,2,0
"4070",1993,4,1,1,0
"4070",1993,4,2,1,0
"4070",1993,4,3,0,0
"4070",1993,4,4,0,0
"4070",1993,4,5 - 9,1,1
"4070",1993,4,10 - 14,3,0
"4070",1993,4,15 - 19,4,3
"4070",1993,4,20 - 24,5,7
"4070",1993,4,25 - 29,13,18
"4070",1993,4,30 - 34,11,26
"4070",1993,4,35 - 39,20,71
"4070",1993,4,40 - 44,50,175
"4070",1993,4,45 - 49,75,300
"4070",1993,4,50 - 54,86,433
"4070",1993,4,55 - 59,144,643
"4070",1993,4,60 - 64,346,1052
"4070",1993,4,65 - 69,714,1524
"4070",1993,4,70 - 74,1340,1707
"4070",1993,4,75 - 79,2298,1873
"4070",1993,4,80 - 84,3412,1900
"4070",1993,4,85 - 89,4778,1545
"4070",1993,4,90 - 94,0,0
"4070",1993,4,95+,0,0
"4070",1993,4,UNK,0,0
"4070",1993,5,Total,107,91
"4070",1993,5,0,9,19
"4070",1993,5,1,0,2
"4070",1993,5,2,0,0
"4070",1993,5,3,0,0
"4070",1993,5,4,0,0
"4070",1993,5,5 - 9,0,0
"4070",1993,5,10 - 14,0,0
"4070",1993,5,15 - 19,0,1
"4070",1993,5,20 - 24,0,2
"4070",1993,5,25 - 29,1,2
"4070",1993,5,30 - 34,3,3
"4070",1993,5,35 - 39,1,4
"4070",1993,5,40 - 44,4,8
"4070",1993,5,45 - 49,4,4
"4070",1993,5,50 - 54,4,7
"4070",1993,5,55 - 59,4,10
"4070",1993,5,60 - 64,3,2
"4070",1993,5,65 - 69,5,3
"4070",1993,5,70 - 74,3,1
"4070",1993,5,75 - 79,4,3
"4070",1993,5,80 - 84,10,3
"4070",1993,5,85 - 89,52,17
"4070",1993,5,90 - 94,0,0
"4070",1993,5,95+,0,0
"4070",1993,5,UNK,0,0
"4070",1993,6,Total,1378,593
"4070",1993,6,0,0,0
"4070",1993,6,1,0,0
"4070",1993,6,2,0,0
"4070",1993,6,3,0,0
"4070",1993,6,4,0,0
"4070",1993,6,5 - 9,0,0
"4070",1993,6,10 - 14,0,0
"4070",1993,6,15 - 19,0,1
"4070",1993,6,20 - 24,1,1
"4070",1993,6,25 - 29,2,6
"4070",1993,6,30 - 34,2,8
"4070",1993,6,35 - 39,1,10
"4070",1993,6,40 - 44,0,20
"4070",1993,6,45 - 49,3,16
"4070",1993,6,50 - 54,0,11
"4070",1993,6,55 - 59,5,13
"4070",1993,6,60 - 64,6,12
"4070",1993,6,65 - 69,16,28
"4070",1993,6,70 - 74,51,47
"4070",1993,6,75 - 79,144,80
"4070",1993,6,80 - 84,315,134
"4070",1993,6,85 - 89,832,206
"4070",1993,6,90 - 94,0,0
"4070",1993,6,95+,0,0
"4070",1993,6,UNK,0,0
"4070",1993,7,Total,595,451
"4070",1993,7,0,3,10
"4070",1993,7,1,1,3
"4070",1993,7,2,1,0
"4070",1993,7,3,0,2
"4070",1993,7,4,0,0
"4070",1993,7,5 - 9,2,2
"4070",1993,7,10 - 14,3,5
"4070",1993,7,15 - 19,2,4
"4070",1993,7,20 - 24,5,4
"4070",1993,7,25 - 29,4,10
"4070",1993,7,30 - 34,11,15
"4070",1993,7,35 - 39,8,9
"4070",1993,7,40 - 44,13,9
"4070",1993,7,45 - 49,13,17
"4070",1993,7,50 - 54,12,14
"4070",1993,7,55 - 59,16,20
"4070",1993,7,60 - 64,33,35
"4070",1993,7,65 - 69,58,43
"4070",1993,7,70 - 74,74,60
"4070",1993,7,75 - 79,111,72
"4070",1993,7,80 - 84,106,67
"4070",1993,7,85 - 89,119,50
"4070",1993,7,90 - 94,0,0
"4070",1993,7,95+,0,0
"4070",1993,7,UNK,0,0
"4070",1993,8,Total,434,252
"4070",1993,8,0,5,2
"4070",1993,8,1,0,1
"4070",1993,8,2,0,0
"4070",1993,8,3,0,0
"4070",1993,8,4,0,0
"4070",1993,8,5 - 9,0,1
"4070",1993,8,10 - 14,1,0
"4070",1993,8,15 - 19,1,0
"4070",1993,8,20 - 24,0,2
"4070",1993,8,25 - 29,0,2
"4070",1993,8,30 - 34,9,5
"4070",1993,8,35 - 39,2,12
"4070",1993,8,40 - 44,10,22
"4070",1993,8,45 - 49,7,17
"4070",1993,8,50 - 54,6,15
"4070",1993,8,55 - 59,9,18
"4070",1993,8,60 - 64,18,25
"4070",1993,8,65 - 69,37,20
"4070",1993,8,70 - 74,56,38
"4070",1993,8,75 - 79,74,27
"4070",1993,8,80 - 84,96,28
"4070",1993,8,85 - 89,103,17
"4070",1993,8,90 - 94,0,0
"4070",1993,8,95+,0,0
"4070",1993,8,UNK,0,0
"4070",1993,9,Total,940,962
"4070",1993,9,0,0,0
"4070",1993,9,1,0,0
"4070",1993,9,2,0,0
"4070",1993,9,3,0,0
"4070",1993,9,4,0,0
"4070",1993,9,5 - 9,1,0
"4070",1993,9,10 - 14,0,0
"4070",1993,9,15 - 19,0,0
"4070",1993,9,20 - 24,2,0
"4070",1993,9,25 - 29,2,4
"4070",1993,9,30 - 34,5,20
"4070",1993,9,35 - 39,12,27
"4070",1993,9,40 - 44,23,61
"4070",1993,9,45 - 49,20,93
"4070",1993,9,50 - 54,26,82
"4070",1993,9,55 - 59,40,91
"4070",1993,9,60 - 64,41,84
"4070",1993,9,65 - 69,62,103
"4070",1993,9,70 - 74,83,101
"4070",1993,9,75 - 79,132,102
"4070",1993,9,80 - 84,184,105
"4070",1993,9,85 - 89,307,89
"4070",1993,9,90 - 94,0,0
"4070",1993,9,95+,0,0
"4070",1993,9,UNK,0,0
"4070",1993,10,Total,396,176
"4070",1993,10,0,0,0
"4070",1993,10,1,0,0
"4070",1993,10,2,0,0
"4070",1993,10,3,0,0
"4070",1993,10,4,0,0
"4070",1993,10,5 - 9,0,0
"4070",1993,10,10 - 14,0,0
"4070",1993,10,15 - 19,1,0
"4070",1993,10,20 - 24,0,0
"4070",1993,10,25 - 29,0,1
"4070",1993,10,30 - 34,1,0
"4070",1993,10,35 - 39,1,1
"4070",1993,10,40 - 44,2,1
"4070",1993,10,45 - 49,0,3
"4070",1993,10,50 - 54,3,1
"4070",1993,10,55 - 59,3,4
"4070",1993,10,60 - 64,9,3
"4070",1993,10,65 - 69,19,13
"4070",1993,10,70 - 74,30,23
"4070",1993,10,75 - 79,53,36
"4070",1993,10,80 - 84,104,35
"4070",1993,10,85 - 89,170,55
"4070",1993,10,90 - 94,0,0
"4070",1993,10,95+,0,0
"4070",1993,10,UNK,0,0
"4070",1993,11,Total,139,182
"4070",1993,11,0,95,122
"4070",1993,11,1,4,2
"4070",1993,11,2,5,4
"4070",1993,11,3,1,2
"4070",1993,11,4,1,1
"4070",1993,11,5 - 9,2,1
"4070",1993,11,10 - 14,0,4
"4070",1993,11,15 - 19,3,2
"4070",1993,11,20 - 24,2,2
"4070",1993,11,25 - 29,1,3
"4070",1993,11,30 - 34,1,5
"4070",1993,11,35 - 39,2,4
"4070",1993,11,40 - 44,4,5
"4070",1993,11,45 - 49,0,3
"4070",1993,11,50 - 54,2,1
"4070",1993,11,55 - 59,3,4
"4070",1993,11,60 - 64,1,3
"4070",1993,11,65 - 69,3,3
"4070",1993,11,70 - 74,2,3
"4070",1993,11,75 - 79,5,4
"4070",1993,11,80 - 84,2,2
"4070",1993,11,85 - 89,0,2
"4070",1993,11,90 - 94,0,0
"4070",1993,11,95+,0,0
"4070",1993,11,UNK,0,0
"4070",1993,12,Total,2192,2145
"4070",1993,12,0,2,2
"4070",1993,12,1,0,2
"4070",1993,12,2,0,1
"4070",1993,12,3,0,0
"4070",1993,12,4,0,0
"4070",1993,12,5 - 9,4,1
"4070",1993,12,10 - 14,0,0
"4070",1993,12,15 - 19,1,3
"4070",1993,12,20 - 24,1,1
"4070",1993,12,25 - 29,3,9
"4070",1993,12,30 - 34,3,3
"4070",1993,12,35 - 39,7,14
"4070",1993,12,40 - 44,14,18
"4070",1993,12,45 - 49,14,32
"4070",1993,12,50 - 54,16,34
"4070",1993,12,55 - 59,23,45
"4070",1993,12,60 - 64,46,104
"4070",1993,12,65 - 69,101,204
"4070",1993,12,70 - 74,143,280
"4070",1993,12,75 - 79,260,403
"4070",1993,12,80 - 84,508,471
"4070",1993,12,85 - 89,1046,518
"4070",1993,12,90 - 94,0,0
"4070",1993,12,95+,0,0
"4070",1993,12,UNK,0,0
"4070",1993,13,Total,1197,2953
"4070",1993,13,0,3,6
"4070",1993,13,1,1,4
"4070",1993,13,2,0,2
"4070",1993,13,3,1,3
"4070",1993,13,4,2,3
"4070",1993,13,5 - 9,5,23
"4070",1993,13,10 - 14,6,16
"4070",1993,13,15 - 19,20,97
"4070",1993,13,20 - 24,21,134
"4070",1993,13,25 - 29,42,200
"4070",1993,13,30 - 34,31,204
"4070",1993,13,35 - 39,72,252
"4070",1993,13,40 - 44,69,350
"4070",1993,13,45 - 49,78,354
"4070",1993,13,50 - 54,68,250
"4070",1993,13,55 - 59,59,228
"4070",1993,13,60 - 64,59,215
"4070",1993,13,65 - 69,72,171
"4070",1993,13,70 - 74,82,119
"4070",1993,13,75 - 79,129,114
"4070",1993,13,80 - 84,143,116
"4070",1993,13,85 - 89,234,92
"4070",1993,13,90 - 94,0,0
"4070",1993,13,95+,0,0
"4070",1993,13,UNK,0,0
"4070",1993,14,Total,51,115
"4070",1993,14,0,1,0
"4070",1993,14,1,1,0
"4070",1993,14,2,0,0
"4070",1993,14,3,0,0
"4070",1993,14,4,0,0
"4070",1993,14,5 - 9,1,2
"4070",1993,14,10 - 14,5,1
"4070",1993,14,15 - 19,1,2
"4070",1993,14,20 - 24,7,7
"4070",1993,14,25 - 29,4,13
"4070",1993,14,30 - 34,5,11
"4070",1993,14,35 - 39,5,17
"4070",1993,14,40 - 44,9,20
"4070",1993,14,45 - 49,2,12
"4070",1993,14,50 - 54,3,8
"4070",1993,14,55 - 59,1,8
"4070",1993,14,60 - 64,0,8
"4070",1993,14,65 - 69,3,2
"4070",1993,14,70 - 74,0,2
"4070",1993,14,75 - 79,2,0
"4070",1993,14,80 - 84,1,1
"4070",1993,14,85 - 89,0,1
"4070",1993,14,90 - 94,0,0
"4070",1993,14,95+,0,0
"4070",1993,14,UNK,0,0
"4070",1994,1,Total,24439,23499
"4070",1994,1,0,135,165
"4070",1994,1,1,8,11
"4070",1994,1,2,8,9
"4070",1994,1,3,3,4
"4070",1994,1,4,6,6
"4070",1994,1,5 - 9,21,21
"4070",1994,1,10 - 14,24,34
"4070",1994,1,15 - 19,41,143
"4070",1994,1,20 - 24,54,192
"4070",1994,1,25 - 29,88,240
"4070",1994,1,30 - 34,95,276
"4070",1994,1,35 - 39,172,480
"4070",1994,1,40 - 44,256,784
"4070",1994,1,45 - 49,410,1076
"4070",1994,1,50 - 54,463,1003
"4070",1994,1,55 - 59,546,1377
"4070",1994,1,60 - 64,917,2090
"4070",1994,1,65 - 69,1539,2800
"4070",1994,1,70 - 74,2631,3307
"4070",1994,1,75 - 79,3658,3178
"4070",1994,1,80 - 84,5352,3352
"4070",1994,1,85 - 89,8012,2951
"4070",1994,1,90 - 94,0,0
"4070",1994,1,95+,0,0
"4070",1994,1,UNK,0,0
"4070",1994,2,Total,193,164
"4070",1994,2,0,1,0
"4070",1994,2,1,0,0
"4070",1994,2,2,0,0
"4070",1994,2,3,0,0
"4070",1994,2,4,0,0
"4070",1994,2,5 - 9,0,0
"4070",1994,2,10 - 14,0,1
"4070",1994,2,15 - 19,1,1
"4070",1994,2,20 - 24,1,0
"4070",1994,2,25 - 29,3,3
"4070",1994,2,30 - 34,3,6
"4070",1994,2,35 - 39,1,4
"4070",1994,2,40 - 44,3,11
"4070",1994,2,45 - 49,3,17
"4070",1994,2,50 - 54,4,5
"4070",1994,2,55 - 59,5,9
"4070",1994,2,60 - 64,7,18
"4070",1994,2,65 - 69,15,14
"4070",1994,2,70 - 74,17,25
"4070",1994,2,75 - 79,34,20
"4070",1994,2,80 - 84,33,15
"4070",1994,2,85 - 89,62,15
"4070",1994,2,90 - 94,0,0
"4070",1994,2,95+,0,0
"4070",1994,2,UNK,0,0
"4070",1994,3,Total,4813,5219
"4070",1994,3,0,4,2
"4070",1994,3,1,0,1
"4070",1994,3,2,0,2
"4070",1994,3,3,1,1
"4070",1994,3,4,1,2
"4070",1994,3,5 - 9,3,2
"4070",1994,3,10 - 14,5,3
"4070",1994,3,15 - 19,5,11
"4070",1994,3,20 - 24,7,8
"4070",1994,3,25 - 29,10,6
"4070",1994,3,30 - 34,22,19
"4070",1994,3,35 - 39,49,47
"4070",1994,3,40 - 44,91,83
"4070",1994,3,45 - 49,167,174
"4070",1994,3,50 - 54,200,220
"4070",1994,3,55 - 59,272,340
"4070",1994,3,60 - 64,373,584
"4070",1994,3,65 - 69,542,844
"4070",1994,3,70 - 74,717,938
"4070",1994,3,75 - 79,779,757
"4070",1994,3,80 - 84,806,719
"4070",1994,3,85 - 89,759,456
"4070",1994,3,90 - 94,0,0
"4070",1994,3,95+,0,0
"4070",1994,3,UNK,0,0
"4070",1994,4,Total,12330,10497
"4070",1994,4,0,0,0
"4070",1994,4,1,1,1
"4070",1994,4,2,0,0
"4070",1994,4,3,0,0
"4070",1994,4,4,0,0
"4070",1994,4,5 - 9,1,1
"4070",1994,4,10 - 14,2,3
"4070",1994,4,15 - 19,3,0
"4070",1994,4,20 - 24,6,4
"4070",1994,4,25 - 29,14,9
"4070",1994,4,30 - 34,12,30
"4070",1994,4,35 - 39,15,62
"4070",1994,4,40 - 44,39,176
"4070",1994,4,45 - 49,74,326
"4070",1994,4,50 - 54,89,341
"4070",1994,4,55 - 59,125,588
"4070",1994,4,60 - 64,307,1001
"4070",1994,4,65 - 69,675,1391
"4070",1994,4,70 - 74,1352,1701
"4070",1994,4,75 - 79,2045,1682
"4070",1994,4,80 - 84,3100,1745
"4070",1994,4,85 - 89,4470,1436
"4070",1994,4,90 - 94,0,0
"4070",1994,4,95+,0,0
"4070",1994,4,UNK,0,0
"4070",1994,5,Total,92,91
"4070",1994,5,0,11,18
"4070",1994,5,1,1,1
"4070",1994,5,2,0,0
"4070",1994,5,3,0,0
"4070",1994,5,4,0,0
"4070",1994,5,5 - 9,0,0
"4070",1994,5,10 - 14,0,0
"4070",1994,5,15 - 19,0,2
"4070",1994,5,20 - 24,1,4
"4070",1994,5,25 - 29,1,4
"4070",1994,5,30 - 34,0,2
"4070",1994,5,35 - 39,1,5
"4070",1994,5,40 - 44,1,9
"4070",1994,5,45 - 49,3,5
"4070",1994,5,50 - 54,3,0
"4070",1994,5,55 - 59,3,9
"4070",1994,5,60 - 64,1,8
"4070",1994,5,65 - 69,3,3
"4070",1994,5,70 - 74,7,4
"4070",1994,5,75 - 79,4,3
"4070",1994,5,80 - 84,6,3
"4070",1994,5,85 - 89,46,11
"4070",1994,5,90 - 94,0,0
"4070",1994,5,95+,0,0
"4070",1994,5,UNK,0,0
"4070",1994,6,Total,1381,546
"4070",1994,6,0,0,0
"4070",1994,6,1,0,0
"4070",1994,6,2,0,0
"4070",1994,6,3,0,0
"4070",1994,6,4,0,0
"4070",1994,6,5 - 9,0,0
"4070",1994,6,10 - 14,0,0
"4070",1994,6,15 - 19,0,0
"4070",1994,6,20 - 24,1,3
"4070",1994,6,25 - 29,1,3
"4070",1994,6,30 - 34,2,3
"4070",1994,6,35 - 39,2,14
"4070",1994,6,40 - 44,2,11
"4070",1994,6,45 - 49,5,23
"4070",1994,6,50 - 54,3,19
"4070",1994,6,55 - 59,4,16
"4070",1994,6,60 - 64,3,16
"4070",1994,6,65 - 69,20,17
"4070",1994,6,70 - 74,43,36
"4070",1994,6,75 - 79,126,64
"4070",1994,6,80 - 84,339,117
"4070",1994,6,85 - 89,830,204
"4070",1994,6,90 - 94,0,0
"4070",1994,6,95+,0,0
"4070",1994,6,UNK,0,0
"4070",1994,7,Total,507,408
"4070",1994,7,0,3,6
"4070",1994,7,1,0,0
"4070",1994,7,2,0,1
"4070",1994,7,3,0,0
"4070",1994,7,4,0,0
"4070",1994,7,5 - 9,1,3
"4070",1994,7,10 - 14,4,3
"4070",1994,7,15 - 19,4,5
"4070",1994,7,20 - 24,0,1
"4070",1994,7,25 - 29,5,7
"4070",1994,7,30 - 34,2,10
"4070",1994,7,35 - 39,7,14
"4070",1994,7,40 - 44,10,10
"4070",1994,7,45 - 49,12,27
"4070",1994,7,50 - 54,15,14
"4070",1994,7,55 - 59,14,27
"4070",1994,7,60 - 64,33,26
"4070",1994,7,65 - 69,43,42
"4070",1994,7,70 - 74,77,64
"4070",1994,7,75 - 79,78,74
"4070",1994,7,80 - 84,101,42
"4070",1994,7,85 - 89,98,32
"4070",1994,7,90 - 94,0,0
"4070",1994,7,95+,0,0
"4070",1994,7,UNK,0,0
"4070",1994,8,Total,359,256
"4070",1994,8,0,5,3
"4070",1994,8,1,0,2
"4070",1994,8,2,0,0
"4070",1994,8,3,0,1
"4070",1994,8,4,0,0
"4070",1994,8,5 - 9,2,1
"4070",1994,8,10 - 14,0,0
"4070",1994,8,15 - 19,0,0
"4070",1994,8,20 - 24,0,2
"4070",1994,8,25 - 29,3,4
"4070",1994,8,30 - 34,6,9
"4070",1994,8,35 - 39,6,6
"4070",1994,8,40 - 44,3,13
"4070",1994,8,45 - 49,4,15
"4070",1994,8,50 - 54,6,22
"4070",1994,8,55 - 59,6,13
"4070",1994,8,60 - 64,20,15
"4070",1994,8,65 - 69,29,25
"4070",1994,8,70 - 74,40,33
"4070",1994,8,75 - 79,68,41
"4070",1994,8,80 - 84,70,31
"4070",1994,8,85 - 89,91,20
"4070",1994,8,90 - 94,0,0
"4070",1994,8,95+,0,0
"4070",1994,8,UNK,0,0
"4070",1994,9,Total,920,926
"4070",1994,9,0,0,0
"4070",1994,9,1,0,0
"4070",1994,9,2,0,0
"4070",1994,9,3,0,0
"4070",1994,9,4,0,0
"4070",1994,9,5 - 9,1,0
"4070",1994,9,10 - 14,0,0
"4070",1994,9,15 - 19,0,0
"4070",1994,9,20 - 24,1,1
"4070",1994,9,25 - 29,4,3
"4070",1994,9,30 - 34,2,10
"4070",1994,9,35 - 39,7,35
"4070",1994,9,40 - 44,13,68
"4070",1994,9,45 - 49,25,70
"4070",1994,9,50 - 54,30,88
"4070",1994,9,55 - 59,32,83
"4070",1994,9,60 - 64,43,92
"4070",1994,9,65 - 69,44,96
"4070",1994,9,70 - 74,80,98
"4070",1994,9,75 - 79,115,75
"4070",1994,9,80 - 84,191,98
"4070",1994,9,85 - 89,332,109
"4070",1994,9,90 - 94,0,0
"4070",1994,9,95+,0,0
"4070",1994,9,UNK,0,0
"4070",1994,10,Total,387,194
"4070",1994,10,0,0,0
"4070",1994,10,1,0,0
"4070",1994,10,2,0,1
"4070",1994,10,3,0,0
"4070",1994,10,4,0,0
"4070",1994,10,5 - 9,0,0
"4070",1994,10,10 - 14,0,0
"4070",1994,10,15 - 19,1,0
"4070",1994,10,20 - 24,0,0
"4070",1994,10,25 - 29,0,0
"4070",1994,10,30 - 34,0,0
"4070",1994,10,35 - 39,1,0
"4070",1994,10,40 - 44,2,1
"4070",1994,10,45 - 49,1,4
"4070",1994,10,50 - 54,1,1
"4070",1994,10,55 - 59,3,3
"4070",1994,10,60 - 64,12,7
"4070",1994,10,65 - 69,16,13
"4070",1994,10,70 - 74,25,21
"4070",1994,10,75 - 79,47,26
"4070",1994,10,80 - 84,105,46
"4070",1994,10,85 - 89,173,71
"4070",1994,10,90 - 94,0,0
"4070",1994,10,95+,0,0
"4070",1994,10,UNK,0,0
"4070",1994,11,Total,161,172
"4070",1994,11,0,109,133
"4070",1994,11,1,1,3
"4070",1994,11,2,2,1
"4070",1994,11,3,0,0
"4070",1994,11,4,3,2
"4070",1994,11,5 - 9,3,2
"4070",1994,11,10 - 14,2,1
"4070",1994,11,15 - 19,6,2
"4070",1994,11,20 - 24,2,2
"4070",1994,11,25 - 29,2,1
"4070",1994,11,30 - 34,2,0
"4070",1994,11,35 - 39,5,4
"4070",1994,11,40 - 44,1,0
"4070",1994,11,45 - 49,0,5
"4070",1994,11,50 - 54,3,2
"4070",1994,11,55 - 59,4,2
"4070",1994,11,60 - 64,2,2
"4070",1994,11,65 - 69,3,3
"4070",1994,11,70 - 74,4,4
"4070",1994,11,75 - 79,3,0
"4070",1994,11,80 - 84,2,3
"4070",1994,11,85 - 89,2,0
"4070",1994,11,90 - 94,0,0
"4070",1994,11,95+,0,0
"4070",1994,11,UNK,0,0
"4070",1994,12,Total,1794,1858
"4070",1994,12,0,0,0
"4070",1994,12,1,2,0
"4070",1994,12,2,0,1
"4070",1994,12,3,0,0
"4070",1994,12,4,1,0
"4070",1994,12,5 - 9,0,0
"4070",1994,12,10 - 14,1,0
"4070",1994,12,15 - 19,0,4
"4070",1994,12,20 - 24,0,1
"4070",1994,12,25 - 29,3,3
"4070",1994,12,30 - 34,2,4
"4070",1994,12,35 - 39,4,14
"4070",1994,12,40 - 44,8,14
"4070",1994,12,45 - 49,15,27
"4070",1994,12,50 - 54,16,26
"4070",1994,12,55 - 59,17,50
"4070",1994,12,60 - 64,33,96
"4070",1994,12,65 - 69,62,179
"4070",1994,12,70 - 74,133,237
"4070",1994,12,75 - 79,226,304
"4070",1994,12,80 - 84,401,413
"4070",1994,12,85 - 89,870,485
"4070",1994,12,90 - 94,0,0
"4070",1994,12,95+,0,0
"4070",1994,12,UNK,0,0
"4070",1994,13,Total,1184,2976
"4070",1994,13,0,1,3
"4070",1994,13,1,2,2
"4070",1994,13,2,4,3
"4070",1994,13,3,2,1
"4070",1994,13,4,1,2
"4070",1994,13,5 - 9,9,12
"4070",1994,13,10 - 14,9,23
"4070",1994,13,15 - 19,19,116
"4070",1994,13,20 - 24,29,161
"4070",1994,13,25 - 29,33,188
"4070",1994,13,30 - 34,34,168
"4070",1994,13,35 - 39,62,256
"4070",1994,13,40 - 44,77,365
"4070",1994,13,45 - 49,91,362
"4070",1994,13,50 - 54,84,240
"4070",1994,13,55 - 59,50,231
"4070",1994,13,60 - 64,65,209
"4070",1994,13,65 - 69,63,166
"4070",1994,13,70 - 74,77,135
"4070",1994,13,75 - 79,95,119
"4070",1994,13,80 - 84,157,111
"4070",1994,13,85 - 89,220,103
"4070",1994,13,90 - 94,0,0
"4070",1994,13,95+,0,0
"4070",1994,13,UNK,0,0
"4070",1994,14,Total,53,112
"4070",1994,14,0,1,0
"4070",1994,14,1,1,0
"4070",1994,14,2,1,0
"4070",1994,14,3,0,1
"4070",1994,14,4,0,0
"4070",1994,14,5 - 9,1,0
"4070",1994,14,10 - 14,1,0
"4070",1994,14,15 - 19,1,1
"4070",1994,14,20 - 24,5,5
"4070",1994,14,25 - 29,5,7
"4070",1994,14,30 - 34,7,13
"4070",1994,14,35 - 39,9,18
"4070",1994,14,40 - 44,3,23
"4070",1994,14,45 - 49,6,17
"4070",1994,14,50 - 54,4,15
"4070",1994,14,55 - 59,3,4
"4070",1994,14,60 - 64,1,6
"4070",1994,14,65 - 69,1,0
"4070",1994,14,70 - 74,1,0
"4070",1994,14,75 - 79,1,0
"4070",1994,14,80 - 84,0,1
"4070",1994,14,85 - 89,1,1
"4070",1994,14,90 - 94,0,0
"4070",1994,14,95+,0,0
"4070",1994,14,UNK,0,0
"4070",1995,1,Total,25042,24283
"4070",1995,1,0,111,140
"4070",1995,1,1,13,13
"4070",1995,1,2,7,5
"4070",1995,1,3,11,8
"4070",1995,1,4,4,4
"4070",1995,1,5 - 9,18,29
"4070",1995,1,10 - 14,19,37
"4070",1995,1,15 - 19,34,140
"4070",1995,1,20 - 24,47,161
"4070",1995,1,25 - 29,73,217
"4070",1995,1,30 - 34,92,310
"4070",1995,1,35 - 39,173,456
"4070",1995,1,40 - 44,268,719
"4070",1995,1,45 - 49,440,1147
"4070",1995,1,50 - 54,486,1114
"4070",1995,1,55 - 59,610,1446
"4070",1995,1,60 - 64,857,2004
"4070",1995,1,65 - 69,1547,3001
"4070",1995,1,70 - 74,2577,3459
"4070",1995,1,75 - 79,3763,3263
"4070",1995,1,80 - 84,5414,3366
"4070",1995,1,85 - 89,8478,3244
"4070",1995,1,90 - 94,0,0
"4070",1995,1,95+,0,0
"4070",1995,1,UNK,0,0
"4070",1995,2,Total,204,189
"4070",1995,2,0,1,3
"4070",1995,2,1,2,1
"4070",1995,2,2,1,0
"4070",1995,2,3,0,0
"4070",1995,2,4,0,0
"4070",1995,2,5 - 9,0,0
"4070",1995,2,10 - 14,0,0
"4070",1995,2,15 - 19,0,1
"4070",1995,2,20 - 24,0,1
"4070",1995,2,25 - 29,2,4
"4070",1995,2,30 - 34,0,2
"4070",1995,2,35 - 39,2,6
"4070",1995,2,40 - 44,5,11
"4070",1995,2,45 - 49,7,19
"4070",1995,2,50 - 54,6,13
"4070",1995,2,55 - 59,8,5
"4070",1995,2,60 - 64,10,13
"4070",1995,2,65 - 69,14,16
"4070",1995,2,70 - 74,22,25
"4070",1995,2,75 - 79,32,18
"4070",1995,2,80 - 84,43,25
"4070",1995,2,85 - 89,49,26
"4070",1995,2,90 - 94,0,0
"4070",1995,2,95+,0,0
"4070",1995,2,UNK,0,0
"4070",1995,3,Total,5040,5268
"4070",1995,3,0,2,1
"4070",1995,3,1,1,1
"4070",1995,3,2,0,0
"4070",1995,3,3,3,0
"4070",1995,3,4,1,0
"4070",1995,3,5 - 9,5,8
"4070",1995,3,10 - 14,7,8
"4070",1995,3,15 - 19,5,11
"4070",1995,3,20 - 24,6,4
"4070",1995,3,25 - 29,7,12
"4070",1995,3,30 - 34,29,22
"4070",1995,3,35 - 39,44,33
"4070",1995,3,40 - 44,88,65
"4070",1995,3,45 - 49,213,176
"4070",1995,3,50 - 54,244,219
"4070",1995,3,55 - 59,279,380
"4070",1995,3,60 - 64,351,541
"4070",1995,3,65 - 69,575,868
"4070",1995,3,70 - 74,741,973
"4070",1995,3,75 - 79,799,819
"4070",1995,3,80 - 84,813,636
"4070",1995,3,85 - 89,827,491
"4070",1995,3,90 - 94,0,0
"4070",1995,3,95+,0,0
"4070",1995,3,UNK,0,0
"4070",1995,4,Total,12567,10915
"4070",1995,4,0,1,2
"4070",1995,4,1,0,0
"4070",1995,4,2,0,1
"4070",1995,4,3,1,1
"4070",1995,4,4,0,0
"4070",1995,4,5 - 9,2,2
"4070",1995,4,10 - 14,1,1
"4070",1995,4,15 - 19,1,6
"4070",1995,4,20 - 24,3,2
"4070",1995,4,25 - 29,5,12
"4070",1995,4,30 - 34,9,29
"4070",1995,4,35 - 39,22,58
"4070",1995,4,40 - 44,25,134
"4070",1995,4,45 - 49,64,339
"4070",1995,4,50 - 54,86,386
"4070",1995,4,55 - 59,149,591
"4070",1995,4,60 - 64,284,963
"4070",1995,4,65 - 69,660,1491
"4070",1995,4,70 - 74,1257,1739
"4070",1995,4,75 - 79,2027,1704
"4070",1995,4,80 - 84,3123,1804
"4070",1995,4,85 - 89,4847,1650
"4070",1995,4,90 - 94,0,0
"4070",1995,4,95+,0,0
"4070",1995,4,UNK,0,0
"4070",1995,5,Total,93,97
"4070",1995,5,0,10,14
"4070",1995,5,1,1,0
"4070",1995,5,2,0,0
"4070",1995,5,3,0,1
"4070",1995,5,4,0,1
"4070",1995,5,5 - 9,1,1
"4070",1995,5,10 - 14,1,0
"4070",1995,5,15 - 19,0,1
"4070",1995,5,20 - 24,0,3
"4070",1995,5,25 - 29,1,3
"4070",1995,5,30 - 34,1,2
"4070",1995,5,35 - 39,3,6
"4070",1995,5,40 - 44,6,10
"4070",1995,5,45 - 49,1,12
"4070",1995,5,50 - 54,8,9
"4070",1995,5,55 - 59,1,6
"4070",1995,5,60 - 64,6,4
"4070",1995,5,65 - 69,1,7
"4070",1995,5,70 - 74,1,6
"4070",1995,5,75 - 79,4,0
"4070",1995,5,80 - 84,7,3
"4070",1995,5,85 - 89,40,8
"4070",1995,5,90 - 94,0,0
"4070",1995,5,95+,0,0
"4070",1995,5,UNK,0,0
"4070",1995,6,Total,1407,577
"4070",1995,6,0,0,0
"4070",1995,6,1,0,0
"4070",1995,6,2,0,0
"4070",1995,6,3,0,0
"4070",1995,6,4,0,0
"4070",1995,6,5 - 9,0,0
"4070",1995,6,10 - 14,0,0
"4070",1995,6,15 - 19,1,0
"4070",1995,6,20 - 24,0,7
"4070",1995,6,25 - 29,1,3
"4070",1995,6,30 - 34,0,2
"4070",1995,6,35 - 39,2,11
"4070",1995,6,40 - 44,5,14
"4070",1995,6,45 - 49,5,23
"4070",1995,6,50 - 54,3,12
"4070",1995,6,55 - 59,6,16
"4070",1995,6,60 - 64,6,16
"4070",1995,6,65 - 69,14,34
"4070",1995,6,70 - 74,39,32
"4070",1995,6,75 - 79,103,65
"4070",1995,6,80 - 84,332,147
"4070",1995,6,85 - 89,890,195
"4070",1995,6,90 - 94,0,0
"4070",1995,6,95+,0,0
"4070",1995,6,UNK,0,0
"4070",1995,7,Total,570,457
"4070",1995,7,0,3,2
"4070",1995,7,1,3,0
"4070",1995,7,2,0,0
"4070",1995,7,3,0,0
"4070",1995,7,4,0,0
"4070",1995,7,5 - 9,1,2
"4070",1995,7,10 - 14,0,5
"4070",1995,7,15 - 19,1,2
"4070",1995,7,20 - 24,2,2
"4070",1995,7,25 - 29,3,10
"4070",1995,7,30 - 34,5,6
"4070",1995,7,35 - 39,7,13
"4070",1995,7,40 - 44,9,17
"4070",1995,7,45 - 49,13,27
"4070",1995,7,50 - 54,12,12
"4070",1995,7,55 - 59,21,18
"4070",1995,7,60 - 64,28,33
"4070",1995,7,65 - 69,55,55
"4070",1995,7,70 - 74,73,69
"4070",1995,7,75 - 79,97,62
"4070",1995,7,80 - 84,117,69
"4070",1995,7,85 - 89,120,53
"4070",1995,7,90 - 94,0,0
"4070",1995,7,95+,0,0
"4070",1995,7,UNK,0,0
"4070",1995,8,Total,376,273
"4070",1995,8,0,2,4
"4070",1995,8,1,0,1
"4070",1995,8,2,0,1
"4070",1995,8,3,1,0
"4070",1995,8,4,0,1
"4070",1995,8,5 - 9,1,1
"4070",1995,8,10 - 14,0,2
"4070",1995,8,15 - 19,1,1
"4070",1995,8,20 - 24,0,1
"4070",1995,8,25 - 29,3,1
"4070",1995,8,30 - 34,2,8
"4070",1995,8,35 - 39,9,13
"4070",1995,8,40 - 44,11,19
"4070",1995,8,45 - 49,4,15
"4070",1995,8,50 - 54,9,18
"4070",1995,8,55 - 59,5,26
"4070",1995,8,60 - 64,13,16
"4070",1995,8,65 - 69,31,26
"4070",1995,8,70 - 74,48,37
"4070",1995,8,75 - 79,85,31
"4070",1995,8,80 - 84,72,25
"4070",1995,8,85 - 89,79,26
"4070",1995,8,90 - 94,0,0
"4070",1995,8,95+,0,0
"4070",1995,8,UNK,0,0
"4070",1995,9,Total,964,977
"4070",1995,9,0,0,0
"4070",1995,9,1,0,0
"4070",1995,9,2,0,0
"4070",1995,9,3,0,0
"4070",1995,9,4,0,0
"4070",1995,9,5 - 9,0,0
"4070",1995,9,10 - 14,0,0
"4070",1995,9,15 - 19,0,0
"4070",1995,9,20 - 24,0,2
"4070",1995,9,25 - 29,2,5
"4070",1995,9,30 - 34,6,9
"4070",1995,9,35 - 39,10,35
"4070",1995,9,40 - 44,10,69
"4070",1995,9,45 - 49,19,102
"4070",1995,9,50 - 54,20,106
"4070",1995,9,55 - 59,28,76
"4070",1995,9,60 - 64,43,99
"4070",1995,9,65 - 69,32,87
"4070",1995,9,70 - 74,95,90
"4070",1995,9,75 - 79,146,93
"4070",1995,9,80 - 84,208,97
"4070",1995,9,85 - 89,345,107
"4070",1995,9,90 - 94,0,0
"4070",1995,9,95+,0,0
"4070",1995,9,UNK,0,0
"4070",1995,10,Total,405,180
"4070",1995,10,0,0,0
"4070",1995,10,1,0,0
"4070",1995,10,2,0,0
"4070",1995,10,3,0,0
"4070",1995,10,4,0,0
"4070",1995,10,5 - 9,0,0
"4070",1995,10,10 - 14,0,0
"4070",1995,10,15 - 19,0,0
"4070",1995,10,20 - 24,0,0
"4070",1995,10,25 - 29,1,1
"4070",1995,10,30 - 34,0,0
"4070",1995,10,35 - 39,1,1
"4070",1995,10,40 - 44,3,0
"4070",1995,10,45 - 49,0,4
"4070",1995,10,50 - 54,5,2
"4070",1995,10,55 - 59,6,2
"4070",1995,10,60 - 64,7,12
"4070",1995,10,65 - 69,14,10
"4070",1995,10,70 - 74,39,25
"4070",1995,10,75 - 79,66,28
"4070",1995,10,80 - 84,109,38
"4070",1995,10,85 - 89,154,57
"4070",1995,10,90 - 94,0,0
"4070",1995,10,95+,0,0
"4070",1995,10,UNK,0,0
"4070",1995,11,Total,143,163
"4070",1995,11,0,89,107
"4070",1995,11,1,5,4
"4070",1995,11,2,2,1
"4070",1995,11,3,5,3
"4070",1995,11,4,1,1
"4070",1995,11,5 - 9,4,1
"4070",1995,11,10 - 14,0,4
"4070",1995,11,15 - 19,1,6
"4070",1995,11,20 - 24,2,5
"4070",1995,11,25 - 29,1,3
"4070",1995,11,30 - 34,1,0
"4070",1995,11,35 - 39,1,3
"4070",1995,11,40 - 44,1,4
"4070",1995,11,45 - 49,3,3
"4070",1995,11,50 - 54,4,2
"4070",1995,11,55 - 59,2,2
"4070",1995,11,60 - 64,2,4
"4070",1995,11,65 - 69,6,4
"4070",1995,11,70 - 74,4,1
"4070",1995,11,75 - 79,3,1
"4070",1995,11,80 - 84,2,2
"4070",1995,11,85 - 89,4,2
"4070",1995,11,90 - 94,0,0
"4070",1995,11,95+,0,0
"4070",1995,11,UNK,0,0
"4070",1995,12,Total,1781,1981
"4070",1995,12,0,0,1
"4070",1995,12,1,0,0
"4070",1995,12,2,1,1
"4070",1995,12,3,0,0
"4070",1995,12,4,0,0
"4070",1995,12,5 - 9,0,0
"4070",1995,12,10 - 14,1,1
"4070",1995,12,15 - 19,0,1
"4070",1995,12,20 - 24,0,1
"4070",1995,12,25 - 29,1,2
"4070",1995,12,30 - 34,3,5
"4070",1995,12,35 - 39,6,11
"4070",1995,12,40 - 44,3,24
"4070",1995,12,45 - 49,12,29
"4070",1995,12,50 - 54,18,44
"4070",1995,12,55 - 59,21,51
"4070",1995,12,60 - 64,34,95
"4070",1995,12,65 - 69,68,191
"4070",1995,12,70 - 74,130,291
"4070",1995,12,75 - 79,259,313
"4070",1995,12,80 - 84,398,396
"4070",1995,12,85 - 89,826,524
"4070",1995,12,90 - 94,0,0
"4070",1995,12,95+,0,0
"4070",1995,12,UNK,0,0
"4070",1995,13,Total,1205,3023
"4070",1995,13,0,3,3
"4070",1995,13,1,0,6
"4070",1995,13,2,3,1
"4070",1995,13,3,0,2
"4070",1995,13,4,1,0
"4070",1995,13,5 - 9,3,14
"4070",1995,13,10 - 14,8,15
"4070",1995,13,15 - 19,20,108
"4070",1995,13,20 - 24,32,129
"4070",1995,13,25 - 29,35,146
"4070",1995,13,30 - 34,34,210
"4070",1995,13,35 - 39,56,253
"4070",1995,13,40 - 44,91,336
"4070",1995,13,45 - 49,89,384
"4070",1995,13,50 - 54,64,282
"4070",1995,13,55 - 59,72,263
"4070",1995,13,60 - 64,55,197
"4070",1995,13,65 - 69,60,200
"4070",1995,13,70 - 74,83,158
"4070",1995,13,75 - 79,101,115
"4070",1995,13,80 - 84,145,108
"4070",1995,13,85 - 89,250,93
"4070",1995,13,90 - 94,0,0
"4070",1995,13,95+,0,0
"4070",1995,13,UNK,0,0
"4070",1995,14,Total,50,100
"4070",1995,14,0,0,3
"4070",1995,14,1,1,0
"4070",1995,14,2,0,0
"4070",1995,14,3,1,0
"4070",1995,14,4,1,1
"4070",1995,14,5 - 9,1,0
"4070",1995,14,10 - 14,0,1
"4070",1995,14,15 - 19,4,2
"4070",1995,14,20 - 24,1,4
"4070",1995,14,25 - 29,9,15
"4070",1995,14,30 - 34,2,14
"4070",1995,14,35 - 39,7,12
"4070",1995,14,40 - 44,10,15
"4070",1995,14,45 - 49,5,13
"4070",1995,14,50 - 54,3,6
"4070",1995,14,55 - 59,3,5
"4070",1995,14,60 - 64,0,7
"4070",1995,14,65 - 69,0,0
"4070",1995,14,70 - 74,1,1
"4070",1995,14,75 - 79,1,1
"4070",1995,14,80 - 84,0,0
"4070",1995,14,85 - 89,0,0
"4070",1995,14,90 - 94,0,0
"4070",1995,14,95+,0,0
"4070",1995,14,UNK,0,0
