Year          Age         mx       qx    ax      lx      dx      Lx       Tx     ex
 1981-1984        0      0.01563  0.01541  0.09  100000    1541   98593  7344724  73.45
1981-1984      1-4      0.00045  0.00180  1.78   98459     178  393442  7246131  73.60
1981-1984      5-9      0.00028  0.00140  2.55   98281     138  491069  6852689  69.73
1981-1984     10-14     0.00032  0.00161  2.71   98144     158  490357  6361620  64.82
1981-1984     15-19     0.00086  0.00428  2.83   97986     420  489018  5871262  59.92
1981-1984     20-24     0.00119  0.00596  2.49   97566     581  486373  5382245  55.17
1981-1984     25-29     0.00107  0.00532  2.44   96985     516  483606  4895872  50.48
1981-1984     30-34     0.00110  0.00549  2.52   96469     529  481032  4412266  45.74
1981-1984     35-39     0.00142  0.00705  2.61   95939     677  478080  3931234  40.98
1981-1984     40-44     0.00206  0.01026  2.63   95263     978  473997  3453154  36.25
1981-1984     45-49     0.00329  0.01631  2.68   94285    1538  467859  2979156  31.60
1981-1984     50-54     0.00566  0.02792  2.67   92747    2590  457705  2511297  27.08
1981-1984     55-59     0.00991  0.04846  2.69   90157    4369  440676  2053593  22.78
1981-1984     60-64     0.01624  0.07823  2.66   85789    6711  413235  1612917  18.80
1981-1984     65-69     0.02608  0.12285  2.65   79077    9715  372558  1199682  15.17
1981-1984     70-74     0.04214  0.19145  2.61   69363   13280  315094   827124  11.92
1981-1984     75-79     0.06832  0.29290  2.57   56083   16427  240455   512030   9.13
1981-1984     80-84     0.10801  0.42389  2.46   39656   16810  155633   271575   6.85
1981-1984     85-89     0.16576  0.57526  2.34   22846   13143   79288   115942   5.07
1981-1984     90-94     0.24052  0.70908  2.11    9704    6881   28608    36654   3.78
1981-1984     95-99     0.33500  0.82906  1.95    2823    2340    6986     8047   2.85
1981-1984    100-104    0.44604  0.90728  1.73     483     438     982     1060   2.20
1981-1984    105-109    0.56311  0.95161  1.52      45      43      76       79   1.76
1981-1984    110+       0.65699  1.00000  1.52       2       2       3        3   1.52
1985-1989        0      0.01287  0.01272  0.08  100000    1272   98830  7398357  73.98
1985-1989      1-4      0.00044  0.00175  1.75   98728     172  394526  7299527  73.94
1985-1989      5-9      0.00022  0.00111  2.48   98556     110  492505  6905002  70.06
1985-1989     10-14     0.00023  0.00116  2.79   98447     114  491982  6412496  65.14
1985-1989     15-19     0.00077  0.00385  2.88   98333     379  490861  5920514  60.21
1985-1989     20-24     0.00126  0.00627  2.55   97954     614  488262  5429653  55.43
1985-1989     25-29     0.00110  0.00549  2.48   97340     534  485353  4941391  50.76
1985-1989     30-34     0.00114  0.00570  2.54   96805     551  482668  4456037  46.03
1985-1989     35-39     0.00142  0.00708  2.64   96254     681  479662  3973370  41.28
1985-1989     40-44     0.00211  0.01049  2.69   95573    1003  475542  3493707  36.56
1985-1989     45-49     0.00332  0.01650  2.65   94570    1560  469178  3018166  31.91
1985-1989     50-54     0.00532  0.02628  2.69   93010    2444  459391  2548988  27.41
1985-1989     55-59     0.00915  0.04480  2.70   90565    4058  443489  2089596  23.07
1985-1989     60-64     0.01531  0.07392  2.66   86508    6394  417545  1646107  19.03
1985-1989     65-69     0.02486  0.11741  2.65   80113    9406  378429  1228562  15.34
1985-1989     70-74     0.04087  0.18612  2.60   70707   13160  321957   850133  12.02
1985-1989     75-79     0.06615  0.28481  2.56   57548   16390  247784   528175   9.18
1985-1989     80-84     0.10734  0.42163  2.46   41157   17353  161661   280391   6.81
1985-1989     85-89     0.16804  0.58040  2.34   23804   13816   82220   118730   4.99
1985-1989     90-94     0.25066  0.72553  2.10    9988    7247   28911    36510   3.66
1985-1989     95-99     0.34536  0.83896  1.94    2741    2300    6660     7599   2.77
1985-1989    100-104    0.46138  0.91519  1.70     441     404     876      940   2.13
1985-1989    105-109    0.58223  0.95671  1.49      37      36      62       64   1.71
1985-1989    110+       0.67812  1.00000  1.47       2       2       2        2   1.47
1990-1994        0      0.00903  0.00896  0.07  100000     896   99166  7476920  74.77
1990-1994      1-4      0.00028  0.00112  1.87   99104     111  396179  7377754  74.44
1990-1994      5-9      0.00019  0.00095  2.21   98993      94  494703  6981575  70.53
1990-1994     10-14     0.00021  0.00107  2.72   98899     106  494255  6486872  65.59
1990-1994     15-19     0.00078  0.00388  2.98   98793     383  493190  5992617  60.66
1990-1994     20-24     0.00124  0.00619  2.54   98410     609  490548  5499426  55.88
1990-1994     25-29     0.00120  0.00596  2.49   97801     583  487543  5008878  51.22
1990-1994     30-34     0.00123  0.00612  2.55   97218     595  484633  4521335  46.51
1990-1994     35-39     0.00148  0.00737  2.58   96623     712  481389  4036702  41.78
1990-1994     40-44     0.00214  0.01067  2.68   95911    1023  477178  3555313  37.07
1990-1994     45-49     0.00336  0.01668  2.67   94888    1582  470754  3078135  32.44
1990-1994     50-54     0.00523  0.02583  2.65   93305    2410  460867  2607382  27.94
1990-1994     55-59     0.00847  0.04152  2.67   90895    3774  445679  2146515  23.62
1990-1994     60-64     0.01397  0.06764  2.68   87121    5893  421914  1700836  19.52
1990-1994     65-69     0.02304  0.10934  2.67   81228    8882  385408  1278922  15.74
1990-1994     70-74     0.03828  0.17527  2.60   72347   12680  331291   893514  12.35
1990-1994     75-79     0.06303  0.27328  2.57   59666   16305  258692   562224   9.42
1990-1994     80-84     0.10202  0.40598  2.49   43361   17604  172550   303531   7.00
1990-1994     85-89     0.16217  0.56721  2.35   25757   14610   90092   130981   5.09
1990-1994     90-94     0.24777  0.72621  2.15   11147    8095   32673    40889   3.67
1990-1994     95-99     0.35614  0.84930  1.92    3052    2592    7278     8216   2.69
1990-1994    100-104    0.48238  0.92529  1.67     460     426     882      938   2.04
1990-1994    105-109    0.61167  0.96369  1.45      34      33      54       56   1.63
1990-1994    110+       0.71213  1.00000  1.40       1       1       2        2   1.40
1995-1999        0      0.00745  0.00740  0.06  100000     740   99308  7529024  75.29
1995-1999      1-4      0.00029  0.00117  1.80   99260     116  396786  7429716  74.85
1995-1999      5-9      0.00017  0.00085  2.40   99144      84  495503  7032930  70.94
1995-1999     10-14     0.00020  0.00099  2.93   99060      98  495097  6537427  65.99
1995-1999     15-19     0.00072  0.00361  2.89   98962     357  494058  6042330  61.06
1995-1999     20-24     0.00114  0.00568  2.51   98605     560  491633  5548272  56.27
1995-1999     25-29     0.00118  0.00587  2.46   98045     576  488765  5056639  51.57
1995-1999     30-34     0.00127  0.00632  2.51   97470     616  485810  4567874  46.86
1995-1999     35-39     0.00155  0.00773  2.61   96853     748  482479  4082064  42.15
1995-1999     40-44     0.00222  0.01103  2.65   96105    1060  478029  3599585  37.45
1995-1999     45-49     0.00346  0.01714  2.66   95044    1629  471410  3121556  32.84
1995-1999     50-54     0.00544  0.02684  2.64   93416    2507  461172  2650146  28.37
1995-1999     55-59     0.00822  0.04033  2.67   90908    3666  445995  2188975  24.08
1995-1999     60-64     0.01299  0.06301  2.66   87242    5497  423351  1742979  19.98
1995-1999     65-69     0.02130  0.10144  2.67   81745    8292  389377  1319628  16.14
1995-1999     70-74     0.03583  0.16514  2.63   73453   12130  338491   930251  12.66
1995-1999     75-79     0.05963  0.26087  2.60   61323   15997  268257   591760   9.65
1995-1999     80-84     0.09872  0.39523  2.48   45325   17914  181456   323503   7.14
1995-1999     85-89     0.15808  0.55887  2.38   27411   15319   96909   142047   5.18
1995-1999     90-94     0.24225  0.71782  2.16   12092    8680   35831    45138   3.73
1995-1999     95-99     0.35083  0.84492  1.93    3412    2883    8218     9307   2.73
1995-1999    100-104    0.47754  0.92333  1.68     529     489    1023     1089   2.06
1995-1999    105-109    0.60797  0.96298  1.45      41      39      64       66   1.64
1995-1999    110+       0.70956  1.00000  1.41       2       2       2        2   1.41
2000-2004        0      0.00524  0.00522  0.06  100000     522   99509  7628950  76.29
2000-2004      1-4      0.00022  0.00087  1.64   99478      86  397710  7529441  75.69
2000-2004      5-9      0.00014  0.00072  2.40   99392      71  496775  7131731  71.75
2000-2004     10-14     0.00016  0.00082  2.87   99321      82  496429  6634956  66.80
2000-2004     15-19     0.00064  0.00319  2.98   99239     317  495555  6138527  61.86
2000-2004     20-24     0.00110  0.00550  2.55   98922     544  493276  5642972  57.04
2000-2004     25-29     0.00105  0.00525  2.44   98378     517  490567  5149696  52.35
2000-2004     30-34     0.00109  0.00545  2.62   97861     533  488035  4659129  47.61
2000-2004     35-39     0.00136  0.00676  2.61   97327     658  485067  4171095  42.86
2000-2004     40-44     0.00209  0.01040  2.71   96670    1005  481050  3686028  38.13
2000-2004     45-49     0.00334  0.01656  2.68   95665    1584  474651  3204977  33.50
2000-2004     50-54     0.00528  0.02606  2.67   94080    2452  464699  2730326  29.02
2000-2004     55-59     0.00811  0.03976  2.61   91629    3643  449438  2265627  24.73
2000-2004     60-64     0.01204  0.05857  2.67   87985    5153  427907  1816189  20.64
2000-2004     65-69     0.01927  0.09219  2.66   82832    7636  396276  1388282  16.76
2000-2004     70-74     0.03185  0.14822  2.66   75196   11145  349896   992006  13.19
2000-2004     75-79     0.05531  0.24408  2.59   64051   15634  282634   642110  10.03
2000-2004     80-84     0.09039  0.37002  2.55   48417   17915  198201   359477   7.42
2000-2004     85-89     0.15184  0.54340  2.38   30502   16575  109162   161276   5.29
2000-2004     90-94     0.23999  0.71611  2.18   13927    9973   41557    52115   3.74
2000-2004     95-99     0.35852  0.85263  1.93    3954    3371    9403    10558   2.67
2000-2004    100-104    0.49650  0.93185  1.65     583     543    1094     1156   1.98
2000-2004    105-109    0.63612  0.96878  1.41      40      38      60       62   1.57
2000-2004    110+       0.74210  1.00000  1.35       1       1       2        2   1.35
2005-2009        0      0.00371  0.00370  0.05  100000     370   99650  7717924  77.18
2005-2009      1-4      0.00018  0.00074  1.62   99630      73  398345  7618273  76.47
2005-2009      5-9      0.00014  0.00068  2.39   99556      67  497607  7219929  72.52
2005-2009     10-14     0.00015  0.00074  2.99   99489      74  497298  6722322  67.57
2005-2009     15-19     0.00057  0.00283  2.99   99415     281  496511  6225025  62.62
2005-2009     20-24     0.00105  0.00522  2.64   99134     517  494449  5728513  57.79
2005-2009     25-29     0.00115  0.00574  2.50   98617     566  491667  5234064  53.07
2005-2009     30-34     0.00110  0.00547  2.52   98051     536  488923  4742397  48.37
2005-2009     35-39     0.00135  0.00672  2.64   97515     655  486024  4253474  43.62
2005-2009     40-44     0.00202  0.01007  2.71   96860     975  482061  3767450  38.90
2005-2009     45-49     0.00326  0.01618  2.67   95885    1551  475810  3285390  34.26
2005-2009     50-54     0.00514  0.02539  2.69   94333    2395  466140  2809580  29.78
2005-2009     55-59     0.00791  0.03881  2.66   91938    3568  451349  2343439  25.49
2005-2009     60-64     0.01152  0.05604  2.57   88370    4952  429832  1892090  21.41
2005-2009     65-69     0.01715  0.08244  2.66   83418    6877  400964  1462258  17.53
2005-2009     70-74     0.02861  0.13402  2.64   76541   10258  358546  1061295  13.87
2005-2009     75-79     0.04853  0.21767  2.64   66283   14428  297308   702749  10.60
2005-2009     80-84     0.08402  0.34731  2.51   51855   18010  214349   405441   7.82
2005-2009     85-89     0.13579  0.50313  2.43   33845   17029  125407   191092   5.65
2005-2009     90-94     0.22954  0.70225  2.24   16816   11809   51447    65685   3.91
2005-2009     95-99     0.33391  0.83076  1.98    5007    4160   12457    14237   2.84
2005-2009    100-104    0.46710  0.91946  1.70     847     779    1668     1780   2.10
2005-2009    105-109    0.60599  0.96296  1.46      68      66     108      112   1.64
2005-2009    110+       0.71411  1.00000  1.40       3       3       4        4   1.40
2010-2013        0      0.00369  0.00368  0.05  100000     368   99652  7799987  78.00
2010-2013      1-4      0.00017  0.00069  1.71   99632      69  398371  7700335  77.29
2010-2013      5-9      0.00012  0.00058  2.38   99563      58  497666  7301964  73.34
2010-2013     10-14     0.00012  0.00059  2.74   99506      58  497396  6804299  68.38
2010-2013     15-19     0.00045  0.00225  2.94   99447     224  496775  6306902  63.42
2010-2013     20-24     0.00079  0.00396  2.62   99223     393  495180  5810127  58.56
2010-2013     25-29     0.00087  0.00435  2.48   98830     430  493068  5314947  53.78
2010-2013     30-34     0.00100  0.00498  2.53   98400     490  490790  4821879  49.00
2010-2013     35-39     0.00117  0.00584  2.58   97910     572  488166  4331089  44.24
2010-2013     40-44     0.00181  0.00900  2.69   97338     876  484664  3842923  39.48
2010-2013     45-49     0.00306  0.01518  2.69   96462    1464  478929  3358259  34.81
2010-2013     50-54     0.00496  0.02453  2.69   94998    2331  469603  2879330  30.31
2010-2013     55-59     0.00802  0.03935  2.66   92667    3647  454821  2409728  26.00
2010-2013     60-64     0.01156  0.05625  2.63   89021    5007  433237  1954907  21.96
2010-2013     65-69     0.01688  0.08105  2.57   84014    6810  403500  1521670  18.11
2010-2013     70-74     0.02565  0.12096  2.65   77204    9339  364087  1118170  14.48
2010-2013     75-79     0.04387  0.19868  2.63   67865   13484  307368   754083  11.11
2010-2013     80-84     0.07768  0.32715  2.59   54382   17791  229040   446716   8.21
2010-2013     85-89     0.12890  0.48206  2.39   36591   17639  136843   217675   5.95
2010-2013     90-94     0.20335  0.65410  2.27   18952   12396   60961    80832   4.27
2010-2013     95-99     0.31028  0.80680  2.03    6555    5289   17046    19871   3.03
2010-2013    100-104    0.43795  0.90497  1.76    1266    1146    2617     2825   2.23
2010-2013    105-109    0.57496  0.95582  1.51     120     115     200      208   1.73
2010-2013    110+       0.68414  1.00000  1.46       5       5       8        8   1.46
