"","Year","Cause","Age","Female","Male"
"2280",1990,1,Total,7349,9734
"2280",1990,1,0,732,895
"2280",1990,1,1,341,359
"2280",1990,1,2,203,175
"2280",1990,1,3,100,120
"2280",1990,1,4,79,66
"2280",1990,1,5 - 9,285,321
"2280",1990,1,10 - 14,201,196
"2280",1990,1,15 - 19,217,343
"2280",1990,1,20 - 24,312,607
"2280",1990,1,25 - 29,286,606
"2280",1990,1,30 - 34,274,591
"2280",1990,1,35 - 39,289,473
"2280",1990,1,40 - 44,266,439
"2280",1990,1,45 - 49,247,357
"2280",1990,1,50 - 54,255,396
"2280",1990,1,55 - 59,273,412
"2280",1990,1,60 - 64,362,482
"2280",1990,1,65 - 69,453,531
"2280",1990,1,70 - 74,479,565
"2280",1990,1,75 - 79,543,521
"2280",1990,1,80 - 84,436,511
"2280",1990,1,85 - 89,345,379
"2280",1990,1,90 - 94,166,182
"2280",1990,1,95+,205,207
"2280",1990,1,UNK,0,0
"2280",1990,2,Total,929,1068
"2280",1990,2,0,195,236
"2280",1990,2,1,119,125
"2280",1990,2,2,57,54
"2280",1990,2,3,24,42
"2280",1990,2,4,16,19
"2280",1990,2,5 - 9,75,86
"2280",1990,2,10 - 14,64,52
"2280",1990,2,15 - 19,44,38
"2280",1990,2,20 - 24,47,38
"2280",1990,2,25 - 29,32,32
"2280",1990,2,30 - 34,23,37
"2280",1990,2,35 - 39,29,28
"2280",1990,2,40 - 44,23,21
"2280",1990,2,45 - 49,14,16
"2280",1990,2,50 - 54,11,18
"2280",1990,2,55 - 59,9,23
"2280",1990,2,60 - 64,19,32
"2280",1990,2,65 - 69,24,34
"2280",1990,2,70 - 74,23,28
"2280",1990,2,75 - 79,29,35
"2280",1990,2,80 - 84,23,30
"2280",1990,2,85 - 89,13,21
"2280",1990,2,90 - 94,4,13
"2280",1990,2,95+,12,10
"2280",1990,2,UNK,0,0
"2280",1990,3,Total,614,448
"2280",1990,3,0,3,3
"2280",1990,3,1,4,0
"2280",1990,3,2,2,0
"2280",1990,3,3,1,1
"2280",1990,3,4,0,2
"2280",1990,3,5 - 9,8,13
"2280",1990,3,10 - 14,11,6
"2280",1990,3,15 - 19,6,9
"2280",1990,3,20 - 24,12,24
"2280",1990,3,25 - 29,20,22
"2280",1990,3,30 - 34,39,26
"2280",1990,3,35 - 39,41,17
"2280",1990,3,40 - 44,41,15
"2280",1990,3,45 - 49,54,20
"2280",1990,3,50 - 54,57,35
"2280",1990,3,55 - 59,49,34
"2280",1990,3,60 - 64,46,39
"2280",1990,3,65 - 69,67,49
"2280",1990,3,70 - 74,55,51
"2280",1990,3,75 - 79,42,31
"2280",1990,3,80 - 84,28,25
"2280",1990,3,85 - 89,10,19
"2280",1990,3,90 - 94,8,2
"2280",1990,3,95+,10,5
"2280",1990,3,UNK,0,0
"2280",1990,4,Total,1590,1804
"2280",1990,4,0,50,67
"2280",1990,4,1,20,17
"2280",1990,4,2,11,12
"2280",1990,4,3,9,9
"2280",1990,4,4,5,4
"2280",1990,4,5 - 9,20,19
"2280",1990,4,10 - 14,17,15
"2280",1990,4,15 - 19,39,31
"2280",1990,4,20 - 24,41,59
"2280",1990,4,25 - 29,57,68
"2280",1990,4,30 - 34,55,69
"2280",1990,4,35 - 39,79,61
"2280",1990,4,40 - 44,57,81
"2280",1990,4,45 - 49,64,63
"2280",1990,4,50 - 54,68,83
"2280",1990,4,55 - 59,76,115
"2280",1990,4,60 - 64,102,148
"2280",1990,4,65 - 69,136,166
"2280",1990,4,70 - 74,144,180
"2280",1990,4,75 - 79,173,151
"2280",1990,4,80 - 84,141,162
"2280",1990,4,85 - 89,122,112
"2280",1990,4,90 - 94,49,60
"2280",1990,4,95+,55,52
"2280",1990,4,UNK,0,0
"2280",1990,5,Total,1854,2048
"2280",1990,5,0,264,318
"2280",1990,5,1,81,99
"2280",1990,5,2,56,49
"2280",1990,5,3,30,38
"2280",1990,5,4,25,22
"2280",1990,5,5 - 9,70,80
"2280",1990,5,10 - 14,39,35
"2280",1990,5,15 - 19,30,48
"2280",1990,5,20 - 24,56,72
"2280",1990,5,25 - 29,49,69
"2280",1990,5,30 - 34,40,77
"2280",1990,5,35 - 39,45,54
"2280",1990,5,40 - 44,41,57
"2280",1990,5,45 - 49,48,51
"2280",1990,5,50 - 54,37,56
"2280",1990,5,55 - 59,50,69
"2280",1990,5,60 - 64,75,81
"2280",1990,5,65 - 69,103,101
"2280",1990,5,70 - 74,121,131
"2280",1990,5,75 - 79,160,130
"2280",1990,5,80 - 84,136,136
"2280",1990,5,85 - 89,129,121
"2280",1990,5,90 - 94,75,79
"2280",1990,5,95+,94,75
"2280",1990,5,UNK,0,0
"2280",1990,6,Total,7,108
"2280",1990,6,0,0,0
"2280",1990,6,1,0,2
"2280",1990,6,2,0,0
"2280",1990,6,3,0,0
"2280",1990,6,4,0,0
"2280",1990,6,5 - 9,0,0
"2280",1990,6,10 - 14,0,1
"2280",1990,6,15 - 19,0,0
"2280",1990,6,20 - 24,0,8
"2280",1990,6,25 - 29,0,3
"2280",1990,6,30 - 34,2,6
"2280",1990,6,35 - 39,1,13
"2280",1990,6,40 - 44,0,13
"2280",1990,6,45 - 49,0,16
"2280",1990,6,50 - 54,0,10
"2280",1990,6,55 - 59,1,12
"2280",1990,6,60 - 64,2,8
"2280",1990,6,65 - 69,1,7
"2280",1990,6,70 - 74,0,4
"2280",1990,6,75 - 79,0,1
"2280",1990,6,80 - 84,0,2
"2280",1990,6,85 - 89,0,1
"2280",1990,6,90 - 94,0,0
"2280",1990,6,95+,0,1
"2280",1990,6,UNK,0,0
"2280",1990,7,Total,135,196
"2280",1990,7,0,8,14
"2280",1990,7,1,8,5
"2280",1990,7,2,6,7
"2280",1990,7,3,2,0
"2280",1990,7,4,1,1
"2280",1990,7,5 - 9,11,6
"2280",1990,7,10 - 14,3,8
"2280",1990,7,15 - 19,9,17
"2280",1990,7,20 - 24,14,17
"2280",1990,7,25 - 29,8,16
"2280",1990,7,30 - 34,5,16
"2280",1990,7,35 - 39,7,10
"2280",1990,7,40 - 44,6,8
"2280",1990,7,45 - 49,4,2
"2280",1990,7,50 - 54,6,1
"2280",1990,7,55 - 59,4,7
"2280",1990,7,60 - 64,3,8
"2280",1990,7,65 - 69,5,9
"2280",1990,7,70 - 74,7,9
"2280",1990,7,75 - 79,4,16
"2280",1990,7,80 - 84,7,10
"2280",1990,7,85 - 89,5,8
"2280",1990,7,90 - 94,1,0
"2280",1990,7,95+,1,1
"2280",1990,7,UNK,0,0
"2280",1990,8,Total,182,214
"2280",1990,8,0,21,18
"2280",1990,8,1,8,5
"2280",1990,8,2,8,7
"2280",1990,8,3,5,2
"2280",1990,8,4,2,1
"2280",1990,8,5 - 9,6,4
"2280",1990,8,10 - 14,1,1
"2280",1990,8,15 - 19,3,1
"2280",1990,8,20 - 24,5,11
"2280",1990,8,25 - 29,10,24
"2280",1990,8,30 - 34,9,15
"2280",1990,8,35 - 39,1,21
"2280",1990,8,40 - 44,6,6
"2280",1990,8,45 - 49,9,10
"2280",1990,8,50 - 54,11,9
"2280",1990,8,55 - 59,8,7
"2280",1990,8,60 - 64,13,11
"2280",1990,8,65 - 69,7,12
"2280",1990,8,70 - 74,12,19
"2280",1990,8,75 - 79,15,10
"2280",1990,8,80 - 84,12,10
"2280",1990,8,85 - 89,8,6
"2280",1990,8,90 - 94,1,2
"2280",1990,8,95+,1,2
"2280",1990,8,UNK,0,0
"2280",1990,9,Total,377,538
"2280",1990,9,0,12,21
"2280",1990,9,1,8,3
"2280",1990,9,2,4,3
"2280",1990,9,3,6,2
"2280",1990,9,4,6,0
"2280",1990,9,5 - 9,11,13
"2280",1990,9,10 - 14,8,5
"2280",1990,9,15 - 19,10,10
"2280",1990,9,20 - 24,18,26
"2280",1990,9,25 - 29,14,41
"2280",1990,9,30 - 34,20,30
"2280",1990,9,35 - 39,18,38
"2280",1990,9,40 - 44,13,31
"2280",1990,9,45 - 49,9,33
"2280",1990,9,50 - 54,19,36
"2280",1990,9,55 - 59,18,34
"2280",1990,9,60 - 64,27,49
"2280",1990,9,65 - 69,32,38
"2280",1990,9,70 - 74,36,40
"2280",1990,9,75 - 79,31,29
"2280",1990,9,80 - 84,28,27
"2280",1990,9,85 - 89,15,22
"2280",1990,9,90 - 94,10,3
"2280",1990,9,95+,4,4
"2280",1990,9,UNK,0,0
"2280",1990,10,Total,63,118
"2280",1990,10,0,0,3
"2280",1990,10,1,0,1
"2280",1990,10,2,0,0
"2280",1990,10,3,0,0
"2280",1990,10,4,0,0
"2280",1990,10,5 - 9,0,1
"2280",1990,10,10 - 14,0,1
"2280",1990,10,15 - 19,4,7
"2280",1990,10,20 - 24,6,8
"2280",1990,10,25 - 29,10,5
"2280",1990,10,30 - 34,5,6
"2280",1990,10,35 - 39,5,3
"2280",1990,10,40 - 44,3,10
"2280",1990,10,45 - 49,1,2
"2280",1990,10,50 - 54,3,6
"2280",1990,10,55 - 59,4,4
"2280",1990,10,60 - 64,4,5
"2280",1990,10,65 - 69,1,8
"2280",1990,10,70 - 74,6,14
"2280",1990,10,75 - 79,4,9
"2280",1990,10,80 - 84,3,12
"2280",1990,10,85 - 89,1,10
"2280",1990,10,90 - 94,2,2
"2280",1990,10,95+,1,1
"2280",1990,10,UNK,0,0
"2280",1990,11,Total,57,75
"2280",1990,11,0,44,62
"2280",1990,11,1,8,1
"2280",1990,11,2,0,1
"2280",1990,11,3,0,0
"2280",1990,11,4,0,0
"2280",1990,11,5 - 9,0,1
"2280",1990,11,10 - 14,0,0
"2280",1990,11,15 - 19,1,0
"2280",1990,11,20 - 24,2,2
"2280",1990,11,25 - 29,0,0
"2280",1990,11,30 - 34,0,1
"2280",1990,11,35 - 39,0,0
"2280",1990,11,40 - 44,1,0
"2280",1990,11,45 - 49,0,0
"2280",1990,11,50 - 54,0,0
"2280",1990,11,55 - 59,1,0
"2280",1990,11,60 - 64,0,1
"2280",1990,11,65 - 69,0,0
"2280",1990,11,70 - 74,0,1
"2280",1990,11,75 - 79,0,1
"2280",1990,11,80 - 84,0,2
"2280",1990,11,85 - 89,0,1
"2280",1990,11,90 - 94,0,1
"2280",1990,11,95+,0,0
"2280",1990,11,UNK,0,0
"2280",1990,12,Total,630,626
"2280",1990,12,0,120,120
"2280",1990,12,1,65,75
"2280",1990,12,2,35,29
"2280",1990,12,3,13,7
"2280",1990,12,4,6,3
"2280",1990,12,5 - 9,25,14
"2280",1990,12,10 - 14,15,12
"2280",1990,12,15 - 19,6,12
"2280",1990,12,20 - 24,9,18
"2280",1990,12,25 - 29,11,21
"2280",1990,12,30 - 34,15,12
"2280",1990,12,35 - 39,13,17
"2280",1990,12,40 - 44,18,12
"2280",1990,12,45 - 49,5,12
"2280",1990,12,50 - 54,16,10
"2280",1990,12,55 - 59,24,23
"2280",1990,12,60 - 64,40,21
"2280",1990,12,65 - 69,35,31
"2280",1990,12,70 - 74,44,35
"2280",1990,12,75 - 79,37,47
"2280",1990,12,80 - 84,33,42
"2280",1990,12,85 - 89,24,26
"2280",1990,12,90 - 94,9,9
"2280",1990,12,95+,12,18
"2280",1990,12,UNK,0,0
"2280",1990,13,Total,335,1133
"2280",1990,13,0,7,18
"2280",1990,13,1,8,19
"2280",1990,13,2,13,7
"2280",1990,13,3,6,7
"2280",1990,13,4,11,8
"2280",1990,13,5 - 9,34,71
"2280",1990,13,10 - 14,29,51
"2280",1990,13,15 - 19,31,100
"2280",1990,13,20 - 24,35,154
"2280",1990,13,25 - 29,31,127
"2280",1990,13,30 - 34,22,109
"2280",1990,13,35 - 39,12,79
"2280",1990,13,40 - 44,16,67
"2280",1990,13,45 - 49,18,61
"2280",1990,13,50 - 54,12,52
"2280",1990,13,55 - 59,8,44
"2280",1990,13,60 - 64,6,28
"2280",1990,13,65 - 69,4,36
"2280",1990,13,70 - 74,4,19
"2280",1990,13,75 - 79,10,19
"2280",1990,13,80 - 84,7,22
"2280",1990,13,85 - 89,3,7
"2280",1990,13,90 - 94,1,6
"2280",1990,13,95+,7,22
"2280",1990,13,UNK,0,0
"2280",1990,14,Total,110,1025
"2280",1990,14,0,0,1
"2280",1990,14,1,1,0
"2280",1990,14,2,0,1
"2280",1990,14,3,0,0
"2280",1990,14,4,2,1
"2280",1990,14,5 - 9,2,3
"2280",1990,14,10 - 14,4,5
"2280",1990,14,15 - 19,13,61
"2280",1990,14,20 - 24,18,154
"2280",1990,14,25 - 29,16,164
"2280",1990,14,30 - 34,12,168
"2280",1990,14,35 - 39,4,120
"2280",1990,14,40 - 44,10,109
"2280",1990,14,45 - 49,8,62
"2280",1990,14,50 - 54,2,69
"2280",1990,14,55 - 59,5,22
"2280",1990,14,60 - 64,2,33
"2280",1990,14,65 - 69,2,20
"2280",1990,14,70 - 74,0,7
"2280",1990,14,75 - 79,4,8
"2280",1990,14,80 - 84,1,4
"2280",1990,14,85 - 89,2,1
"2280",1990,14,90 - 94,0,1
"2280",1990,14,95+,2,11
"2280",1990,14,UNK,0,0
"2280",1990,15,Total,466,333
"2280",1990,15,0,8,14
"2280",1990,15,1,11,7
"2280",1990,15,2,11,5
"2280",1990,15,3,4,12
"2280",1990,15,4,5,5
"2280",1990,15,5 - 9,23,10
"2280",1990,15,10 - 14,10,4
"2280",1990,15,15 - 19,21,9
"2280",1990,15,20 - 24,49,16
"2280",1990,15,25 - 29,28,14
"2280",1990,15,30 - 34,27,19
"2280",1990,15,35 - 39,34,12
"2280",1990,15,40 - 44,31,9
"2280",1990,15,45 - 49,13,9
"2280",1990,15,50 - 54,13,11
"2280",1990,15,55 - 59,16,18
"2280",1990,15,60 - 64,23,18
"2280",1990,15,65 - 69,36,20
"2280",1990,15,70 - 74,27,27
"2280",1990,15,75 - 79,34,34
"2280",1990,15,80 - 84,17,27
"2280",1990,15,85 - 89,13,24
"2280",1990,15,90 - 94,6,4
"2280",1990,15,95+,6,5
"2280",1990,15,UNK,0,0
