"","Year","Cause","Age","Female","Male"
"2020",1990,1,Total,114214,142582
"2020",1990,1,0,7521,9783
"2020",1990,1,1,631,728
"2020",1990,1,2,302,376
"2020",1990,1,3,157,237
"2020",1990,1,4,140,164
"2020",1990,1,5 - 9,464,610
"2020",1990,1,10 - 14,414,710
"2020",1990,1,15 - 19,641,1309
"2020",1990,1,20 - 24,796,1683
"2020",1990,1,25 - 29,882,1567
"2020",1990,1,30 - 34,1151,1799
"2020",1990,1,35 - 39,1632,2502
"2020",1990,1,40 - 44,2101,3603
"2020",1990,1,45 - 49,2722,5113
"2020",1990,1,50 - 54,3625,7336
"2020",1990,1,55 - 59,5115,10602
"2020",1990,1,60 - 64,7193,14085
"2020",1990,1,65 - 69,9423,16467
"2020",1990,1,70 - 74,12031,17077
"2020",1990,1,75 - 79,16584,17952
"2020",1990,1,80 - 84,17371,14586
"2020",1990,1,85 - 89,22671,13114
"2020",1990,1,90 - 94,0,0
"2020",1990,1,95+,0,0
"2020",1990,1,UNK,647,1179
"2020",1990,2,Total,3767,4773
"2020",1990,2,0,507,710
"2020",1990,2,1,128,131
"2020",1990,2,2,50,42
"2020",1990,2,3,16,21
"2020",1990,2,4,11,15
"2020",1990,2,5 - 9,19,39
"2020",1990,2,10 - 14,19,32
"2020",1990,2,15 - 19,40,43
"2020",1990,2,20 - 24,49,52
"2020",1990,2,25 - 29,80,57
"2020",1990,2,30 - 34,90,67
"2020",1990,2,35 - 39,90,147
"2020",1990,2,40 - 44,76,174
"2020",1990,2,45 - 49,95,177
"2020",1990,2,50 - 54,126,241
"2020",1990,2,55 - 59,163,315
"2020",1990,2,60 - 64,213,410
"2020",1990,2,65 - 69,259,417
"2020",1990,2,70 - 74,342,462
"2020",1990,2,75 - 79,446,492
"2020",1990,2,80 - 84,436,355
"2020",1990,2,85 - 89,488,336
"2020",1990,2,90 - 94,0,0
"2020",1990,2,95+,0,0
"2020",1990,2,UNK,24,38
"2020",1990,3,Total,20941,26517
"2020",1990,3,0,36,26
"2020",1990,3,1,17,22
"2020",1990,3,2,20,22
"2020",1990,3,3,21,28
"2020",1990,3,4,18,21
"2020",1990,3,5 - 9,82,73
"2020",1990,3,10 - 14,74,83
"2020",1990,3,15 - 19,72,97
"2020",1990,3,20 - 24,86,138
"2020",1990,3,25 - 29,145,140
"2020",1990,3,30 - 34,276,187
"2020",1990,3,35 - 39,510,310
"2020",1990,3,40 - 44,710,646
"2020",1990,3,45 - 49,1020,1096
"2020",1990,3,50 - 54,1294,1844
"2020",1990,3,55 - 59,1799,2771
"2020",1990,3,60 - 64,2327,3631
"2020",1990,3,65 - 69,2699,4073
"2020",1990,3,70 - 74,2795,3961
"2020",1990,3,75 - 79,2956,3468
"2020",1990,3,80 - 84,2159,2309
"2020",1990,3,85 - 89,1751,1452
"2020",1990,3,90 - 94,0,0
"2020",1990,3,95+,0,0
"2020",1990,3,UNK,74,119
"2020",1990,4,Total,54808,60929
"2020",1990,4,0,294,399
"2020",1990,4,1,42,79
"2020",1990,4,2,30,26
"2020",1990,4,3,21,18
"2020",1990,4,4,19,5
"2020",1990,4,5 - 9,45,55
"2020",1990,4,10 - 14,51,67
"2020",1990,4,15 - 19,103,125
"2020",1990,4,20 - 24,136,171
"2020",1990,4,25 - 29,183,217
"2020",1990,4,30 - 34,240,334
"2020",1990,4,35 - 39,413,659
"2020",1990,4,40 - 44,625,1237
"2020",1990,4,45 - 49,876,1964
"2020",1990,4,50 - 54,1235,3018
"2020",1990,4,55 - 59,1925,4552
"2020",1990,4,60 - 64,2897,6376
"2020",1990,4,65 - 69,4217,7745
"2020",1990,4,70 - 74,6081,8322
"2020",1990,4,75 - 79,9327,9354
"2020",1990,4,80 - 84,10716,8013
"2020",1990,4,85 - 89,15038,7780
"2020",1990,4,90 - 94,0,0
"2020",1990,4,95+,0,0
"2020",1990,4,UNK,294,413
"2020",1990,5,Total,3326,4089
"2020",1990,5,0,388,491
"2020",1990,5,1,62,47
"2020",1990,5,2,21,26
"2020",1990,5,3,9,14
"2020",1990,5,4,7,8
"2020",1990,5,5 - 9,25,21
"2020",1990,5,10 - 14,11,16
"2020",1990,5,15 - 19,22,36
"2020",1990,5,20 - 24,38,30
"2020",1990,5,25 - 29,36,40
"2020",1990,5,30 - 34,35,57
"2020",1990,5,35 - 39,67,70
"2020",1990,5,40 - 44,89,122
"2020",1990,5,45 - 49,79,152
"2020",1990,5,50 - 54,80,187
"2020",1990,5,55 - 59,133,281
"2020",1990,5,60 - 64,154,319
"2020",1990,5,65 - 69,206,394
"2020",1990,5,70 - 74,288,429
"2020",1990,5,75 - 79,391,417
"2020",1990,5,80 - 84,460,429
"2020",1990,5,85 - 89,695,416
"2020",1990,5,90 - 94,0,0
"2020",1990,5,95+,0,0
"2020",1990,5,UNK,30,87
"2020",1990,6,Total,354,902
"2020",1990,6,0,0,1
"2020",1990,6,1,0,0
"2020",1990,6,2,0,1
"2020",1990,6,3,0,0
"2020",1990,6,4,0,0
"2020",1990,6,5 - 9,1,1
"2020",1990,6,10 - 14,0,1
"2020",1990,6,15 - 19,1,2
"2020",1990,6,20 - 24,3,5
"2020",1990,6,25 - 29,5,8
"2020",1990,6,30 - 34,3,27
"2020",1990,6,35 - 39,13,43
"2020",1990,6,40 - 44,13,82
"2020",1990,6,45 - 49,18,98
"2020",1990,6,50 - 54,18,104
"2020",1990,6,55 - 59,11,129
"2020",1990,6,60 - 64,16,85
"2020",1990,6,65 - 69,31,90
"2020",1990,6,70 - 74,42,59
"2020",1990,6,75 - 79,43,63
"2020",1990,6,80 - 84,66,43
"2020",1990,6,85 - 89,67,38
"2020",1990,6,90 - 94,0,0
"2020",1990,6,95+,0,0
"2020",1990,6,UNK,3,22
"2020",1990,7,Total,1413,1604
"2020",1990,7,0,141,202
"2020",1990,7,1,27,43
"2020",1990,7,2,12,20
"2020",1990,7,3,7,12
"2020",1990,7,4,10,9
"2020",1990,7,5 - 9,38,40
"2020",1990,7,10 - 14,27,45
"2020",1990,7,15 - 19,27,40
"2020",1990,7,20 - 24,31,38
"2020",1990,7,25 - 29,42,33
"2020",1990,7,30 - 34,37,42
"2020",1990,7,35 - 39,39,41
"2020",1990,7,40 - 44,31,44
"2020",1990,7,45 - 49,42,48
"2020",1990,7,50 - 54,44,57
"2020",1990,7,55 - 59,64,92
"2020",1990,7,60 - 64,86,112
"2020",1990,7,65 - 69,100,143
"2020",1990,7,70 - 74,130,155
"2020",1990,7,75 - 79,165,147
"2020",1990,7,80 - 84,140,91
"2020",1990,7,85 - 89,111,59
"2020",1990,7,90 - 94,0,0
"2020",1990,7,95+,0,0
"2020",1990,7,UNK,62,91
"2020",1990,8,Total,5186,4873
"2020",1990,8,0,367,456
"2020",1990,8,1,81,90
"2020",1990,8,2,20,33
"2020",1990,8,3,10,14
"2020",1990,8,4,8,7
"2020",1990,8,5 - 9,22,20
"2020",1990,8,10 - 14,8,14
"2020",1990,8,15 - 19,12,28
"2020",1990,8,20 - 24,31,58
"2020",1990,8,25 - 29,21,83
"2020",1990,8,30 - 34,38,62
"2020",1990,8,35 - 39,37,73
"2020",1990,8,40 - 44,66,77
"2020",1990,8,45 - 49,72,116
"2020",1990,8,50 - 54,114,162
"2020",1990,8,55 - 59,205,290
"2020",1990,8,60 - 64,341,450
"2020",1990,8,65 - 69,487,555
"2020",1990,8,70 - 74,627,601
"2020",1990,8,75 - 79,828,685
"2020",1990,8,80 - 84,819,515
"2020",1990,8,85 - 89,946,444
"2020",1990,8,90 - 94,0,0
"2020",1990,8,95+,0,0
"2020",1990,8,UNK,26,40
"2020",1990,9,Total,4246,6951
"2020",1990,9,0,44,61
"2020",1990,9,1,7,10
"2020",1990,9,2,8,16
"2020",1990,9,3,9,7
"2020",1990,9,4,4,3
"2020",1990,9,5 - 9,18,16
"2020",1990,9,10 - 14,17,8
"2020",1990,9,15 - 19,23,14
"2020",1990,9,20 - 24,36,26
"2020",1990,9,25 - 29,34,33
"2020",1990,9,30 - 34,48,90
"2020",1990,9,35 - 39,84,176
"2020",1990,9,40 - 44,119,286
"2020",1990,9,45 - 49,137,416
"2020",1990,9,50 - 54,205,589
"2020",1990,9,55 - 59,254,771
"2020",1990,9,60 - 64,347,860
"2020",1990,9,65 - 69,425,942
"2020",1990,9,70 - 74,471,823
"2020",1990,9,75 - 79,626,813
"2020",1990,9,80 - 84,614,533
"2020",1990,9,85 - 89,701,418
"2020",1990,9,90 - 94,0,0
"2020",1990,9,95+,0,0
"2020",1990,9,UNK,15,40
"2020",1990,10,Total,2537,3015
"2020",1990,10,0,14,20
"2020",1990,10,1,8,8
"2020",1990,10,2,4,4
"2020",1990,10,3,0,5
"2020",1990,10,4,1,2
"2020",1990,10,5 - 9,8,8
"2020",1990,10,10 - 14,14,6
"2020",1990,10,15 - 19,15,13
"2020",1990,10,20 - 24,17,13
"2020",1990,10,25 - 29,30,15
"2020",1990,10,30 - 34,37,23
"2020",1990,10,35 - 39,46,43
"2020",1990,10,40 - 44,47,50
"2020",1990,10,45 - 49,59,73
"2020",1990,10,50 - 54,102,121
"2020",1990,10,55 - 59,131,179
"2020",1990,10,60 - 64,189,294
"2020",1990,10,65 - 69,263,368
"2020",1990,10,70 - 74,292,429
"2020",1990,10,75 - 79,410,484
"2020",1990,10,80 - 84,367,444
"2020",1990,10,85 - 89,462,392
"2020",1990,10,90 - 94,0,0
"2020",1990,10,95+,0,0
"2020",1990,10,UNK,21,21
"2020",1990,11,Total,5049,6572
"2020",1990,11,0,4796,6313
"2020",1990,11,1,58,48
"2020",1990,11,2,29,24
"2020",1990,11,3,11,20
"2020",1990,11,4,10,15
"2020",1990,11,5 - 9,38,31
"2020",1990,11,10 - 14,17,23
"2020",1990,11,15 - 19,10,18
"2020",1990,11,20 - 24,12,9
"2020",1990,11,25 - 29,10,8
"2020",1990,11,30 - 34,4,10
"2020",1990,11,35 - 39,1,8
"2020",1990,11,40 - 44,6,8
"2020",1990,11,45 - 49,4,4
"2020",1990,11,50 - 54,5,4
"2020",1990,11,55 - 59,7,5
"2020",1990,11,60 - 64,3,3
"2020",1990,11,65 - 69,9,3
"2020",1990,11,70 - 74,4,2
"2020",1990,11,75 - 79,4,8
"2020",1990,11,80 - 84,8,2
"2020",1990,11,85 - 89,1,5
"2020",1990,11,90 - 94,0,0
"2020",1990,11,95+,0,0
"2020",1990,11,UNK,2,1
"2020",1990,12,Total,6673,9735
"2020",1990,12,0,569,654
"2020",1990,12,1,83,101
"2020",1990,12,2,40,37
"2020",1990,12,3,12,24
"2020",1990,12,4,11,11
"2020",1990,12,5 - 9,28,26
"2020",1990,12,10 - 14,28,35
"2020",1990,12,15 - 19,37,57
"2020",1990,12,20 - 24,39,68
"2020",1990,12,25 - 29,35,49
"2020",1990,12,30 - 34,49,75
"2020",1990,12,35 - 39,72,97
"2020",1990,12,40 - 44,87,116
"2020",1990,12,45 - 49,95,203
"2020",1990,12,50 - 54,141,309
"2020",1990,12,55 - 59,189,500
"2020",1990,12,60 - 64,319,764
"2020",1990,12,65 - 69,411,1038
"2020",1990,12,70 - 74,597,1205
"2020",1990,12,75 - 79,903,1473
"2020",1990,12,80 - 84,1121,1418
"2020",1990,12,85 - 89,1768,1407
"2020",1990,12,90 - 94,0,0
"2020",1990,12,95+,0,0
"2020",1990,12,UNK,39,68
"2020",1990,13,Total,4366,10653
"2020",1990,13,0,325,411
"2020",1990,13,1,113,137
"2020",1990,13,2,62,112
"2020",1990,13,3,35,69
"2020",1990,13,4,36,68
"2020",1990,13,5 - 9,124,260
"2020",1990,13,10 - 14,128,346
"2020",1990,13,15 - 19,207,685
"2020",1990,13,20 - 24,214,863
"2020",1990,13,25 - 29,152,731
"2020",1990,13,30 - 34,172,671
"2020",1990,13,35 - 39,153,690
"2020",1990,13,40 - 44,162,641
"2020",1990,13,45 - 49,172,645
"2020",1990,13,50 - 54,203,599
"2020",1990,13,55 - 59,185,612
"2020",1990,13,60 - 64,228,683
"2020",1990,13,65 - 69,233,619
"2020",1990,13,70 - 74,263,535
"2020",1990,13,75 - 79,368,453
"2020",1990,13,80 - 84,339,345
"2020",1990,13,85 - 89,448,283
"2020",1990,13,90 - 94,0,0
"2020",1990,13,95+,0,0
"2020",1990,13,UNK,44,195
"2020",1990,14,Total,252,1368
"2020",1990,14,0,18,19
"2020",1990,14,1,1,3
"2020",1990,14,2,1,6
"2020",1990,14,3,3,1
"2020",1990,14,4,2,0
"2020",1990,14,5 - 9,10,10
"2020",1990,14,10 - 14,9,22
"2020",1990,14,15 - 19,18,142
"2020",1990,14,20 - 24,21,202
"2020",1990,14,25 - 29,18,145
"2020",1990,14,30 - 34,17,150
"2020",1990,14,35 - 39,18,132
"2020",1990,14,40 - 44,15,101
"2020",1990,14,45 - 49,18,99
"2020",1990,14,50 - 54,16,82
"2020",1990,14,55 - 59,10,68
"2020",1990,14,60 - 64,9,54
"2020",1990,14,65 - 69,8,34
"2020",1990,14,70 - 74,18,25
"2020",1990,14,75 - 79,9,12
"2020",1990,14,80 - 84,4,9
"2020",1990,14,85 - 89,6,14
"2020",1990,14,90 - 94,0,0
"2020",1990,14,95+,0,0
"2020",1990,14,UNK,3,38
"2020",1990,15,Total,1296,601
"2020",1990,15,0,22,20
"2020",1990,15,1,4,9
"2020",1990,15,2,5,7
"2020",1990,15,3,3,4
"2020",1990,15,4,3,0
"2020",1990,15,5 - 9,6,10
"2020",1990,15,10 - 14,11,12
"2020",1990,15,15 - 19,54,9
"2020",1990,15,20 - 24,83,10
"2020",1990,15,25 - 29,91,8
"2020",1990,15,30 - 34,105,4
"2020",1990,15,35 - 39,89,13
"2020",1990,15,40 - 44,55,19
"2020",1990,15,45 - 49,35,22
"2020",1990,15,50 - 54,42,19
"2020",1990,15,55 - 59,39,37
"2020",1990,15,60 - 64,64,44
"2020",1990,15,65 - 69,75,46
"2020",1990,15,70 - 74,81,69
"2020",1990,15,75 - 79,108,83
"2020",1990,15,80 - 84,122,80
"2020",1990,15,85 - 89,189,70
"2020",1990,15,90 - 94,0,0
"2020",1990,15,95+,0,0
"2020",1990,15,UNK,10,6
"2020",1991,1,Total,112619,141377
"2020",1991,1,0,7387,9719
"2020",1991,1,1,674,744
"2020",1991,1,2,330,321
"2020",1991,1,3,176,237
"2020",1991,1,4,127,169
"2020",1991,1,5 - 9,425,640
"2020",1991,1,10 - 14,436,682
"2020",1991,1,15 - 19,713,1393
"2020",1991,1,20 - 24,738,1656
"2020",1991,1,25 - 29,969,1722
"2020",1991,1,30 - 34,1110,1918
"2020",1991,1,35 - 39,1620,2495
"2020",1991,1,40 - 44,2198,3719
"2020",1991,1,45 - 49,2711,5244
"2020",1991,1,50 - 54,3584,7275
"2020",1991,1,55 - 59,4925,10386
"2020",1991,1,60 - 64,7226,14035
"2020",1991,1,65 - 69,9333,16275
"2020",1991,1,70 - 74,11769,16834
"2020",1991,1,75 - 79,15884,17320
"2020",1991,1,80 - 84,17173,14489
"2020",1991,1,85 - 89,22391,12961
"2020",1991,1,90 - 94,0,0
"2020",1991,1,95+,0,0
"2020",1991,1,UNK,720,1143
"2020",1991,2,Total,4152,4863
"2020",1991,2,0,483,609
"2020",1991,2,1,125,146
"2020",1991,2,2,36,46
"2020",1991,2,3,17,25
"2020",1991,2,4,11,10
"2020",1991,2,5 - 9,22,34
"2020",1991,2,10 - 14,15,22
"2020",1991,2,15 - 19,30,54
"2020",1991,2,20 - 24,48,57
"2020",1991,2,25 - 29,62,59
"2020",1991,2,30 - 34,69,68
"2020",1991,2,35 - 39,70,103
"2020",1991,2,40 - 44,98,146
"2020",1991,2,45 - 49,96,203
"2020",1991,2,50 - 54,151,243
"2020",1991,2,55 - 59,179,329
"2020",1991,2,60 - 64,216,375
"2020",1991,2,65 - 69,284,451
"2020",1991,2,70 - 74,389,492
"2020",1991,2,75 - 79,533,536
"2020",1991,2,80 - 84,533,459
"2020",1991,2,85 - 89,658,350
"2020",1991,2,90 - 94,0,0
"2020",1991,2,95+,0,0
"2020",1991,2,UNK,27,46
"2020",1991,3,Total,21412,27151
"2020",1991,3,0,29,28
"2020",1991,3,1,18,20
"2020",1991,3,2,17,22
"2020",1991,3,3,16,29
"2020",1991,3,4,17,22
"2020",1991,3,5 - 9,69,109
"2020",1991,3,10 - 14,60,91
"2020",1991,3,15 - 19,78,117
"2020",1991,3,20 - 24,91,130
"2020",1991,3,25 - 29,154,117
"2020",1991,3,30 - 34,270,185
"2020",1991,3,35 - 39,540,361
"2020",1991,3,40 - 44,818,663
"2020",1991,3,45 - 49,1051,1129
"2020",1991,3,50 - 54,1308,1840
"2020",1991,3,55 - 59,1793,2804
"2020",1991,3,60 - 64,2396,3686
"2020",1991,3,65 - 69,2728,4157
"2020",1991,3,70 - 74,2815,3980
"2020",1991,3,75 - 79,2971,3568
"2020",1991,3,80 - 84,2310,2481
"2020",1991,3,85 - 89,1780,1501
"2020",1991,3,90 - 94,0,0
"2020",1991,3,95+,0,0
"2020",1991,3,UNK,83,111
"2020",1991,4,Total,52615,58590
"2020",1991,4,0,297,349
"2020",1991,4,1,81,75
"2020",1991,4,2,50,22
"2020",1991,4,3,23,16
"2020",1991,4,4,17,17
"2020",1991,4,5 - 9,44,69
"2020",1991,4,10 - 14,53,55
"2020",1991,4,15 - 19,105,126
"2020",1991,4,20 - 24,111,155
"2020",1991,4,25 - 29,214,248
"2020",1991,4,30 - 34,242,356
"2020",1991,4,35 - 39,409,617
"2020",1991,4,40 - 44,636,1219
"2020",1991,4,45 - 49,877,1899
"2020",1991,4,50 - 54,1231,2888
"2020",1991,4,55 - 59,1758,4262
"2020",1991,4,60 - 64,2858,6299
"2020",1991,4,65 - 69,4088,7554
"2020",1991,4,70 - 74,5784,8021
"2020",1991,4,75 - 79,8613,8708
"2020",1991,4,80 - 84,10246,7700
"2020",1991,4,85 - 89,14539,7520
"2020",1991,4,90 - 94,0,0
"2020",1991,4,95+,0,0
"2020",1991,4,UNK,339,415
"2020",1991,5,Total,3082,3999
"2020",1991,5,0,362,466
"2020",1991,5,1,50,45
"2020",1991,5,2,15,27
"2020",1991,5,3,14,11
"2020",1991,5,4,3,11
"2020",1991,5,5 - 9,20,32
"2020",1991,5,10 - 14,23,14
"2020",1991,5,15 - 19,27,34
"2020",1991,5,20 - 24,33,37
"2020",1991,5,25 - 29,24,38
"2020",1991,5,30 - 34,26,60
"2020",1991,5,35 - 39,51,83
"2020",1991,5,40 - 44,59,114
"2020",1991,5,45 - 49,63,161
"2020",1991,5,50 - 54,75,211
"2020",1991,5,55 - 59,103,278
"2020",1991,5,60 - 64,171,316
"2020",1991,5,65 - 69,188,355
"2020",1991,5,70 - 74,259,447
"2020",1991,5,75 - 79,385,441
"2020",1991,5,80 - 84,418,368
"2020",1991,5,85 - 89,681,375
"2020",1991,5,90 - 94,0,0
"2020",1991,5,95+,0,0
"2020",1991,5,UNK,32,75
"2020",1991,6,Total,423,1116
"2020",1991,6,0,0,2
"2020",1991,6,1,1,0
"2020",1991,6,2,0,1
"2020",1991,6,3,0,1
"2020",1991,6,4,0,0
"2020",1991,6,5 - 9,1,0
"2020",1991,6,10 - 14,1,1
"2020",1991,6,15 - 19,0,7
"2020",1991,6,20 - 24,1,8
"2020",1991,6,25 - 29,1,12
"2020",1991,6,30 - 34,3,25
"2020",1991,6,35 - 39,18,59
"2020",1991,6,40 - 44,16,98
"2020",1991,6,45 - 49,19,132
"2020",1991,6,50 - 54,22,115
"2020",1991,6,55 - 59,19,127
"2020",1991,6,60 - 64,22,140
"2020",1991,6,65 - 69,20,96
"2020",1991,6,70 - 74,37,96
"2020",1991,6,75 - 79,45,71
"2020",1991,6,80 - 84,74,53
"2020",1991,6,85 - 89,115,48
"2020",1991,6,90 - 94,0,0
"2020",1991,6,95+,0,0
"2020",1991,6,UNK,8,24
"2020",1991,7,Total,1365,1624
"2020",1991,7,0,141,191
"2020",1991,7,1,36,44
"2020",1991,7,2,20,14
"2020",1991,7,3,8,12
"2020",1991,7,4,9,12
"2020",1991,7,5 - 9,45,37
"2020",1991,7,10 - 14,34,34
"2020",1991,7,15 - 19,26,47
"2020",1991,7,20 - 24,27,41
"2020",1991,7,25 - 29,43,54
"2020",1991,7,30 - 34,33,32
"2020",1991,7,35 - 39,34,43
"2020",1991,7,40 - 44,28,59
"2020",1991,7,45 - 49,34,50
"2020",1991,7,50 - 54,40,65
"2020",1991,7,55 - 59,59,82
"2020",1991,7,60 - 64,88,112
"2020",1991,7,65 - 69,108,141
"2020",1991,7,70 - 74,123,141
"2020",1991,7,75 - 79,151,159
"2020",1991,7,80 - 84,121,95
"2020",1991,7,85 - 89,106,83
"2020",1991,7,90 - 94,0,0
"2020",1991,7,95+,0,0
"2020",1991,7,UNK,51,76
"2020",1991,8,Total,5232,4996
"2020",1991,8,0,325,360
"2020",1991,8,1,67,80
"2020",1991,8,2,21,17
"2020",1991,8,3,12,16
"2020",1991,8,4,5,7
"2020",1991,8,5 - 9,14,19
"2020",1991,8,10 - 14,20,11
"2020",1991,8,15 - 19,23,20
"2020",1991,8,20 - 24,25,72
"2020",1991,8,25 - 29,45,118
"2020",1991,8,30 - 34,34,88
"2020",1991,8,35 - 39,36,101
"2020",1991,8,40 - 44,60,98
"2020",1991,8,45 - 49,63,119
"2020",1991,8,50 - 54,110,158
"2020",1991,8,55 - 59,198,304
"2020",1991,8,60 - 64,344,454
"2020",1991,8,65 - 69,469,634
"2020",1991,8,70 - 74,657,620
"2020",1991,8,75 - 79,867,675
"2020",1991,8,80 - 84,821,544
"2020",1991,8,85 - 89,977,444
"2020",1991,8,90 - 94,0,0
"2020",1991,8,95+,0,0
"2020",1991,8,UNK,39,37
"2020",1991,9,Total,4147,6907
"2020",1991,9,0,27,52
"2020",1991,9,1,8,9
"2020",1991,9,2,6,15
"2020",1991,9,3,6,10
"2020",1991,9,4,6,5
"2020",1991,9,5 - 9,13,13
"2020",1991,9,10 - 14,18,17
"2020",1991,9,15 - 19,19,20
"2020",1991,9,20 - 24,26,22
"2020",1991,9,25 - 29,42,45
"2020",1991,9,30 - 34,59,100
"2020",1991,9,35 - 39,81,190
"2020",1991,9,40 - 44,129,330
"2020",1991,9,45 - 49,140,460
"2020",1991,9,50 - 54,204,614
"2020",1991,9,55 - 59,263,783
"2020",1991,9,60 - 64,316,860
"2020",1991,9,65 - 69,393,835
"2020",1991,9,70 - 74,477,772
"2020",1991,9,75 - 79,619,727
"2020",1991,9,80 - 84,587,549
"2020",1991,9,85 - 89,680,425
"2020",1991,9,90 - 94,0,0
"2020",1991,9,95+,0,0
"2020",1991,9,UNK,28,54
"2020",1991,10,Total,2482,3082
"2020",1991,10,0,18,22
"2020",1991,10,1,7,8
"2020",1991,10,2,5,5
"2020",1991,10,3,4,6
"2020",1991,10,4,2,2
"2020",1991,10,5 - 9,15,7
"2020",1991,10,10 - 14,9,4
"2020",1991,10,15 - 19,21,10
"2020",1991,10,20 - 24,21,19
"2020",1991,10,25 - 29,23,19
"2020",1991,10,30 - 34,35,37
"2020",1991,10,35 - 39,46,41
"2020",1991,10,40 - 44,47,58
"2020",1991,10,45 - 49,61,94
"2020",1991,10,50 - 54,91,108
"2020",1991,10,55 - 59,106,181
"2020",1991,10,60 - 64,187,269
"2020",1991,10,65 - 69,260,364
"2020",1991,10,70 - 74,298,459
"2020",1991,10,75 - 79,370,468
"2020",1991,10,80 - 84,401,442
"2020",1991,10,85 - 89,444,443
"2020",1991,10,90 - 94,0,0
"2020",1991,10,95+,0,0
"2020",1991,10,UNK,11,16
"2020",1991,11,Total,4998,6708
"2020",1991,11,0,4745,6427
"2020",1991,11,1,66,68
"2020",1991,11,2,29,20
"2020",1991,11,3,19,22
"2020",1991,11,4,6,12
"2020",1991,11,5 - 9,24,32
"2020",1991,11,10 - 14,17,18
"2020",1991,11,15 - 19,16,14
"2020",1991,11,20 - 24,12,15
"2020",1991,11,25 - 29,8,10
"2020",1991,11,30 - 34,8,9
"2020",1991,11,35 - 39,4,2
"2020",1991,11,40 - 44,7,11
"2020",1991,11,45 - 49,4,5
"2020",1991,11,50 - 54,3,5
"2020",1991,11,55 - 59,3,6
"2020",1991,11,60 - 64,12,9
"2020",1991,11,65 - 69,3,7
"2020",1991,11,70 - 74,3,2
"2020",1991,11,75 - 79,3,4
"2020",1991,11,80 - 84,0,2
"2020",1991,11,85 - 89,5,2
"2020",1991,11,90 - 94,0,0
"2020",1991,11,95+,0,0
"2020",1991,11,UNK,1,6
"2020",1991,12,Total,6698,9467
"2020",1991,12,0,570,719
"2020",1991,12,1,93,91
"2020",1991,12,2,53,25
"2020",1991,12,3,14,24
"2020",1991,12,4,8,8
"2020",1991,12,5 - 9,39,32
"2020",1991,12,10 - 14,25,31
"2020",1991,12,15 - 19,52,50
"2020",1991,12,20 - 24,48,59
"2020",1991,12,25 - 29,57,58
"2020",1991,12,30 - 34,52,68
"2020",1991,12,35 - 39,54,90
"2020",1991,12,40 - 44,87,160
"2020",1991,12,45 - 49,98,210
"2020",1991,12,50 - 54,130,320
"2020",1991,12,55 - 59,185,515
"2020",1991,12,60 - 64,298,730
"2020",1991,12,65 - 69,430,984
"2020",1991,12,70 - 74,533,1160
"2020",1991,12,75 - 79,843,1355
"2020",1991,12,80 - 84,1148,1329
"2020",1991,12,85 - 89,1839,1380
"2020",1991,12,90 - 94,0,0
"2020",1991,12,95+,0,0
"2020",1991,12,UNK,42,69
"2020",1991,13,Total,4543,11077
"2020",1991,13,0,360,461
"2020",1991,13,1,113,151
"2020",1991,13,2,74,96
"2020",1991,13,3,39,63
"2020",1991,13,4,39,61
"2020",1991,13,5 - 9,109,237
"2020",1991,13,10 - 14,138,358
"2020",1991,13,15 - 19,254,766
"2020",1991,13,20 - 24,202,890
"2020",1991,13,25 - 29,183,790
"2020",1991,13,30 - 34,168,744
"2020",1991,13,35 - 39,166,655
"2020",1991,13,40 - 44,158,646
"2020",1991,13,45 - 49,164,695
"2020",1991,13,50 - 54,178,623
"2020",1991,13,55 - 59,197,643
"2020",1991,13,60 - 64,261,689
"2020",1991,13,65 - 69,282,612
"2020",1991,13,70 - 74,294,551
"2020",1991,13,75 - 79,344,504
"2020",1991,13,80 - 84,364,371
"2020",1991,13,85 - 89,409,296
"2020",1991,13,90 - 94,0,0
"2020",1991,13,95+,0,0
"2020",1991,13,UNK,47,175
"2020",1991,14,Total,227,1180
"2020",1991,14,0,13,18
"2020",1991,14,1,2,2
"2020",1991,14,2,1,5
"2020",1991,14,3,2,1
"2020",1991,14,4,2,0
"2020",1991,14,5 - 9,3,9
"2020",1991,14,10 - 14,6,14
"2020",1991,14,15 - 19,21,117
"2020",1991,14,20 - 24,20,144
"2020",1991,14,25 - 29,26,146
"2020",1991,14,30 - 34,19,133
"2020",1991,14,35 - 39,18,130
"2020",1991,14,40 - 44,9,101
"2020",1991,14,45 - 49,9,77
"2020",1991,14,50 - 54,11,59
"2020",1991,14,55 - 59,12,48
"2020",1991,14,60 - 64,12,52
"2020",1991,14,65 - 69,12,28
"2020",1991,14,70 - 74,8,24
"2020",1991,14,75 - 79,8,20
"2020",1991,14,80 - 84,4,7
"2020",1991,14,85 - 89,5,12
"2020",1991,14,90 - 94,0,0
"2020",1991,14,95+,0,0
"2020",1991,14,UNK,4,33
"2020",1991,15,Total,1243,617
"2020",1991,15,0,17,15
"2020",1991,15,1,7,5
"2020",1991,15,2,3,6
"2020",1991,15,3,2,1
"2020",1991,15,4,2,2
"2020",1991,15,5 - 9,7,10
"2020",1991,15,10 - 14,17,12
"2020",1991,15,15 - 19,41,11
"2020",1991,15,20 - 24,73,7
"2020",1991,15,25 - 29,87,8
"2020",1991,15,30 - 34,92,13
"2020",1991,15,35 - 39,93,20
"2020",1991,15,40 - 44,46,16
"2020",1991,15,45 - 49,32,10
"2020",1991,15,50 - 54,30,26
"2020",1991,15,55 - 59,50,24
"2020",1991,15,60 - 64,45,44
"2020",1991,15,65 - 69,68,57
"2020",1991,15,70 - 74,92,69
"2020",1991,15,75 - 79,132,84
"2020",1991,15,80 - 84,146,89
"2020",1991,15,85 - 89,153,82
"2020",1991,15,90 - 94,0,0
"2020",1991,15,95+,0,0
"2020",1991,15,UNK,8,6
"2020",1992,1,Total,115703,144450
"2020",1992,1,0,7122,9062
"2020",1992,1,1,636,705
"2020",1992,1,2,304,306
"2020",1992,1,3,128,209
"2020",1992,1,4,117,156
"2020",1992,1,5 - 9,435,628
"2020",1992,1,10 - 14,439,749
"2020",1992,1,15 - 19,684,1545
"2020",1992,1,20 - 24,772,1848
"2020",1992,1,25 - 29,910,1871
"2020",1992,1,30 - 34,1133,1976
"2020",1992,1,35 - 39,1600,2648
"2020",1992,1,40 - 44,2235,3899
"2020",1992,1,45 - 49,2872,5359
"2020",1992,1,50 - 54,3634,7757
"2020",1992,1,55 - 59,4884,10366
"2020",1992,1,60 - 64,7202,14019
"2020",1992,1,65 - 69,9592,16830
"2020",1992,1,70 - 74,12091,17461
"2020",1992,1,75 - 79,16167,17373
"2020",1992,1,80 - 84,18139,15102
"2020",1992,1,85 - 89,23920,13527
"2020",1992,1,90 - 94,0,0
"2020",1992,1,95+,0,0
"2020",1992,1,UNK,687,1054
"2020",1992,2,Total,4358,5013
"2020",1992,2,0,477,524
"2020",1992,2,1,116,108
"2020",1992,2,2,37,39
"2020",1992,2,3,9,19
"2020",1992,2,4,17,10
"2020",1992,2,5 - 9,30,25
"2020",1992,2,10 - 14,16,27
"2020",1992,2,15 - 19,37,41
"2020",1992,2,20 - 24,49,48
"2020",1992,2,25 - 29,54,54
"2020",1992,2,30 - 34,59,72
"2020",1992,2,35 - 39,68,105
"2020",1992,2,40 - 44,88,126
"2020",1992,2,45 - 49,105,198
"2020",1992,2,50 - 54,135,259
"2020",1992,2,55 - 59,190,302
"2020",1992,2,60 - 64,233,396
"2020",1992,2,65 - 69,325,540
"2020",1992,2,70 - 74,397,588
"2020",1992,2,75 - 79,528,572
"2020",1992,2,80 - 84,627,509
"2020",1992,2,85 - 89,735,412
"2020",1992,2,90 - 94,0,0
"2020",1992,2,95+,0,0
"2020",1992,2,UNK,26,39
"2020",1992,3,Total,21856,26992
"2020",1992,3,0,24,28
"2020",1992,3,1,13,16
"2020",1992,3,2,18,19
"2020",1992,3,3,16,23
"2020",1992,3,4,16,27
"2020",1992,3,5 - 9,65,89
"2020",1992,3,10 - 14,51,97
"2020",1992,3,15 - 19,84,128
"2020",1992,3,20 - 24,97,106
"2020",1992,3,25 - 29,145,127
"2020",1992,3,30 - 34,276,195
"2020",1992,3,35 - 39,511,344
"2020",1992,3,40 - 44,829,658
"2020",1992,3,45 - 49,1069,1094
"2020",1992,3,50 - 54,1378,1802
"2020",1992,3,55 - 59,1694,2752
"2020",1992,3,60 - 64,2385,3685
"2020",1992,3,65 - 69,2765,4186
"2020",1992,3,70 - 74,2972,3982
"2020",1992,3,75 - 79,2986,3462
"2020",1992,3,80 - 84,2428,2490
"2020",1992,3,85 - 89,1943,1558
"2020",1992,3,90 - 94,0,0
"2020",1992,3,95+,0,0
"2020",1992,3,UNK,91,124
"2020",1992,4,Total,53826,60058
"2020",1992,4,0,222,313
"2020",1992,4,1,63,44
"2020",1992,4,2,33,28
"2020",1992,4,3,11,17
"2020",1992,4,4,14,13
"2020",1992,4,5 - 9,43,52
"2020",1992,4,10 - 14,48,66
"2020",1992,4,15 - 19,92,128
"2020",1992,4,20 - 24,130,178
"2020",1992,4,25 - 29,204,268
"2020",1992,4,30 - 34,244,348
"2020",1992,4,35 - 39,379,668
"2020",1992,4,40 - 44,615,1297
"2020",1992,4,45 - 49,891,2008
"2020",1992,4,50 - 54,1217,3130
"2020",1992,4,55 - 59,1747,4267
"2020",1992,4,60 - 64,2796,6198
"2020",1992,4,65 - 69,4111,7870
"2020",1992,4,70 - 74,5847,8367
"2020",1992,4,75 - 79,8707,8712
"2020",1992,4,80 - 84,10630,8011
"2020",1992,4,85 - 89,15477,7735
"2020",1992,4,90 - 94,0,0
"2020",1992,4,95+,0,0
"2020",1992,4,UNK,305,340
"2020",1992,5,Total,3343,4254
"2020",1992,5,0,377,495
"2020",1992,5,1,44,67
"2020",1992,5,2,26,18
"2020",1992,5,3,7,10
"2020",1992,5,4,5,10
"2020",1992,5,5 - 9,25,25
"2020",1992,5,10 - 14,19,17
"2020",1992,5,15 - 19,23,31
"2020",1992,5,20 - 24,28,41
"2020",1992,5,25 - 29,30,40
"2020",1992,5,30 - 34,29,78
"2020",1992,5,35 - 39,46,87
"2020",1992,5,40 - 44,59,123
"2020",1992,5,45 - 49,59,166
"2020",1992,5,50 - 54,71,222
"2020",1992,5,55 - 59,122,259
"2020",1992,5,60 - 64,158,345
"2020",1992,5,65 - 69,217,402
"2020",1992,5,70 - 74,290,458
"2020",1992,5,75 - 79,399,449
"2020",1992,5,80 - 84,506,420
"2020",1992,5,85 - 89,767,419
"2020",1992,5,90 - 94,0,0
"2020",1992,5,95+,0,0
"2020",1992,5,UNK,36,72
"2020",1992,6,Total,603,1246
"2020",1992,6,0,1,0
"2020",1992,6,1,0,0
"2020",1992,6,2,0,0
"2020",1992,6,3,0,0
"2020",1992,6,4,0,0
"2020",1992,6,5 - 9,0,0
"2020",1992,6,10 - 14,0,2
"2020",1992,6,15 - 19,0,2
"2020",1992,6,20 - 24,1,10
"2020",1992,6,25 - 29,1,8
"2020",1992,6,30 - 34,4,20
"2020",1992,6,35 - 39,13,53
"2020",1992,6,40 - 44,16,104
"2020",1992,6,45 - 49,27,132
"2020",1992,6,50 - 54,23,150
"2020",1992,6,55 - 59,22,146
"2020",1992,6,60 - 64,28,155
"2020",1992,6,65 - 69,39,115
"2020",1992,6,70 - 74,50,88
"2020",1992,6,75 - 79,87,91
"2020",1992,6,80 - 84,126,74
"2020",1992,6,85 - 89,160,76
"2020",1992,6,90 - 94,0,0
"2020",1992,6,95+,0,0
"2020",1992,6,UNK,5,20
"2020",1992,7,Total,1410,1676
"2020",1992,7,0,131,189
"2020",1992,7,1,24,29
"2020",1992,7,2,16,13
"2020",1992,7,3,12,9
"2020",1992,7,4,9,8
"2020",1992,7,5 - 9,25,25
"2020",1992,7,10 - 14,36,30
"2020",1992,7,15 - 19,21,37
"2020",1992,7,20 - 24,25,36
"2020",1992,7,25 - 29,33,47
"2020",1992,7,30 - 34,28,33
"2020",1992,7,35 - 39,43,41
"2020",1992,7,40 - 44,36,46
"2020",1992,7,45 - 49,42,58
"2020",1992,7,50 - 54,45,58
"2020",1992,7,55 - 59,58,121
"2020",1992,7,60 - 64,74,112
"2020",1992,7,65 - 69,104,143
"2020",1992,7,70 - 74,122,156
"2020",1992,7,75 - 79,155,190
"2020",1992,7,80 - 84,162,139
"2020",1992,7,85 - 89,153,77
"2020",1992,7,90 - 94,0,0
"2020",1992,7,95+,0,0
"2020",1992,7,UNK,56,79
"2020",1992,8,Total,5423,5390
"2020",1992,8,0,255,321
"2020",1992,8,1,76,75
"2020",1992,8,2,18,28
"2020",1992,8,3,8,17
"2020",1992,8,4,4,6
"2020",1992,8,5 - 9,15,20
"2020",1992,8,10 - 14,14,20
"2020",1992,8,15 - 19,21,32
"2020",1992,8,20 - 24,33,126
"2020",1992,8,25 - 29,48,182
"2020",1992,8,30 - 34,42,150
"2020",1992,8,35 - 39,41,106
"2020",1992,8,40 - 44,43,122
"2020",1992,8,45 - 49,71,129
"2020",1992,8,50 - 54,136,181
"2020",1992,8,55 - 59,231,327
"2020",1992,8,60 - 64,349,467
"2020",1992,8,65 - 69,530,648
"2020",1992,8,70 - 74,680,642
"2020",1992,8,75 - 79,878,699
"2020",1992,8,80 - 84,922,589
"2020",1992,8,85 - 89,984,470
"2020",1992,8,90 - 94,0,0
"2020",1992,8,95+,0,0
"2020",1992,8,UNK,24,33
"2020",1992,9,Total,4341,6823
"2020",1992,9,0,30,43
"2020",1992,9,1,7,9
"2020",1992,9,2,5,7
"2020",1992,9,3,3,7
"2020",1992,9,4,3,4
"2020",1992,9,5 - 9,13,12
"2020",1992,9,10 - 14,14,12
"2020",1992,9,15 - 19,18,14
"2020",1992,9,20 - 24,23,26
"2020",1992,9,25 - 29,37,47
"2020",1992,9,30 - 34,42,93
"2020",1992,9,35 - 39,70,208
"2020",1992,9,40 - 44,127,353
"2020",1992,9,45 - 49,154,474
"2020",1992,9,50 - 54,194,610
"2020",1992,9,55 - 59,237,728
"2020",1992,9,60 - 64,366,837
"2020",1992,9,65 - 69,459,825
"2020",1992,9,70 - 74,487,768
"2020",1992,9,75 - 79,634,692
"2020",1992,9,80 - 84,639,557
"2020",1992,9,85 - 89,758,448
"2020",1992,9,90 - 94,0,0
"2020",1992,9,95+,0,0
"2020",1992,9,UNK,21,49
"2020",1992,10,Total,2642,3211
"2020",1992,10,0,13,17
"2020",1992,10,1,8,5
"2020",1992,10,2,6,2
"2020",1992,10,3,2,2
"2020",1992,10,4,5,1
"2020",1992,10,5 - 9,13,8
"2020",1992,10,10 - 14,9,6
"2020",1992,10,15 - 19,7,17
"2020",1992,10,20 - 24,20,14
"2020",1992,10,25 - 29,26,26
"2020",1992,10,30 - 34,29,30
"2020",1992,10,35 - 39,34,49
"2020",1992,10,40 - 44,45,57
"2020",1992,10,45 - 49,72,84
"2020",1992,10,50 - 54,85,125
"2020",1992,10,55 - 59,132,184
"2020",1992,10,60 - 64,195,263
"2020",1992,10,65 - 69,226,378
"2020",1992,10,70 - 74,292,452
"2020",1992,10,75 - 79,449,500
"2020",1992,10,80 - 84,446,496
"2020",1992,10,85 - 89,513,471
"2020",1992,10,90 - 94,0,0
"2020",1992,10,95+,0,0
"2020",1992,10,UNK,15,24
"2020",1992,11,Total,4943,6245
"2020",1992,11,0,4711,6008
"2020",1992,11,1,62,53
"2020",1992,11,2,24,18
"2020",1992,11,3,13,19
"2020",1992,11,4,6,10
"2020",1992,11,5 - 9,27,28
"2020",1992,11,10 - 14,19,20
"2020",1992,11,15 - 19,8,20
"2020",1992,11,20 - 24,9,5
"2020",1992,11,25 - 29,2,9
"2020",1992,11,30 - 34,13,5
"2020",1992,11,35 - 39,4,3
"2020",1992,11,40 - 44,9,9
"2020",1992,11,45 - 49,8,4
"2020",1992,11,50 - 54,3,2
"2020",1992,11,55 - 59,4,4
"2020",1992,11,60 - 64,3,7
"2020",1992,11,65 - 69,3,6
"2020",1992,11,70 - 74,2,2
"2020",1992,11,75 - 79,5,6
"2020",1992,11,80 - 84,4,6
"2020",1992,11,85 - 89,4,1
"2020",1992,11,90 - 94,0,0
"2020",1992,11,95+,0,0
"2020",1992,11,UNK,0,0
"2020",1992,12,Total,6779,10008
"2020",1992,12,0,558,738
"2020",1992,12,1,72,122
"2020",1992,12,2,45,39
"2020",1992,12,3,10,19
"2020",1992,12,4,6,10
"2020",1992,12,5 - 9,36,51
"2020",1992,12,10 - 14,20,42
"2020",1992,12,15 - 19,32,48
"2020",1992,12,20 - 24,45,66
"2020",1992,12,25 - 29,50,50
"2020",1992,12,30 - 34,60,83
"2020",1992,12,35 - 39,68,99
"2020",1992,12,40 - 44,81,158
"2020",1992,12,45 - 49,106,228
"2020",1992,12,50 - 54,118,358
"2020",1992,12,55 - 59,208,506
"2020",1992,12,60 - 64,267,765
"2020",1992,12,65 - 69,456,988
"2020",1992,12,70 - 74,574,1309
"2020",1992,12,75 - 79,878,1414
"2020",1992,12,80 - 84,1167,1382
"2020",1992,12,85 - 89,1883,1476
"2020",1992,12,90 - 94,0,0
"2020",1992,12,95+,0,0
"2020",1992,12,UNK,39,57
"2020",1992,13,Total,4609,11671
"2020",1992,13,0,295,361
"2020",1992,13,1,137,168
"2020",1992,13,2,73,90
"2020",1992,13,3,35,64
"2020",1992,13,4,26,50
"2020",1992,13,5 - 9,135,272
"2020",1992,13,10 - 14,169,372
"2020",1992,13,15 - 19,265,914
"2020",1992,13,20 - 24,214,1027
"2020",1992,13,25 - 29,180,852
"2020",1992,13,30 - 34,195,721
"2020",1992,13,35 - 39,194,740
"2020",1992,13,40 - 44,210,733
"2020",1992,13,45 - 49,210,676
"2020",1992,13,50 - 54,177,757
"2020",1992,13,55 - 59,200,682
"2020",1992,13,60 - 64,269,692
"2020",1992,13,65 - 69,266,630
"2020",1992,13,70 - 74,277,561
"2020",1992,13,75 - 79,317,490
"2020",1992,13,80 - 84,346,343
"2020",1992,13,85 - 89,376,296
"2020",1992,13,90 - 94,0,0
"2020",1992,13,95+,0,0
"2020",1992,13,UNK,43,180
"2020",1992,14,Total,289,1237
"2020",1992,14,0,11,10
"2020",1992,14,1,7,5
"2020",1992,14,2,1,0
"2020",1992,14,3,1,0
"2020",1992,14,4,4,6
"2020",1992,14,5 - 9,4,12
"2020",1992,14,10 - 14,16,26
"2020",1992,14,15 - 19,33,128
"2020",1992,14,20 - 24,16,159
"2020",1992,14,25 - 29,25,148
"2020",1992,14,30 - 34,25,141
"2020",1992,14,35 - 39,22,126
"2020",1992,14,40 - 44,23,103
"2020",1992,14,45 - 49,15,85
"2020",1992,14,50 - 54,13,79
"2020",1992,14,55 - 59,5,49
"2020",1992,14,60 - 64,16,41
"2020",1992,14,65 - 69,7,34
"2020",1992,14,70 - 74,13,23
"2020",1992,14,75 - 79,16,12
"2020",1992,14,80 - 84,8,8
"2020",1992,14,85 - 89,3,11
"2020",1992,14,90 - 94,0,0
"2020",1992,14,95+,0,0
"2020",1992,14,UNK,5,31
"2020",1992,15,Total,1281,626
"2020",1992,15,0,17,15
"2020",1992,15,1,7,4
"2020",1992,15,2,2,5
"2020",1992,15,3,1,3
"2020",1992,15,4,2,1
"2020",1992,15,5 - 9,4,9
"2020",1992,15,10 - 14,8,12
"2020",1992,15,15 - 19,43,5
"2020",1992,15,20 - 24,82,6
"2020",1992,15,25 - 29,75,13
"2020",1992,15,30 - 34,87,7
"2020",1992,15,35 - 39,107,19
"2020",1992,15,40 - 44,54,10
"2020",1992,15,45 - 49,43,23
"2020",1992,15,50 - 54,39,24
"2020",1992,15,55 - 59,34,39
"2020",1992,15,60 - 64,63,56
"2020",1992,15,65 - 69,84,65
"2020",1992,15,70 - 74,88,65
"2020",1992,15,75 - 79,128,84
"2020",1992,15,80 - 84,128,78
"2020",1992,15,85 - 89,164,77
"2020",1992,15,90 - 94,0,0
"2020",1992,15,95+,0,0
"2020",1992,15,UNK,21,6
"2020",1993,1,Total,117157,147245
"2020",1993,1,0,6665,8566
"2020",1993,1,1,551,682
"2020",1993,1,2,277,300
"2020",1993,1,3,151,194
"2020",1993,1,4,96,143
"2020",1993,1,5 - 9,429,603
"2020",1993,1,10 - 14,423,746
"2020",1993,1,15 - 19,729,1568
"2020",1993,1,20 - 24,828,1916
"2020",1993,1,25 - 29,817,1803
"2020",1993,1,30 - 34,1093,1969
"2020",1993,1,35 - 39,1547,2479
"2020",1993,1,40 - 44,2215,3785
"2020",1993,1,45 - 49,2702,5203
"2020",1993,1,50 - 54,3705,7319
"2020",1993,1,55 - 59,4840,9959
"2020",1993,1,60 - 64,7105,14387
"2020",1993,1,65 - 69,9726,16828
"2020",1993,1,70 - 74,12475,18224
"2020",1993,1,75 - 79,16005,17713
"2020",1993,1,80 - 84,18729,15660
"2020",1993,1,85 - 89,24628,14505
"2020",1993,1,90 - 94,0,0
"2020",1993,1,95+,0,0
"2020",1993,1,UNK,1421,2693
"2020",1993,2,Total,4396,5198
"2020",1993,2,0,391,479
"2020",1993,2,1,80,92
"2020",1993,2,2,25,35
"2020",1993,2,3,16,20
"2020",1993,2,4,10,17
"2020",1993,2,5 - 9,24,24
"2020",1993,2,10 - 14,27,23
"2020",1993,2,15 - 19,33,39
"2020",1993,2,20 - 24,60,56
"2020",1993,2,25 - 29,53,63
"2020",1993,2,30 - 34,59,77
"2020",1993,2,35 - 39,66,91
"2020",1993,2,40 - 44,95,131
"2020",1993,2,45 - 49,91,178
"2020",1993,2,50 - 54,133,258
"2020",1993,2,55 - 59,165,324
"2020",1993,2,60 - 64,267,412
"2020",1993,2,65 - 69,288,540
"2020",1993,2,70 - 74,442,591
"2020",1993,2,75 - 79,555,599
"2020",1993,2,80 - 84,701,553
"2020",1993,2,85 - 89,761,494
"2020",1993,2,90 - 94,0,0
"2020",1993,2,95+,0,0
"2020",1993,2,UNK,54,102
"2020",1993,3,Total,22139,27269
"2020",1993,3,0,20,28
"2020",1993,3,1,12,13
"2020",1993,3,2,16,17
"2020",1993,3,3,17,17
"2020",1993,3,4,9,18
"2020",1993,3,5 - 9,76,80
"2020",1993,3,10 - 14,70,102
"2020",1993,3,15 - 19,71,117
"2020",1993,3,20 - 24,80,122
"2020",1993,3,25 - 29,142,114
"2020",1993,3,30 - 34,256,195
"2020",1993,3,35 - 39,489,348
"2020",1993,3,40 - 44,817,654
"2020",1993,3,45 - 49,1046,1072
"2020",1993,3,50 - 54,1418,1773
"2020",1993,3,55 - 59,1766,2603
"2020",1993,3,60 - 64,2355,3834
"2020",1993,3,65 - 69,2794,4113
"2020",1993,3,70 - 74,2950,4098
"2020",1993,3,75 - 79,2935,3470
"2020",1993,3,80 - 84,2549,2560
"2020",1993,3,85 - 89,2072,1605
"2020",1993,3,90 - 94,0,0
"2020",1993,3,95+,0,0
"2020",1993,3,UNK,179,316
"2020",1993,4,Total,54090,61046
"2020",1993,4,0,200,316
"2020",1993,4,1,68,52
"2020",1993,4,2,37,21
"2020",1993,4,3,15,19
"2020",1993,4,4,15,8
"2020",1993,4,5 - 9,42,54
"2020",1993,4,10 - 14,46,69
"2020",1993,4,15 - 19,104,131
"2020",1993,4,20 - 24,136,159
"2020",1993,4,25 - 29,151,230
"2020",1993,4,30 - 34,250,346
"2020",1993,4,35 - 39,372,618
"2020",1993,4,40 - 44,614,1215
"2020",1993,4,45 - 49,837,1925
"2020",1993,4,50 - 54,1235,2915
"2020",1993,4,55 - 59,1657,4140
"2020",1993,4,60 - 64,2691,6252
"2020",1993,4,65 - 69,4172,7804
"2020",1993,4,70 - 74,5983,8715
"2020",1993,4,75 - 79,8516,8853
"2020",1993,4,80 - 84,10784,8228
"2020",1993,4,85 - 89,15512,8092
"2020",1993,4,90 - 94,0,0
"2020",1993,4,95+,0,0
"2020",1993,4,UNK,653,884
"2020",1993,5,Total,3231,4060
"2020",1993,5,0,375,440
"2020",1993,5,1,45,52
"2020",1993,5,2,19,15
"2020",1993,5,3,8,10
"2020",1993,5,4,3,6
"2020",1993,5,5 - 9,22,28
"2020",1993,5,10 - 14,12,6
"2020",1993,5,15 - 19,25,27
"2020",1993,5,20 - 24,23,43
"2020",1993,5,25 - 29,25,33
"2020",1993,5,30 - 34,29,67
"2020",1993,5,35 - 39,50,87
"2020",1993,5,40 - 44,46,104
"2020",1993,5,45 - 49,60,150
"2020",1993,5,50 - 54,70,191
"2020",1993,5,55 - 59,109,266
"2020",1993,5,60 - 64,163,324
"2020",1993,5,65 - 69,210,366
"2020",1993,5,70 - 74,289,443
"2020",1993,5,75 - 79,387,432
"2020",1993,5,80 - 84,490,452
"2020",1993,5,85 - 89,726,428
"2020",1993,5,90 - 94,0,0
"2020",1993,5,95+,0,0
"2020",1993,5,UNK,45,90
"2020",1993,6,Total,665,1272
"2020",1993,6,0,1,0
"2020",1993,6,1,0,0
"2020",1993,6,2,0,0
"2020",1993,6,3,0,0
"2020",1993,6,4,0,0
"2020",1993,6,5 - 9,0,0
"2020",1993,6,10 - 14,0,1
"2020",1993,6,15 - 19,0,1
"2020",1993,6,20 - 24,0,0
"2020",1993,6,25 - 29,3,10
"2020",1993,6,30 - 34,4,18
"2020",1993,6,35 - 39,11,42
"2020",1993,6,40 - 44,15,86
"2020",1993,6,45 - 49,21,123
"2020",1993,6,50 - 54,22,134
"2020",1993,6,55 - 59,19,146
"2020",1993,6,60 - 64,27,140
"2020",1993,6,65 - 69,39,92
"2020",1993,6,70 - 74,65,109
"2020",1993,6,75 - 79,92,105
"2020",1993,6,80 - 84,135,97
"2020",1993,6,85 - 89,208,149
"2020",1993,6,90 - 94,0,0
"2020",1993,6,95+,0,0
"2020",1993,6,UNK,3,19
"2020",1993,7,Total,1455,1657
"2020",1993,7,0,140,186
"2020",1993,7,1,24,25
"2020",1993,7,2,14,13
"2020",1993,7,3,10,8
"2020",1993,7,4,2,10
"2020",1993,7,5 - 9,32,26
"2020",1993,7,10 - 14,34,43
"2020",1993,7,15 - 19,18,41
"2020",1993,7,20 - 24,20,30
"2020",1993,7,25 - 29,29,35
"2020",1993,7,30 - 34,29,42
"2020",1993,7,35 - 39,32,35
"2020",1993,7,40 - 44,33,56
"2020",1993,7,45 - 49,33,61
"2020",1993,7,50 - 54,33,66
"2020",1993,7,55 - 59,65,100
"2020",1993,7,60 - 64,80,124
"2020",1993,7,65 - 69,111,132
"2020",1993,7,70 - 74,130,164
"2020",1993,7,75 - 79,177,165
"2020",1993,7,80 - 84,181,130
"2020",1993,7,85 - 89,169,86
"2020",1993,7,90 - 94,0,0
"2020",1993,7,95+,0,0
"2020",1993,7,UNK,59,79
"2020",1993,8,Total,5935,5842
"2020",1993,8,0,217,227
"2020",1993,8,1,62,58
"2020",1993,8,2,22,22
"2020",1993,8,3,5,14
"2020",1993,8,4,8,6
"2020",1993,8,5 - 9,17,21
"2020",1993,8,10 - 14,11,9
"2020",1993,8,15 - 19,22,31
"2020",1993,8,20 - 24,37,118
"2020",1993,8,25 - 29,44,204
"2020",1993,8,30 - 34,40,168
"2020",1993,8,35 - 39,42,114
"2020",1993,8,40 - 44,53,127
"2020",1993,8,45 - 49,79,139
"2020",1993,8,50 - 54,138,206
"2020",1993,8,55 - 59,228,301
"2020",1993,8,60 - 64,391,532
"2020",1993,8,65 - 69,592,676
"2020",1993,8,70 - 74,736,761
"2020",1993,8,75 - 79,947,761
"2020",1993,8,80 - 84,988,623
"2020",1993,8,85 - 89,1173,600
"2020",1993,8,90 - 94,0,0
"2020",1993,8,95+,0,0
"2020",1993,8,UNK,83,124
"2020",1993,9,Total,4293,6662
"2020",1993,9,0,28,27
"2020",1993,9,1,7,12
"2020",1993,9,2,3,6
"2020",1993,9,3,5,6
"2020",1993,9,4,4,4
"2020",1993,9,5 - 9,5,17
"2020",1993,9,10 - 14,9,9
"2020",1993,9,15 - 19,25,9
"2020",1993,9,20 - 24,33,23
"2020",1993,9,25 - 29,33,46
"2020",1993,9,30 - 34,40,87
"2020",1993,9,35 - 39,87,156
"2020",1993,9,40 - 44,105,285
"2020",1993,9,45 - 49,143,442
"2020",1993,9,50 - 54,187,553
"2020",1993,9,55 - 59,260,669
"2020",1993,9,60 - 64,311,814
"2020",1993,9,65 - 69,431,845
"2020",1993,9,70 - 74,496,800
"2020",1993,9,75 - 79,599,679
"2020",1993,9,80 - 84,687,530
"2020",1993,9,85 - 89,749,534
"2020",1993,9,90 - 94,0,0
"2020",1993,9,95+,0,0
"2020",1993,9,UNK,46,109
"2020",1993,10,Total,2643,3231
"2020",1993,10,0,15,14
"2020",1993,10,1,3,12
"2020",1993,10,2,6,2
"2020",1993,10,3,2,2
"2020",1993,10,4,3,2
"2020",1993,10,5 - 9,11,5
"2020",1993,10,10 - 14,6,5
"2020",1993,10,15 - 19,11,12
"2020",1993,10,20 - 24,25,15
"2020",1993,10,25 - 29,21,22
"2020",1993,10,30 - 34,21,36
"2020",1993,10,35 - 39,34,35
"2020",1993,10,40 - 44,60,56
"2020",1993,10,45 - 49,60,62
"2020",1993,10,50 - 54,101,122
"2020",1993,10,55 - 59,122,161
"2020",1993,10,60 - 64,180,271
"2020",1993,10,65 - 69,258,337
"2020",1993,10,70 - 74,314,498
"2020",1993,10,75 - 79,377,530
"2020",1993,10,80 - 84,458,511
"2020",1993,10,85 - 89,521,470
"2020",1993,10,90 - 94,0,0
"2020",1993,10,95+,0,0
"2020",1993,10,UNK,34,51
"2020",1993,11,Total,4548,5965
"2020",1993,11,0,4332,5683
"2020",1993,11,1,51,66
"2020",1993,11,2,22,32
"2020",1993,11,3,16,20
"2020",1993,11,4,4,8
"2020",1993,11,5 - 9,26,31
"2020",1993,11,10 - 14,14,19
"2020",1993,11,15 - 19,16,15
"2020",1993,11,20 - 24,8,2
"2020",1993,11,25 - 29,2,9
"2020",1993,11,30 - 34,7,9
"2020",1993,11,35 - 39,5,4
"2020",1993,11,40 - 44,2,7
"2020",1993,11,45 - 49,7,4
"2020",1993,11,50 - 54,4,2
"2020",1993,11,55 - 59,6,6
"2020",1993,11,60 - 64,6,9
"2020",1993,11,65 - 69,4,8
"2020",1993,11,70 - 74,3,1
"2020",1993,11,75 - 79,4,13
"2020",1993,11,80 - 84,5,7
"2020",1993,11,85 - 89,4,3
"2020",1993,11,90 - 94,0,0
"2020",1993,11,95+,0,0
"2020",1993,11,UNK,0,7
"2020",1993,12,Total,7557,10844
"2020",1993,12,0,576,719
"2020",1993,12,1,77,124
"2020",1993,12,2,38,34
"2020",1993,12,3,15,16
"2020",1993,12,4,6,14
"2020",1993,12,5 - 9,41,44
"2020",1993,12,10 - 14,21,46
"2020",1993,12,15 - 19,52,47
"2020",1993,12,20 - 24,52,57
"2020",1993,12,25 - 29,43,59
"2020",1993,12,30 - 34,71,82
"2020",1993,12,35 - 39,69,92
"2020",1993,12,40 - 44,87,152
"2020",1993,12,45 - 49,102,213
"2020",1993,12,50 - 54,136,326
"2020",1993,12,55 - 59,201,524
"2020",1993,12,60 - 64,307,873
"2020",1993,12,65 - 69,473,1129
"2020",1993,12,70 - 74,677,1395
"2020",1993,12,75 - 79,993,1550
"2020",1993,12,80 - 84,1276,1551
"2020",1993,12,85 - 89,2144,1605
"2020",1993,12,90 - 94,0,0
"2020",1993,12,95+,0,0
"2020",1993,12,UNK,100,192
"2020",1993,13,Total,4709,12327
"2020",1993,13,0,347,416
"2020",1993,13,1,109,165
"2020",1993,13,2,67,91
"2020",1993,13,3,41,60
"2020",1993,13,4,29,47
"2020",1993,13,5 - 9,119,260
"2020",1993,13,10 - 14,156,382
"2020",1993,13,15 - 19,285,955
"2020",1993,13,20 - 24,250,1125
"2020",1993,13,25 - 29,174,852
"2020",1993,13,30 - 34,182,733
"2020",1993,13,35 - 39,176,721
"2020",1993,13,40 - 44,214,809
"2020",1993,13,45 - 49,188,733
"2020",1993,13,50 - 54,182,675
"2020",1993,13,55 - 59,190,636
"2020",1993,13,60 - 64,266,707
"2020",1993,13,65 - 69,276,686
"2020",1993,13,70 - 74,283,557
"2020",1993,13,75 - 79,292,446
"2020",1993,13,80 - 84,332,326
"2020",1993,13,85 - 89,423,358
"2020",1993,13,90 - 94,0,0
"2020",1993,13,95+,0,0
"2020",1993,13,UNK,128,587
"2020",1993,14,Total,276,1225
"2020",1993,14,0,8,17
"2020",1993,14,1,5,5
"2020",1993,14,2,4,2
"2020",1993,14,3,0,2
"2020",1993,14,4,2,2
"2020",1993,14,5 - 9,8,6
"2020",1993,14,10 - 14,8,20
"2020",1993,14,15 - 19,23,133
"2020",1993,14,20 - 24,24,153
"2020",1993,14,25 - 29,20,114
"2020",1993,14,30 - 34,26,101
"2020",1993,14,35 - 39,26,119
"2020",1993,14,40 - 44,23,97
"2020",1993,14,45 - 49,9,82
"2020",1993,14,50 - 54,15,80
"2020",1993,14,55 - 59,9,49
"2020",1993,14,60 - 64,13,42
"2020",1993,14,65 - 69,11,30
"2020",1993,14,70 - 74,9,16
"2020",1993,14,75 - 79,12,11
"2020",1993,14,80 - 84,3,14
"2020",1993,14,85 - 89,3,5
"2020",1993,14,90 - 94,0,0
"2020",1993,14,95+,0,0
"2020",1993,14,UNK,15,125
"2020",1993,15,Total,1220,647
"2020",1993,15,0,15,14
"2020",1993,15,1,8,6
"2020",1993,15,2,4,10
"2020",1993,15,3,1,0
"2020",1993,15,4,1,1
"2020",1993,15,5 - 9,6,7
"2020",1993,15,10 - 14,9,12
"2020",1993,15,15 - 19,44,10
"2020",1993,15,20 - 24,80,13
"2020",1993,15,25 - 29,77,12
"2020",1993,15,30 - 34,79,8
"2020",1993,15,35 - 39,88,17
"2020",1993,15,40 - 44,51,6
"2020",1993,15,45 - 49,26,19
"2020",1993,15,50 - 54,31,18
"2020",1993,15,55 - 59,43,34
"2020",1993,15,60 - 64,48,53
"2020",1993,15,65 - 69,67,70
"2020",1993,15,70 - 74,98,76
"2020",1993,15,75 - 79,119,99
"2020",1993,15,80 - 84,140,78
"2020",1993,15,85 - 89,163,76
"2020",1993,15,90 - 94,0,0
"2020",1993,15,95+,0,0
"2020",1993,15,UNK,22,8
"2020",1994,1,Total,112326,141657
"2020",1994,1,0,6342,8393
"2020",1994,1,1,449,550
"2020",1994,1,2,259,304
"2020",1994,1,3,161,214
"2020",1994,1,4,104,149
"2020",1994,1,5 - 9,384,576
"2020",1994,1,10 - 14,424,719
"2020",1994,1,15 - 19,716,1747
"2020",1994,1,20 - 24,857,2116
"2020",1994,1,25 - 29,879,2087
"2020",1994,1,30 - 34,1131,2231
"2020",1994,1,35 - 39,1565,2638
"2020",1994,1,40 - 44,2218,3825
"2020",1994,1,45 - 49,2894,5257
"2020",1994,1,50 - 54,3588,7299
"2020",1994,1,55 - 59,4677,9753
"2020",1994,1,60 - 64,6907,13684
"2020",1994,1,65 - 69,9489,16411
"2020",1994,1,70 - 74,12269,17894
"2020",1994,1,75 - 79,14821,16484
"2020",1994,1,80 - 84,18065,14918
"2020",1994,1,85 - 89,23515,13460
"2020",1994,1,90 - 94,0,0
"2020",1994,1,95+,0,0
"2020",1994,1,UNK,612,948
"2020",1994,2,Total,4041,4690
"2020",1994,2,0,329,454
"2020",1994,2,1,66,69
"2020",1994,2,2,29,35
"2020",1994,2,3,11,19
"2020",1994,2,4,8,9
"2020",1994,2,5 - 9,30,29
"2020",1994,2,10 - 14,21,25
"2020",1994,2,15 - 19,28,46
"2020",1994,2,20 - 24,36,48
"2020",1994,2,25 - 29,52,80
"2020",1994,2,30 - 34,58,70
"2020",1994,2,35 - 39,82,94
"2020",1994,2,40 - 44,80,132
"2020",1994,2,45 - 49,115,173
"2020",1994,2,50 - 54,137,224
"2020",1994,2,55 - 59,168,285
"2020",1994,2,60 - 64,213,397
"2020",1994,2,65 - 69,327,461
"2020",1994,2,70 - 74,408,560
"2020",1994,2,75 - 79,507,528
"2020",1994,2,80 - 84,609,531
"2020",1994,2,85 - 89,707,392
"2020",1994,2,90 - 94,0,0
"2020",1994,2,95+,0,0
"2020",1994,2,UNK,20,29
"2020",1994,3,Total,22881,27808
"2020",1994,3,0,16,19
"2020",1994,3,1,16,25
"2020",1994,3,2,13,21
"2020",1994,3,3,19,24
"2020",1994,3,4,10,22
"2020",1994,3,5 - 9,61,77
"2020",1994,3,10 - 14,67,69
"2020",1994,3,15 - 19,69,125
"2020",1994,3,20 - 24,70,124
"2020",1994,3,25 - 29,132,133
"2020",1994,3,30 - 34,273,206
"2020",1994,3,35 - 39,516,330
"2020",1994,3,40 - 44,846,634
"2020",1994,3,45 - 49,1145,1129
"2020",1994,3,50 - 54,1439,1890
"2020",1994,3,55 - 59,1773,2674
"2020",1994,3,60 - 64,2322,3753
"2020",1994,3,65 - 69,2949,4229
"2020",1994,3,70 - 74,3131,4315
"2020",1994,3,75 - 79,3003,3613
"2020",1994,3,80 - 84,2700,2602
"2020",1994,3,85 - 89,2245,1704
"2020",1994,3,90 - 94,0,0
"2020",1994,3,95+,0,0
"2020",1994,3,UNK,66,90
"2020",1994,4,Total,49272,55849
"2020",1994,4,0,216,304
"2020",1994,4,1,39,41
"2020",1994,4,2,26,25
"2020",1994,4,3,11,15
"2020",1994,4,4,15,14
"2020",1994,4,5 - 9,32,41
"2020",1994,4,10 - 14,55,52
"2020",1994,4,15 - 19,82,131
"2020",1994,4,20 - 24,130,179
"2020",1994,4,25 - 29,176,238
"2020",1994,4,30 - 34,227,363
"2020",1994,4,35 - 39,334,662
"2020",1994,4,40 - 44,601,1185
"2020",1994,4,45 - 49,831,1854
"2020",1994,4,50 - 54,1114,2752
"2020",1994,4,55 - 59,1557,3918
"2020",1994,4,60 - 64,2581,5777
"2020",1994,4,65 - 69,3828,7311
"2020",1994,4,70 - 74,5621,8220
"2020",1994,4,75 - 79,7477,7782
"2020",1994,4,80 - 84,9968,7453
"2020",1994,4,85 - 89,14085,7209
"2020",1994,4,90 - 94,0,0
"2020",1994,4,95+,0,0
"2020",1994,4,UNK,266,323
"2020",1994,5,Total,3178,3973
"2020",1994,5,0,301,447
"2020",1994,5,1,25,34
"2020",1994,5,2,15,16
"2020",1994,5,3,9,8
"2020",1994,5,4,4,6
"2020",1994,5,5 - 9,18,20
"2020",1994,5,10 - 14,14,18
"2020",1994,5,15 - 19,15,33
"2020",1994,5,20 - 24,28,44
"2020",1994,5,25 - 29,14,37
"2020",1994,5,30 - 34,31,52
"2020",1994,5,35 - 39,54,87
"2020",1994,5,40 - 44,57,114
"2020",1994,5,45 - 49,54,148
"2020",1994,5,50 - 54,72,171
"2020",1994,5,55 - 59,98,237
"2020",1994,5,60 - 64,158,317
"2020",1994,5,65 - 69,221,367
"2020",1994,5,70 - 74,274,467
"2020",1994,5,75 - 79,380,412
"2020",1994,5,80 - 84,517,444
"2020",1994,5,85 - 89,788,429
"2020",1994,5,90 - 94,0,0
"2020",1994,5,95+,0,0
"2020",1994,5,UNK,31,65
"2020",1994,6,Total,775,1448
"2020",1994,6,0,0,0
"2020",1994,6,1,0,0
"2020",1994,6,2,0,0
"2020",1994,6,3,0,0
"2020",1994,6,4,0,0
"2020",1994,6,5 - 9,1,1
"2020",1994,6,10 - 14,0,0
"2020",1994,6,15 - 19,2,3
"2020",1994,6,20 - 24,3,4
"2020",1994,6,25 - 29,3,13
"2020",1994,6,30 - 34,3,23
"2020",1994,6,35 - 39,12,62
"2020",1994,6,40 - 44,9,103
"2020",1994,6,45 - 49,23,125
"2020",1994,6,50 - 54,22,155
"2020",1994,6,55 - 59,20,144
"2020",1994,6,60 - 64,29,174
"2020",1994,6,65 - 69,31,139
"2020",1994,6,70 - 74,66,124
"2020",1994,6,75 - 79,113,114
"2020",1994,6,80 - 84,162,117
"2020",1994,6,85 - 89,267,118
"2020",1994,6,90 - 94,0,0
"2020",1994,6,95+,0,0
"2020",1994,6,UNK,9,29
"2020",1994,7,Total,1524,1676
"2020",1994,7,0,119,149
"2020",1994,7,1,25,30
"2020",1994,7,2,14,19
"2020",1994,7,3,6,6
"2020",1994,7,4,10,10
"2020",1994,7,5 - 9,22,32
"2020",1994,7,10 - 14,33,38
"2020",1994,7,15 - 19,31,51
"2020",1994,7,20 - 24,32,32
"2020",1994,7,25 - 29,33,47
"2020",1994,7,30 - 34,26,41
"2020",1994,7,35 - 39,30,35
"2020",1994,7,40 - 44,36,41
"2020",1994,7,45 - 49,36,64
"2020",1994,7,50 - 54,48,64
"2020",1994,7,55 - 59,59,91
"2020",1994,7,60 - 64,81,125
"2020",1994,7,65 - 69,117,151
"2020",1994,7,70 - 74,153,185
"2020",1994,7,75 - 79,200,169
"2020",1994,7,80 - 84,190,130
"2020",1994,7,85 - 89,167,97
"2020",1994,7,90 - 94,0,0
"2020",1994,7,95+,0,0
"2020",1994,7,UNK,56,69
"2020",1994,8,Total,5808,6132
"2020",1994,8,0,192,222
"2020",1994,8,1,47,57
"2020",1994,8,2,22,19
"2020",1994,8,3,7,13
"2020",1994,8,4,6,5
"2020",1994,8,5 - 9,15,15
"2020",1994,8,10 - 14,8,11
"2020",1994,8,15 - 19,25,19
"2020",1994,8,20 - 24,66,125
"2020",1994,8,25 - 29,83,307
"2020",1994,8,30 - 34,59,256
"2020",1994,8,35 - 39,59,177
"2020",1994,8,40 - 44,61,143
"2020",1994,8,45 - 49,89,160
"2020",1994,8,50 - 54,132,229
"2020",1994,8,55 - 59,226,309
"2020",1994,8,60 - 64,408,538
"2020",1994,8,65 - 69,578,730
"2020",1994,8,70 - 74,727,803
"2020",1994,8,75 - 79,845,782
"2020",1994,8,80 - 84,1036,638
"2020",1994,8,85 - 89,1086,526
"2020",1994,8,90 - 94,0,0
"2020",1994,8,95+,0,0
"2020",1994,8,UNK,31,48
"2020",1994,9,Total,4280,6429
"2020",1994,9,0,24,32
"2020",1994,9,1,11,12
"2020",1994,9,2,6,7
"2020",1994,9,3,3,7
"2020",1994,9,4,2,4
"2020",1994,9,5 - 9,7,17
"2020",1994,9,10 - 14,9,8
"2020",1994,9,15 - 19,20,15
"2020",1994,9,20 - 24,24,26
"2020",1994,9,25 - 29,24,38
"2020",1994,9,30 - 34,46,77
"2020",1994,9,35 - 39,65,144
"2020",1994,9,40 - 44,98,281
"2020",1994,9,45 - 49,167,431
"2020",1994,9,50 - 54,174,538
"2020",1994,9,55 - 59,216,656
"2020",1994,9,60 - 64,364,785
"2020",1994,9,65 - 69,430,796
"2020",1994,9,70 - 74,516,795
"2020",1994,9,75 - 79,596,650
"2020",1994,9,80 - 84,642,571
"2020",1994,9,85 - 89,820,495
"2020",1994,9,90 - 94,0,0
"2020",1994,9,95+,0,0
"2020",1994,9,UNK,16,44
"2020",1994,10,Total,2595,3057
"2020",1994,10,0,14,17
"2020",1994,10,1,5,7
"2020",1994,10,2,3,2
"2020",1994,10,3,2,2
"2020",1994,10,4,3,2
"2020",1994,10,5 - 9,5,5
"2020",1994,10,10 - 14,3,3
"2020",1994,10,15 - 19,9,8
"2020",1994,10,20 - 24,21,22
"2020",1994,10,25 - 29,18,18
"2020",1994,10,30 - 34,24,28
"2020",1994,10,35 - 39,37,41
"2020",1994,10,40 - 44,56,49
"2020",1994,10,45 - 49,69,68
"2020",1994,10,50 - 54,80,120
"2020",1994,10,55 - 59,108,179
"2020",1994,10,60 - 64,177,272
"2020",1994,10,65 - 69,227,376
"2020",1994,10,70 - 74,310,437
"2020",1994,10,75 - 79,372,430
"2020",1994,10,80 - 84,469,498
"2020",1994,10,85 - 89,567,457
"2020",1994,10,90 - 94,0,0
"2020",1994,10,95+,0,0
"2020",1994,10,UNK,16,16
"2020",1994,11,Total,4501,5936
"2020",1994,11,0,4319,5714
"2020",1994,11,1,38,58
"2020",1994,11,2,19,24
"2020",1994,11,3,14,8
"2020",1994,11,4,5,5
"2020",1994,11,5 - 9,24,31
"2020",1994,11,10 - 14,17,14
"2020",1994,11,15 - 19,8,20
"2020",1994,11,20 - 24,6,11
"2020",1994,11,25 - 29,7,4
"2020",1994,11,30 - 34,5,7
"2020",1994,11,35 - 39,2,3
"2020",1994,11,40 - 44,5,3
"2020",1994,11,45 - 49,4,3
"2020",1994,11,50 - 54,5,1
"2020",1994,11,55 - 59,3,6
"2020",1994,11,60 - 64,3,4
"2020",1994,11,65 - 69,5,6
"2020",1994,11,70 - 74,1,5
"2020",1994,11,75 - 79,2,3
"2020",1994,11,80 - 84,4,5
"2020",1994,11,85 - 89,5,0
"2020",1994,11,90 - 94,0,0
"2020",1994,11,95+,0,0
"2020",1994,11,UNK,0,1
"2020",1994,12,Total,7383,10209
"2020",1994,12,0,504,610
"2020",1994,12,1,65,79
"2020",1994,12,2,28,21
"2020",1994,12,3,17,23
"2020",1994,12,4,8,9
"2020",1994,12,5 - 9,28,27
"2020",1994,12,10 - 14,29,25
"2020",1994,12,15 - 19,36,52
"2020",1994,12,20 - 24,41,74
"2020",1994,12,25 - 29,49,52
"2020",1994,12,30 - 34,42,94
"2020",1994,12,35 - 39,60,108
"2020",1994,12,40 - 44,94,186
"2020",1994,12,45 - 49,112,208
"2020",1994,12,50 - 54,104,304
"2020",1994,12,55 - 59,195,508
"2020",1994,12,60 - 64,279,765
"2020",1994,12,65 - 69,451,1063
"2020",1994,12,70 - 74,697,1333
"2020",1994,12,75 - 79,940,1461
"2020",1994,12,80 - 84,1345,1497
"2020",1994,12,85 - 89,2213,1662
"2020",1994,12,90 - 94,0,0
"2020",1994,12,95+,0,0
"2020",1994,12,UNK,46,48
"2020",1994,13,Total,4527,12561
"2020",1994,13,0,282,382
"2020",1994,13,1,103,128
"2020",1994,13,2,78,101
"2020",1994,13,3,58,84
"2020",1994,13,4,31,59
"2020",1994,13,5 - 9,131,262
"2020",1994,13,10 - 14,140,421
"2020",1994,13,15 - 19,319,1107
"2020",1994,13,20 - 24,298,1249
"2020",1994,13,25 - 29,196,985
"2020",1994,13,30 - 34,232,896
"2020",1994,13,35 - 39,197,763
"2020",1994,13,40 - 44,198,828
"2020",1994,13,45 - 49,198,782
"2020",1994,13,50 - 54,200,744
"2020",1994,13,55 - 59,204,658
"2020",1994,13,60 - 64,223,669
"2020",1994,13,65 - 69,255,686
"2020",1994,13,70 - 74,266,542
"2020",1994,13,75 - 79,260,443
"2020",1994,13,80 - 84,271,345
"2020",1994,13,85 - 89,346,275
"2020",1994,13,90 - 94,0,0
"2020",1994,13,95+,0,0
"2020",1994,13,UNK,41,152
"2020",1994,14,Total,279,1227
"2020",1994,14,0,8,23
"2020",1994,14,1,0,2
"2020",1994,14,2,4,6
"2020",1994,14,3,1,2
"2020",1994,14,4,1,2
"2020",1994,14,5 - 9,5,8
"2020",1994,14,10 - 14,12,27
"2020",1994,14,15 - 19,21,129
"2020",1994,14,20 - 24,33,170
"2020",1994,14,25 - 29,24,123
"2020",1994,14,30 - 34,27,110
"2020",1994,14,35 - 39,31,118
"2020",1994,14,40 - 44,17,111
"2020",1994,14,45 - 49,18,95
"2020",1994,14,50 - 54,21,80
"2020",1994,14,55 - 59,6,50
"2020",1994,14,60 - 64,14,54
"2020",1994,14,65 - 69,4,31
"2020",1994,14,70 - 74,10,29
"2020",1994,14,75 - 79,10,15
"2020",1994,14,80 - 84,3,5
"2020",1994,14,85 - 89,2,6
"2020",1994,14,90 - 94,0,0
"2020",1994,14,95+,0,0
"2020",1994,14,UNK,7,31
"2020",1994,15,Total,1282,662
"2020",1994,15,0,18,20
"2020",1994,15,1,9,8
"2020",1994,15,2,2,8
"2020",1994,15,3,3,3
"2020",1994,15,4,1,2
"2020",1994,15,5 - 9,5,11
"2020",1994,15,10 - 14,16,8
"2020",1994,15,15 - 19,51,8
"2020",1994,15,20 - 24,69,8
"2020",1994,15,25 - 29,68,12
"2020",1994,15,30 - 34,78,8
"2020",1994,15,35 - 39,86,14
"2020",1994,15,40 - 44,60,15
"2020",1994,15,45 - 49,33,17
"2020",1994,15,50 - 54,40,27
"2020",1994,15,55 - 59,44,38
"2020",1994,15,60 - 64,55,54
"2020",1994,15,65 - 69,66,65
"2020",1994,15,70 - 74,89,79
"2020",1994,15,75 - 79,116,82
"2020",1994,15,80 - 84,149,82
"2020",1994,15,85 - 89,217,90
"2020",1994,15,90 - 94,0,0
"2020",1994,15,95+,0,0
"2020",1994,15,UNK,7,3
"2020",1995,1,Total,119064,147107
"2020",1995,1,0,6355,8208
"2020",1995,1,1,439,545
"2020",1995,1,2,248,274
"2020",1995,1,3,156,180
"2020",1995,1,4,113,165
"2020",1995,1,5 - 9,367,511
"2020",1995,1,10 - 14,435,617
"2020",1995,1,15 - 19,742,1665
"2020",1995,1,20 - 24,832,2124
"2020",1995,1,25 - 29,995,2184
"2020",1995,1,30 - 34,1119,2161
"2020",1995,1,35 - 39,1474,2688
"2020",1995,1,40 - 44,2157,3609
"2020",1995,1,45 - 49,2928,5380
"2020",1995,1,50 - 54,3738,7291
"2020",1995,1,55 - 59,4733,9837
"2020",1995,1,60 - 64,6633,13699
"2020",1995,1,65 - 69,9605,17139
"2020",1995,1,70 - 74,12984,18926
"2020",1995,1,75 - 79,15748,17569
"2020",1995,1,80 - 84,19303,16283
"2020",1995,1,85 - 89,27344,15036
"2020",1995,1,90 - 94,0,0
"2020",1995,1,95+,0,0
"2020",1995,1,UNK,616,1016
"2020",1995,2,Total,4387,5062
"2020",1995,2,0,405,481
"2020",1995,2,1,62,75
"2020",1995,2,2,25,22
"2020",1995,2,3,11,16
"2020",1995,2,4,7,15
"2020",1995,2,5 - 9,17,26
"2020",1995,2,10 - 14,22,21
"2020",1995,2,15 - 19,34,33
"2020",1995,2,20 - 24,52,63
"2020",1995,2,25 - 29,69,76
"2020",1995,2,30 - 34,73,72
"2020",1995,2,35 - 39,87,113
"2020",1995,2,40 - 44,89,150
"2020",1995,2,45 - 49,99,187
"2020",1995,2,50 - 54,120,218
"2020",1995,2,55 - 59,167,297
"2020",1995,2,60 - 64,272,417
"2020",1995,2,65 - 69,320,548
"2020",1995,2,70 - 74,444,627
"2020",1995,2,75 - 79,519,554
"2020",1995,2,80 - 84,639,566
"2020",1995,2,85 - 89,833,448
"2020",1995,2,90 - 94,0,0
"2020",1995,2,95+,0,0
"2020",1995,2,UNK,21,37
"2020",1995,3,Total,22665,27698
"2020",1995,3,0,24,12
"2020",1995,3,1,16,13
"2020",1995,3,2,16,15
"2020",1995,3,3,12,13
"2020",1995,3,4,18,19
"2020",1995,3,5 - 9,68,79
"2020",1995,3,10 - 14,66,63
"2020",1995,3,15 - 19,57,122
"2020",1995,3,20 - 24,79,123
"2020",1995,3,25 - 29,144,133
"2020",1995,3,30 - 34,249,165
"2020",1995,3,35 - 39,461,323
"2020",1995,3,40 - 44,847,596
"2020",1995,3,45 - 49,1188,1054
"2020",1995,3,50 - 54,1494,1710
"2020",1995,3,55 - 59,1736,2675
"2020",1995,3,60 - 64,2234,3534
"2020",1995,3,65 - 69,2823,4377
"2020",1995,3,70 - 74,3204,4349
"2020",1995,3,75 - 79,2985,3605
"2020",1995,3,80 - 84,2615,2795
"2020",1995,3,85 - 89,2248,1817
"2020",1995,3,90 - 94,0,0
"2020",1995,3,95+,0,0
"2020",1995,3,UNK,81,106
"2020",1995,4,Total,51623,56771
"2020",1995,4,0,218,290
"2020",1995,4,1,45,53
"2020",1995,4,2,22,28
"2020",1995,4,3,13,14
"2020",1995,4,4,14,16
"2020",1995,4,5 - 9,37,46
"2020",1995,4,10 - 14,51,56
"2020",1995,4,15 - 19,107,124
"2020",1995,4,20 - 24,114,180
"2020",1995,4,25 - 29,167,189
"2020",1995,4,30 - 34,226,327
"2020",1995,4,35 - 39,323,577
"2020",1995,4,40 - 44,534,1089
"2020",1995,4,45 - 49,838,1972
"2020",1995,4,50 - 54,1113,2761
"2020",1995,4,55 - 59,1534,3836
"2020",1995,4,60 - 64,2377,5667
"2020",1995,4,65 - 69,3865,7336
"2020",1995,4,70 - 74,5840,8382
"2020",1995,4,75 - 79,7748,8096
"2020",1995,4,80 - 84,10215,7756
"2020",1995,4,85 - 89,15988,7689
"2020",1995,4,90 - 94,0,0
"2020",1995,4,95+,0,0
"2020",1995,4,UNK,234,287
"2020",1995,5,Total,4322,5299
"2020",1995,5,0,306,406
"2020",1995,5,1,32,32
"2020",1995,5,2,13,11
"2020",1995,5,3,5,9
"2020",1995,5,4,1,4
"2020",1995,5,5 - 9,14,16
"2020",1995,5,10 - 14,13,21
"2020",1995,5,15 - 19,27,40
"2020",1995,5,20 - 24,27,51
"2020",1995,5,25 - 29,33,54
"2020",1995,5,30 - 34,52,65
"2020",1995,5,35 - 39,36,73
"2020",1995,5,40 - 44,39,102
"2020",1995,5,45 - 49,89,166
"2020",1995,5,50 - 54,93,248
"2020",1995,5,55 - 59,121,294
"2020",1995,5,60 - 64,215,408
"2020",1995,5,65 - 69,271,584
"2020",1995,5,70 - 74,411,647
"2020",1995,5,75 - 79,554,632
"2020",1995,5,80 - 84,721,645
"2020",1995,5,85 - 89,1212,701
"2020",1995,5,90 - 94,0,0
"2020",1995,5,95+,0,0
"2020",1995,5,UNK,37,90
"2020",1995,6,Total,935,1482
"2020",1995,6,0,0,0
"2020",1995,6,1,0,0
"2020",1995,6,2,0,0
"2020",1995,6,3,0,0
"2020",1995,6,4,0,0
"2020",1995,6,5 - 9,0,0
"2020",1995,6,10 - 14,0,1
"2020",1995,6,15 - 19,1,1
"2020",1995,6,20 - 24,1,5
"2020",1995,6,25 - 29,2,13
"2020",1995,6,30 - 34,6,23
"2020",1995,6,35 - 39,13,64
"2020",1995,6,40 - 44,14,94
"2020",1995,6,45 - 49,25,134
"2020",1995,6,50 - 54,18,144
"2020",1995,6,55 - 59,23,147
"2020",1995,6,60 - 64,19,153
"2020",1995,6,65 - 69,56,142
"2020",1995,6,70 - 74,72,143
"2020",1995,6,75 - 79,144,115
"2020",1995,6,80 - 84,191,137
"2020",1995,6,85 - 89,345,133
"2020",1995,6,90 - 94,0,0
"2020",1995,6,95+,0,0
"2020",1995,6,UNK,5,33
"2020",1995,7,Total,1610,1716
"2020",1995,7,0,123,158
"2020",1995,7,1,15,33
"2020",1995,7,2,8,16
"2020",1995,7,3,14,11
"2020",1995,7,4,7,6
"2020",1995,7,5 - 9,34,36
"2020",1995,7,10 - 14,27,36
"2020",1995,7,15 - 19,25,52
"2020",1995,7,20 - 24,30,33
"2020",1995,7,25 - 29,26,43
"2020",1995,7,30 - 34,29,30
"2020",1995,7,35 - 39,24,42
"2020",1995,7,40 - 44,39,56
"2020",1995,7,45 - 49,33,60
"2020",1995,7,50 - 54,43,60
"2020",1995,7,55 - 59,65,73
"2020",1995,7,60 - 64,76,115
"2020",1995,7,65 - 69,136,144
"2020",1995,7,70 - 74,166,182
"2020",1995,7,75 - 79,192,171
"2020",1995,7,80 - 84,222,164
"2020",1995,7,85 - 89,201,104
"2020",1995,7,90 - 94,0,0
"2020",1995,7,95+,0,0
"2020",1995,7,UNK,75,91
"2020",1995,8,Total,6292,6821
"2020",1995,8,0,173,217
"2020",1995,8,1,58,53
"2020",1995,8,2,23,18
"2020",1995,8,3,12,11
"2020",1995,8,4,6,8
"2020",1995,8,5 - 9,18,18
"2020",1995,8,10 - 14,10,14
"2020",1995,8,15 - 19,21,20
"2020",1995,8,20 - 24,72,141
"2020",1995,8,25 - 29,122,390
"2020",1995,8,30 - 34,93,373
"2020",1995,8,35 - 39,76,260
"2020",1995,8,40 - 44,67,171
"2020",1995,8,45 - 49,122,180
"2020",1995,8,50 - 54,144,219
"2020",1995,8,55 - 59,255,360
"2020",1995,8,60 - 64,389,551
"2020",1995,8,65 - 69,593,776
"2020",1995,8,70 - 74,804,857
"2020",1995,8,75 - 79,941,795
"2020",1995,8,80 - 84,1047,711
"2020",1995,8,85 - 89,1219,636
"2020",1995,8,90 - 94,0,0
"2020",1995,8,95+,0,0
"2020",1995,8,UNK,27,42
"2020",1995,9,Total,4452,6748
"2020",1995,9,0,24,34
"2020",1995,9,1,7,6
"2020",1995,9,2,5,6
"2020",1995,9,3,2,2
"2020",1995,9,4,4,4
"2020",1995,9,5 - 9,9,15
"2020",1995,9,10 - 14,20,8
"2020",1995,9,15 - 19,16,11
"2020",1995,9,20 - 24,23,15
"2020",1995,9,25 - 29,23,36
"2020",1995,9,30 - 34,35,93
"2020",1995,9,35 - 39,68,142
"2020",1995,9,40 - 44,104,302
"2020",1995,9,45 - 49,135,422
"2020",1995,9,50 - 54,198,576
"2020",1995,9,55 - 59,253,648
"2020",1995,9,60 - 64,281,843
"2020",1995,9,65 - 69,412,868
"2020",1995,9,70 - 74,502,869
"2020",1995,9,75 - 79,635,682
"2020",1995,9,80 - 84,764,629
"2020",1995,9,85 - 89,912,490
"2020",1995,9,90 - 94,0,0
"2020",1995,9,95+,0,0
"2020",1995,9,UNK,20,47
"2020",1995,10,Total,2770,3140
"2020",1995,10,0,10,14
"2020",1995,10,1,2,4
"2020",1995,10,2,2,1
"2020",1995,10,3,1,2
"2020",1995,10,4,2,1
"2020",1995,10,5 - 9,5,5
"2020",1995,10,10 - 14,8,3
"2020",1995,10,15 - 19,16,7
"2020",1995,10,20 - 24,14,19
"2020",1995,10,25 - 29,31,13
"2020",1995,10,30 - 34,30,31
"2020",1995,10,35 - 39,31,23
"2020",1995,10,40 - 44,46,49
"2020",1995,10,45 - 49,61,77
"2020",1995,10,50 - 54,92,121
"2020",1995,10,55 - 59,112,161
"2020",1995,10,60 - 64,161,267
"2020",1995,10,65 - 69,236,392
"2020",1995,10,70 - 74,304,428
"2020",1995,10,75 - 79,404,503
"2020",1995,10,80 - 84,534,481
"2020",1995,10,85 - 89,655,528
"2020",1995,10,90 - 94,0,0
"2020",1995,10,95+,0,0
"2020",1995,10,UNK,13,10
"2020",1995,11,Total,4420,5712
"2020",1995,11,0,4220,5495
"2020",1995,11,1,43,42
"2020",1995,11,2,21,26
"2020",1995,11,3,16,16
"2020",1995,11,4,10,15
"2020",1995,11,5 - 9,19,23
"2020",1995,11,10 - 14,15,18
"2020",1995,11,15 - 19,18,14
"2020",1995,11,20 - 24,3,9
"2020",1995,11,25 - 29,1,5
"2020",1995,11,30 - 34,1,4
"2020",1995,11,35 - 39,6,5
"2020",1995,11,40 - 44,7,5
"2020",1995,11,45 - 49,4,6
"2020",1995,11,50 - 54,3,3
"2020",1995,11,55 - 59,2,6
"2020",1995,11,60 - 64,5,1
"2020",1995,11,65 - 69,5,4
"2020",1995,11,70 - 74,3,6
"2020",1995,11,75 - 79,7,1
"2020",1995,11,80 - 84,5,3
"2020",1995,11,85 - 89,4,3
"2020",1995,11,90 - 94,0,0
"2020",1995,11,95+,0,0
"2020",1995,11,UNK,2,2
"2020",1995,12,Total,9722,12873
"2020",1995,12,0,540,677
"2020",1995,12,1,61,84
"2020",1995,12,2,39,32
"2020",1995,12,3,19,19
"2020",1995,12,4,4,19
"2020",1995,12,5 - 9,14,31
"2020",1995,12,10 - 14,33,28
"2020",1995,12,15 - 19,43,47
"2020",1995,12,20 - 24,43,66
"2020",1995,12,25 - 29,65,85
"2020",1995,12,30 - 34,42,84
"2020",1995,12,35 - 39,77,119
"2020",1995,12,40 - 44,104,185
"2020",1995,12,45 - 49,113,258
"2020",1995,12,50 - 54,169,385
"2020",1995,12,55 - 59,231,614
"2020",1995,12,60 - 64,363,964
"2020",1995,12,65 - 69,575,1277
"2020",1995,12,70 - 74,865,1832
"2020",1995,12,75 - 79,1241,1902
"2020",1995,12,80 - 84,1876,1966
"2020",1995,12,85 - 89,3152,2125
"2020",1995,12,90 - 94,0,0
"2020",1995,12,95+,0,0
"2020",1995,12,UNK,53,74
"2020",1995,13,Total,4313,11989
"2020",1995,13,0,286,377
"2020",1995,13,1,95,142
"2020",1995,13,2,70,93
"2020",1995,13,3,45,65
"2020",1995,13,4,37,50
"2020",1995,13,5 - 9,116,197
"2020",1995,13,10 - 14,147,329
"2020",1995,13,15 - 19,319,1056
"2020",1995,13,20 - 24,282,1250
"2020",1995,13,25 - 29,206,1003
"2020",1995,13,30 - 34,172,790
"2020",1995,13,35 - 39,181,791
"2020",1995,13,40 - 44,185,692
"2020",1995,13,45 - 49,166,748
"2020",1995,13,50 - 54,195,752
"2020",1995,13,55 - 59,170,661
"2020",1995,13,60 - 64,185,691
"2020",1995,13,65 - 69,226,608
"2020",1995,13,70 - 74,270,501
"2020",1995,13,75 - 79,264,414
"2020",1995,13,80 - 84,299,342
"2020",1995,13,85 - 89,363,277
"2020",1995,13,90 - 94,0,0
"2020",1995,13,95+,0,0
"2020",1995,13,UNK,34,160
"2020",1995,14,Total,244,1197
"2020",1995,14,0,19,29
"2020",1995,14,1,1,1
"2020",1995,14,2,2,3
"2020",1995,14,3,1,1
"2020",1995,14,4,2,6
"2020",1995,14,5 - 9,8,6
"2020",1995,14,10 - 14,10,15
"2020",1995,14,15 - 19,19,125
"2020",1995,14,20 - 24,24,162
"2020",1995,14,25 - 29,19,134
"2020",1995,14,30 - 34,19,97
"2020",1995,14,35 - 39,14,146
"2020",1995,14,40 - 44,20,104
"2020",1995,14,45 - 49,15,94
"2020",1995,14,50 - 54,17,70
"2020",1995,14,55 - 59,8,46
"2020",1995,14,60 - 64,7,36
"2020",1995,14,65 - 69,15,33
"2020",1995,14,70 - 74,5,17
"2020",1995,14,75 - 79,5,23
"2020",1995,14,80 - 84,6,8
"2020",1995,14,85 - 89,4,8
"2020",1995,14,90 - 94,0,0
"2020",1995,14,95+,0,0
"2020",1995,14,UNK,4,33
"2020",1995,15,Total,1309,599
"2020",1995,15,0,7,18
"2020",1995,15,1,2,7
"2020",1995,15,2,2,3
"2020",1995,15,3,5,1
"2020",1995,15,4,1,2
"2020",1995,15,5 - 9,8,13
"2020",1995,15,10 - 14,13,4
"2020",1995,15,15 - 19,39,13
"2020",1995,15,20 - 24,68,7
"2020",1995,15,25 - 29,87,10
"2020",1995,15,30 - 34,92,7
"2020",1995,15,35 - 39,77,10
"2020",1995,15,40 - 44,62,14
"2020",1995,15,45 - 49,40,22
"2020",1995,15,50 - 54,39,24
"2020",1995,15,55 - 59,56,19
"2020",1995,15,60 - 64,49,52
"2020",1995,15,65 - 69,72,50
"2020",1995,15,70 - 74,94,86
"2020",1995,15,75 - 79,109,76
"2020",1995,15,80 - 84,169,80
"2020",1995,15,85 - 89,208,77
"2020",1995,15,90 - 94,0,0
"2020",1995,15,95+,0,0
"2020",1995,15,UNK,10,4
"2020",1996,1,Total,118019,148197
"2020",1996,1,0,6029,8070
"2020",1996,1,1,490,577
"2020",1996,1,2,232,307
"2020",1996,1,3,148,200
"2020",1996,1,4,116,177
"2020",1996,1,5 - 9,385,546
"2020",1996,1,10 - 14,406,638
"2020",1996,1,15 - 19,772,1658
"2020",1996,1,20 - 24,870,2222
"2020",1996,1,25 - 29,974,2340
"2020",1996,1,30 - 34,1174,2404
"2020",1996,1,35 - 39,1527,2830
"2020",1996,1,40 - 44,2130,3733
"2020",1996,1,45 - 49,2871,5497
"2020",1996,1,50 - 54,3841,7619
"2020",1996,1,55 - 59,4919,9914
"2020",1996,1,60 - 64,6706,13447
"2020",1996,1,65 - 69,9738,17279
"2020",1996,1,70 - 74,12902,18913
"2020",1996,1,75 - 79,15323,17668
"2020",1996,1,80 - 84,18725,15488
"2020",1996,1,85 - 89,26987,15485
"2020",1996,1,90 - 94,0,0
"2020",1996,1,95+,0,0
"2020",1996,1,UNK,754,1185
"2020",1996,2,Total,4677,5217
"2020",1996,2,0,363,444
"2020",1996,2,1,69,75
"2020",1996,2,2,23,24
"2020",1996,2,3,16,16
"2020",1996,2,4,10,13
"2020",1996,2,5 - 9,24,30
"2020",1996,2,10 - 14,21,34
"2020",1996,2,15 - 19,35,35
"2020",1996,2,20 - 24,60,48
"2020",1996,2,25 - 29,51,60
"2020",1996,2,30 - 34,71,62
"2020",1996,2,35 - 39,71,100
"2020",1996,2,40 - 44,84,128
"2020",1996,2,45 - 49,102,160
"2020",1996,2,50 - 54,142,251
"2020",1996,2,55 - 59,194,348
"2020",1996,2,60 - 64,246,434
"2020",1996,2,65 - 69,365,558
"2020",1996,2,70 - 74,482,609
"2020",1996,2,75 - 79,580,648
"2020",1996,2,80 - 84,706,593
"2020",1996,2,85 - 89,938,499
"2020",1996,2,90 - 94,0,0
"2020",1996,2,95+,0,0
"2020",1996,2,UNK,24,48
"2020",1996,3,Total,23897,29000
"2020",1996,3,0,17,24
"2020",1996,3,1,22,17
"2020",1996,3,2,23,16
"2020",1996,3,3,12,28
"2020",1996,3,4,10,28
"2020",1996,3,5 - 9,52,78
"2020",1996,3,10 - 14,55,91
"2020",1996,3,15 - 19,76,125
"2020",1996,3,20 - 24,87,119
"2020",1996,3,25 - 29,141,158
"2020",1996,3,30 - 34,286,205
"2020",1996,3,35 - 39,488,350
"2020",1996,3,40 - 44,811,614
"2020",1996,3,45 - 49,1172,1141
"2020",1996,3,50 - 54,1486,1907
"2020",1996,3,55 - 59,1855,2684
"2020",1996,3,60 - 64,2358,3681
"2020",1996,3,65 - 69,2992,4440
"2020",1996,3,70 - 74,3383,4523
"2020",1996,3,75 - 79,3127,3801
"2020",1996,3,80 - 84,2842,2860
"2020",1996,3,85 - 89,2491,1963
"2020",1996,3,90 - 94,0,0
"2020",1996,3,95+,0,0
"2020",1996,3,UNK,111,147
"2020",1996,4,Total,49090,55611
"2020",1996,4,0,199,233
"2020",1996,4,1,39,50
"2020",1996,4,2,15,40
"2020",1996,4,3,9,15
"2020",1996,4,4,5,9
"2020",1996,4,5 - 9,40,36
"2020",1996,4,10 - 14,37,42
"2020",1996,4,15 - 19,89,112
"2020",1996,4,20 - 24,109,161
"2020",1996,4,25 - 29,119,210
"2020",1996,4,30 - 34,211,322
"2020",1996,4,35 - 39,312,600
"2020",1996,4,40 - 44,514,1083
"2020",1996,4,45 - 49,773,1892
"2020",1996,4,50 - 54,1177,2813
"2020",1996,4,55 - 59,1562,3795
"2020",1996,4,60 - 64,2376,5391
"2020",1996,4,65 - 69,3793,7301
"2020",1996,4,70 - 74,5506,8355
"2020",1996,4,75 - 79,7264,7830
"2020",1996,4,80 - 84,9585,7127
"2020",1996,4,85 - 89,15076,7830
"2020",1996,4,90 - 94,0,0
"2020",1996,4,95+,0,0
"2020",1996,4,UNK,280,364
"2020",1996,5,Total,4301,5109
"2020",1996,5,0,289,385
"2020",1996,5,1,26,26
"2020",1996,5,2,13,17
"2020",1996,5,3,5,9
"2020",1996,5,4,5,6
"2020",1996,5,5 - 9,15,12
"2020",1996,5,10 - 14,8,18
"2020",1996,5,15 - 19,22,40
"2020",1996,5,20 - 24,39,78
"2020",1996,5,25 - 29,44,61
"2020",1996,5,30 - 34,37,67
"2020",1996,5,35 - 39,58,87
"2020",1996,5,40 - 44,61,105
"2020",1996,5,45 - 49,75,168
"2020",1996,5,50 - 54,98,211
"2020",1996,5,55 - 59,113,286
"2020",1996,5,60 - 64,158,402
"2020",1996,5,65 - 69,280,533
"2020",1996,5,70 - 74,428,634
"2020",1996,5,75 - 79,489,616
"2020",1996,5,80 - 84,716,551
"2020",1996,5,85 - 89,1266,669
"2020",1996,5,90 - 94,0,0
"2020",1996,5,95+,0,0
"2020",1996,5,UNK,56,128
"2020",1996,6,Total,950,1476
"2020",1996,6,0,1,0
"2020",1996,6,1,0,1
"2020",1996,6,2,0,0
"2020",1996,6,3,0,0
"2020",1996,6,4,0,0
"2020",1996,6,5 - 9,0,1
"2020",1996,6,10 - 14,1,0
"2020",1996,6,15 - 19,0,6
"2020",1996,6,20 - 24,1,2
"2020",1996,6,25 - 29,4,13
"2020",1996,6,30 - 34,6,24
"2020",1996,6,35 - 39,11,57
"2020",1996,6,40 - 44,17,76
"2020",1996,6,45 - 49,17,151
"2020",1996,6,50 - 54,27,173
"2020",1996,6,55 - 59,30,141
"2020",1996,6,60 - 64,37,157
"2020",1996,6,65 - 69,55,143
"2020",1996,6,70 - 74,82,110
"2020",1996,6,75 - 79,129,121
"2020",1996,6,80 - 84,205,119
"2020",1996,6,85 - 89,319,160
"2020",1996,6,90 - 94,0,0
"2020",1996,6,95+,0,0
"2020",1996,6,UNK,8,21
"2020",1996,7,Total,1662,1766
"2020",1996,7,0,106,163
"2020",1996,7,1,24,34
"2020",1996,7,2,11,23
"2020",1996,7,3,10,15
"2020",1996,7,4,9,14
"2020",1996,7,5 - 9,27,36
"2020",1996,7,10 - 14,43,40
"2020",1996,7,15 - 19,28,51
"2020",1996,7,20 - 24,24,32
"2020",1996,7,25 - 29,29,38
"2020",1996,7,30 - 34,28,46
"2020",1996,7,35 - 39,23,63
"2020",1996,7,40 - 44,38,50
"2020",1996,7,45 - 49,47,56
"2020",1996,7,50 - 54,52,48
"2020",1996,7,55 - 59,62,79
"2020",1996,7,60 - 64,86,115
"2020",1996,7,65 - 69,132,155
"2020",1996,7,70 - 74,183,179
"2020",1996,7,75 - 79,207,196
"2020",1996,7,80 - 84,211,156
"2020",1996,7,85 - 89,224,111
"2020",1996,7,90 - 94,0,0
"2020",1996,7,95+,0,0
"2020",1996,7,UNK,58,66
"2020",1996,8,Total,6081,6727
"2020",1996,8,0,225,268
"2020",1996,8,1,66,73
"2020",1996,8,2,29,26
"2020",1996,8,3,19,10
"2020",1996,8,4,13,6
"2020",1996,8,5 - 9,19,24
"2020",1996,8,10 - 14,16,16
"2020",1996,8,15 - 19,16,23
"2020",1996,8,20 - 24,73,151
"2020",1996,8,25 - 29,169,405
"2020",1996,8,30 - 34,107,436
"2020",1996,8,35 - 39,83,301
"2020",1996,8,40 - 44,84,200
"2020",1996,8,45 - 49,90,223
"2020",1996,8,50 - 54,149,246
"2020",1996,8,55 - 59,230,354
"2020",1996,8,60 - 64,353,499
"2020",1996,8,65 - 69,586,732
"2020",1996,8,70 - 74,704,738
"2020",1996,8,75 - 79,864,762
"2020",1996,8,80 - 84,914,588
"2020",1996,8,85 - 89,1229,602
"2020",1996,8,90 - 94,0,0
"2020",1996,8,95+,0,0
"2020",1996,8,UNK,43,44
"2020",1996,9,Total,4518,6941
"2020",1996,9,0,19,32
"2020",1996,9,1,6,14
"2020",1996,9,2,5,6
"2020",1996,9,3,11,7
"2020",1996,9,4,4,2
"2020",1996,9,5 - 9,12,16
"2020",1996,9,10 - 14,11,12
"2020",1996,9,15 - 19,14,14
"2020",1996,9,20 - 24,28,20
"2020",1996,9,25 - 29,23,41
"2020",1996,9,30 - 34,51,89
"2020",1996,9,35 - 39,65,146
"2020",1996,9,40 - 44,101,336
"2020",1996,9,45 - 49,166,449
"2020",1996,9,50 - 54,197,608
"2020",1996,9,55 - 59,287,698
"2020",1996,9,60 - 64,311,828
"2020",1996,9,65 - 69,432,870
"2020",1996,9,70 - 74,559,862
"2020",1996,9,75 - 79,603,740
"2020",1996,9,80 - 84,709,594
"2020",1996,9,85 - 89,878,526
"2020",1996,9,90 - 94,0,0
"2020",1996,9,95+,0,0
"2020",1996,9,UNK,26,31
"2020",1996,10,Total,2787,3261
"2020",1996,10,0,11,21
"2020",1996,10,1,4,7
"2020",1996,10,2,0,4
"2020",1996,10,3,4,1
"2020",1996,10,4,0,2
"2020",1996,10,5 - 9,9,3
"2020",1996,10,10 - 14,11,5
"2020",1996,10,15 - 19,10,10
"2020",1996,10,20 - 24,18,15
"2020",1996,10,25 - 29,25,15
"2020",1996,10,30 - 34,23,34
"2020",1996,10,35 - 39,23,40
"2020",1996,10,40 - 44,48,53
"2020",1996,10,45 - 49,67,87
"2020",1996,10,50 - 54,84,105
"2020",1996,10,55 - 59,117,156
"2020",1996,10,60 - 64,176,251
"2020",1996,10,65 - 69,220,404
"2020",1996,10,70 - 74,333,468
"2020",1996,10,75 - 79,396,470
"2020",1996,10,80 - 84,497,531
"2020",1996,10,85 - 89,693,560
"2020",1996,10,90 - 94,0,0
"2020",1996,10,95+,0,0
"2020",1996,10,UNK,18,19
"2020",1996,11,Total,4229,5598
"2020",1996,11,0,4004,5341
"2020",1996,11,1,51,63
"2020",1996,11,2,19,30
"2020",1996,11,3,10,14
"2020",1996,11,4,15,20
"2020",1996,11,5 - 9,34,33
"2020",1996,11,10 - 14,21,9
"2020",1996,11,15 - 19,7,16
"2020",1996,11,20 - 24,7,12
"2020",1996,11,25 - 29,5,2
"2020",1996,11,30 - 34,2,7
"2020",1996,11,35 - 39,8,7
"2020",1996,11,40 - 44,8,5
"2020",1996,11,45 - 49,5,3
"2020",1996,11,50 - 54,4,6
"2020",1996,11,55 - 59,5,3
"2020",1996,11,60 - 64,3,4
"2020",1996,11,65 - 69,4,3
"2020",1996,11,70 - 74,4,5
"2020",1996,11,75 - 79,4,8
"2020",1996,11,80 - 84,3,3
"2020",1996,11,85 - 89,5,2
"2020",1996,11,90 - 94,0,0
"2020",1996,11,95+,0,0
"2020",1996,11,UNK,1,2
"2020",1996,12,Total,9797,13019
"2020",1996,12,0,521,758
"2020",1996,12,1,68,77
"2020",1996,12,2,31,21
"2020",1996,12,3,8,10
"2020",1996,12,4,9,6
"2020",1996,12,5 - 9,29,35
"2020",1996,12,10 - 14,30,32
"2020",1996,12,15 - 19,47,59
"2020",1996,12,20 - 24,46,66
"2020",1996,12,25 - 29,57,97
"2020",1996,12,30 - 34,56,95
"2020",1996,12,35 - 39,75,106
"2020",1996,12,40 - 44,93,175
"2020",1996,12,45 - 49,123,257
"2020",1996,12,50 - 54,167,399
"2020",1996,12,55 - 59,231,582
"2020",1996,12,60 - 64,345,927
"2020",1996,12,65 - 69,572,1420
"2020",1996,12,70 - 74,897,1769
"2020",1996,12,75 - 79,1260,1920
"2020",1996,12,80 - 84,1827,1937
"2020",1996,12,85 - 89,3242,2173
"2020",1996,12,90 - 94,0,0
"2020",1996,12,95+,0,0
"2020",1996,12,UNK,63,98
"2020",1996,13,Total,4354,12415
"2020",1996,13,0,241,357
"2020",1996,13,1,104,130
"2020",1996,13,2,58,94
"2020",1996,13,3,36,67
"2020",1996,13,4,29,69
"2020",1996,13,5 - 9,115,222
"2020",1996,13,10 - 14,127,313
"2020",1996,13,15 - 19,342,993
"2020",1996,13,20 - 24,270,1334
"2020",1996,13,25 - 29,190,1068
"2020",1996,13,30 - 34,170,855
"2020",1996,13,35 - 39,192,845
"2020",1996,13,40 - 44,202,788
"2020",1996,13,45 - 49,180,800
"2020",1996,13,50 - 54,201,739
"2020",1996,13,55 - 59,178,697
"2020",1996,13,60 - 64,196,667
"2020",1996,13,65 - 69,210,598
"2020",1996,13,70 - 74,235,529
"2020",1996,13,75 - 79,285,449
"2020",1996,13,80 - 84,336,330
"2020",1996,13,85 - 89,411,284
"2020",1996,13,90 - 94,0,0
"2020",1996,13,95+,0,0
"2020",1996,13,UNK,46,187
"2020",1996,14,Total,264,1347
"2020",1996,14,0,22,25
"2020",1996,14,1,3,2
"2020",1996,14,2,3,3
"2020",1996,14,3,2,5
"2020",1996,14,4,5,1
"2020",1996,14,5 - 9,6,15
"2020",1996,14,10 - 14,9,19
"2020",1996,14,15 - 19,29,161
"2020",1996,14,20 - 24,33,181
"2020",1996,14,25 - 29,22,162
"2020",1996,14,30 - 34,21,149
"2020",1996,14,35 - 39,22,113
"2020",1996,14,40 - 44,19,102
"2020",1996,14,45 - 49,9,92
"2020",1996,14,50 - 54,14,87
"2020",1996,14,55 - 59,6,56
"2020",1996,14,60 - 64,5,46
"2020",1996,14,65 - 69,7,50
"2020",1996,14,70 - 74,7,27
"2020",1996,14,75 - 79,4,14
"2020",1996,14,80 - 84,9,6
"2020",1996,14,85 - 89,2,6
"2020",1996,14,90 - 94,0,0
"2020",1996,14,95+,0,0
"2020",1996,14,UNK,5,25
"2020",1996,15,Total,1412,710
"2020",1996,15,0,11,19
"2020",1996,15,1,8,8
"2020",1996,15,2,2,3
"2020",1996,15,3,6,3
"2020",1996,15,4,2,1
"2020",1996,15,5 - 9,3,5
"2020",1996,15,10 - 14,16,7
"2020",1996,15,15 - 19,57,13
"2020",1996,15,20 - 24,75,3
"2020",1996,15,25 - 29,95,10
"2020",1996,15,30 - 34,105,13
"2020",1996,15,35 - 39,96,15
"2020",1996,15,40 - 44,50,18
"2020",1996,15,45 - 49,45,18
"2020",1996,15,50 - 54,43,26
"2020",1996,15,55 - 59,49,35
"2020",1996,15,60 - 64,56,45
"2020",1996,15,65 - 69,90,72
"2020",1996,15,70 - 74,99,105
"2020",1996,15,75 - 79,111,93
"2020",1996,15,80 - 84,165,93
"2020",1996,15,85 - 89,213,100
"2020",1996,15,90 - 94,0,0
"2020",1996,15,95+,0,0
"2020",1996,15,UNK,15,5
