"","Year","Cause","Age","Female","Male"
"2310",1990,1,Total,182696,239040
"2310",1990,1,0,28399,36766
"2310",1990,1,1,4809,5397
"2310",1990,1,2,2313,2539
"2310",1990,1,3,1395,1570
"2310",1990,1,4,945,1116
"2310",1990,1,5 - 9,2864,3598
"2310",1990,1,10 - 14,2142,3268
"2310",1990,1,15 - 19,2888,6677
"2310",1990,1,20 - 24,3110,8575
"2310",1990,1,25 - 29,3184,8818
"2310",1990,1,30 - 34,3347,8509
"2310",1990,1,35 - 39,4175,8998
"2310",1990,1,40 - 44,4486,8776
"2310",1990,1,45 - 49,5527,10204
"2310",1990,1,50 - 54,6704,10737
"2310",1990,1,55 - 59,8693,12719
"2310",1990,1,60 - 64,10550,13830
"2310",1990,1,65 - 69,12401,15442
"2310",1990,1,70 - 74,12665,14796
"2310",1990,1,75 - 79,15306,16832
"2310",1990,1,80 - 84,16144,15385
"2310",1990,1,85 - 89,29650,22777
"2310",1990,1,90 - 94,0,0
"2310",1990,1,95+,0,0
"2310",1990,1,UNK,999,1711
"2310",1990,2,Total,18776,22121
"2310",1990,2,0,5813,7149
"2310",1990,2,1,2119,2297
"2310",1990,2,2,902,918
"2310",1990,2,3,518,543
"2310",1990,2,4,336,350
"2310",1990,2,5 - 9,847,848
"2310",1990,2,10 - 14,464,444
"2310",1990,2,15 - 19,385,364
"2310",1990,2,20 - 24,383,394
"2310",1990,2,25 - 29,356,419
"2310",1990,2,30 - 34,337,456
"2310",1990,2,35 - 39,353,470
"2310",1990,2,40 - 44,358,512
"2310",1990,2,45 - 49,361,595
"2310",1990,2,50 - 54,355,593
"2310",1990,2,55 - 59,454,691
"2310",1990,2,60 - 64,488,723
"2310",1990,2,65 - 69,583,730
"2310",1990,2,70 - 74,577,746
"2310",1990,2,75 - 79,726,861
"2310",1990,2,80 - 84,701,820
"2310",1990,2,85 - 89,1272,1106
"2310",1990,2,90 - 94,0,0
"2310",1990,2,95+,0,0
"2310",1990,2,UNK,88,92
"2310",1990,3,Total,22397,20160
"2310",1990,3,0,98,79
"2310",1990,3,1,44,67
"2310",1990,3,2,58,68
"2310",1990,3,3,56,80
"2310",1990,3,4,61,67
"2310",1990,3,5 - 9,250,271
"2310",1990,3,10 - 14,225,273
"2310",1990,3,15 - 19,255,376
"2310",1990,3,20 - 24,244,364
"2310",1990,3,25 - 29,364,337
"2310",1990,3,30 - 34,589,404
"2310",1990,3,35 - 39,938,459
"2310",1990,3,40 - 44,1212,503
"2310",1990,3,45 - 49,1566,736
"2310",1990,3,50 - 54,1775,1110
"2310",1990,3,55 - 59,2065,1643
"2310",1990,3,60 - 64,2270,2086
"2310",1990,3,65 - 69,2391,2594
"2310",1990,3,70 - 74,2186,2452
"2310",1990,3,75 - 79,2178,2478
"2310",1990,3,80 - 84,1676,1890
"2310",1990,3,85 - 89,1804,1768
"2310",1990,3,90 - 94,0,0
"2310",1990,3,95+,0,0
"2310",1990,3,UNK,92,55
"2310",1990,4,Total,42579,41113
"2310",1990,4,0,335,436
"2310",1990,4,1,85,102
"2310",1990,4,2,55,53
"2310",1990,4,3,35,28
"2310",1990,4,4,17,29
"2310",1990,4,5 - 9,111,99
"2310",1990,4,10 - 14,114,122
"2310",1990,4,15 - 19,219,218
"2310",1990,4,20 - 24,294,290
"2310",1990,4,25 - 29,389,420
"2310",1990,4,30 - 34,450,536
"2310",1990,4,35 - 39,616,725
"2310",1990,4,40 - 44,715,975
"2310",1990,4,45 - 49,1047,1503
"2310",1990,4,50 - 54,1425,1968
"2310",1990,4,55 - 59,1892,2674
"2310",1990,4,60 - 64,2673,3391
"2310",1990,4,65 - 69,3502,4175
"2310",1990,4,70 - 74,4044,4322
"2310",1990,4,75 - 79,5400,5349
"2310",1990,4,80 - 84,6307,5055
"2310",1990,4,85 - 89,12609,8401
"2310",1990,4,90 - 94,0,0
"2310",1990,4,95+,0,0
"2310",1990,4,UNK,245,242
"2310",1990,5,Total,4634,5036
"2310",1990,5,0,689,967
"2310",1990,5,1,166,192
"2310",1990,5,2,91,104
"2310",1990,5,3,70,66
"2310",1990,5,4,39,42
"2310",1990,5,5 - 9,100,119
"2310",1990,5,10 - 14,56,67
"2310",1990,5,15 - 19,71,88
"2310",1990,5,20 - 24,69,101
"2310",1990,5,25 - 29,92,102
"2310",1990,5,30 - 34,75,99
"2310",1990,5,35 - 39,100,104
"2310",1990,5,40 - 44,71,108
"2310",1990,5,45 - 49,69,104
"2310",1990,5,50 - 54,78,129
"2310",1990,5,55 - 59,107,130
"2310",1990,5,60 - 64,139,167
"2310",1990,5,65 - 69,151,168
"2310",1990,5,70 - 74,216,224
"2310",1990,5,75 - 79,269,318
"2310",1990,5,80 - 84,390,414
"2310",1990,5,85 - 89,1462,1139
"2310",1990,5,90 - 94,0,0
"2310",1990,5,95+,0,0
"2310",1990,5,UNK,64,84
"2310",1990,6,Total,476,4422
"2310",1990,6,0,2,2
"2310",1990,6,1,0,3
"2310",1990,6,2,0,2
"2310",1990,6,3,0,1
"2310",1990,6,4,2,2
"2310",1990,6,5 - 9,0,7
"2310",1990,6,10 - 14,4,3
"2310",1990,6,15 - 19,7,37
"2310",1990,6,20 - 24,6,93
"2310",1990,6,25 - 29,9,235
"2310",1990,6,30 - 34,20,342
"2310",1990,6,35 - 39,35,465
"2310",1990,6,40 - 44,27,455
"2310",1990,6,45 - 49,50,514
"2310",1990,6,50 - 54,26,478
"2310",1990,6,55 - 59,30,463
"2310",1990,6,60 - 64,28,318
"2310",1990,6,65 - 69,28,291
"2310",1990,6,70 - 74,31,194
"2310",1990,6,75 - 79,37,199
"2310",1990,6,80 - 84,49,107
"2310",1990,6,85 - 89,84,128
"2310",1990,6,90 - 94,0,0
"2310",1990,6,95+,0,0
"2310",1990,6,UNK,1,83
"2310",1990,7,Total,2745,3489
"2310",1990,7,0,380,488
"2310",1990,7,1,107,154
"2310",1990,7,2,69,98
"2310",1990,7,3,60,49
"2310",1990,7,4,45,47
"2310",1990,7,5 - 9,152,144
"2310",1990,7,10 - 14,144,170
"2310",1990,7,15 - 19,162,237
"2310",1990,7,20 - 24,173,203
"2310",1990,7,25 - 29,145,193
"2310",1990,7,30 - 34,113,165
"2310",1990,7,35 - 39,111,150
"2310",1990,7,40 - 44,93,121
"2310",1990,7,45 - 49,87,132
"2310",1990,7,50 - 54,79,123
"2310",1990,7,55 - 59,77,135
"2310",1990,7,60 - 64,102,150
"2310",1990,7,65 - 69,106,116
"2310",1990,7,70 - 74,104,140
"2310",1990,7,75 - 79,133,157
"2310",1990,7,80 - 84,131,152
"2310",1990,7,85 - 89,163,153
"2310",1990,7,90 - 94,0,0
"2310",1990,7,95+,0,0
"2310",1990,7,UNK,9,12
"2310",1990,8,Total,23800,21681
"2310",1990,8,0,1885,2269
"2310",1990,8,1,574,621
"2310",1990,8,2,228,243
"2310",1990,8,3,124,117
"2310",1990,8,4,67,78
"2310",1990,8,5 - 9,177,189
"2310",1990,8,10 - 14,100,100
"2310",1990,8,15 - 19,93,128
"2310",1990,8,20 - 24,161,263
"2310",1990,8,25 - 29,189,432
"2310",1990,8,30 - 34,200,537
"2310",1990,8,35 - 39,293,598
"2310",1990,8,40 - 44,410,679
"2310",1990,8,45 - 49,708,875
"2310",1990,8,50 - 54,1078,1167
"2310",1990,8,55 - 59,1700,1525
"2310",1990,8,60 - 64,2225,1793
"2310",1990,8,65 - 69,2532,2094
"2310",1990,8,70 - 74,2278,1805
"2310",1990,8,75 - 79,2437,1945
"2310",1990,8,80 - 84,2344,1697
"2310",1990,8,85 - 89,3869,2410
"2310",1990,8,90 - 94,0,0
"2310",1990,8,95+,0,0
"2310",1990,8,UNK,128,116
"2310",1990,9,Total,11168,22012
"2310",1990,9,0,309,373
"2310",1990,9,1,74,67
"2310",1990,9,2,33,45
"2310",1990,9,3,34,29
"2310",1990,9,4,16,29
"2310",1990,9,5 - 9,66,87
"2310",1990,9,10 - 14,39,67
"2310",1990,9,15 - 19,107,96
"2310",1990,9,20 - 24,119,181
"2310",1990,9,25 - 29,157,498
"2310",1990,9,30 - 34,265,994
"2310",1990,9,35 - 39,388,1478
"2310",1990,9,40 - 44,439,1909
"2310",1990,9,45 - 49,605,2338
"2310",1990,9,50 - 54,758,2165
"2310",1990,9,55 - 59,959,2262
"2310",1990,9,60 - 64,954,2063
"2310",1990,9,65 - 69,1057,1870
"2310",1990,9,70 - 74,1045,1499
"2310",1990,9,75 - 79,1140,1392
"2310",1990,9,80 - 84,1029,1119
"2310",1990,9,85 - 89,1507,1255
"2310",1990,9,90 - 94,0,0
"2310",1990,9,95+,0,0
"2310",1990,9,UNK,68,196
"2310",1990,10,Total,5009,5783
"2310",1990,10,0,106,178
"2310",1990,10,1,30,36
"2310",1990,10,2,24,23
"2310",1990,10,3,17,12
"2310",1990,10,4,8,12
"2310",1990,10,5 - 9,38,56
"2310",1990,10,10 - 14,63,50
"2310",1990,10,15 - 19,115,93
"2310",1990,10,20 - 24,119,115
"2310",1990,10,25 - 29,131,104
"2310",1990,10,30 - 34,145,110
"2310",1990,10,35 - 39,159,127
"2310",1990,10,40 - 44,174,146
"2310",1990,10,45 - 49,192,202
"2310",1990,10,50 - 54,253,274
"2310",1990,10,55 - 59,323,367
"2310",1990,10,60 - 64,388,451
"2310",1990,10,65 - 69,435,525
"2310",1990,10,70 - 74,379,530
"2310",1990,10,75 - 79,482,627
"2310",1990,10,80 - 84,528,697
"2310",1990,10,85 - 89,866,1026
"2310",1990,10,90 - 94,0,0
"2310",1990,10,95+,0,0
"2310",1990,10,UNK,34,22
"2310",1990,11,Total,13655,18152
"2310",1990,11,0,12755,17216
"2310",1990,11,1,190,193
"2310",1990,11,2,85,75
"2310",1990,11,3,49,57
"2310",1990,11,4,27,32
"2310",1990,11,5 - 9,97,102
"2310",1990,11,10 - 14,68,77
"2310",1990,11,15 - 19,64,80
"2310",1990,11,20 - 24,47,56
"2310",1990,11,25 - 29,40,49
"2310",1990,11,30 - 34,29,28
"2310",1990,11,35 - 39,28,26
"2310",1990,11,40 - 44,25,17
"2310",1990,11,45 - 49,21,23
"2310",1990,11,50 - 54,17,19
"2310",1990,11,55 - 59,25,16
"2310",1990,11,60 - 64,21,13
"2310",1990,11,65 - 69,19,15
"2310",1990,11,70 - 74,9,8
"2310",1990,11,75 - 79,8,10
"2310",1990,11,80 - 84,11,11
"2310",1990,11,85 - 89,14,19
"2310",1990,11,90 - 94,0,0
"2310",1990,11,95+,0,0
"2310",1990,11,UNK,6,10
"2310",1990,12,Total,20017,24179
"2310",1990,12,0,5067,6542
"2310",1990,12,1,932,1024
"2310",1990,12,2,424,439
"2310",1990,12,3,206,201
"2310",1990,12,4,131,123
"2310",1990,12,5 - 9,295,295
"2310",1990,12,10 - 14,189,187
"2310",1990,12,15 - 19,193,188
"2310",1990,12,20 - 24,146,178
"2310",1990,12,25 - 29,142,199
"2310",1990,12,30 - 34,139,220
"2310",1990,12,35 - 39,197,233
"2310",1990,12,40 - 44,195,293
"2310",1990,12,45 - 49,270,348
"2310",1990,12,50 - 54,298,464
"2310",1990,12,55 - 59,485,688
"2310",1990,12,60 - 64,685,954
"2310",1990,12,65 - 69,968,1361
"2310",1990,12,70 - 74,1153,1657
"2310",1990,12,75 - 79,1662,2258
"2310",1990,12,80 - 84,1991,2360
"2310",1990,12,85 - 89,4134,3860
"2310",1990,12,90 - 94,0,0
"2310",1990,12,95+,0,0
"2310",1990,12,UNK,115,107
"2310",1990,13,Total,9820,34402
"2310",1990,13,0,654,715
"2310",1990,13,1,393,516
"2310",1990,13,2,279,392
"2310",1990,13,3,189,331
"2310",1990,13,4,159,273
"2310",1990,13,5 - 9,607,1164
"2310",1990,13,10 - 14,511,1435
"2310",1990,13,15 - 19,736,3437
"2310",1990,13,20 - 24,690,4125
"2310",1990,13,25 - 29,565,3769
"2310",1990,13,30 - 34,483,2997
"2310",1990,13,35 - 39,431,2716
"2310",1990,13,40 - 44,426,2019
"2310",1990,13,45 - 49,320,1852
"2310",1990,13,50 - 54,339,1506
"2310",1990,13,55 - 59,341,1447
"2310",1990,13,60 - 64,314,1183
"2310",1990,13,65 - 69,348,1028
"2310",1990,13,70 - 74,323,798
"2310",1990,13,75 - 79,419,791
"2310",1990,13,80 - 84,452,646
"2310",1990,13,85 - 89,745,800
"2310",1990,13,90 - 94,0,0
"2310",1990,13,95+,0,0
"2310",1990,13,UNK,96,462
"2310",1990,14,Total,1520,12935
"2310",1990,14,0,63,79
"2310",1990,14,1,19,36
"2310",1990,14,2,28,31
"2310",1990,14,3,15,20
"2310",1990,14,4,16,15
"2310",1990,14,5 - 9,60,119
"2310",1990,14,10 - 14,79,196
"2310",1990,14,15 - 19,160,1265
"2310",1990,14,20 - 24,177,2111
"2310",1990,14,25 - 29,172,1980
"2310",1990,14,30 - 34,108,1541
"2310",1990,14,35 - 39,113,1356
"2310",1990,14,40 - 44,95,938
"2310",1990,14,45 - 49,71,860
"2310",1990,14,50 - 54,46,621
"2310",1990,14,55 - 59,55,507
"2310",1990,14,60 - 64,52,358
"2310",1990,14,65 - 69,42,272
"2310",1990,14,70 - 74,29,156
"2310",1990,14,75 - 79,36,109
"2310",1990,14,80 - 84,28,63
"2310",1990,14,85 - 89,33,92
"2310",1990,14,90 - 94,0,0
"2310",1990,14,95+,0,0
"2310",1990,14,UNK,23,210
"2310",1990,15,Total,6100,3555
"2310",1990,15,0,243,273
"2310",1990,15,1,76,89
"2310",1990,15,2,37,48
"2310",1990,15,3,22,36
"2310",1990,15,4,21,17
"2310",1990,15,5 - 9,64,98
"2310",1990,15,10 - 14,86,77
"2310",1990,15,15 - 19,321,70
"2310",1990,15,20 - 24,482,101
"2310",1990,15,25 - 29,433,81
"2310",1990,15,30 - 34,394,80
"2310",1990,15,35 - 39,413,91
"2310",1990,15,40 - 44,246,101
"2310",1990,15,45 - 49,160,122
"2310",1990,15,50 - 54,177,120
"2310",1990,15,55 - 59,180,171
"2310",1990,15,60 - 64,211,180
"2310",1990,15,65 - 69,239,203
"2310",1990,15,70 - 74,291,265
"2310",1990,15,75 - 79,379,338
"2310",1990,15,80 - 84,507,354
"2310",1990,15,85 - 89,1088,620
"2310",1990,15,90 - 94,0,0
"2310",1990,15,95+,0,0
"2310",1990,15,UNK,30,20
"2310",1991,1,Total,176802,233623
"2310",1991,1,0,24650,32197
"2310",1991,1,1,3247,3600
"2310",1991,1,2,1493,1747
"2310",1991,1,3,862,1004
"2310",1991,1,4,617,819
"2310",1991,1,5 - 9,2075,2933
"2310",1991,1,10 - 14,1771,2985
"2310",1991,1,15 - 19,2698,6668
"2310",1991,1,20 - 24,3030,9107
"2310",1991,1,25 - 29,3054,8894
"2310",1991,1,30 - 34,3358,9011
"2310",1991,1,35 - 39,4021,9207
"2310",1991,1,40 - 44,4450,8937
"2310",1991,1,45 - 49,5504,10043
"2310",1991,1,50 - 54,6900,10907
"2310",1991,1,55 - 59,8689,12664
"2310",1991,1,60 - 64,10953,14672
"2310",1991,1,65 - 69,12788,15862
"2310",1991,1,70 - 74,13414,16143
"2310",1991,1,75 - 79,14660,15576
"2310",1991,1,80 - 84,16747,16033
"2310",1991,1,85 - 89,30942,22954
"2310",1991,1,90 - 94,0,0
"2310",1991,1,95+,0,0
"2310",1991,1,UNK,879,1660
"2310",1991,2,Total,13795,16296
"2310",1991,2,0,3909,4878
"2310",1991,2,1,1172,1213
"2310",1991,2,2,423,477
"2310",1991,2,3,200,204
"2310",1991,2,4,139,146
"2310",1991,2,5 - 9,350,394
"2310",1991,2,10 - 14,239,277
"2310",1991,2,15 - 19,238,247
"2310",1991,2,20 - 24,309,314
"2310",1991,2,25 - 29,281,330
"2310",1991,2,30 - 34,306,388
"2310",1991,2,35 - 39,310,437
"2310",1991,2,40 - 44,328,440
"2310",1991,2,45 - 49,332,526
"2310",1991,2,50 - 54,390,557
"2310",1991,2,55 - 59,459,629
"2310",1991,2,60 - 64,506,743
"2310",1991,2,65 - 69,582,760
"2310",1991,2,70 - 74,566,806
"2310",1991,2,75 - 79,653,741
"2310",1991,2,80 - 84,713,709
"2310",1991,2,85 - 89,1323,994
"2310",1991,2,90 - 94,0,0
"2310",1991,2,95+,0,0
"2310",1991,2,UNK,67,86
"2310",1991,3,Total,22939,20467
"2310",1991,3,0,79,80
"2310",1991,3,1,53,54
"2310",1991,3,2,47,57
"2310",1991,3,3,58,70
"2310",1991,3,4,52,70
"2310",1991,3,5 - 9,214,258
"2310",1991,3,10 - 14,232,292
"2310",1991,3,15 - 19,251,361
"2310",1991,3,20 - 24,273,372
"2310",1991,3,25 - 29,333,320
"2310",1991,3,30 - 34,599,405
"2310",1991,3,35 - 39,939,456
"2310",1991,3,40 - 44,1207,559
"2310",1991,3,45 - 49,1582,771
"2310",1991,3,50 - 54,1825,1128
"2310",1991,3,55 - 59,2082,1591
"2310",1991,3,60 - 64,2405,2184
"2310",1991,3,65 - 69,2492,2605
"2310",1991,3,70 - 74,2341,2564
"2310",1991,3,75 - 79,2051,2326
"2310",1991,3,80 - 84,1805,2015
"2310",1991,3,85 - 89,1952,1879
"2310",1991,3,90 - 94,0,0
"2310",1991,3,95+,0,0
"2310",1991,3,UNK,67,50
"2310",1991,4,Total,43316,42363
"2310",1991,4,0,306,428
"2310",1991,4,1,74,86
"2310",1991,4,2,31,37
"2310",1991,4,3,18,25
"2310",1991,4,4,17,21
"2310",1991,4,5 - 9,104,101
"2310",1991,4,10 - 14,108,130
"2310",1991,4,15 - 19,222,219
"2310",1991,4,20 - 24,293,299
"2310",1991,4,25 - 29,368,393
"2310",1991,4,30 - 34,418,556
"2310",1991,4,35 - 39,553,732
"2310",1991,4,40 - 44,722,1015
"2310",1991,4,45 - 49,957,1482
"2310",1991,4,50 - 54,1415,2029
"2310",1991,4,55 - 59,1906,2737
"2310",1991,4,60 - 64,2786,3650
"2310",1991,4,65 - 69,3567,4268
"2310",1991,4,70 - 74,4296,4735
"2310",1991,4,75 - 79,5191,5093
"2310",1991,4,80 - 84,6603,5455
"2310",1991,4,85 - 89,13109,8657
"2310",1991,4,90 - 94,0,0
"2310",1991,4,95+,0,0
"2310",1991,4,UNK,252,215
"2310",1991,5,Total,4314,4528
"2310",1991,5,0,629,832
"2310",1991,5,1,130,166
"2310",1991,5,2,60,90
"2310",1991,5,3,48,44
"2310",1991,5,4,33,29
"2310",1991,5,5 - 9,85,95
"2310",1991,5,10 - 14,48,53
"2310",1991,5,15 - 19,62,67
"2310",1991,5,20 - 24,60,92
"2310",1991,5,25 - 29,63,88
"2310",1991,5,30 - 34,55,108
"2310",1991,5,35 - 39,72,100
"2310",1991,5,40 - 44,60,91
"2310",1991,5,45 - 49,75,105
"2310",1991,5,50 - 54,83,119
"2310",1991,5,55 - 59,72,116
"2310",1991,5,60 - 64,99,162
"2310",1991,5,65 - 69,139,153
"2310",1991,5,70 - 74,197,234
"2310",1991,5,75 - 79,285,260
"2310",1991,5,80 - 84,434,397
"2310",1991,5,85 - 89,1475,1057
"2310",1991,5,90 - 94,0,0
"2310",1991,5,95+,0,0
"2310",1991,5,UNK,50,70
"2310",1991,6,Total,529,4466
"2310",1991,6,0,5,2
"2310",1991,6,1,2,1
"2310",1991,6,2,1,0
"2310",1991,6,3,1,1
"2310",1991,6,4,0,1
"2310",1991,6,5 - 9,2,4
"2310",1991,6,10 - 14,1,2
"2310",1991,6,15 - 19,7,41
"2310",1991,6,20 - 24,9,115
"2310",1991,6,25 - 29,17,258
"2310",1991,6,30 - 34,25,371
"2310",1991,6,35 - 39,32,470
"2310",1991,6,40 - 44,27,472
"2310",1991,6,45 - 49,23,516
"2310",1991,6,50 - 54,30,471
"2310",1991,6,55 - 59,39,433
"2310",1991,6,60 - 64,30,373
"2310",1991,6,65 - 69,31,299
"2310",1991,6,70 - 74,40,214
"2310",1991,6,75 - 79,53,149
"2310",1991,6,80 - 84,42,95
"2310",1991,6,85 - 89,110,117
"2310",1991,6,90 - 94,0,0
"2310",1991,6,95+,0,0
"2310",1991,6,UNK,2,61
"2310",1991,7,Total,2554,3288
"2310",1991,7,0,338,424
"2310",1991,7,1,109,114
"2310",1991,7,2,57,76
"2310",1991,7,3,46,48
"2310",1991,7,4,40,42
"2310",1991,7,5 - 9,123,177
"2310",1991,7,10 - 14,99,149
"2310",1991,7,15 - 19,143,228
"2310",1991,7,20 - 24,166,215
"2310",1991,7,25 - 29,126,182
"2310",1991,7,30 - 34,110,152
"2310",1991,7,35 - 39,120,123
"2310",1991,7,40 - 44,94,134
"2310",1991,7,45 - 49,85,122
"2310",1991,7,50 - 54,88,131
"2310",1991,7,55 - 59,86,121
"2310",1991,7,60 - 64,86,136
"2310",1991,7,65 - 69,118,150
"2310",1991,7,70 - 74,109,154
"2310",1991,7,75 - 79,138,121
"2310",1991,7,80 - 84,111,131
"2310",1991,7,85 - 89,154,148
"2310",1991,7,90 - 94,0,0
"2310",1991,7,95+,0,0
"2310",1991,7,UNK,8,10
"2310",1991,8,Total,23939,22182
"2310",1991,8,0,1577,1853
"2310",1991,8,1,382,430
"2310",1991,8,2,168,165
"2310",1991,8,3,73,98
"2310",1991,8,4,57,51
"2310",1991,8,5 - 9,141,144
"2310",1991,8,10 - 14,82,102
"2310",1991,8,15 - 19,128,101
"2310",1991,8,20 - 24,165,291
"2310",1991,8,25 - 29,212,569
"2310",1991,8,30 - 34,248,689
"2310",1991,8,35 - 39,329,701
"2310",1991,8,40 - 44,451,763
"2310",1991,8,45 - 49,735,929
"2310",1991,8,50 - 54,1160,1246
"2310",1991,8,55 - 59,1732,1601
"2310",1991,8,60 - 64,2209,2003
"2310",1991,8,65 - 69,2617,2160
"2310",1991,8,70 - 74,2511,2061
"2310",1991,8,75 - 79,2428,1779
"2310",1991,8,80 - 84,2454,1890
"2310",1991,8,85 - 89,3991,2463
"2310",1991,8,90 - 94,0,0
"2310",1991,8,95+,0,0
"2310",1991,8,UNK,89,93
"2310",1991,9,Total,11370,22890
"2310",1991,9,0,272,344
"2310",1991,9,1,47,63
"2310",1991,9,2,36,34
"2310",1991,9,3,23,28
"2310",1991,9,4,16,29
"2310",1991,9,5 - 9,39,71
"2310",1991,9,10 - 14,52,57
"2310",1991,9,15 - 19,81,109
"2310",1991,9,20 - 24,128,221
"2310",1991,9,25 - 29,168,527
"2310",1991,9,30 - 34,252,1119
"2310",1991,9,35 - 39,356,1630
"2310",1991,9,40 - 44,486,1925
"2310",1991,9,45 - 49,635,2264
"2310",1991,9,50 - 54,782,2286
"2310",1991,9,55 - 59,945,2374
"2310",1991,9,60 - 64,1032,2195
"2310",1991,9,65 - 69,1124,2045
"2310",1991,9,70 - 74,1026,1628
"2310",1991,9,75 - 79,1081,1321
"2310",1991,9,80 - 84,1099,1169
"2310",1991,9,85 - 89,1618,1258
"2310",1991,9,90 - 94,0,0
"2310",1991,9,95+,0,0
"2310",1991,9,UNK,72,193
"2310",1991,10,Total,5403,5925
"2310",1991,10,0,121,136
"2310",1991,10,1,19,22
"2310",1991,10,2,14,23
"2310",1991,10,3,7,10
"2310",1991,10,4,8,5
"2310",1991,10,5 - 9,40,52
"2310",1991,10,10 - 14,57,46
"2310",1991,10,15 - 19,119,110
"2310",1991,10,20 - 24,144,110
"2310",1991,10,25 - 29,137,115
"2310",1991,10,30 - 34,139,123
"2310",1991,10,35 - 39,165,136
"2310",1991,10,40 - 44,163,167
"2310",1991,10,45 - 49,229,216
"2310",1991,10,50 - 54,289,306
"2310",1991,10,55 - 59,370,395
"2310",1991,10,60 - 64,467,429
"2310",1991,10,65 - 69,471,549
"2310",1991,10,70 - 74,424,624
"2310",1991,10,75 - 79,471,605
"2310",1991,10,80 - 84,499,689
"2310",1991,10,85 - 89,1022,1042
"2310",1991,10,90 - 94,0,0
"2310",1991,10,95+,0,0
"2310",1991,10,UNK,28,15
"2310",1991,11,Total,13183,17694
"2310",1991,11,0,12296,16777
"2310",1991,11,1,212,192
"2310",1991,11,2,81,81
"2310",1991,11,3,41,44
"2310",1991,11,4,26,36
"2310",1991,11,5 - 9,98,117
"2310",1991,11,10 - 14,75,69
"2310",1991,11,15 - 19,55,78
"2310",1991,11,20 - 24,44,55
"2310",1991,11,25 - 29,43,40
"2310",1991,11,30 - 34,34,28
"2310",1991,11,35 - 39,36,33
"2310",1991,11,40 - 44,22,18
"2310",1991,11,45 - 49,9,22
"2310",1991,11,50 - 54,9,9
"2310",1991,11,55 - 59,26,11
"2310",1991,11,60 - 64,16,14
"2310",1991,11,65 - 69,13,14
"2310",1991,11,70 - 74,9,13
"2310",1991,11,75 - 79,11,9
"2310",1991,11,80 - 84,8,8
"2310",1991,11,85 - 89,13,14
"2310",1991,11,90 - 94,0,0
"2310",1991,11,95+,0,0
"2310",1991,11,UNK,6,12
"2310",1991,12,Total,18483,22162
"2310",1991,12,0,4307,5392
"2310",1991,12,1,575,668
"2310",1991,12,2,271,276
"2310",1991,12,3,124,90
"2310",1991,12,4,71,92
"2310",1991,12,5 - 9,182,197
"2310",1991,12,10 - 14,128,168
"2310",1991,12,15 - 19,129,164
"2310",1991,12,20 - 24,147,193
"2310",1991,12,25 - 29,162,200
"2310",1991,12,30 - 34,135,244
"2310",1991,12,35 - 39,169,263
"2310",1991,12,40 - 44,203,266
"2310",1991,12,45 - 49,252,339
"2310",1991,12,50 - 54,335,445
"2310",1991,12,55 - 59,460,630
"2310",1991,12,60 - 64,700,998
"2310",1991,12,65 - 69,994,1352
"2310",1991,12,70 - 74,1188,1764
"2310",1991,12,75 - 79,1547,2013
"2310",1991,12,80 - 84,2038,2456
"2310",1991,12,85 - 89,4277,3852
"2310",1991,12,90 - 94,0,0
"2310",1991,12,95+,0,0
"2310",1991,12,UNK,89,100
"2310",1991,13,Total,9662,34424
"2310",1991,13,0,567,738
"2310",1991,13,1,399,487
"2310",1991,13,2,253,357
"2310",1991,13,3,189,295
"2310",1991,13,4,133,259
"2310",1991,13,5 - 9,580,1130
"2310",1991,13,10 - 14,506,1366
"2310",1991,13,15 - 19,747,3455
"2310",1991,13,20 - 24,692,4358
"2310",1991,13,25 - 29,581,3709
"2310",1991,13,30 - 34,483,3143
"2310",1991,13,35 - 39,432,2701
"2310",1991,13,40 - 44,356,2020
"2310",1991,13,45 - 49,354,1836
"2310",1991,13,50 - 54,302,1467
"2310",1991,13,55 - 59,305,1400
"2310",1991,13,60 - 64,340,1200
"2310",1991,13,65 - 69,341,1045
"2310",1991,13,70 - 74,360,895
"2310",1991,13,75 - 79,333,707
"2310",1991,13,80 - 84,455,584
"2310",1991,13,85 - 89,863,768
"2310",1991,13,90 - 94,0,0
"2310",1991,13,95+,0,0
"2310",1991,13,UNK,91,504
"2310",1991,14,Total,1534,13554
"2310",1991,14,0,58,81
"2310",1991,14,1,25,40
"2310",1991,14,2,20,46
"2310",1991,14,3,19,23
"2310",1991,14,4,16,19
"2310",1991,14,5 - 9,59,124
"2310",1991,14,10 - 14,71,217
"2310",1991,14,15 - 19,198,1406
"2310",1991,14,20 - 24,165,2405
"2310",1991,14,25 - 29,154,2084
"2310",1991,14,30 - 34,127,1598
"2310",1991,14,35 - 39,119,1341
"2310",1991,14,40 - 44,77,973
"2310",1991,14,45 - 49,80,816
"2310",1991,14,50 - 54,46,605
"2310",1991,14,55 - 59,45,485
"2310",1991,14,60 - 64,51,385
"2310",1991,14,65 - 69,64,252
"2310",1991,14,70 - 74,36,179
"2310",1991,14,75 - 79,24,113
"2310",1991,14,80 - 84,20,78
"2310",1991,14,85 - 89,24,54
"2310",1991,14,90 - 94,0,0
"2310",1991,14,95+,0,0
"2310",1991,14,UNK,36,230
"2310",1991,15,Total,5781,3384
"2310",1991,15,0,186,232
"2310",1991,15,1,48,64
"2310",1991,15,2,31,28
"2310",1991,15,3,15,24
"2310",1991,15,4,9,19
"2310",1991,15,5 - 9,58,69
"2310",1991,15,10 - 14,73,57
"2310",1991,15,15 - 19,318,82
"2310",1991,15,20 - 24,435,67
"2310",1991,15,25 - 29,409,79
"2310",1991,15,30 - 34,427,87
"2310",1991,15,35 - 39,389,84
"2310",1991,15,40 - 44,254,94
"2310",1991,15,45 - 49,156,99
"2310",1991,15,50 - 54,146,108
"2310",1991,15,55 - 59,162,141
"2310",1991,15,60 - 64,226,200
"2310",1991,15,65 - 69,235,210
"2310",1991,15,70 - 74,311,272
"2310",1991,15,75 - 79,394,339
"2310",1991,15,80 - 84,466,357
"2310",1991,15,85 - 89,1011,651
"2310",1991,15,90 - 94,0,0
"2310",1991,15,95+,0,0
"2310",1991,15,UNK,22,21
"2310",1992,1,Total,175428,233999
"2310",1992,1,0,22692,29662
"2310",1992,1,1,2520,2932
"2310",1992,1,2,1294,1416
"2310",1992,1,3,766,903
"2310",1992,1,4,518,701
"2310",1992,1,5 - 9,1836,2503
"2310",1992,1,10 - 14,1608,2711
"2310",1992,1,15 - 19,2577,6643
"2310",1992,1,20 - 24,2974,9318
"2310",1992,1,25 - 29,2973,9278
"2310",1992,1,30 - 34,3327,9411
"2310",1992,1,35 - 39,4131,9672
"2310",1992,1,40 - 44,4630,9361
"2310",1992,1,45 - 49,5588,10273
"2310",1992,1,50 - 54,7115,11300
"2310",1992,1,55 - 59,9022,12843
"2310",1992,1,60 - 64,11495,14967
"2310",1992,1,65 - 69,13039,16169
"2310",1992,1,70 - 74,14040,16732
"2310",1992,1,75 - 79,14505,15741
"2310",1992,1,80 - 84,17058,16492
"2310",1992,1,85 - 89,30901,23321
"2310",1992,1,90 - 94,0,0
"2310",1992,1,95+,0,0
"2310",1992,1,UNK,819,1650
"2310",1992,2,Total,11152,13479
"2310",1992,2,0,2782,3288
"2310",1992,2,1,709,788
"2310",1992,2,2,320,309
"2310",1992,2,3,148,174
"2310",1992,2,4,79,116
"2310",1992,2,5 - 9,304,312
"2310",1992,2,10 - 14,176,208
"2310",1992,2,15 - 19,214,201
"2310",1992,2,20 - 24,279,250
"2310",1992,2,25 - 29,281,328
"2310",1992,2,30 - 34,256,400
"2310",1992,2,35 - 39,266,415
"2310",1992,2,40 - 44,307,447
"2310",1992,2,45 - 49,328,518
"2310",1992,2,50 - 54,337,536
"2310",1992,2,55 - 59,419,609
"2310",1992,2,60 - 64,516,642
"2310",1992,2,65 - 69,508,697
"2310",1992,2,70 - 74,572,772
"2310",1992,2,75 - 79,528,674
"2310",1992,2,80 - 84,655,736
"2310",1992,2,85 - 89,1114,976
"2310",1992,2,90 - 94,0,0
"2310",1992,2,95+,0,0
"2310",1992,2,UNK,54,83
"2310",1992,3,Total,23984,21218
"2310",1992,3,0,77,73
"2310",1992,3,1,48,70
"2310",1992,3,2,57,58
"2310",1992,3,3,61,62
"2310",1992,3,4,46,64
"2310",1992,3,5 - 9,199,293
"2310",1992,3,10 - 14,240,271
"2310",1992,3,15 - 19,252,382
"2310",1992,3,20 - 24,290,386
"2310",1992,3,25 - 29,341,349
"2310",1992,3,30 - 34,619,417
"2310",1992,3,35 - 39,973,429
"2310",1992,3,40 - 44,1312,576
"2310",1992,3,45 - 49,1579,783
"2310",1992,3,50 - 54,1949,1157
"2310",1992,3,55 - 59,2249,1604
"2310",1992,3,60 - 64,2578,2271
"2310",1992,3,65 - 69,2674,2739
"2310",1992,3,70 - 74,2463,2787
"2310",1992,3,75 - 79,2066,2364
"2310",1992,3,80 - 84,1814,2116
"2310",1992,3,85 - 89,2020,1925
"2310",1992,3,90 - 94,0,0
"2310",1992,3,95+,0,0
"2310",1992,3,UNK,77,42
"2310",1992,4,Total,44021,43314
"2310",1992,4,0,307,378
"2310",1992,4,1,66,64
"2310",1992,4,2,22,39
"2310",1992,4,3,16,20
"2310",1992,4,4,17,27
"2310",1992,4,5 - 9,86,80
"2310",1992,4,10 - 14,105,112
"2310",1992,4,15 - 19,204,214
"2310",1992,4,20 - 24,272,270
"2310",1992,4,25 - 29,301,374
"2310",1992,4,30 - 34,424,542
"2310",1992,4,35 - 39,606,776
"2310",1992,4,40 - 44,834,1016
"2310",1992,4,45 - 49,1007,1521
"2310",1992,4,50 - 54,1458,2111
"2310",1992,4,55 - 59,1970,2726
"2310",1992,4,60 - 64,2797,3759
"2310",1992,4,65 - 69,3636,4495
"2310",1992,4,70 - 74,4499,4921
"2310",1992,4,75 - 79,5126,5121
"2310",1992,4,80 - 84,6651,5791
"2310",1992,4,85 - 89,13369,8736
"2310",1992,4,90 - 94,0,0
"2310",1992,4,95+,0,0
"2310",1992,4,UNK,248,221
"2310",1992,5,Total,4112,4240
"2310",1992,5,0,600,816
"2310",1992,5,1,94,132
"2310",1992,5,2,62,53
"2310",1992,5,3,34,23
"2310",1992,5,4,12,24
"2310",1992,5,5 - 9,52,51
"2310",1992,5,10 - 14,36,33
"2310",1992,5,15 - 19,59,64
"2310",1992,5,20 - 24,60,70
"2310",1992,5,25 - 29,58,92
"2310",1992,5,30 - 34,49,84
"2310",1992,5,35 - 39,63,99
"2310",1992,5,40 - 44,61,99
"2310",1992,5,45 - 49,70,93
"2310",1992,5,50 - 54,70,81
"2310",1992,5,55 - 59,74,103
"2310",1992,5,60 - 64,131,162
"2310",1992,5,65 - 69,144,168
"2310",1992,5,70 - 74,210,202
"2310",1992,5,75 - 79,230,261
"2310",1992,5,80 - 84,417,378
"2310",1992,5,85 - 89,1484,1081
"2310",1992,5,90 - 94,0,0
"2310",1992,5,95+,0,0
"2310",1992,5,UNK,42,71
"2310",1992,6,Total,571,4598
"2310",1992,6,0,2,6
"2310",1992,6,1,0,2
"2310",1992,6,2,2,0
"2310",1992,6,3,1,0
"2310",1992,6,4,2,1
"2310",1992,6,5 - 9,1,3
"2310",1992,6,10 - 14,5,2
"2310",1992,6,15 - 19,6,30
"2310",1992,6,20 - 24,13,124
"2310",1992,6,25 - 29,13,200
"2310",1992,6,30 - 34,17,370
"2310",1992,6,35 - 39,35,501
"2310",1992,6,40 - 44,19,527
"2310",1992,6,45 - 49,50,496
"2310",1992,6,50 - 54,38,460
"2310",1992,6,55 - 59,38,454
"2310",1992,6,60 - 64,34,358
"2310",1992,6,65 - 69,43,288
"2310",1992,6,70 - 74,37,255
"2310",1992,6,75 - 79,53,169
"2310",1992,6,80 - 84,62,128
"2310",1992,6,85 - 89,92,158
"2310",1992,6,90 - 94,0,0
"2310",1992,6,95+,0,0
"2310",1992,6,UNK,8,66
"2310",1992,7,Total,2588,3252
"2310",1992,7,0,311,439
"2310",1992,7,1,99,116
"2310",1992,7,2,48,54
"2310",1992,7,3,34,54
"2310",1992,7,4,40,38
"2310",1992,7,5 - 9,126,127
"2310",1992,7,10 - 14,92,149
"2310",1992,7,15 - 19,158,212
"2310",1992,7,20 - 24,184,198
"2310",1992,7,25 - 29,156,154
"2310",1992,7,30 - 34,110,141
"2310",1992,7,35 - 39,103,150
"2310",1992,7,40 - 44,109,141
"2310",1992,7,45 - 49,91,137
"2310",1992,7,50 - 54,91,131
"2310",1992,7,55 - 59,92,131
"2310",1992,7,60 - 64,111,138
"2310",1992,7,65 - 69,100,120
"2310",1992,7,70 - 74,119,167
"2310",1992,7,75 - 79,129,134
"2310",1992,7,80 - 84,106,152
"2310",1992,7,85 - 89,173,152
"2310",1992,7,90 - 94,0,0
"2310",1992,7,95+,0,0
"2310",1992,7,UNK,6,17
"2310",1992,8,Total,24303,22676
"2310",1992,8,0,1269,1479
"2310",1992,8,1,282,298
"2310",1992,8,2,156,136
"2310",1992,8,3,63,62
"2310",1992,8,4,42,45
"2310",1992,8,5 - 9,136,123
"2310",1992,8,10 - 14,77,91
"2310",1992,8,15 - 19,134,106
"2310",1992,8,20 - 24,176,301
"2310",1992,8,25 - 29,213,630
"2310",1992,8,30 - 34,273,769
"2310",1992,8,35 - 39,384,819
"2310",1992,8,40 - 44,468,822
"2310",1992,8,45 - 49,745,994
"2310",1992,8,50 - 54,1192,1342
"2310",1992,8,55 - 59,1777,1753
"2310",1992,8,60 - 64,2383,2096
"2310",1992,8,65 - 69,2745,2250
"2310",1992,8,70 - 74,2642,2249
"2310",1992,8,75 - 79,2430,1843
"2310",1992,8,80 - 84,2530,1856
"2310",1992,8,85 - 89,4090,2517
"2310",1992,8,90 - 94,0,0
"2310",1992,8,95+,0,0
"2310",1992,8,UNK,96,95
"2310",1992,9,Total,11720,23361
"2310",1992,9,0,227,334
"2310",1992,9,1,50,63
"2310",1992,9,2,25,32
"2310",1992,9,3,18,18
"2310",1992,9,4,19,22
"2310",1992,9,5 - 9,54,64
"2310",1992,9,10 - 14,57,82
"2310",1992,9,15 - 19,94,89
"2310",1992,9,20 - 24,120,211
"2310",1992,9,25 - 29,188,569
"2310",1992,9,30 - 34,241,1098
"2310",1992,9,35 - 39,416,1650
"2310",1992,9,40 - 44,459,1982
"2310",1992,9,45 - 49,634,2350
"2310",1992,9,50 - 54,799,2322
"2310",1992,9,55 - 59,982,2462
"2310",1992,9,60 - 64,1094,2215
"2310",1992,9,65 - 69,1132,2087
"2310",1992,9,70 - 74,1081,1652
"2310",1992,9,75 - 79,1152,1366
"2310",1992,9,80 - 84,1198,1183
"2310",1992,9,85 - 89,1629,1328
"2310",1992,9,90 - 94,0,0
"2310",1992,9,95+,0,0
"2310",1992,9,UNK,51,182
"2310",1992,10,Total,5677,6025
"2310",1992,10,0,115,192
"2310",1992,10,1,29,18
"2310",1992,10,2,19,11
"2310",1992,10,3,19,7
"2310",1992,10,4,6,9
"2310",1992,10,5 - 9,35,45
"2310",1992,10,10 - 14,43,44
"2310",1992,10,15 - 19,103,99
"2310",1992,10,20 - 24,130,132
"2310",1992,10,25 - 29,153,109
"2310",1992,10,30 - 34,147,106
"2310",1992,10,35 - 39,172,127
"2310",1992,10,40 - 44,181,177
"2310",1992,10,45 - 49,210,204
"2310",1992,10,50 - 54,294,319
"2310",1992,10,55 - 59,424,396
"2310",1992,10,60 - 64,498,550
"2310",1992,10,65 - 69,473,550
"2310",1992,10,70 - 74,521,651
"2310",1992,10,75 - 79,493,594
"2310",1992,10,80 - 84,580,659
"2310",1992,10,85 - 89,1010,1003
"2310",1992,10,90 - 94,0,0
"2310",1992,10,95+,0,0
"2310",1992,10,UNK,22,23
"2310",1992,11,Total,13069,17332
"2310",1992,11,0,12187,16428
"2310",1992,11,1,180,208
"2310",1992,11,2,89,79
"2310",1992,11,3,49,48
"2310",1992,11,4,28,35
"2310",1992,11,5 - 9,99,100
"2310",1992,11,10 - 14,68,75
"2310",1992,11,15 - 19,62,68
"2310",1992,11,20 - 24,53,48
"2310",1992,11,25 - 29,40,30
"2310",1992,11,30 - 34,30,20
"2310",1992,11,35 - 39,23,41
"2310",1992,11,40 - 44,18,15
"2310",1992,11,45 - 49,28,20
"2310",1992,11,50 - 54,19,16
"2310",1992,11,55 - 59,11,17
"2310",1992,11,60 - 64,12,11
"2310",1992,11,65 - 69,20,18
"2310",1992,11,70 - 74,16,18
"2310",1992,11,75 - 79,11,9
"2310",1992,11,80 - 84,7,13
"2310",1992,11,85 - 89,14,9
"2310",1992,11,90 - 94,0,0
"2310",1992,11,95+,0,0
"2310",1992,11,UNK,5,6
"2310",1992,12,Total,17787,21797
"2310",1992,12,0,4065,5235
"2310",1992,12,1,576,561
"2310",1992,12,2,218,246
"2310",1992,12,3,113,106
"2310",1992,12,4,63,74
"2310",1992,12,5 - 9,139,160
"2310",1992,12,10 - 14,99,115
"2310",1992,12,15 - 19,136,149
"2310",1992,12,20 - 24,132,191
"2310",1992,12,25 - 29,138,195
"2310",1992,12,30 - 34,157,234
"2310",1992,12,35 - 39,166,261
"2310",1992,12,40 - 44,203,291
"2310",1992,12,45 - 49,240,350
"2310",1992,12,50 - 54,341,496
"2310",1992,12,55 - 59,441,635
"2310",1992,12,60 - 64,714,984
"2310",1992,12,65 - 69,919,1278
"2310",1992,12,70 - 74,1195,1704
"2310",1992,12,75 - 79,1518,2074
"2310",1992,12,80 - 84,2084,2429
"2310",1992,12,85 - 89,4058,3954
"2310",1992,12,90 - 94,0,0
"2310",1992,12,95+,0,0
"2310",1992,12,UNK,72,75
"2310",1992,13,Total,8959,34499
"2310",1992,13,0,570,736
"2310",1992,13,1,321,528
"2310",1992,13,2,215,342
"2310",1992,13,3,178,287
"2310",1992,13,4,137,209
"2310",1992,13,5 - 9,485,992
"2310",1992,13,10 - 14,476,1257
"2310",1992,13,15 - 19,693,3431
"2310",1992,13,20 - 24,619,4307
"2310",1992,13,25 - 29,505,3868
"2310",1992,13,30 - 34,458,3209
"2310",1992,13,35 - 39,404,2796
"2310",1992,13,40 - 44,333,2087
"2310",1992,13,45 - 49,329,1842
"2310",1992,13,50 - 54,299,1519
"2310",1992,13,55 - 59,304,1287
"2310",1992,13,60 - 64,322,1217
"2310",1992,13,65 - 69,340,1009
"2310",1992,13,70 - 74,327,912
"2310",1992,13,75 - 79,383,749
"2310",1992,13,80 - 84,418,620
"2310",1992,13,85 - 89,756,758
"2310",1992,13,90 - 94,0,0
"2310",1992,13,95+,0,0
"2310",1992,13,UNK,87,537
"2310",1992,14,Total,1624,14936
"2310",1992,14,0,50,70
"2310",1992,14,1,27,46
"2310",1992,14,2,30,28
"2310",1992,14,3,14,26
"2310",1992,14,4,14,19
"2310",1992,14,5 - 9,53,97
"2310",1992,14,10 - 14,60,205
"2310",1992,14,15 - 19,184,1519
"2310",1992,14,20 - 24,221,2765
"2310",1992,14,25 - 29,166,2308
"2310",1992,14,30 - 34,143,1935
"2310",1992,14,35 - 39,128,1537
"2310",1992,14,40 - 44,108,1095
"2310",1992,14,45 - 49,84,854
"2310",1992,14,50 - 54,68,675
"2310",1992,14,55 - 59,56,511
"2310",1992,14,60 - 64,45,388
"2310",1992,14,65 - 69,48,240
"2310",1992,14,70 - 74,29,168
"2310",1992,14,75 - 79,30,106
"2310",1992,14,80 - 84,21,62
"2310",1992,14,85 - 89,22,61
"2310",1992,14,90 - 94,0,0
"2310",1992,14,95+,0,0
"2310",1992,14,UNK,23,221
"2310",1992,15,Total,5861,3272
"2310",1992,15,0,130,188
"2310",1992,15,1,39,38
"2310",1992,15,2,31,29
"2310",1992,15,3,18,16
"2310",1992,15,4,13,18
"2310",1992,15,5 - 9,67,56
"2310",1992,15,10 - 14,74,67
"2310",1992,15,15 - 19,278,79
"2310",1992,15,20 - 24,425,65
"2310",1992,15,25 - 29,420,72
"2310",1992,15,30 - 34,403,86
"2310",1992,15,35 - 39,392,71
"2310",1992,15,40 - 44,218,86
"2310",1992,15,45 - 49,193,111
"2310",1992,15,50 - 54,160,135
"2310",1992,15,55 - 59,185,155
"2310",1992,15,60 - 64,260,176
"2310",1992,15,65 - 69,257,230
"2310",1992,15,70 - 74,329,274
"2310",1992,15,75 - 79,356,277
"2310",1992,15,80 - 84,515,369
"2310",1992,15,85 - 89,1070,663
"2310",1992,15,90 - 94,0,0
"2310",1992,15,95+,0,0
"2310",1992,15,UNK,28,11
"2310",1993,1,Total,180068,235961
"2310",1993,1,0,21563,27934
"2310",1993,1,1,2606,3021
"2310",1993,1,2,1399,1530
"2310",1993,1,3,859,921
"2310",1993,1,4,559,657
"2310",1993,1,5 - 9,1829,2586
"2310",1993,1,10 - 14,1574,2586
"2310",1993,1,15 - 19,2580,6308
"2310",1993,1,20 - 24,2950,8975
"2310",1993,1,25 - 29,3012,9416
"2310",1993,1,30 - 34,3428,9355
"2310",1993,1,35 - 39,4075,10058
"2310",1993,1,40 - 44,4717,9577
"2310",1993,1,45 - 49,5852,10618
"2310",1993,1,50 - 54,7325,11622
"2310",1993,1,55 - 59,9326,13230
"2310",1993,1,60 - 64,12302,15614
"2310",1993,1,65 - 69,13665,16145
"2310",1993,1,70 - 74,15076,17895
"2310",1993,1,75 - 79,14827,15910
"2310",1993,1,80 - 84,17865,16889
"2310",1993,1,85 - 89,32029,23648
"2310",1993,1,90 - 94,0,0
"2310",1993,1,95+,0,0
"2310",1993,1,UNK,650,1466
"2310",1993,2,Total,10783,13003
"2310",1993,2,0,2605,3111
"2310",1993,2,1,682,839
"2310",1993,2,2,305,285
"2310",1993,2,3,158,148
"2310",1993,2,4,101,106
"2310",1993,2,5 - 9,238,311
"2310",1993,2,10 - 14,150,175
"2310",1993,2,15 - 19,204,193
"2310",1993,2,20 - 24,250,280
"2310",1993,2,25 - 29,273,311
"2310",1993,2,30 - 34,257,346
"2310",1993,2,35 - 39,296,405
"2310",1993,2,40 - 44,282,419
"2310",1993,2,45 - 49,282,540
"2310",1993,2,50 - 54,365,537
"2310",1993,2,55 - 59,375,593
"2310",1993,2,60 - 64,546,688
"2310",1993,2,65 - 69,506,644
"2310",1993,2,70 - 74,608,796
"2310",1993,2,75 - 79,565,664
"2310",1993,2,80 - 84,609,686
"2310",1993,2,85 - 89,1094,881
"2310",1993,2,90 - 94,0,0
"2310",1993,2,95+,0,0
"2310",1993,2,UNK,32,45
"2310",1993,3,Total,24652,21935
"2310",1993,3,0,72,72
"2310",1993,3,1,53,69
"2310",1993,3,2,52,73
"2310",1993,3,3,67,74
"2310",1993,3,4,51,62
"2310",1993,3,5 - 9,210,306
"2310",1993,3,10 - 14,233,279
"2310",1993,3,15 - 19,273,362
"2310",1993,3,20 - 24,277,365
"2310",1993,3,25 - 29,380,423
"2310",1993,3,30 - 34,617,410
"2310",1993,3,35 - 39,967,495
"2310",1993,3,40 - 44,1374,627
"2310",1993,3,45 - 49,1716,791
"2310",1993,3,50 - 54,1915,1156
"2310",1993,3,55 - 59,2197,1726
"2310",1993,3,60 - 64,2640,2353
"2310",1993,3,65 - 69,2713,2628
"2310",1993,3,70 - 74,2536,2923
"2310",1993,3,75 - 79,2157,2468
"2310",1993,3,80 - 84,1980,2245
"2310",1993,3,85 - 89,2132,1992
"2310",1993,3,90 - 94,0,0
"2310",1993,3,95+,0,0
"2310",1993,3,UNK,40,36
"2310",1993,4,Total,45923,44742
"2310",1993,4,0,311,393
"2310",1993,4,1,59,76
"2310",1993,4,2,41,41
"2310",1993,4,3,37,29
"2310",1993,4,4,17,14
"2310",1993,4,5 - 9,62,74
"2310",1993,4,10 - 14,103,122
"2310",1993,4,15 - 19,199,199
"2310",1993,4,20 - 24,326,255
"2310",1993,4,25 - 29,317,411
"2310",1993,4,30 - 34,432,608
"2310",1993,4,35 - 39,584,869
"2310",1993,4,40 - 44,793,1120
"2310",1993,4,45 - 49,1112,1621
"2310",1993,4,50 - 54,1486,2172
"2310",1993,4,55 - 59,2064,2835
"2310",1993,4,60 - 64,3059,3851
"2310",1993,4,65 - 69,3843,4512
"2310",1993,4,70 - 74,4744,5418
"2310",1993,4,75 - 79,5240,5152
"2310",1993,4,80 - 84,7090,5857
"2310",1993,4,85 - 89,13824,8914
"2310",1993,4,90 - 94,0,0
"2310",1993,4,95+,0,0
"2310",1993,4,UNK,180,199
"2310",1993,5,Total,3783,3968
"2310",1993,5,0,570,753
"2310",1993,5,1,103,103
"2310",1993,5,2,65,64
"2310",1993,5,3,44,32
"2310",1993,5,4,28,13
"2310",1993,5,5 - 9,58,63
"2310",1993,5,10 - 14,43,25
"2310",1993,5,15 - 19,38,65
"2310",1993,5,20 - 24,39,81
"2310",1993,5,25 - 29,47,71
"2310",1993,5,30 - 34,54,85
"2310",1993,5,35 - 39,67,92
"2310",1993,5,40 - 44,38,86
"2310",1993,5,45 - 49,56,91
"2310",1993,5,50 - 54,57,87
"2310",1993,5,55 - 59,70,98
"2310",1993,5,60 - 64,109,150
"2310",1993,5,65 - 69,116,158
"2310",1993,5,70 - 74,179,198
"2310",1993,5,75 - 79,212,223
"2310",1993,5,80 - 84,359,350
"2310",1993,5,85 - 89,1392,1017
"2310",1993,5,90 - 94,0,0
"2310",1993,5,95+,0,0
"2310",1993,5,UNK,39,63
"2310",1993,6,Total,578,4714
"2310",1993,6,0,1,1
"2310",1993,6,1,1,1
"2310",1993,6,2,1,1
"2310",1993,6,3,0,0
"2310",1993,6,4,1,2
"2310",1993,6,5 - 9,6,2
"2310",1993,6,10 - 14,2,5
"2310",1993,6,15 - 19,8,41
"2310",1993,6,20 - 24,14,118
"2310",1993,6,25 - 29,15,236
"2310",1993,6,30 - 34,28,356
"2310",1993,6,35 - 39,21,514
"2310",1993,6,40 - 44,37,516
"2310",1993,6,45 - 49,43,519
"2310",1993,6,50 - 54,27,540
"2310",1993,6,55 - 59,24,434
"2310",1993,6,60 - 64,35,367
"2310",1993,6,65 - 69,45,296
"2310",1993,6,70 - 74,38,241
"2310",1993,6,75 - 79,48,165
"2310",1993,6,80 - 84,52,144
"2310",1993,6,85 - 89,129,162
"2310",1993,6,90 - 94,0,0
"2310",1993,6,95+,0,0
"2310",1993,6,UNK,2,53
"2310",1993,7,Total,2743,3395
"2310",1993,7,0,317,429
"2310",1993,7,1,106,130
"2310",1993,7,2,65,63
"2310",1993,7,3,54,62
"2310",1993,7,4,28,47
"2310",1993,7,5 - 9,131,131
"2310",1993,7,10 - 14,126,149
"2310",1993,7,15 - 19,177,203
"2310",1993,7,20 - 24,149,220
"2310",1993,7,25 - 29,125,189
"2310",1993,7,30 - 34,123,165
"2310",1993,7,35 - 39,124,144
"2310",1993,7,40 - 44,85,161
"2310",1993,7,45 - 49,105,124
"2310",1993,7,50 - 54,68,127
"2310",1993,7,55 - 59,111,118
"2310",1993,7,60 - 64,111,124
"2310",1993,7,65 - 69,138,146
"2310",1993,7,70 - 74,149,144
"2310",1993,7,75 - 79,143,158
"2310",1993,7,80 - 84,119,165
"2310",1993,7,85 - 89,184,183
"2310",1993,7,90 - 94,0,0
"2310",1993,7,95+,0,0
"2310",1993,7,UNK,5,13
"2310",1993,8,Total,25073,23498
"2310",1993,8,0,1149,1410
"2310",1993,8,1,295,317
"2310",1993,8,2,118,157
"2310",1993,8,3,82,75
"2310",1993,8,4,42,46
"2310",1993,8,5 - 9,128,128
"2310",1993,8,10 - 14,86,77
"2310",1993,8,15 - 19,123,129
"2310",1993,8,20 - 24,183,327
"2310",1993,8,25 - 29,258,755
"2310",1993,8,30 - 34,277,905
"2310",1993,8,35 - 39,365,907
"2310",1993,8,40 - 44,508,877
"2310",1993,8,45 - 49,788,1106
"2310",1993,8,50 - 54,1300,1365
"2310",1993,8,55 - 59,1931,1792
"2310",1993,8,60 - 64,2662,2220
"2310",1993,8,65 - 69,2840,2284
"2310",1993,8,70 - 74,2812,2320
"2310",1993,8,75 - 79,2527,1884
"2310",1993,8,80 - 84,2572,1857
"2310",1993,8,85 - 89,3953,2480
"2310",1993,8,90 - 94,0,0
"2310",1993,8,95+,0,0
"2310",1993,8,UNK,74,80
"2310",1993,9,Total,12590,24654
"2310",1993,9,0,224,330
"2310",1993,9,1,59,62
"2310",1993,9,2,25,40
"2310",1993,9,3,23,24
"2310",1993,9,4,20,19
"2310",1993,9,5 - 9,55,70
"2310",1993,9,10 - 14,48,63
"2310",1993,9,15 - 19,95,95
"2310",1993,9,20 - 24,141,225
"2310",1993,9,25 - 29,190,549
"2310",1993,9,30 - 34,271,1119
"2310",1993,9,35 - 39,389,1852
"2310",1993,9,40 - 44,507,2063
"2310",1993,9,45 - 49,700,2494
"2310",1993,9,50 - 54,838,2540
"2310",1993,9,55 - 59,1017,2487
"2310",1993,9,60 - 64,1181,2422
"2310",1993,9,65 - 69,1207,2025
"2310",1993,9,70 - 74,1323,1903
"2310",1993,9,75 - 79,1174,1387
"2310",1993,9,80 - 84,1243,1280
"2310",1993,9,85 - 89,1806,1452
"2310",1993,9,90 - 94,0,0
"2310",1993,9,95+,0,0
"2310",1993,9,UNK,54,153
"2310",1993,10,Total,5993,6408
"2310",1993,10,0,123,193
"2310",1993,10,1,20,29
"2310",1993,10,2,11,19
"2310",1993,10,3,16,4
"2310",1993,10,4,11,11
"2310",1993,10,5 - 9,42,38
"2310",1993,10,10 - 14,42,49
"2310",1993,10,15 - 19,123,90
"2310",1993,10,20 - 24,167,104
"2310",1993,10,25 - 29,141,108
"2310",1993,10,30 - 34,151,142
"2310",1993,10,35 - 39,155,139
"2310",1993,10,40 - 44,149,186
"2310",1993,10,45 - 49,239,221
"2310",1993,10,50 - 54,303,343
"2310",1993,10,55 - 59,435,439
"2310",1993,10,60 - 64,542,568
"2310",1993,10,65 - 69,588,552
"2310",1993,10,70 - 74,548,700
"2310",1993,10,75 - 79,494,650
"2310",1993,10,80 - 84,618,726
"2310",1993,10,85 - 89,1057,1083
"2310",1993,10,90 - 94,0,0
"2310",1993,10,95+,0,0
"2310",1993,10,UNK,18,14
"2310",1993,11,Total,12893,16669
"2310",1993,11,0,11886,15745
"2310",1993,11,1,231,203
"2310",1993,11,2,99,68
"2310",1993,11,3,59,50
"2310",1993,11,4,35,32
"2310",1993,11,5 - 9,106,111
"2310",1993,11,10 - 14,62,60
"2310",1993,11,15 - 19,73,67
"2310",1993,11,20 - 24,56,54
"2310",1993,11,25 - 29,46,44
"2310",1993,11,30 - 34,34,33
"2310",1993,11,35 - 39,23,22
"2310",1993,11,40 - 44,29,23
"2310",1993,11,45 - 49,17,19
"2310",1993,11,50 - 54,24,24
"2310",1993,11,55 - 59,26,19
"2310",1993,11,60 - 64,13,13
"2310",1993,11,65 - 69,14,18
"2310",1993,11,70 - 74,21,15
"2310",1993,11,75 - 79,13,10
"2310",1993,11,80 - 84,4,12
"2310",1993,11,85 - 89,19,20
"2310",1993,11,90 - 94,0,0
"2310",1993,11,95+,0,0
"2310",1993,11,UNK,3,7
"2310",1993,12,Total,18693,21968
"2310",1993,12,0,3610,4551
"2310",1993,12,1,598,612
"2310",1993,12,2,271,281
"2310",1993,12,3,119,104
"2310",1993,12,4,69,68
"2310",1993,12,5 - 9,171,184
"2310",1993,12,10 - 14,108,133
"2310",1993,12,15 - 19,141,155
"2310",1993,12,20 - 24,126,198
"2310",1993,12,25 - 29,145,233
"2310",1993,12,30 - 34,156,233
"2310",1993,12,35 - 39,178,284
"2310",1993,12,40 - 44,238,314
"2310",1993,12,45 - 49,255,396
"2310",1993,12,50 - 54,349,480
"2310",1993,12,55 - 59,521,672
"2310",1993,12,60 - 64,815,1079
"2310",1993,12,65 - 69,1020,1451
"2310",1993,12,70 - 74,1457,1817
"2310",1993,12,75 - 79,1552,2050
"2310",1993,12,80 - 84,2248,2501
"2310",1993,12,85 - 89,4473,4095
"2310",1993,12,90 - 94,0,0
"2310",1993,12,95+,0,0
"2310",1993,12,UNK,73,77
"2310",1993,13,Total,8992,33148
"2310",1993,13,0,510,672
"2310",1993,13,1,324,484
"2310",1993,13,2,276,374
"2310",1993,13,3,149,277
"2310",1993,13,4,128,211
"2310",1993,13,5 - 9,506,1018
"2310",1993,13,10 - 14,442,1167
"2310",1993,13,15 - 19,689,3151
"2310",1993,13,20 - 24,616,4119
"2310",1993,13,25 - 29,512,3665
"2310",1993,13,30 - 34,466,3105
"2310",1993,13,35 - 39,399,2692
"2310",1993,13,40 - 44,375,2028
"2310",1993,13,45 - 49,304,1709
"2310",1993,13,50 - 54,345,1493
"2310",1993,13,55 - 59,301,1348
"2310",1993,13,60 - 64,310,1265
"2310",1993,13,65 - 69,324,973
"2310",1993,13,70 - 74,331,908
"2310",1993,13,75 - 79,316,696
"2310",1993,13,80 - 84,442,615
"2310",1993,13,85 - 89,847,679
"2310",1993,13,90 - 94,0,0
"2310",1993,13,95+,0,0
"2310",1993,13,UNK,80,499
"2310",1993,14,Total,1553,14472
"2310",1993,14,0,44,64
"2310",1993,14,1,22,37
"2310",1993,14,2,28,35
"2310",1993,14,3,23,16
"2310",1993,14,4,15,13
"2310",1993,14,5 - 9,60,85
"2310",1993,14,10 - 14,55,210
"2310",1993,14,15 - 19,167,1475
"2310",1993,14,20 - 24,181,2559
"2310",1993,14,25 - 29,170,2348
"2310",1993,14,30 - 34,144,1767
"2310",1993,14,35 - 39,125,1547
"2310",1993,14,40 - 44,92,1052
"2310",1993,14,45 - 49,73,863
"2310",1993,14,50 - 54,65,636
"2310",1993,14,55 - 59,65,518
"2310",1993,14,60 - 64,53,337
"2310",1993,14,65 - 69,33,256
"2310",1993,14,70 - 74,46,202
"2310",1993,14,75 - 79,28,100
"2310",1993,14,80 - 84,15,67
"2310",1993,14,85 - 89,27,73
"2310",1993,14,90 - 94,0,0
"2310",1993,14,95+,0,0
"2310",1993,14,UNK,22,212
"2310",1993,15,Total,5819,3387
"2310",1993,15,0,141,210
"2310",1993,15,1,53,59
"2310",1993,15,2,42,29
"2310",1993,15,3,28,26
"2310",1993,15,4,13,13
"2310",1993,15,5 - 9,56,65
"2310",1993,15,10 - 14,74,72
"2310",1993,15,15 - 19,270,83
"2310",1993,15,20 - 24,425,70
"2310",1993,15,25 - 29,393,73
"2310",1993,15,30 - 34,418,81
"2310",1993,15,35 - 39,382,96
"2310",1993,15,40 - 44,210,105
"2310",1993,15,45 - 49,162,124
"2310",1993,15,50 - 54,183,122
"2310",1993,15,55 - 59,189,151
"2310",1993,15,60 - 64,226,177
"2310",1993,15,65 - 69,278,202
"2310",1993,15,70 - 74,284,310
"2310",1993,15,75 - 79,358,303
"2310",1993,15,80 - 84,514,384
"2310",1993,15,85 - 89,1092,617
"2310",1993,15,90 - 94,0,0
"2310",1993,15,95+,0,0
"2310",1993,15,UNK,28,15
"2310",1994,1,Total,181136,237772
"2310",1994,1,0,21192,28038
"2310",1994,1,1,2540,2715
"2310",1994,1,2,1259,1425
"2310",1994,1,3,738,840
"2310",1994,1,4,507,641
"2310",1994,1,5 - 9,1669,2325
"2310",1994,1,10 - 14,1585,2436
"2310",1994,1,15 - 19,2446,6241
"2310",1994,1,20 - 24,2925,9449
"2310",1994,1,25 - 29,2903,9103
"2310",1994,1,30 - 34,3541,9545
"2310",1994,1,35 - 39,4123,10080
"2310",1994,1,40 - 44,4904,9973
"2310",1994,1,45 - 49,5851,10634
"2310",1994,1,50 - 54,7390,11771
"2310",1994,1,55 - 59,9452,13298
"2310",1994,1,60 - 64,12312,15512
"2310",1994,1,65 - 69,13598,16407
"2310",1994,1,70 - 74,15809,18890
"2310",1994,1,75 - 79,14593,15407
"2310",1994,1,80 - 84,18393,17719
"2310",1994,1,85 - 89,32692,23834
"2310",1994,1,90 - 94,0,0
"2310",1994,1,95+,0,0
"2310",1994,1,UNK,714,1489
"2310",1994,2,Total,9304,11270
"2310",1994,2,0,2184,2845
"2310",1994,2,1,586,675
"2310",1994,2,2,239,267
"2310",1994,2,3,140,141
"2310",1994,2,4,77,84
"2310",1994,2,5 - 9,219,231
"2310",1994,2,10 - 14,145,142
"2310",1994,2,15 - 19,158,172
"2310",1994,2,20 - 24,228,244
"2310",1994,2,25 - 29,253,284
"2310",1994,2,30 - 34,249,365
"2310",1994,2,35 - 39,263,361
"2310",1994,2,40 - 44,251,394
"2310",1994,2,45 - 49,259,408
"2310",1994,2,50 - 54,309,476
"2310",1994,2,55 - 59,348,467
"2310",1994,2,60 - 64,447,579
"2310",1994,2,65 - 69,425,597
"2310",1994,2,70 - 74,549,647
"2310",1994,2,75 - 79,462,527
"2310",1994,2,80 - 84,539,578
"2310",1994,2,85 - 89,946,742
"2310",1994,2,90 - 94,0,0
"2310",1994,2,95+,0,0
"2310",1994,2,UNK,28,44
"2310",1994,3,Total,25220,23023
"2310",1994,3,0,48,49
"2310",1994,3,1,58,61
"2310",1994,3,2,61,50
"2310",1994,3,3,65,68
"2310",1994,3,4,44,66
"2310",1994,3,5 - 9,210,288
"2310",1994,3,10 - 14,220,291
"2310",1994,3,15 - 19,265,404
"2310",1994,3,20 - 24,323,417
"2310",1994,3,25 - 29,373,374
"2310",1994,3,30 - 34,722,423
"2310",1994,3,35 - 39,961,546
"2310",1994,3,40 - 44,1471,680
"2310",1994,3,45 - 49,1717,847
"2310",1994,3,50 - 54,1983,1202
"2310",1994,3,55 - 59,2271,1755
"2310",1994,3,60 - 64,2624,2470
"2310",1994,3,65 - 69,2733,2836
"2310",1994,3,70 - 74,2733,3181
"2310",1994,3,75 - 79,2199,2427
"2310",1994,3,80 - 84,2017,2415
"2310",1994,3,85 - 89,2052,2125
"2310",1994,3,90 - 94,0,0
"2310",1994,3,95+,0,0
"2310",1994,3,UNK,70,48
"2310",1994,4,Total,47845,45984
"2310",1994,4,0,310,419
"2310",1994,4,1,64,69
"2310",1994,4,2,27,30
"2310",1994,4,3,21,29
"2310",1994,4,4,21,14
"2310",1994,4,5 - 9,53,73
"2310",1994,4,10 - 14,95,77
"2310",1994,4,15 - 19,180,210
"2310",1994,4,20 - 24,275,310
"2310",1994,4,25 - 29,338,419
"2310",1994,4,30 - 34,410,572
"2310",1994,4,35 - 39,600,872
"2310",1994,4,40 - 44,849,1223
"2310",1994,4,45 - 49,1107,1587
"2310",1994,4,50 - 54,1591,2273
"2310",1994,4,55 - 59,2178,2934
"2310",1994,4,60 - 64,3209,3930
"2310",1994,4,65 - 69,3886,4521
"2310",1994,4,70 - 74,5140,5803
"2310",1994,4,75 - 79,5284,5123
"2310",1994,4,80 - 84,7449,6299
"2310",1994,4,85 - 89,14556,8990
"2310",1994,4,90 - 94,0,0
"2310",1994,4,95+,0,0
"2310",1994,4,UNK,202,207
"2310",1994,5,Total,3431,3488
"2310",1994,5,0,515,677
"2310",1994,5,1,88,83
"2310",1994,5,2,40,46
"2310",1994,5,3,25,27
"2310",1994,5,4,16,16
"2310",1994,5,5 - 9,40,31
"2310",1994,5,10 - 14,33,29
"2310",1994,5,15 - 19,36,49
"2310",1994,5,20 - 24,45,65
"2310",1994,5,25 - 29,38,86
"2310",1994,5,30 - 34,37,82
"2310",1994,5,35 - 39,37,77
"2310",1994,5,40 - 44,44,86
"2310",1994,5,45 - 49,48,65
"2310",1994,5,50 - 54,51,71
"2310",1994,5,55 - 59,44,98
"2310",1994,5,60 - 64,108,98
"2310",1994,5,65 - 69,108,132
"2310",1994,5,70 - 74,163,190
"2310",1994,5,75 - 79,198,213
"2310",1994,5,80 - 84,333,332
"2310",1994,5,85 - 89,1344,878
"2310",1994,5,90 - 94,0,0
"2310",1994,5,95+,0,0
"2310",1994,5,UNK,40,57
"2310",1994,6,Total,587,4712
"2310",1994,6,0,0,7
"2310",1994,6,1,0,0
"2310",1994,6,2,1,0
"2310",1994,6,3,0,1
"2310",1994,6,4,1,4
"2310",1994,6,5 - 9,0,5
"2310",1994,6,10 - 14,4,7
"2310",1994,6,15 - 19,10,31
"2310",1994,6,20 - 24,10,120
"2310",1994,6,25 - 29,8,230
"2310",1994,6,30 - 34,20,352
"2310",1994,6,35 - 39,28,508
"2310",1994,6,40 - 44,37,522
"2310",1994,6,45 - 49,40,537
"2310",1994,6,50 - 54,37,488
"2310",1994,6,55 - 59,33,455
"2310",1994,6,60 - 64,34,367
"2310",1994,6,65 - 69,39,317
"2310",1994,6,70 - 74,45,258
"2310",1994,6,75 - 79,42,132
"2310",1994,6,80 - 84,63,136
"2310",1994,6,85 - 89,131,174
"2310",1994,6,90 - 94,0,0
"2310",1994,6,95+,0,0
"2310",1994,6,UNK,4,61
"2310",1994,7,Total,2800,3516
"2310",1994,7,0,318,388
"2310",1994,7,1,80,118
"2310",1994,7,2,47,68
"2310",1994,7,3,47,44
"2310",1994,7,4,31,42
"2310",1994,7,5 - 9,128,163
"2310",1994,7,10 - 14,112,170
"2310",1994,7,15 - 19,157,237
"2310",1994,7,20 - 24,171,239
"2310",1994,7,25 - 29,130,197
"2310",1994,7,30 - 34,146,163
"2310",1994,7,35 - 39,153,147
"2310",1994,7,40 - 44,83,144
"2310",1994,7,45 - 49,93,126
"2310",1994,7,50 - 54,90,120
"2310",1994,7,55 - 59,102,146
"2310",1994,7,60 - 64,114,139
"2310",1994,7,65 - 69,118,176
"2310",1994,7,70 - 74,150,174
"2310",1994,7,75 - 79,146,165
"2310",1994,7,80 - 84,164,163
"2310",1994,7,85 - 89,211,184
"2310",1994,7,90 - 94,0,0
"2310",1994,7,95+,0,0
"2310",1994,7,UNK,9,3
"2310",1994,8,Total,25326,23671
"2310",1994,8,0,1081,1278
"2310",1994,8,1,277,259
"2310",1994,8,2,110,102
"2310",1994,8,3,62,56
"2310",1994,8,4,34,30
"2310",1994,8,5 - 9,117,97
"2310",1994,8,10 - 14,96,68
"2310",1994,8,15 - 19,102,97
"2310",1994,8,20 - 24,179,365
"2310",1994,8,25 - 29,230,788
"2310",1994,8,30 - 34,301,980
"2310",1994,8,35 - 39,410,1025
"2310",1994,8,40 - 44,567,987
"2310",1994,8,45 - 49,785,1114
"2310",1994,8,50 - 54,1282,1453
"2310",1994,8,55 - 59,1912,1771
"2310",1994,8,60 - 64,2651,2142
"2310",1994,8,65 - 69,2896,2210
"2310",1994,8,70 - 74,3007,2492
"2310",1994,8,75 - 79,2369,1784
"2310",1994,8,80 - 84,2543,1916
"2310",1994,8,85 - 89,4218,2565
"2310",1994,8,90 - 94,0,0
"2310",1994,8,95+,0,0
"2310",1994,8,UNK,97,92
"2310",1994,9,Total,12632,24777
"2310",1994,9,0,226,274
"2310",1994,9,1,56,74
"2310",1994,9,2,34,35
"2310",1994,9,3,21,24
"2310",1994,9,4,15,17
"2310",1994,9,5 - 9,47,65
"2310",1994,9,10 - 14,52,53
"2310",1994,9,15 - 19,103,82
"2310",1994,9,20 - 24,146,201
"2310",1994,9,25 - 29,171,536
"2310",1994,9,30 - 34,285,1157
"2310",1994,9,35 - 39,410,1800
"2310",1994,9,40 - 44,506,2193
"2310",1994,9,45 - 49,709,2480
"2310",1994,9,50 - 54,867,2555
"2310",1994,9,55 - 59,1027,2520
"2310",1994,9,60 - 64,1217,2390
"2310",1994,9,65 - 69,1193,2069
"2310",1994,9,70 - 74,1297,1974
"2310",1994,9,75 - 79,1121,1365
"2310",1994,9,80 - 84,1335,1346
"2310",1994,9,85 - 89,1741,1416
"2310",1994,9,90 - 94,0,0
"2310",1994,9,95+,0,0
"2310",1994,9,UNK,53,151
"2310",1994,10,Total,5873,6439
"2310",1994,10,0,104,181
"2310",1994,10,1,27,30
"2310",1994,10,2,16,15
"2310",1994,10,3,16,8
"2310",1994,10,4,8,8
"2310",1994,10,5 - 9,38,36
"2310",1994,10,10 - 14,56,47
"2310",1994,10,15 - 19,109,91
"2310",1994,10,20 - 24,143,138
"2310",1994,10,25 - 29,129,108
"2310",1994,10,30 - 34,128,125
"2310",1994,10,35 - 39,155,138
"2310",1994,10,40 - 44,174,171
"2310",1994,10,45 - 49,234,257
"2310",1994,10,50 - 54,302,344
"2310",1994,10,55 - 59,451,452
"2310",1994,10,60 - 64,529,542
"2310",1994,10,65 - 69,545,599
"2310",1994,10,70 - 74,575,715
"2310",1994,10,75 - 79,497,604
"2310",1994,10,80 - 84,596,748
"2310",1994,10,85 - 89,1019,1058
"2310",1994,10,90 - 94,0,0
"2310",1994,10,95+,0,0
"2310",1994,10,UNK,22,24
"2310",1994,11,Total,12790,16978
"2310",1994,11,0,11800,15994
"2310",1994,11,1,214,202
"2310",1994,11,2,96,106
"2310",1994,11,3,49,48
"2310",1994,11,4,37,36
"2310",1994,11,5 - 9,104,99
"2310",1994,11,10 - 14,73,79
"2310",1994,11,15 - 19,53,81
"2310",1994,11,20 - 24,47,59
"2310",1994,11,25 - 29,46,32
"2310",1994,11,30 - 34,38,36
"2310",1994,11,35 - 39,33,33
"2310",1994,11,40 - 44,26,22
"2310",1994,11,45 - 49,27,21
"2310",1994,11,50 - 54,23,24
"2310",1994,11,55 - 59,24,20
"2310",1994,11,60 - 64,18,16
"2310",1994,11,65 - 69,20,14
"2310",1994,11,70 - 74,22,13
"2310",1994,11,75 - 79,10,11
"2310",1994,11,80 - 84,14,11
"2310",1994,11,85 - 89,15,19
"2310",1994,11,90 - 94,0,0
"2310",1994,11,95+,0,0
"2310",1994,11,UNK,1,2
"2310",1994,12,Total,18651,22592
"2310",1994,12,0,3847,4966
"2310",1994,12,1,642,604
"2310",1994,12,2,270,256
"2310",1994,12,3,105,107
"2310",1994,12,4,65,70
"2310",1994,12,5 - 9,160,180
"2310",1994,12,10 - 14,111,101
"2310",1994,12,15 - 19,136,152
"2310",1994,12,20 - 24,131,211
"2310",1994,12,25 - 29,130,199
"2310",1994,12,30 - 34,166,278
"2310",1994,12,35 - 39,153,301
"2310",1994,12,40 - 44,207,361
"2310",1994,12,45 - 49,265,399
"2310",1994,12,50 - 54,337,483
"2310",1994,12,55 - 59,511,693
"2310",1994,12,60 - 64,755,1017
"2310",1994,12,65 - 69,1035,1360
"2310",1994,12,70 - 74,1370,1958
"2310",1994,12,75 - 79,1495,1949
"2310",1994,12,80 - 84,2241,2692
"2310",1994,12,85 - 89,4453,4165
"2310",1994,12,90 - 94,0,0
"2310",1994,12,95+,0,0
"2310",1994,12,UNK,66,90
"2310",1994,13,Total,9078,33655
"2310",1994,13,0,555,707
"2310",1994,13,1,366,442
"2310",1994,13,2,262,398
"2310",1994,13,3,163,238
"2310",1994,13,4,135,220
"2310",1994,13,5 - 9,450,913
"2310",1994,13,10 - 14,439,1127
"2310",1994,13,15 - 19,684,3124
"2310",1994,13,20 - 24,627,4358
"2310",1994,13,25 - 29,492,3581
"2310",1994,13,30 - 34,478,3141
"2310",1994,13,35 - 39,429,2752
"2310",1994,13,40 - 44,339,2073
"2310",1994,13,45 - 49,317,1817
"2310",1994,13,50 - 54,301,1533
"2310",1994,13,55 - 59,318,1319
"2310",1994,13,60 - 64,328,1238
"2310",1994,13,65 - 69,305,1069
"2310",1994,13,70 - 74,376,999
"2310",1994,13,75 - 79,357,692
"2310",1994,13,80 - 84,502,670
"2310",1994,13,85 - 89,793,787
"2310",1994,13,90 - 94,0,0
"2310",1994,13,95+,0,0
"2310",1994,13,UNK,62,457
"2310",1994,14,Total,1476,14344
"2310",1994,14,0,53,60
"2310",1994,14,1,37,42
"2310",1994,14,2,25,21
"2310",1994,14,3,12,30
"2310",1994,14,4,11,14
"2310",1994,14,5 - 9,43,95
"2310",1994,14,10 - 14,75,179
"2310",1994,14,15 - 19,172,1443
"2310",1994,14,20 - 24,170,2654
"2310",1994,14,25 - 29,133,2207
"2310",1994,14,30 - 34,133,1794
"2310",1994,14,35 - 39,111,1431
"2310",1994,14,40 - 44,94,1023
"2310",1994,14,45 - 49,76,864
"2310",1994,14,50 - 54,49,647
"2310",1994,14,55 - 59,62,511
"2310",1994,14,60 - 64,39,401
"2310",1994,14,65 - 69,26,283
"2310",1994,14,70 - 74,35,175
"2310",1994,14,75 - 79,31,100
"2310",1994,14,80 - 84,26,64
"2310",1994,14,85 - 89,15,67
"2310",1994,14,90 - 94,0,0
"2310",1994,14,95+,0,0
"2310",1994,14,UNK,48,239
"2310",1994,15,Total,6123,3323
"2310",1994,15,0,151,193
"2310",1994,15,1,45,56
"2310",1994,15,2,31,31
"2310",1994,15,3,12,19
"2310",1994,15,4,12,20
"2310",1994,15,5 - 9,60,49
"2310",1994,15,10 - 14,74,66
"2310",1994,15,15 - 19,281,68
"2310",1994,15,20 - 24,430,68
"2310",1994,15,25 - 29,432,62
"2310",1994,15,30 - 34,428,77
"2310",1994,15,35 - 39,380,89
"2310",1994,15,40 - 44,256,94
"2310",1994,15,45 - 49,174,112
"2310",1994,15,50 - 54,168,102
"2310",1994,15,55 - 59,171,157
"2310",1994,15,60 - 64,239,183
"2310",1994,15,65 - 69,269,224
"2310",1994,15,70 - 74,347,311
"2310",1994,15,75 - 79,382,315
"2310",1994,15,80 - 84,571,349
"2310",1994,15,85 - 89,1198,664
"2310",1994,15,90 - 94,0,0
"2310",1994,15,95+,0,0
"2310",1994,15,UNK,12,14
"2310",1995,1,Total,187693,242408
"2310",1995,1,0,20718,27237
"2310",1995,1,1,2489,2783
"2310",1995,1,2,1197,1425
"2310",1995,1,3,751,812
"2310",1995,1,4,506,714
"2310",1995,1,5 - 9,1646,2353
"2310",1995,1,10 - 14,1595,2442
"2310",1995,1,15 - 19,2563,5939
"2310",1995,1,20 - 24,2998,9096
"2310",1995,1,25 - 29,3001,9277
"2310",1995,1,30 - 34,3375,9506
"2310",1995,1,35 - 39,4230,10154
"2310",1995,1,40 - 44,4777,10053
"2310",1995,1,45 - 49,6126,10623
"2310",1995,1,50 - 54,7651,11935
"2310",1995,1,55 - 59,9927,13527
"2310",1995,1,60 - 64,12599,15803
"2310",1995,1,65 - 69,14574,17231
"2310",1995,1,70 - 74,16335,19205
"2310",1995,1,75 - 79,15712,16992
"2310",1995,1,80 - 84,18223,17220
"2310",1995,1,85 - 89,35941,26563
"2310",1995,1,90 - 94,0,0
"2310",1995,1,95+,0,0
"2310",1995,1,UNK,759,1518
"2310",1995,2,Total,9032,10994
"2310",1995,2,0,2017,2492
"2310",1995,2,1,549,652
"2310",1995,2,2,227,220
"2310",1995,2,3,120,103
"2310",1995,2,4,70,75
"2310",1995,2,5 - 9,194,220
"2310",1995,2,10 - 14,115,164
"2310",1995,2,15 - 19,177,169
"2310",1995,2,20 - 24,212,209
"2310",1995,2,25 - 29,233,298
"2310",1995,2,30 - 34,240,359
"2310",1995,2,35 - 39,215,371
"2310",1995,2,40 - 44,242,431
"2310",1995,2,45 - 49,307,430
"2310",1995,2,50 - 54,309,458
"2310",1995,2,55 - 59,365,511
"2310",1995,2,60 - 64,441,552
"2310",1995,2,65 - 69,458,651
"2310",1995,2,70 - 74,507,685
"2310",1995,2,75 - 79,517,579
"2310",1995,2,80 - 84,521,503
"2310",1995,2,85 - 89,952,801
"2310",1995,2,90 - 94,0,0
"2310",1995,2,95+,0,0
"2310",1995,2,UNK,44,61
"2310",1995,3,Total,26185,23837
"2310",1995,3,0,71,82
"2310",1995,3,1,68,59
"2310",1995,3,2,65,85
"2310",1995,3,3,51,67
"2310",1995,3,4,49,89
"2310",1995,3,5 - 9,212,284
"2310",1995,3,10 - 14,253,267
"2310",1995,3,15 - 19,312,403
"2310",1995,3,20 - 24,293,406
"2310",1995,3,25 - 29,414,435
"2310",1995,3,30 - 34,653,467
"2310",1995,3,35 - 39,1036,526
"2310",1995,3,40 - 44,1428,690
"2310",1995,3,45 - 49,1772,872
"2310",1995,3,50 - 54,2072,1261
"2310",1995,3,55 - 59,2430,1742
"2310",1995,3,60 - 64,2724,2538
"2310",1995,3,65 - 69,2821,2864
"2310",1995,3,70 - 74,2845,3318
"2310",1995,3,75 - 79,2282,2708
"2310",1995,3,80 - 84,1995,2347
"2310",1995,3,85 - 89,2279,2286
"2310",1995,3,90 - 94,0,0
"2310",1995,3,95+,0,0
"2310",1995,3,UNK,60,41
"2310",1995,4,Total,49574,47771
"2310",1995,4,0,306,414
"2310",1995,4,1,55,66
"2310",1995,4,2,26,28
"2310",1995,4,3,11,16
"2310",1995,4,4,17,18
"2310",1995,4,5 - 9,71,93
"2310",1995,4,10 - 14,108,112
"2310",1995,4,15 - 19,172,206
"2310",1995,4,20 - 24,270,315
"2310",1995,4,25 - 29,320,412
"2310",1995,4,30 - 34,410,612
"2310",1995,4,35 - 39,628,884
"2310",1995,4,40 - 44,806,1219
"2310",1995,4,45 - 49,1189,1623
"2310",1995,4,50 - 54,1581,2254
"2310",1995,4,55 - 59,2204,3050
"2310",1995,4,60 - 64,3149,4007
"2310",1995,4,65 - 69,4077,4736
"2310",1995,4,70 - 74,5204,5848
"2310",1995,4,75 - 79,5681,5536
"2310",1995,4,80 - 84,7274,6056
"2310",1995,4,85 - 89,15782,10056
"2310",1995,4,90 - 94,0,0
"2310",1995,4,95+,0,0
"2310",1995,4,UNK,233,210
"2310",1995,5,Total,3506,3693
"2310",1995,5,0,501,700
"2310",1995,5,1,100,108
"2310",1995,5,2,36,40
"2310",1995,5,3,24,16
"2310",1995,5,4,12,17
"2310",1995,5,5 - 9,37,27
"2310",1995,5,10 - 14,29,26
"2310",1995,5,15 - 19,30,39
"2310",1995,5,20 - 24,49,68
"2310",1995,5,25 - 29,40,69
"2310",1995,5,30 - 34,37,80
"2310",1995,5,35 - 39,42,103
"2310",1995,5,40 - 44,43,73
"2310",1995,5,45 - 49,46,82
"2310",1995,5,50 - 54,55,79
"2310",1995,5,55 - 59,50,79
"2310",1995,5,60 - 64,60,118
"2310",1995,5,65 - 69,88,129
"2310",1995,5,70 - 74,141,200
"2310",1995,5,75 - 79,205,207
"2310",1995,5,80 - 84,338,318
"2310",1995,5,85 - 89,1509,1057
"2310",1995,5,90 - 94,0,0
"2310",1995,5,95+,0,0
"2310",1995,5,UNK,34,58
"2310",1995,6,Total,635,4496
"2310",1995,6,0,6,5
"2310",1995,6,1,2,3
"2310",1995,6,2,1,1
"2310",1995,6,3,1,3
"2310",1995,6,4,0,1
"2310",1995,6,5 - 9,3,6
"2310",1995,6,10 - 14,4,5
"2310",1995,6,15 - 19,3,38
"2310",1995,6,20 - 24,16,114
"2310",1995,6,25 - 29,19,202
"2310",1995,6,30 - 34,17,360
"2310",1995,6,35 - 39,25,473
"2310",1995,6,40 - 44,32,473
"2310",1995,6,45 - 49,29,471
"2310",1995,6,50 - 54,32,490
"2310",1995,6,55 - 59,41,356
"2310",1995,6,60 - 64,36,325
"2310",1995,6,65 - 69,43,319
"2310",1995,6,70 - 74,37,265
"2310",1995,6,75 - 79,60,199
"2310",1995,6,80 - 84,67,137
"2310",1995,6,85 - 89,158,189
"2310",1995,6,90 - 94,0,0
"2310",1995,6,95+,0,0
"2310",1995,6,UNK,3,61
"2310",1995,7,Total,2826,3745
"2310",1995,7,0,263,388
"2310",1995,7,1,90,125
"2310",1995,7,2,68,82
"2310",1995,7,3,47,48
"2310",1995,7,4,35,50
"2310",1995,7,5 - 9,99,190
"2310",1995,7,10 - 14,130,166
"2310",1995,7,15 - 19,149,222
"2310",1995,7,20 - 24,169,249
"2310",1995,7,25 - 29,153,199
"2310",1995,7,30 - 34,128,182
"2310",1995,7,35 - 39,120,181
"2310",1995,7,40 - 44,105,168
"2310",1995,7,45 - 49,117,146
"2310",1995,7,50 - 54,106,123
"2310",1995,7,55 - 59,106,149
"2310",1995,7,60 - 64,140,140
"2310",1995,7,65 - 69,112,142
"2310",1995,7,70 - 74,146,206
"2310",1995,7,75 - 79,131,179
"2310",1995,7,80 - 84,160,167
"2310",1995,7,85 - 89,244,229
"2310",1995,7,90 - 94,0,0
"2310",1995,7,95+,0,0
"2310",1995,7,UNK,8,14
"2310",1995,8,Total,27213,25704
"2310",1995,8,0,994,1208
"2310",1995,8,1,317,294
"2310",1995,8,2,111,128
"2310",1995,8,3,69,59
"2310",1995,8,4,36,48
"2310",1995,8,5 - 9,117,104
"2310",1995,8,10 - 14,77,68
"2310",1995,8,15 - 19,147,98
"2310",1995,8,20 - 24,174,408
"2310",1995,8,25 - 29,269,877
"2310",1995,8,30 - 34,298,1103
"2310",1995,8,35 - 39,420,1109
"2310",1995,8,40 - 44,526,1094
"2310",1995,8,45 - 49,901,1218
"2310",1995,8,50 - 54,1413,1606
"2310",1995,8,55 - 59,2086,1931
"2310",1995,8,60 - 64,2826,2434
"2310",1995,8,65 - 69,3192,2555
"2310",1995,8,70 - 74,3158,2560
"2310",1995,8,75 - 79,2700,2026
"2310",1995,8,80 - 84,2705,1868
"2310",1995,8,85 - 89,4580,2828
"2310",1995,8,90 - 94,0,0
"2310",1995,8,95+,0,0
"2310",1995,8,UNK,97,80
"2310",1995,9,Total,13205,25138
"2310",1995,9,0,223,313
"2310",1995,9,1,50,60
"2310",1995,9,2,30,32
"2310",1995,9,3,15,23
"2310",1995,9,4,10,19
"2310",1995,9,5 - 9,64,65
"2310",1995,9,10 - 14,51,64
"2310",1995,9,15 - 19,75,89
"2310",1995,9,20 - 24,160,209
"2310",1995,9,25 - 29,179,516
"2310",1995,9,30 - 34,255,1124
"2310",1995,9,35 - 39,405,1675
"2310",1995,9,40 - 44,505,2085
"2310",1995,9,45 - 49,689,2459
"2310",1995,9,50 - 54,843,2577
"2310",1995,9,55 - 59,1066,2537
"2310",1995,9,60 - 64,1262,2403
"2310",1995,9,65 - 69,1419,2241
"2310",1995,9,70 - 74,1437,2018
"2310",1995,9,75 - 79,1185,1517
"2310",1995,9,80 - 84,1276,1336
"2310",1995,9,85 - 89,1943,1599
"2310",1995,9,90 - 94,0,0
"2310",1995,9,95+,0,0
"2310",1995,9,UNK,63,177
"2310",1995,10,Total,6278,6672
"2310",1995,10,0,115,178
"2310",1995,10,1,27,25
"2310",1995,10,2,18,14
"2310",1995,10,3,10,10
"2310",1995,10,4,7,10
"2310",1995,10,5 - 9,49,47
"2310",1995,10,10 - 14,71,48
"2310",1995,10,15 - 19,116,96
"2310",1995,10,20 - 24,128,154
"2310",1995,10,25 - 29,111,135
"2310",1995,10,30 - 34,154,145
"2310",1995,10,35 - 39,162,156
"2310",1995,10,40 - 44,178,207
"2310",1995,10,45 - 49,259,239
"2310",1995,10,50 - 54,338,313
"2310",1995,10,55 - 59,479,421
"2310",1995,10,60 - 64,538,521
"2310",1995,10,65 - 69,618,628
"2310",1995,10,70 - 74,583,734
"2310",1995,10,75 - 79,513,686
"2310",1995,10,80 - 84,618,715
"2310",1995,10,85 - 89,1167,1173
"2310",1995,10,90 - 94,0,0
"2310",1995,10,95+,0,0
"2310",1995,10,UNK,19,17
"2310",1995,11,Total,13020,17100
"2310",1995,11,0,11905,15922
"2310",1995,11,1,247,233
"2310",1995,11,2,105,117
"2310",1995,11,3,71,58
"2310",1995,11,4,41,53
"2310",1995,11,5 - 9,123,127
"2310",1995,11,10 - 14,77,97
"2310",1995,11,15 - 19,69,100
"2310",1995,11,20 - 24,67,51
"2310",1995,11,25 - 29,50,54
"2310",1995,11,30 - 34,34,51
"2310",1995,11,35 - 39,42,33
"2310",1995,11,40 - 44,16,32
"2310",1995,11,45 - 49,27,17
"2310",1995,11,50 - 54,30,26
"2310",1995,11,55 - 59,8,31
"2310",1995,11,60 - 64,21,22
"2310",1995,11,65 - 69,28,13
"2310",1995,11,70 - 74,10,20
"2310",1995,11,75 - 79,14,11
"2310",1995,11,80 - 84,14,15
"2310",1995,11,85 - 89,17,12
"2310",1995,11,90 - 94,0,0
"2310",1995,11,95+,0,0
"2310",1995,11,UNK,4,5
"2310",1995,12,Total,19501,23440
"2310",1995,12,0,3495,4526
"2310",1995,12,1,602,636
"2310",1995,12,2,232,279
"2310",1995,12,3,133,110
"2310",1995,12,4,74,77
"2310",1995,12,5 - 9,166,177
"2310",1995,12,10 - 14,96,134
"2310",1995,12,15 - 19,132,153
"2310",1995,12,20 - 24,168,212
"2310",1995,12,25 - 29,138,221
"2310",1995,12,30 - 34,141,249
"2310",1995,12,35 - 39,193,317
"2310",1995,12,40 - 44,219,335
"2310",1995,12,45 - 49,290,417
"2310",1995,12,50 - 54,366,535
"2310",1995,12,55 - 59,512,731
"2310",1995,12,60 - 64,787,1105
"2310",1995,12,65 - 69,1072,1488
"2310",1995,12,70 - 74,1568,1986
"2310",1995,12,75 - 79,1628,2182
"2310",1995,12,80 - 84,2286,2748
"2310",1995,12,85 - 89,5124,4738
"2310",1995,12,90 - 94,0,0
"2310",1995,12,95+,0,0
"2310",1995,12,UNK,79,84
"2310",1995,13,Total,9016,32243
"2310",1995,13,0,596,739
"2310",1995,13,1,308,445
"2310",1995,13,2,239,332
"2310",1995,13,3,156,259
"2310",1995,13,4,132,222
"2310",1995,13,5 - 9,405,877
"2310",1995,13,10 - 14,435,1043
"2310",1995,13,15 - 19,697,2875
"2310",1995,13,20 - 24,647,4150
"2310",1995,13,25 - 29,520,3487
"2310",1995,13,30 - 34,442,2948
"2310",1995,13,35 - 39,436,2728
"2310",1995,13,40 - 44,323,2074
"2310",1995,13,45 - 49,292,1689
"2310",1995,13,50 - 54,283,1471
"2310",1995,13,55 - 59,324,1360
"2310",1995,13,60 - 64,353,1088
"2310",1995,13,65 - 69,350,1010
"2310",1995,13,70 - 74,343,846
"2310",1995,13,75 - 79,359,750
"2310",1995,13,80 - 84,438,571
"2310",1995,13,85 - 89,879,825
"2310",1995,13,90 - 94,0,0
"2310",1995,13,95+,0,0
"2310",1995,13,UNK,59,454
"2310",1995,14,Total,1526,14070
"2310",1995,14,0,63,74
"2310",1995,14,1,20,23
"2310",1995,14,2,19,32
"2310",1995,14,3,18,13
"2310",1995,14,4,6,18
"2310",1995,14,5 - 9,47,76
"2310",1995,14,10 - 14,74,175
"2310",1995,14,15 - 19,173,1376
"2310",1995,14,20 - 24,196,2472
"2310",1995,14,25 - 29,158,2299
"2310",1995,14,30 - 34,131,1735
"2310",1995,14,35 - 39,131,1515
"2310",1995,14,40 - 44,106,1071
"2310",1995,14,45 - 49,71,844
"2310",1995,14,50 - 54,53,634
"2310",1995,14,55 - 59,67,494
"2310",1995,14,60 - 64,29,339
"2310",1995,14,65 - 69,36,256
"2310",1995,14,70 - 74,30,169
"2310",1995,14,75 - 79,25,95
"2310",1995,14,80 - 84,17,67
"2310",1995,14,85 - 89,26,61
"2310",1995,14,90 - 94,0,0
"2310",1995,14,95+,0,0
"2310",1995,14,UNK,30,232
"2310",1995,15,Total,6176,3505
"2310",1995,15,0,163,196
"2310",1995,15,1,54,54
"2310",1995,15,2,20,35
"2310",1995,15,3,25,27
"2310",1995,15,4,17,17
"2310",1995,15,5 - 9,59,60
"2310",1995,15,10 - 14,75,73
"2310",1995,15,15 - 19,311,75
"2310",1995,15,20 - 24,449,79
"2310",1995,15,25 - 29,397,73
"2310",1995,15,30 - 34,435,91
"2310",1995,15,35 - 39,375,83
"2310",1995,15,40 - 44,248,101
"2310",1995,15,45 - 49,137,116
"2310",1995,15,50 - 54,170,108
"2310",1995,15,55 - 59,189,135
"2310",1995,15,60 - 64,233,211
"2310",1995,15,65 - 69,260,199
"2310",1995,15,70 - 74,326,350
"2310",1995,15,75 - 79,412,317
"2310",1995,15,80 - 84,514,372
"2310",1995,15,85 - 89,1281,709
"2310",1995,15,90 - 94,0,0
"2310",1995,15,95+,0,0
"2310",1995,15,UNK,26,24
"2310",1996,1,Total,191168,245017
"2310",1996,1,0,19726,25916
"2310",1996,1,1,2427,2752
"2310",1996,1,2,1157,1385
"2310",1996,1,3,659,855
"2310",1996,1,4,499,638
"2310",1996,1,5 - 9,1707,2397
"2310",1996,1,10 - 14,1605,2380
"2310",1996,1,15 - 19,2471,6087
"2310",1996,1,20 - 24,2793,8585
"2310",1996,1,25 - 29,2845,8953
"2310",1996,1,30 - 34,3262,9361
"2310",1996,1,35 - 39,4235,9937
"2310",1996,1,40 - 44,4997,9789
"2310",1996,1,45 - 49,6135,10844
"2310",1996,1,50 - 54,7642,11754
"2310",1996,1,55 - 59,9970,13827
"2310",1996,1,60 - 64,12716,16033
"2310",1996,1,65 - 69,15473,17930
"2310",1996,1,70 - 74,16743,19719
"2310",1996,1,75 - 79,17007,18702
"2310",1996,1,80 - 84,17843,16748
"2310",1996,1,85 - 89,38538,29007
"2310",1996,1,90 - 94,0,0
"2310",1996,1,95+,0,0
"2310",1996,1,UNK,718,1418
"2310",1996,2,Total,8481,10266
"2310",1996,2,0,1731,2181
"2310",1996,2,1,573,627
"2310",1996,2,2,204,225
"2310",1996,2,3,85,95
"2310",1996,2,4,74,81
"2310",1996,2,5 - 9,171,204
"2310",1996,2,10 - 14,138,133
"2310",1996,2,15 - 19,148,160
"2310",1996,2,20 - 24,195,217
"2310",1996,2,25 - 29,222,306
"2310",1996,2,30 - 34,196,316
"2310",1996,2,35 - 39,233,355
"2310",1996,2,40 - 44,249,386
"2310",1996,2,45 - 49,256,389
"2310",1996,2,50 - 54,283,452
"2310",1996,2,55 - 59,339,506
"2310",1996,2,60 - 64,413,514
"2310",1996,2,65 - 69,451,560
"2310",1996,2,70 - 74,495,628
"2310",1996,2,75 - 79,502,584
"2310",1996,2,80 - 84,461,490
"2310",1996,2,85 - 89,1037,815
"2310",1996,2,90 - 94,0,0
"2310",1996,2,95+,0,0
"2310",1996,2,UNK,25,42
"2310",1996,3,Total,27335,24527
"2310",1996,3,0,74,61
"2310",1996,3,1,64,70
"2310",1996,3,2,72,63
"2310",1996,3,3,58,90
"2310",1996,3,4,64,75
"2310",1996,3,5 - 9,246,333
"2310",1996,3,10 - 14,288,293
"2310",1996,3,15 - 19,307,396
"2310",1996,3,20 - 24,308,392
"2310",1996,3,25 - 29,395,408
"2310",1996,3,30 - 34,686,487
"2310",1996,3,35 - 39,1126,562
"2310",1996,3,40 - 44,1502,683
"2310",1996,3,45 - 49,1893,919
"2310",1996,3,50 - 54,2112,1312
"2310",1996,3,55 - 59,2466,1842
"2310",1996,3,60 - 64,2777,2506
"2310",1996,3,65 - 69,3093,3064
"2310",1996,3,70 - 74,2928,3315
"2310",1996,3,75 - 79,2527,2963
"2310",1996,3,80 - 84,1934,2153
"2310",1996,3,85 - 89,2366,2505
"2310",1996,3,90 - 94,0,0
"2310",1996,3,95+,0,0
"2310",1996,3,UNK,49,35
"2310",1996,4,Total,50786,49312
"2310",1996,4,0,301,373
"2310",1996,4,1,54,66
"2310",1996,4,2,26,41
"2310",1996,4,3,30,26
"2310",1996,4,4,17,16
"2310",1996,4,5 - 9,78,78
"2310",1996,4,10 - 14,79,99
"2310",1996,4,15 - 19,151,218
"2310",1996,4,20 - 24,234,296
"2310",1996,4,25 - 29,299,375
"2310",1996,4,30 - 34,386,531
"2310",1996,4,35 - 39,565,855
"2310",1996,4,40 - 44,794,1160
"2310",1996,4,45 - 49,1149,1661
"2310",1996,4,50 - 54,1550,2208
"2310",1996,4,55 - 59,2246,2980
"2310",1996,4,60 - 64,3287,4096
"2310",1996,4,65 - 69,4337,5067
"2310",1996,4,70 - 74,5321,5943
"2310",1996,4,75 - 79,5946,6122
"2310",1996,4,80 - 84,7014,5870
"2310",1996,4,85 - 89,16707,11020
"2310",1996,4,90 - 94,0,0
"2310",1996,4,95+,0,0
"2310",1996,4,UNK,215,211
"2310",1996,5,Total,3716,3724
"2310",1996,5,0,525,678
"2310",1996,5,1,90,96
"2310",1996,5,2,35,38
"2310",1996,5,3,14,27
"2310",1996,5,4,13,18
"2310",1996,5,5 - 9,31,38
"2310",1996,5,10 - 14,17,27
"2310",1996,5,15 - 19,34,45
"2310",1996,5,20 - 24,48,62
"2310",1996,5,25 - 29,39,75
"2310",1996,5,30 - 34,43,72
"2310",1996,5,35 - 39,40,89
"2310",1996,5,40 - 44,44,74
"2310",1996,5,45 - 49,39,80
"2310",1996,5,50 - 54,42,79
"2310",1996,5,55 - 59,46,66
"2310",1996,5,60 - 64,84,95
"2310",1996,5,65 - 69,98,138
"2310",1996,5,70 - 74,142,186
"2310",1996,5,75 - 79,216,248
"2310",1996,5,80 - 84,352,334
"2310",1996,5,85 - 89,1676,1100
"2310",1996,5,90 - 94,0,0
"2310",1996,5,95+,0,0
"2310",1996,5,UNK,48,59
"2310",1996,6,Total,657,4368
"2310",1996,6,0,2,5
"2310",1996,6,1,1,1
"2310",1996,6,2,1,3
"2310",1996,6,3,0,1
"2310",1996,6,4,3,1
"2310",1996,6,5 - 9,4,9
"2310",1996,6,10 - 14,6,7
"2310",1996,6,15 - 19,5,33
"2310",1996,6,20 - 24,9,123
"2310",1996,6,25 - 29,20,195
"2310",1996,6,30 - 34,22,295
"2310",1996,6,35 - 39,29,446
"2310",1996,6,40 - 44,37,449
"2310",1996,6,45 - 49,27,496
"2310",1996,6,50 - 54,22,429
"2310",1996,6,55 - 59,36,404
"2310",1996,6,60 - 64,30,335
"2310",1996,6,65 - 69,29,335
"2310",1996,6,70 - 74,57,236
"2310",1996,6,75 - 79,65,170
"2310",1996,6,80 - 84,77,140
"2310",1996,6,85 - 89,169,198
"2310",1996,6,90 - 94,0,0
"2310",1996,6,95+,0,0
"2310",1996,6,UNK,6,57
"2310",1996,7,Total,3111,3851
"2310",1996,7,0,303,406
"2310",1996,7,1,114,116
"2310",1996,7,2,72,71
"2310",1996,7,3,39,52
"2310",1996,7,4,29,44
"2310",1996,7,5 - 9,164,173
"2310",1996,7,10 - 14,135,170
"2310",1996,7,15 - 19,155,248
"2310",1996,7,20 - 24,169,245
"2310",1996,7,25 - 29,151,213
"2310",1996,7,30 - 34,134,194
"2310",1996,7,35 - 39,137,169
"2310",1996,7,40 - 44,117,147
"2310",1996,7,45 - 49,120,162
"2310",1996,7,50 - 54,103,134
"2310",1996,7,55 - 59,125,116
"2310",1996,7,60 - 64,127,165
"2310",1996,7,65 - 69,144,174
"2310",1996,7,70 - 74,153,211
"2310",1996,7,75 - 79,185,205
"2310",1996,7,80 - 84,170,191
"2310",1996,7,85 - 89,257,234
"2310",1996,7,90 - 94,0,0
"2310",1996,7,95+,0,0
"2310",1996,7,UNK,8,11
"2310",1996,8,Total,28005,26726
"2310",1996,8,0,873,1133
"2310",1996,8,1,299,300
"2310",1996,8,2,127,141
"2310",1996,8,3,69,61
"2310",1996,8,4,44,42
"2310",1996,8,5 - 9,119,118
"2310",1996,8,10 - 14,85,78
"2310",1996,8,15 - 19,123,131
"2310",1996,8,20 - 24,195,389
"2310",1996,8,25 - 29,261,863
"2310",1996,8,30 - 34,319,1220
"2310",1996,8,35 - 39,403,1200
"2310",1996,8,40 - 44,550,1055
"2310",1996,8,45 - 49,861,1300
"2310",1996,8,50 - 54,1416,1614
"2310",1996,8,55 - 59,2149,2055
"2310",1996,8,60 - 64,2911,2463
"2310",1996,8,65 - 69,3379,2660
"2310",1996,8,70 - 74,3358,2745
"2310",1996,8,75 - 79,2856,2233
"2310",1996,8,80 - 84,2601,1840
"2310",1996,8,85 - 89,4919,2995
"2310",1996,8,90 - 94,0,0
"2310",1996,8,95+,0,0
"2310",1996,8,UNK,88,90
"2310",1996,9,Total,13348,25321
"2310",1996,9,0,191,264
"2310",1996,9,1,58,63
"2310",1996,9,2,37,35
"2310",1996,9,3,19,15
"2310",1996,9,4,15,18
"2310",1996,9,5 - 9,53,60
"2310",1996,9,10 - 14,42,47
"2310",1996,9,15 - 19,67,102
"2310",1996,9,20 - 24,124,186
"2310",1996,9,25 - 29,157,508
"2310",1996,9,30 - 34,261,1017
"2310",1996,9,35 - 39,393,1610
"2310",1996,9,40 - 44,548,2128
"2310",1996,9,45 - 49,702,2440
"2310",1996,9,50 - 54,858,2504
"2310",1996,9,55 - 59,1023,2684
"2310",1996,9,60 - 64,1194,2478
"2310",1996,9,65 - 69,1467,2225
"2310",1996,9,70 - 74,1406,2112
"2310",1996,9,75 - 79,1354,1680
"2310",1996,9,80 - 84,1283,1274
"2310",1996,9,85 - 89,2039,1701
"2310",1996,9,90 - 94,0,0
"2310",1996,9,95+,0,0
"2310",1996,9,UNK,57,170
"2310",1996,10,Total,6212,6881
"2310",1996,10,0,124,185
"2310",1996,10,1,19,38
"2310",1996,10,2,11,21
"2310",1996,10,3,12,12
"2310",1996,10,4,10,13
"2310",1996,10,5 - 9,46,30
"2310",1996,10,10 - 14,54,54
"2310",1996,10,15 - 19,120,93
"2310",1996,10,20 - 24,129,146
"2310",1996,10,25 - 29,124,152
"2310",1996,10,30 - 34,128,136
"2310",1996,10,35 - 39,159,153
"2310",1996,10,40 - 44,199,207
"2310",1996,10,45 - 49,258,213
"2310",1996,10,50 - 54,325,339
"2310",1996,10,55 - 59,420,429
"2310",1996,10,60 - 64,536,558
"2310",1996,10,65 - 69,631,641
"2310",1996,10,70 - 74,578,738
"2310",1996,10,75 - 79,567,727
"2310",1996,10,80 - 84,566,717
"2310",1996,10,85 - 89,1176,1262
"2310",1996,10,90 - 94,0,0
"2310",1996,10,95+,0,0
"2310",1996,10,UNK,20,17
"2310",1996,11,Total,12516,16606
"2310",1996,11,0,11386,15405
"2310",1996,11,1,245,243
"2310",1996,11,2,104,113
"2310",1996,11,3,49,76
"2310",1996,11,4,35,41
"2310",1996,11,5 - 9,136,137
"2310",1996,11,10 - 14,91,105
"2310",1996,11,15 - 19,65,100
"2310",1996,11,20 - 24,57,68
"2310",1996,11,25 - 29,51,62
"2310",1996,11,30 - 34,27,41
"2310",1996,11,35 - 39,41,33
"2310",1996,11,40 - 44,28,29
"2310",1996,11,45 - 49,39,14
"2310",1996,11,50 - 54,28,17
"2310",1996,11,55 - 59,20,16
"2310",1996,11,60 - 64,16,18
"2310",1996,11,65 - 69,17,27
"2310",1996,11,70 - 74,29,22
"2310",1996,11,75 - 79,25,17
"2310",1996,11,80 - 84,7,3
"2310",1996,11,85 - 89,17,16
"2310",1996,11,90 - 94,0,0
"2310",1996,11,95+,0,0
"2310",1996,11,UNK,3,3
"2310",1996,12,Total,20611,24247
"2310",1996,12,0,3412,4257
"2310",1996,12,1,552,627
"2310",1996,12,2,207,239
"2310",1996,12,3,90,88
"2310",1996,12,4,68,59
"2310",1996,12,5 - 9,151,164
"2310",1996,12,10 - 14,113,135
"2310",1996,12,15 - 19,149,167
"2310",1996,12,20 - 24,144,195
"2310",1996,12,25 - 29,136,211
"2310",1996,12,30 - 34,154,306
"2310",1996,12,35 - 39,191,321
"2310",1996,12,40 - 44,241,361
"2310",1996,12,45 - 49,260,382
"2310",1996,12,50 - 54,372,555
"2310",1996,12,55 - 59,553,749
"2310",1996,12,60 - 64,792,1088
"2310",1996,12,65 - 69,1181,1522
"2310",1996,12,70 - 74,1564,2187
"2310",1996,12,75 - 79,1967,2517
"2310",1996,12,80 - 84,2347,2699
"2310",1996,12,85 - 89,5884,5336
"2310",1996,12,90 - 94,0,0
"2310",1996,12,95+,0,0
"2310",1996,12,UNK,83,82
"2310",1996,13,Total,8747,32556
"2310",1996,13,0,590,721
"2310",1996,13,1,285,412
"2310",1996,13,2,207,330
"2310",1996,13,3,160,274
"2310",1996,13,4,104,194
"2310",1996,13,5 - 9,414,915
"2310",1996,13,10 - 14,416,1029
"2310",1996,13,15 - 19,693,2960
"2310",1996,13,20 - 24,593,3950
"2310",1996,13,25 - 29,441,3418
"2310",1996,13,30 - 34,431,2967
"2310",1996,13,35 - 39,412,2714
"2310",1996,13,40 - 44,349,2100
"2310",1996,13,45 - 49,317,1833
"2310",1996,13,50 - 54,291,1430
"2310",1996,13,55 - 59,305,1393
"2310",1996,13,60 - 64,281,1212
"2310",1996,13,65 - 69,343,1040
"2310",1996,13,70 - 74,330,922
"2310",1996,13,75 - 79,357,799
"2310",1996,13,80 - 84,465,629
"2310",1996,13,85 - 89,898,893
"2310",1996,13,90 - 94,0,0
"2310",1996,13,95+,0,0
"2310",1996,13,UNK,65,421
"2310",1996,14,Total,1461,13032
"2310",1996,14,0,60,68
"2310",1996,14,1,23,31
"2310",1996,14,2,18,27
"2310",1996,14,3,17,19
"2310",1996,14,4,14,19
"2310",1996,14,5 - 9,41,85
"2310",1996,14,10 - 14,56,157
"2310",1996,14,15 - 19,168,1348
"2310",1996,14,20 - 24,162,2234
"2310",1996,14,25 - 29,151,2086
"2310",1996,14,30 - 34,126,1695
"2310",1996,14,35 - 39,127,1330
"2310",1996,14,40 - 44,108,918
"2310",1996,14,45 - 49,83,858
"2310",1996,14,50 - 54,59,548
"2310",1996,14,55 - 59,49,441
"2310",1996,14,60 - 64,36,335
"2310",1996,14,65 - 69,41,236
"2310",1996,14,70 - 74,29,192
"2310",1996,14,75 - 79,22,91
"2310",1996,14,80 - 84,19,54
"2310",1996,14,85 - 89,15,50
"2310",1996,14,90 - 94,0,0
"2310",1996,14,95+,0,0
"2310",1996,14,UNK,37,210
"2310",1996,15,Total,6182,3600
"2310",1996,15,0,154,179
"2310",1996,15,1,50,62
"2310",1996,15,2,36,38
"2310",1996,15,3,17,19
"2310",1996,15,4,9,17
"2310",1996,15,5 - 9,53,53
"2310",1996,15,10 - 14,85,46
"2310",1996,15,15 - 19,286,86
"2310",1996,15,20 - 24,426,82
"2310",1996,15,25 - 29,398,81
"2310",1996,15,30 - 34,349,84
"2310",1996,15,35 - 39,379,100
"2310",1996,15,40 - 44,231,92
"2310",1996,15,45 - 49,131,97
"2310",1996,15,50 - 54,181,133
"2310",1996,15,55 - 59,193,146
"2310",1996,15,60 - 64,232,170
"2310",1996,15,65 - 69,262,241
"2310",1996,15,70 - 74,353,282
"2310",1996,15,75 - 79,418,346
"2310",1996,15,80 - 84,547,354
"2310",1996,15,85 - 89,1378,882
"2310",1996,15,90 - 94,0,0
"2310",1996,15,95+,0,0
"2310",1996,15,UNK,14,10
"2310",1997,1,Total,192941,247318
"2310",1997,1,0,19145,25165
"2310",1997,1,1,2105,2452
"2310",1997,1,2,1068,1191
"2310",1997,1,3,679,781
"2310",1997,1,4,474,620
"2310",1997,1,5 - 9,1741,2266
"2310",1997,1,10 - 14,1480,2465
"2310",1997,1,15 - 19,2556,5925
"2310",1997,1,20 - 24,2808,8764
"2310",1997,1,25 - 29,2888,8944
"2310",1997,1,30 - 34,3278,9153
"2310",1997,1,35 - 39,4216,10059
"2310",1997,1,40 - 44,5092,10346
"2310",1997,1,45 - 49,6251,11056
"2310",1997,1,50 - 54,8078,12322
"2310",1997,1,55 - 59,10129,14032
"2310",1997,1,60 - 64,13230,16627
"2310",1997,1,65 - 69,15701,18461
"2310",1997,1,70 - 74,17350,20331
"2310",1997,1,75 - 79,17985,19639
"2310",1997,1,80 - 84,17661,16581
"2310",1997,1,85 - 89,38293,28692
"2310",1997,1,90 - 94,0,0
"2310",1997,1,95+,0,0
"2310",1997,1,UNK,733,1446
"2310",1997,2,Total,7916,9391
"2310",1997,2,0,1579,1898
"2310",1997,2,1,418,501
"2310",1997,2,2,184,188
"2310",1997,2,3,107,97
"2310",1997,2,4,54,70
"2310",1997,2,5 - 9,183,200
"2310",1997,2,10 - 14,111,127
"2310",1997,2,15 - 19,141,159
"2310",1997,2,20 - 24,171,223
"2310",1997,2,25 - 29,193,232
"2310",1997,2,30 - 34,204,272
"2310",1997,2,35 - 39,230,340
"2310",1997,2,40 - 44,251,369
"2310",1997,2,45 - 49,245,375
"2310",1997,2,50 - 54,289,417
"2310",1997,2,55 - 59,342,421
"2310",1997,2,60 - 64,367,499
"2310",1997,2,65 - 69,479,539
"2310",1997,2,70 - 74,468,635
"2310",1997,2,75 - 79,524,556
"2310",1997,2,80 - 84,450,470
"2310",1997,2,85 - 89,902,760
"2310",1997,2,90 - 94,0,0
"2310",1997,2,95+,0,0
"2310",1997,2,UNK,24,43
"2310",1997,3,Total,27853,25514
"2310",1997,3,0,70,79
"2310",1997,3,1,56,82
"2310",1997,3,2,68,64
"2310",1997,3,3,54,96
"2310",1997,3,4,66,78
"2310",1997,3,5 - 9,259,310
"2310",1997,3,10 - 14,233,320
"2310",1997,3,15 - 19,304,408
"2310",1997,3,20 - 24,294,471
"2310",1997,3,25 - 29,395,465
"2310",1997,3,30 - 34,643,490
"2310",1997,3,35 - 39,1081,622
"2310",1997,3,40 - 44,1557,778
"2310",1997,3,45 - 49,1881,998
"2310",1997,3,50 - 54,2242,1333
"2310",1997,3,55 - 59,2529,1882
"2310",1997,3,60 - 64,2878,2601
"2310",1997,3,65 - 69,3134,3172
"2310",1997,3,70 - 74,3064,3585
"2310",1997,3,75 - 79,2567,3036
"2310",1997,3,80 - 84,1988,2176
"2310",1997,3,85 - 89,2446,2428
"2310",1997,3,90 - 94,0,0
"2310",1997,3,95+,0,0
"2310",1997,3,UNK,44,40
"2310",1997,4,Total,51643,50464
"2310",1997,4,0,267,368
"2310",1997,4,1,53,56
"2310",1997,4,2,32,33
"2310",1997,4,3,12,14
"2310",1997,4,4,16,13
"2310",1997,4,5 - 9,78,57
"2310",1997,4,10 - 14,75,93
"2310",1997,4,15 - 19,171,213
"2310",1997,4,20 - 24,262,293
"2310",1997,4,25 - 29,274,409
"2310",1997,4,30 - 34,389,556
"2310",1997,4,35 - 39,603,884
"2310",1997,4,40 - 44,864,1255
"2310",1997,4,45 - 49,1157,1722
"2310",1997,4,50 - 54,1649,2410
"2310",1997,4,55 - 59,2318,3109
"2310",1997,4,60 - 64,3381,4307
"2310",1997,4,65 - 69,4424,5215
"2310",1997,4,70 - 74,5599,6209
"2310",1997,4,75 - 79,6449,6341
"2310",1997,4,80 - 84,6949,5970
"2310",1997,4,85 - 89,16399,10744
"2310",1997,4,90 - 94,0,0
"2310",1997,4,95+,0,0
"2310",1997,4,UNK,222,193
"2310",1997,5,Total,3441,3595
"2310",1997,5,0,449,665
"2310",1997,5,1,67,72
"2310",1997,5,2,30,29
"2310",1997,5,3,17,19
"2310",1997,5,4,15,17
"2310",1997,5,5 - 9,32,52
"2310",1997,5,10 - 14,13,31
"2310",1997,5,15 - 19,27,43
"2310",1997,5,20 - 24,33,60
"2310",1997,5,25 - 29,31,77
"2310",1997,5,30 - 34,34,80
"2310",1997,5,35 - 39,36,73
"2310",1997,5,40 - 44,32,63
"2310",1997,5,45 - 49,48,71
"2310",1997,5,50 - 54,47,81
"2310",1997,5,55 - 59,55,82
"2310",1997,5,60 - 64,83,88
"2310",1997,5,65 - 69,107,142
"2310",1997,5,70 - 74,151,198
"2310",1997,5,75 - 79,232,236
"2310",1997,5,80 - 84,326,308
"2310",1997,5,85 - 89,1531,1061
"2310",1997,5,90 - 94,0,0
"2310",1997,5,95+,0,0
"2310",1997,5,UNK,45,47
"2310",1997,6,Total,707,4707
"2310",1997,6,0,1,2
"2310",1997,6,1,1,4
"2310",1997,6,2,1,2
"2310",1997,6,3,1,1
"2310",1997,6,4,1,0
"2310",1997,6,5 - 9,3,1
"2310",1997,6,10 - 14,3,2
"2310",1997,6,15 - 19,8,40
"2310",1997,6,20 - 24,4,90
"2310",1997,6,25 - 29,15,216
"2310",1997,6,30 - 34,20,332
"2310",1997,6,35 - 39,30,431
"2310",1997,6,40 - 44,31,508
"2310",1997,6,45 - 49,30,509
"2310",1997,6,50 - 54,43,456
"2310",1997,6,55 - 59,27,429
"2310",1997,6,60 - 64,44,379
"2310",1997,6,65 - 69,41,330
"2310",1997,6,70 - 74,54,270
"2310",1997,6,75 - 79,76,234
"2310",1997,6,80 - 84,86,161
"2310",1997,6,85 - 89,177,241
"2310",1997,6,90 - 94,0,0
"2310",1997,6,95+,0,0
"2310",1997,6,UNK,10,69
"2310",1997,7,Total,3065,3777
"2310",1997,7,0,274,351
"2310",1997,7,1,104,109
"2310",1997,7,2,54,66
"2310",1997,7,3,57,55
"2310",1997,7,4,38,36
"2310",1997,7,5 - 9,149,157
"2310",1997,7,10 - 14,115,185
"2310",1997,7,15 - 19,148,254
"2310",1997,7,20 - 24,149,232
"2310",1997,7,25 - 29,164,216
"2310",1997,7,30 - 34,156,182
"2310",1997,7,35 - 39,138,193
"2310",1997,7,40 - 44,111,157
"2310",1997,7,45 - 49,109,142
"2310",1997,7,50 - 54,117,138
"2310",1997,7,55 - 59,102,165
"2310",1997,7,60 - 64,129,164
"2310",1997,7,65 - 69,139,155
"2310",1997,7,70 - 74,168,191
"2310",1997,7,75 - 79,186,226
"2310",1997,7,80 - 84,173,167
"2310",1997,7,85 - 89,282,227
"2310",1997,7,90 - 94,0,0
"2310",1997,7,95+,0,0
"2310",1997,7,UNK,3,9
"2310",1997,8,Total,28595,26848
"2310",1997,8,0,812,962
"2310",1997,8,1,234,259
"2310",1997,8,2,117,103
"2310",1997,8,3,63,49
"2310",1997,8,4,39,40
"2310",1997,8,5 - 9,100,114
"2310",1997,8,10 - 14,80,60
"2310",1997,8,15 - 19,137,116
"2310",1997,8,20 - 24,205,419
"2310",1997,8,25 - 29,256,901
"2310",1997,8,30 - 34,315,1094
"2310",1997,8,35 - 39,410,1097
"2310",1997,8,40 - 44,595,1133
"2310",1997,8,45 - 49,939,1315
"2310",1997,8,50 - 54,1490,1707
"2310",1997,8,55 - 59,2212,2132
"2310",1997,8,60 - 64,3069,2511
"2310",1997,8,65 - 69,3406,2689
"2310",1997,8,70 - 74,3409,2817
"2310",1997,8,75 - 79,3107,2458
"2310",1997,8,80 - 84,2622,1812
"2310",1997,8,85 - 89,4876,2964
"2310",1997,8,90 - 94,0,0
"2310",1997,8,95+,0,0
"2310",1997,8,UNK,102,96
"2310",1997,9,Total,13931,26520
"2310",1997,9,0,219,291
"2310",1997,9,1,45,55
"2310",1997,9,2,30,30
"2310",1997,9,3,15,24
"2310",1997,9,4,12,20
"2310",1997,9,5 - 9,52,62
"2310",1997,9,10 - 14,44,76
"2310",1997,9,15 - 19,80,92
"2310",1997,9,20 - 24,135,235
"2310",1997,9,25 - 29,189,492
"2310",1997,9,30 - 34,230,1068
"2310",1997,9,35 - 39,364,1743
"2310",1997,9,40 - 44,543,2252
"2310",1997,9,45 - 49,681,2534
"2310",1997,9,50 - 54,909,2744
"2310",1997,9,55 - 59,1052,2629
"2310",1997,9,60 - 64,1325,2619
"2310",1997,9,65 - 69,1547,2463
"2310",1997,9,70 - 74,1456,2093
"2310",1997,9,75 - 79,1441,1868
"2310",1997,9,80 - 84,1334,1196
"2310",1997,9,85 - 89,2164,1742
"2310",1997,9,90 - 94,0,0
"2310",1997,9,95+,0,0
"2310",1997,9,UNK,64,192
"2310",1997,10,Total,6184,6903
"2310",1997,10,0,114,149
"2310",1997,10,1,17,26
"2310",1997,10,2,14,19
"2310",1997,10,3,11,11
"2310",1997,10,4,6,14
"2310",1997,10,5 - 9,52,36
"2310",1997,10,10 - 14,75,47
"2310",1997,10,15 - 19,96,113
"2310",1997,10,20 - 24,144,142
"2310",1997,10,25 - 29,117,133
"2310",1997,10,30 - 34,129,141
"2310",1997,10,35 - 39,152,149
"2310",1997,10,40 - 44,185,194
"2310",1997,10,45 - 49,257,256
"2310",1997,10,50 - 54,334,335
"2310",1997,10,55 - 59,419,477
"2310",1997,10,60 - 64,534,560
"2310",1997,10,65 - 69,629,674
"2310",1997,10,70 - 74,579,737
"2310",1997,10,75 - 79,567,754
"2310",1997,10,80 - 84,521,677
"2310",1997,10,85 - 89,1212,1238
"2310",1997,10,90 - 94,0,0
"2310",1997,10,95+,0,0
"2310",1997,10,UNK,20,21
"2310",1997,11,Total,12773,16577
"2310",1997,11,0,11533,15441
"2310",1997,11,1,260,233
"2310",1997,11,2,118,106
"2310",1997,11,3,59,65
"2310",1997,11,4,55,41
"2310",1997,11,5 - 9,132,115
"2310",1997,11,10 - 14,95,100
"2310",1997,11,15 - 19,85,95
"2310",1997,11,20 - 24,62,58
"2310",1997,11,25 - 29,55,50
"2310",1997,11,30 - 34,39,32
"2310",1997,11,35 - 39,43,34
"2310",1997,11,40 - 44,29,32
"2310",1997,11,45 - 49,33,28
"2310",1997,11,50 - 54,35,19
"2310",1997,11,55 - 59,20,37
"2310",1997,11,60 - 64,26,17
"2310",1997,11,65 - 69,20,18
"2310",1997,11,70 - 74,22,26
"2310",1997,11,75 - 79,23,14
"2310",1997,11,80 - 84,13,6
"2310",1997,11,85 - 89,16,8
"2310",1997,11,90 - 94,0,0
"2310",1997,11,95+,0,0
"2310",1997,11,UNK,0,2
"2310",1997,12,Total,20253,24330
"2310",1997,12,0,3150,4051
"2310",1997,12,1,460,539
"2310",1997,12,2,163,184
"2310",1997,12,3,91,89
"2310",1997,12,4,39,63
"2310",1997,12,5 - 9,122,164
"2310",1997,12,10 - 14,90,116
"2310",1997,12,15 - 19,111,151
"2310",1997,12,20 - 24,119,203
"2310",1997,12,25 - 29,159,230
"2310",1997,12,30 - 34,135,250
"2310",1997,12,35 - 39,179,330
"2310",1997,12,40 - 44,205,366
"2310",1997,12,45 - 49,312,431
"2310",1997,12,50 - 54,408,533
"2310",1997,12,55 - 59,531,785
"2310",1997,12,60 - 64,818,1133
"2310",1997,12,65 - 69,1147,1525
"2310",1997,12,70 - 74,1641,2148
"2310",1997,12,75 - 79,2019,2640
"2310",1997,12,80 - 84,2336,2685
"2310",1997,12,85 - 89,5948,5610
"2310",1997,12,90 - 94,0,0
"2310",1997,12,95+,0,0
"2310",1997,12,UNK,70,104
"2310",1997,13,Total,9257,33157
"2310",1997,13,0,480,695
"2310",1997,13,1,336,433
"2310",1997,13,2,208,319
"2310",1997,13,3,159,234
"2310",1997,13,4,109,201
"2310",1997,13,5 - 9,487,873
"2310",1997,13,10 - 14,426,1103
"2310",1997,13,15 - 19,808,2941
"2310",1997,13,20 - 24,658,4182
"2310",1997,13,25 - 29,537,3572
"2310",1997,13,30 - 34,460,3084
"2310",1997,13,35 - 39,446,2765
"2310",1997,13,40 - 44,370,2181
"2310",1997,13,45 - 49,341,1836
"2310",1997,13,50 - 54,296,1493
"2310",1997,13,55 - 59,304,1305
"2310",1997,13,60 - 64,307,1242
"2310",1997,13,65 - 69,355,1082
"2310",1997,13,70 - 74,389,951
"2310",1997,13,75 - 79,374,809
"2310",1997,13,80 - 84,391,565
"2310",1997,13,85 - 89,947,876
"2310",1997,13,90 - 94,0,0
"2310",1997,13,95+,0,0
"2310",1997,13,UNK,69,415
"2310",1997,14,Total,1372,12170
"2310",1997,14,0,55,53
"2310",1997,14,1,14,28
"2310",1997,14,2,16,25
"2310",1997,14,3,17,10
"2310",1997,14,4,5,11
"2310",1997,14,5 - 9,40,64
"2310",1997,14,10 - 14,54,156
"2310",1997,14,15 - 19,186,1226
"2310",1997,14,20 - 24,174,2085
"2310",1997,14,25 - 29,122,1882
"2310",1997,14,30 - 34,142,1489
"2310",1997,14,35 - 39,125,1293
"2310",1997,14,40 - 44,83,965
"2310",1997,14,45 - 49,59,734
"2310",1997,14,50 - 54,42,542
"2310",1997,14,55 - 59,43,446
"2310",1997,14,60 - 64,38,336
"2310",1997,14,65 - 69,30,245
"2310",1997,14,70 - 74,17,160
"2310",1997,14,75 - 79,28,113
"2310",1997,14,80 - 84,17,54
"2310",1997,14,85 - 89,27,51
"2310",1997,14,90 - 94,0,0
"2310",1997,14,95+,0,0
"2310",1997,14,UNK,38,202
"2310",1997,15,Total,5951,3365
"2310",1997,15,0,142,160
"2310",1997,15,1,40,55
"2310",1997,15,2,33,23
"2310",1997,15,3,16,17
"2310",1997,15,4,19,16
"2310",1997,15,5 - 9,52,61
"2310",1997,15,10 - 14,66,49
"2310",1997,15,15 - 19,254,74
"2310",1997,15,20 - 24,398,71
"2310",1997,15,25 - 29,381,69
"2310",1997,15,30 - 34,382,83
"2310",1997,15,35 - 39,379,105
"2310",1997,15,40 - 44,236,93
"2310",1997,15,45 - 49,159,105
"2310",1997,15,50 - 54,177,114
"2310",1997,15,55 - 59,175,133
"2310",1997,15,60 - 64,231,171
"2310",1997,15,65 - 69,243,212
"2310",1997,15,70 - 74,333,311
"2310",1997,15,75 - 79,392,354
"2310",1997,15,80 - 84,455,334
"2310",1997,15,85 - 89,1366,742
"2310",1997,15,90 - 94,0,0
"2310",1997,15,95+,0,0
"2310",1997,15,UNK,22,13
