"","Year","Cause","Age","Female","Male"
"2070",1990,1,Total,334738,481696
"2070",1990,1,0,41430,54076
"2070",1990,1,1,4495,5049
"2070",1990,1,2,1878,2092
"2070",1990,1,3,1152,1237
"2070",1990,1,4,840,1083
"2070",1990,1,5 - 9,2912,4210
"2070",1990,1,10 - 14,2595,4574
"2070",1990,1,15 - 19,4164,12216
"2070",1990,1,20 - 24,5037,17768
"2070",1990,1,25 - 29,6048,18942
"2070",1990,1,30 - 34,7080,19519
"2070",1990,1,35 - 39,8424,19925
"2070",1990,1,40 - 44,10064,21208
"2070",1990,1,45 - 49,11965,23170
"2070",1990,1,50 - 54,15400,27832
"2070",1990,1,55 - 59,18592,31280
"2070",1990,1,60 - 64,23800,36587
"2070",1990,1,65 - 69,26858,39114
"2070",1990,1,70 - 74,31893,40062
"2070",1990,1,75 - 79,35521,39206
"2070",1990,1,80 - 84,33785,30877
"2070",1990,1,85 - 89,38474,26064
"2070",1990,1,90 - 94,0,0
"2070",1990,1,95+,0,0
"2070",1990,1,UNK,2331,5605
"2070",1990,2,Total,16918,24719
"2070",1990,2,0,6018,8005
"2070",1990,2,1,857,965
"2070",1990,2,2,320,328
"2070",1990,2,3,179,168
"2070",1990,2,4,116,142
"2070",1990,2,5 - 9,315,367
"2070",1990,2,10 - 14,158,268
"2070",1990,2,15 - 19,251,383
"2070",1990,2,20 - 24,351,499
"2070",1990,2,25 - 29,378,663
"2070",1990,2,30 - 34,442,896
"2070",1990,2,35 - 39,417,1058
"2070",1990,2,40 - 44,467,1138
"2070",1990,2,45 - 49,512,1199
"2070",1990,2,50 - 54,661,1252
"2070",1990,2,55 - 59,617,1315
"2070",1990,2,60 - 64,783,1304
"2070",1990,2,65 - 69,822,1245
"2070",1990,2,70 - 74,823,1132
"2070",1990,2,75 - 79,808,932
"2070",1990,2,80 - 84,737,693
"2070",1990,2,85 - 89,749,487
"2070",1990,2,90 - 94,0,0
"2070",1990,2,95+,0,0
"2070",1990,2,UNK,137,280
"2070",1990,3,Total,38076,44979
"2070",1990,3,0,71,81
"2070",1990,3,1,76,58
"2070",1990,3,2,63,85
"2070",1990,3,3,85,93
"2070",1990,3,4,74,91
"2070",1990,3,5 - 9,273,402
"2070",1990,3,10 - 14,242,334
"2070",1990,3,15 - 19,304,396
"2070",1990,3,20 - 24,320,444
"2070",1990,3,25 - 29,586,543
"2070",1990,3,30 - 34,979,692
"2070",1990,3,35 - 39,1460,1023
"2070",1990,3,40 - 44,2030,1571
"2070",1990,3,45 - 49,2573,2460
"2070",1990,3,50 - 54,3396,3914
"2070",1990,3,55 - 59,4008,5117
"2070",1990,3,60 - 64,4558,6128
"2070",1990,3,65 - 69,4438,6306
"2070",1990,3,70 - 74,4222,5637
"2070",1990,3,75 - 79,3696,4732
"2070",1990,3,80 - 84,2588,2927
"2070",1990,3,85 - 89,1896,1781
"2070",1990,3,90 - 94,0,0
"2070",1990,3,95+,0,0
"2070",1990,3,UNK,138,164
"2070",1990,4,Total,106790,122832
"2070",1990,4,0,261,299
"2070",1990,4,1,84,103
"2070",1990,4,2,55,40
"2070",1990,4,3,25,31
"2070",1990,4,4,23,26
"2070",1990,4,5 - 9,127,131
"2070",1990,4,10 - 14,208,226
"2070",1990,4,15 - 19,349,405
"2070",1990,4,20 - 24,545,665
"2070",1990,4,25 - 29,844,1070
"2070",1990,4,30 - 34,1416,1984
"2070",1990,4,35 - 39,2072,3032
"2070",1990,4,40 - 44,3024,4637
"2070",1990,4,45 - 49,3964,6431
"2070",1990,4,50 - 54,5440,9181
"2070",1990,4,55 - 59,6890,11270
"2070",1990,4,60 - 64,9460,14188
"2070",1990,4,65 - 69,11127,15435
"2070",1990,4,70 - 74,13464,16099
"2070",1990,4,75 - 79,15483,15426
"2070",1990,4,80 - 84,14782,11721
"2070",1990,4,85 - 89,16550,9722
"2070",1990,4,90 - 94,0,0
"2070",1990,4,95+,0,0
"2070",1990,4,UNK,597,710
"2070",1990,5,Total,64543,83782
"2070",1990,5,0,8161,10246
"2070",1990,5,1,1486,1612
"2070",1990,5,2,507,510
"2070",1990,5,3,269,258
"2070",1990,5,4,156,158
"2070",1990,5,5 - 9,460,559
"2070",1990,5,10 - 14,329,500
"2070",1990,5,15 - 19,525,803
"2070",1990,5,20 - 24,628,1254
"2070",1990,5,25 - 29,804,1774
"2070",1990,5,30 - 34,970,2188
"2070",1990,5,35 - 39,1252,2693
"2070",1990,5,40 - 44,1490,3066
"2070",1990,5,45 - 49,1834,3592
"2070",1990,5,50 - 54,2258,4174
"2070",1990,5,55 - 59,2712,4571
"2070",1990,5,60 - 64,3440,5514
"2070",1990,5,65 - 69,4165,6499
"2070",1990,5,70 - 74,6036,7660
"2070",1990,5,75 - 79,7488,8902
"2070",1990,5,80 - 84,8282,8206
"2070",1990,5,85 - 89,10678,7895
"2070",1990,5,90 - 94,0,0
"2070",1990,5,95+,0,0
"2070",1990,5,UNK,613,1148
"2070",1990,6,Total,575,3080
"2070",1990,6,0,1,1
"2070",1990,6,1,0,1
"2070",1990,6,2,0,1
"2070",1990,6,3,0,1
"2070",1990,6,4,0,1
"2070",1990,6,5 - 9,3,2
"2070",1990,6,10 - 14,2,5
"2070",1990,6,15 - 19,7,16
"2070",1990,6,20 - 24,14,57
"2070",1990,6,25 - 29,25,192
"2070",1990,6,30 - 34,46,351
"2070",1990,6,35 - 39,64,436
"2070",1990,6,40 - 44,49,441
"2070",1990,6,45 - 49,63,409
"2070",1990,6,50 - 54,49,351
"2070",1990,6,55 - 59,43,289
"2070",1990,6,60 - 64,29,179
"2070",1990,6,65 - 69,27,120
"2070",1990,6,70 - 74,32,82
"2070",1990,6,75 - 79,38,45
"2070",1990,6,80 - 84,33,30
"2070",1990,6,85 - 89,37,30
"2070",1990,6,90 - 94,0,0
"2070",1990,6,95+,0,0
"2070",1990,6,UNK,13,40
"2070",1990,7,Total,3758,5370
"2070",1990,7,0,654,953
"2070",1990,7,1,196,256
"2070",1990,7,2,98,137
"2070",1990,7,3,80,82
"2070",1990,7,4,62,77
"2070",1990,7,5 - 9,214,214
"2070",1990,7,10 - 14,160,257
"2070",1990,7,15 - 19,178,289
"2070",1990,7,20 - 24,172,262
"2070",1990,7,25 - 29,167,254
"2070",1990,7,30 - 34,158,294
"2070",1990,7,35 - 39,155,260
"2070",1990,7,40 - 44,133,254
"2070",1990,7,45 - 49,142,224
"2070",1990,7,50 - 54,129,216
"2070",1990,7,55 - 59,141,215
"2070",1990,7,60 - 64,140,199
"2070",1990,7,65 - 69,165,226
"2070",1990,7,70 - 74,157,217
"2070",1990,7,75 - 79,184,216
"2070",1990,7,80 - 84,132,137
"2070",1990,7,85 - 89,120,93
"2070",1990,7,90 - 94,0,0
"2070",1990,7,95+,0,0
"2070",1990,7,UNK,21,38
"2070",1990,8,Total,16587,17749
"2070",1990,8,0,1436,1928
"2070",1990,8,1,271,297
"2070",1990,8,2,80,86
"2070",1990,8,3,38,40
"2070",1990,8,4,33,30
"2070",1990,8,5 - 9,80,92
"2070",1990,8,10 - 14,68,77
"2070",1990,8,15 - 19,142,169
"2070",1990,8,20 - 24,222,644
"2070",1990,8,25 - 29,327,1038
"2070",1990,8,30 - 34,314,1262
"2070",1990,8,35 - 39,331,1158
"2070",1990,8,40 - 44,393,1010
"2070",1990,8,45 - 49,526,888
"2070",1990,8,50 - 54,758,953
"2070",1990,8,55 - 59,1116,1088
"2070",1990,8,60 - 64,1544,1336
"2070",1990,8,65 - 69,1825,1405
"2070",1990,8,70 - 74,2049,1353
"2070",1990,8,75 - 79,1940,1173
"2070",1990,8,80 - 84,1525,930
"2070",1990,8,85 - 89,1461,669
"2070",1990,8,90 - 94,0,0
"2070",1990,8,95+,0,0
"2070",1990,8,UNK,108,123
"2070",1990,9,Total,10509,21139
"2070",1990,9,0,193,294
"2070",1990,9,1,36,54
"2070",1990,9,2,26,32
"2070",1990,9,3,23,21
"2070",1990,9,4,18,20
"2070",1990,9,5 - 9,66,62
"2070",1990,9,10 - 14,62,91
"2070",1990,9,15 - 19,118,134
"2070",1990,9,20 - 24,154,293
"2070",1990,9,25 - 29,254,671
"2070",1990,9,30 - 34,317,1133
"2070",1990,9,35 - 39,429,1613
"2070",1990,9,40 - 44,520,1963
"2070",1990,9,45 - 49,604,2069
"2070",1990,9,50 - 54,690,2195
"2070",1990,9,55 - 59,781,2065
"2070",1990,9,60 - 64,984,1992
"2070",1990,9,65 - 69,962,1823
"2070",1990,9,70 - 74,1083,1557
"2070",1990,9,75 - 79,1154,1325
"2070",1990,9,80 - 84,990,859
"2070",1990,9,85 - 89,956,627
"2070",1990,9,90 - 94,0,0
"2070",1990,9,95+,0,0
"2070",1990,9,UNK,89,246
"2070",1990,10,Total,4932,6180
"2070",1990,10,0,106,176
"2070",1990,10,1,18,30
"2070",1990,10,2,18,24
"2070",1990,10,3,16,13
"2070",1990,10,4,10,14
"2070",1990,10,5 - 9,63,50
"2070",1990,10,10 - 14,58,54
"2070",1990,10,15 - 19,82,79
"2070",1990,10,20 - 24,107,93
"2070",1990,10,25 - 29,141,146
"2070",1990,10,30 - 34,192,149
"2070",1990,10,35 - 39,219,207
"2070",1990,10,40 - 44,240,267
"2070",1990,10,45 - 49,250,293
"2070",1990,10,50 - 54,283,379
"2070",1990,10,55 - 59,313,445
"2070",1990,10,60 - 64,376,535
"2070",1990,10,65 - 69,415,623
"2070",1990,10,70 - 74,474,665
"2070",1990,10,75 - 79,502,691
"2070",1990,10,80 - 84,457,669
"2070",1990,10,85 - 89,548,536
"2070",1990,10,90 - 94,0,0
"2070",1990,10,95+,0,0
"2070",1990,10,UNK,44,42
"2070",1990,11,Total,20007,26008
"2070",1990,11,0,19153,25165
"2070",1990,11,1,208,192
"2070",1990,11,2,79,88
"2070",1990,11,3,48,44
"2070",1990,11,4,40,27
"2070",1990,11,5 - 9,94,99
"2070",1990,11,10 - 14,57,54
"2070",1990,11,15 - 19,39,58
"2070",1990,11,20 - 24,44,39
"2070",1990,11,25 - 29,32,28
"2070",1990,11,30 - 34,25,41
"2070",1990,11,35 - 39,19,28
"2070",1990,11,40 - 44,22,28
"2070",1990,11,45 - 49,15,10
"2070",1990,11,50 - 54,13,16
"2070",1990,11,55 - 59,19,11
"2070",1990,11,60 - 64,20,14
"2070",1990,11,65 - 69,18,15
"2070",1990,11,70 - 74,13,9
"2070",1990,11,75 - 79,13,15
"2070",1990,11,80 - 84,10,5
"2070",1990,11,85 - 89,7,6
"2070",1990,11,90 - 94,0,0
"2070",1990,11,95+,0,0
"2070",1990,11,UNK,19,16
"2070",1990,12,Total,30029,40774
"2070",1990,12,0,4713,6082
"2070",1990,12,1,903,1027
"2070",1990,12,2,357,339
"2070",1990,12,3,165,168
"2070",1990,12,4,94,131
"2070",1990,12,5 - 9,266,303
"2070",1990,12,10 - 14,232,252
"2070",1990,12,15 - 19,275,378
"2070",1990,12,20 - 24,305,456
"2070",1990,12,25 - 29,414,620
"2070",1990,12,30 - 34,402,765
"2070",1990,12,35 - 39,482,933
"2070",1990,12,40 - 44,496,1031
"2070",1990,12,45 - 49,617,1191
"2070",1990,12,50 - 54,886,1605
"2070",1990,12,55 - 59,1177,2091
"2070",1990,12,60 - 64,1668,2899
"2070",1990,12,65 - 69,2131,3707
"2070",1990,12,70 - 74,2745,4249
"2070",1990,12,75 - 79,3384,4601
"2070",1990,12,80 - 84,3489,3965
"2070",1990,12,85 - 89,4654,3655
"2070",1990,12,90 - 94,0,0
"2070",1990,12,95+,0,0
"2070",1990,12,UNK,174,326
"2070",1990,13,Total,15009,53583
"2070",1990,13,0,450,554
"2070",1990,13,1,293,389
"2070",1990,13,2,242,377
"2070",1990,13,3,203,288
"2070",1990,13,4,190,335
"2070",1990,13,5 - 9,846,1804
"2070",1990,13,10 - 14,842,2104
"2070",1990,13,15 - 19,1244,4967
"2070",1990,13,20 - 24,1256,6839
"2070",1990,13,25 - 29,1166,6527
"2070",1990,13,30 - 34,1045,5698
"2070",1990,13,35 - 39,862,4625
"2070",1990,13,40 - 44,791,3859
"2070",1990,13,45 - 49,631,3101
"2070",1990,13,50 - 54,640,2620
"2070",1990,13,55 - 59,594,2112
"2070",1990,13,60 - 64,590,1785
"2070",1990,13,65 - 69,574,1347
"2070",1990,13,70 - 74,578,1132
"2070",1990,13,75 - 79,605,903
"2070",1990,13,80 - 84,550,587
"2070",1990,13,85 - 89,585,439
"2070",1990,13,90 - 94,0,0
"2070",1990,13,95+,0,0
"2070",1990,13,UNK,232,1191
"2070",1990,14,Total,2585,29367
"2070",1990,14,0,22,36
"2070",1990,14,1,13,9
"2070",1990,14,2,10,15
"2070",1990,14,3,9,8
"2070",1990,14,4,10,13
"2070",1990,14,5 - 9,47,58
"2070",1990,14,10 - 14,91,285
"2070",1990,14,15 - 19,322,4056
"2070",1990,14,20 - 24,423,6151
"2070",1990,14,25 - 29,442,5330
"2070",1990,14,30 - 34,325,3977
"2070",1990,14,35 - 39,256,2781
"2070",1990,14,40 - 44,162,1857
"2070",1990,14,45 - 49,104,1213
"2070",1990,14,50 - 54,77,885
"2070",1990,14,55 - 59,46,581
"2070",1990,14,60 - 64,42,366
"2070",1990,14,65 - 69,24,221
"2070",1990,14,70 - 74,26,124
"2070",1990,14,75 - 79,12,78
"2070",1990,14,80 - 84,10,38
"2070",1990,14,85 - 89,4,18
"2070",1990,14,90 - 94,0,0
"2070",1990,14,95+,0,0
"2070",1990,14,UNK,108,1267
"2070",1990,15,Total,4420,2134
"2070",1990,15,0,191,256
"2070",1990,15,1,54,56
"2070",1990,15,2,23,30
"2070",1990,15,3,12,22
"2070",1990,15,4,14,18
"2070",1990,15,5 - 9,58,67
"2070",1990,15,10 - 14,86,67
"2070",1990,15,15 - 19,328,83
"2070",1990,15,20 - 24,496,72
"2070",1990,15,25 - 29,468,86
"2070",1990,15,30 - 34,449,89
"2070",1990,15,35 - 39,406,78
"2070",1990,15,40 - 44,247,86
"2070",1990,15,45 - 49,130,90
"2070",1990,15,50 - 54,120,91
"2070",1990,15,55 - 59,135,110
"2070",1990,15,60 - 64,166,148
"2070",1990,15,65 - 69,165,142
"2070",1990,15,70 - 74,191,146
"2070",1990,15,75 - 79,214,167
"2070",1990,15,80 - 84,200,110
"2070",1990,15,85 - 89,229,106
"2070",1990,15,90 - 94,0,0
"2070",1990,15,95+,0,0
"2070",1990,15,UNK,38,14
"2070",1991,1,Total,327387,474905
"2070",1991,1,0,37543,48832
"2070",1991,1,1,3748,4275
"2070",1991,1,2,1560,1838
"2070",1991,1,3,955,1186
"2070",1991,1,4,723,960
"2070",1991,1,5 - 9,2740,3883
"2070",1991,1,10 - 14,2636,4339
"2070",1991,1,15 - 19,4131,11934
"2070",1991,1,20 - 24,5036,17632
"2070",1991,1,25 - 29,5999,19141
"2070",1991,1,30 - 34,6996,20000
"2070",1991,1,35 - 39,8654,20816
"2070",1991,1,40 - 44,10462,21813
"2070",1991,1,45 - 49,11968,22860
"2070",1991,1,50 - 54,15405,27188
"2070",1991,1,55 - 59,18159,31092
"2070",1991,1,60 - 64,23755,36655
"2070",1991,1,65 - 69,27197,39375
"2070",1991,1,70 - 74,30789,39451
"2070",1991,1,75 - 79,35139,38575
"2070",1991,1,80 - 84,32431,30421
"2070",1991,1,85 - 89,38552,26111
"2070",1991,1,90 - 94,0,0
"2070",1991,1,95+,0,0
"2070",1991,1,UNK,2809,6528
"2070",1991,2,Total,15496,22609
"2070",1991,2,0,4877,6298
"2070",1991,2,1,661,803
"2070",1991,2,2,218,262
"2070",1991,2,3,134,163
"2070",1991,2,4,100,121
"2070",1991,2,5 - 9,251,301
"2070",1991,2,10 - 14,173,250
"2070",1991,2,15 - 19,247,328
"2070",1991,2,20 - 24,330,454
"2070",1991,2,25 - 29,367,624
"2070",1991,2,30 - 34,407,864
"2070",1991,2,35 - 39,468,1017
"2070",1991,2,40 - 44,497,1161
"2070",1991,2,45 - 49,519,1186
"2070",1991,2,50 - 54,641,1327
"2070",1991,2,55 - 59,700,1359
"2070",1991,2,60 - 64,791,1293
"2070",1991,2,65 - 69,744,1205
"2070",1991,2,70 - 74,817,1082
"2070",1991,2,75 - 79,887,987
"2070",1991,2,80 - 84,700,691
"2070",1991,2,85 - 89,820,559
"2070",1991,2,90 - 94,0,0
"2070",1991,2,95+,0,0
"2070",1991,2,UNK,147,274
"2070",1991,3,Total,39446,46434
"2070",1991,3,0,78,71
"2070",1991,3,1,62,81
"2070",1991,3,2,74,88
"2070",1991,3,3,84,95
"2070",1991,3,4,68,101
"2070",1991,3,5 - 9,300,382
"2070",1991,3,10 - 14,255,333
"2070",1991,3,15 - 19,299,413
"2070",1991,3,20 - 24,338,462
"2070",1991,3,25 - 29,580,500
"2070",1991,3,30 - 34,930,743
"2070",1991,3,35 - 39,1551,1046
"2070",1991,3,40 - 44,2163,1600
"2070",1991,3,45 - 49,2665,2496
"2070",1991,3,50 - 54,3446,3852
"2070",1991,3,55 - 59,4021,4944
"2070",1991,3,60 - 64,4765,6473
"2070",1991,3,65 - 69,4588,6747
"2070",1991,3,70 - 74,4306,5921
"2070",1991,3,75 - 79,3948,4941
"2070",1991,3,80 - 84,2710,3010
"2070",1991,3,85 - 89,2071,1940
"2070",1991,3,90 - 94,0,0
"2070",1991,3,95+,0,0
"2070",1991,3,UNK,144,195
"2070",1991,4,Total,103641,119913
"2070",1991,4,0,238,288
"2070",1991,4,1,67,97
"2070",1991,4,2,32,44
"2070",1991,4,3,26,24
"2070",1991,4,4,30,17
"2070",1991,4,5 - 9,127,137
"2070",1991,4,10 - 14,199,199
"2070",1991,4,15 - 19,332,417
"2070",1991,4,20 - 24,515,702
"2070",1991,4,25 - 29,834,1069
"2070",1991,4,30 - 34,1341,1889
"2070",1991,4,35 - 39,2073,3095
"2070",1991,4,40 - 44,2938,4596
"2070",1991,4,45 - 49,3866,6186
"2070",1991,4,50 - 54,5265,8632
"2070",1991,4,55 - 59,6509,11045
"2070",1991,4,60 - 64,9147,13880
"2070",1991,4,65 - 69,11186,15457
"2070",1991,4,70 - 74,12882,15446
"2070",1991,4,75 - 79,15123,14979
"2070",1991,4,80 - 84,13996,11535
"2070",1991,4,85 - 89,16291,9348
"2070",1991,4,90 - 94,0,0
"2070",1991,4,95+,0,0
"2070",1991,4,UNK,624,831
"2070",1991,5,Total,63625,82143
"2070",1991,5,0,7213,9281
"2070",1991,5,1,1273,1365
"2070",1991,5,2,448,419
"2070",1991,5,3,221,231
"2070",1991,5,4,132,173
"2070",1991,5,5 - 9,440,568
"2070",1991,5,10 - 14,393,493
"2070",1991,5,15 - 19,538,815
"2070",1991,5,20 - 24,652,1195
"2070",1991,5,25 - 29,819,1732
"2070",1991,5,30 - 34,972,2185
"2070",1991,5,35 - 39,1244,2647
"2070",1991,5,40 - 44,1622,3023
"2070",1991,5,45 - 49,1869,3383
"2070",1991,5,50 - 54,2317,4063
"2070",1991,5,55 - 59,2652,4684
"2070",1991,5,60 - 64,3541,5470
"2070",1991,5,65 - 69,4404,6406
"2070",1991,5,70 - 74,5784,7734
"2070",1991,5,75 - 79,7382,8707
"2070",1991,5,80 - 84,7907,7982
"2070",1991,5,85 - 89,10813,8034
"2070",1991,5,90 - 94,0,0
"2070",1991,5,95+,0,0
"2070",1991,5,UNK,989,1553
"2070",1991,6,Total,634,3290
"2070",1991,6,0,1,0
"2070",1991,6,1,0,0
"2070",1991,6,2,2,0
"2070",1991,6,3,0,0
"2070",1991,6,4,1,0
"2070",1991,6,5 - 9,0,5
"2070",1991,6,10 - 14,2,3
"2070",1991,6,15 - 19,7,12
"2070",1991,6,20 - 24,17,72
"2070",1991,6,25 - 29,33,198
"2070",1991,6,30 - 34,47,412
"2070",1991,6,35 - 39,84,486
"2070",1991,6,40 - 44,78,490
"2070",1991,6,45 - 49,61,398
"2070",1991,6,50 - 54,54,365
"2070",1991,6,55 - 59,42,253
"2070",1991,6,60 - 64,35,212
"2070",1991,6,65 - 69,34,131
"2070",1991,6,70 - 74,25,83
"2070",1991,6,75 - 79,31,52
"2070",1991,6,80 - 84,30,29
"2070",1991,6,85 - 89,44,26
"2070",1991,6,90 - 94,0,0
"2070",1991,6,95+,0,0
"2070",1991,6,UNK,6,63
"2070",1991,7,Total,3606,5170
"2070",1991,7,0,632,872
"2070",1991,7,1,197,200
"2070",1991,7,2,86,113
"2070",1991,7,3,54,85
"2070",1991,7,4,51,68
"2070",1991,7,5 - 9,170,221
"2070",1991,7,10 - 14,186,231
"2070",1991,7,15 - 19,173,270
"2070",1991,7,20 - 24,163,240
"2070",1991,7,25 - 29,161,252
"2070",1991,7,30 - 34,158,291
"2070",1991,7,35 - 39,145,309
"2070",1991,7,40 - 44,127,282
"2070",1991,7,45 - 49,130,227
"2070",1991,7,50 - 54,117,244
"2070",1991,7,55 - 59,150,211
"2070",1991,7,60 - 64,152,229
"2070",1991,7,65 - 69,140,204
"2070",1991,7,70 - 74,175,184
"2070",1991,7,75 - 79,179,192
"2070",1991,7,80 - 84,123,123
"2070",1991,7,85 - 89,115,78
"2070",1991,7,90 - 94,0,0
"2070",1991,7,95+,0,0
"2070",1991,7,UNK,22,44
"2070",1991,8,Total,16753,18738
"2070",1991,8,0,1142,1373
"2070",1991,8,1,213,236
"2070",1991,8,2,68,77
"2070",1991,8,3,40,29
"2070",1991,8,4,20,22
"2070",1991,8,5 - 9,81,96
"2070",1991,8,10 - 14,70,78
"2070",1991,8,15 - 19,116,189
"2070",1991,8,20 - 24,296,741
"2070",1991,8,25 - 29,407,1433
"2070",1991,8,30 - 34,370,1641
"2070",1991,8,35 - 39,438,1397
"2070",1991,8,40 - 44,448,1139
"2070",1991,8,45 - 49,596,974
"2070",1991,8,50 - 54,793,954
"2070",1991,8,55 - 59,1118,1161
"2070",1991,8,60 - 64,1550,1324
"2070",1991,8,65 - 69,1891,1505
"2070",1991,8,70 - 74,2012,1340
"2070",1991,8,75 - 79,1954,1235
"2070",1991,8,80 - 84,1558,907
"2070",1991,8,85 - 89,1462,744
"2070",1991,8,90 - 94,0,0
"2070",1991,8,95+,0,0
"2070",1991,8,UNK,110,143
"2070",1991,9,Total,10965,21718
"2070",1991,9,0,171,265
"2070",1991,9,1,28,46
"2070",1991,9,2,30,36
"2070",1991,9,3,17,21
"2070",1991,9,4,13,17
"2070",1991,9,5 - 9,55,57
"2070",1991,9,10 - 14,58,73
"2070",1991,9,15 - 19,108,132
"2070",1991,9,20 - 24,157,280
"2070",1991,9,25 - 29,217,600
"2070",1991,9,30 - 34,376,1184
"2070",1991,9,35 - 39,447,1754
"2070",1991,9,40 - 44,562,2060
"2070",1991,9,45 - 49,588,2082
"2070",1991,9,50 - 54,739,2192
"2070",1991,9,55 - 59,825,2144
"2070",1991,9,60 - 64,1008,2072
"2070",1991,9,65 - 69,1067,1894
"2070",1991,9,70 - 74,1097,1563
"2070",1991,9,75 - 79,1212,1298
"2070",1991,9,80 - 84,1051,981
"2070",1991,9,85 - 89,1042,685
"2070",1991,9,90 - 94,0,0
"2070",1991,9,95+,0,0
"2070",1991,9,UNK,97,282
"2070",1991,10,Total,4706,5891
"2070",1991,10,0,82,131
"2070",1991,10,1,17,23
"2070",1991,10,2,11,14
"2070",1991,10,3,14,10
"2070",1991,10,4,13,15
"2070",1991,10,5 - 9,47,40
"2070",1991,10,10 - 14,51,42
"2070",1991,10,15 - 19,81,73
"2070",1991,10,20 - 24,99,81
"2070",1991,10,25 - 29,127,128
"2070",1991,10,30 - 34,153,169
"2070",1991,10,35 - 39,168,220
"2070",1991,10,40 - 44,212,246
"2070",1991,10,45 - 49,227,254
"2070",1991,10,50 - 54,285,344
"2070",1991,10,55 - 59,309,409
"2070",1991,10,60 - 64,377,507
"2070",1991,10,65 - 69,414,610
"2070",1991,10,70 - 74,438,628
"2070",1991,10,75 - 79,527,732
"2070",1991,10,80 - 84,476,632
"2070",1991,10,85 - 89,543,543
"2070",1991,10,90 - 94,0,0
"2070",1991,10,95+,0,0
"2070",1991,10,UNK,35,40
"2070",1991,11,Total,19718,25615
"2070",1991,11,0,18894,24781
"2070",1991,11,1,179,170
"2070",1991,11,2,75,86
"2070",1991,11,3,35,43
"2070",1991,11,4,35,27
"2070",1991,11,5 - 9,92,80
"2070",1991,11,10 - 14,67,48
"2070",1991,11,15 - 19,45,61
"2070",1991,11,20 - 24,32,40
"2070",1991,11,25 - 29,34,32
"2070",1991,11,30 - 34,17,37
"2070",1991,11,35 - 39,19,20
"2070",1991,11,40 - 44,18,20
"2070",1991,11,45 - 49,16,17
"2070",1991,11,50 - 54,18,18
"2070",1991,11,55 - 59,26,23
"2070",1991,11,60 - 64,18,9
"2070",1991,11,65 - 69,20,11
"2070",1991,11,70 - 74,10,10
"2070",1991,11,75 - 79,12,13
"2070",1991,11,80 - 84,6,5
"2070",1991,11,85 - 89,7,8
"2070",1991,11,90 - 94,0,0
"2070",1991,11,95+,0,0
"2070",1991,11,UNK,43,56
"2070",1991,12,Total,26773,37144
"2070",1991,12,0,3585,4616
"2070",1991,12,1,713,788
"2070",1991,12,2,279,316
"2070",1991,12,3,120,152
"2070",1991,12,4,84,91
"2070",1991,12,5 - 9,231,248
"2070",1991,12,10 - 14,186,247
"2070",1991,12,15 - 19,260,371
"2070",1991,12,20 - 24,292,403
"2070",1991,12,25 - 29,352,613
"2070",1991,12,30 - 34,449,783
"2070",1991,12,35 - 39,468,910
"2070",1991,12,40 - 44,531,1070
"2070",1991,12,45 - 49,537,1160
"2070",1991,12,50 - 54,859,1531
"2070",1991,12,55 - 59,1024,1998
"2070",1991,12,60 - 64,1532,2768
"2070",1991,12,65 - 69,1955,3440
"2070",1991,12,70 - 74,2471,3965
"2070",1991,12,75 - 79,3082,4257
"2070",1991,12,80 - 84,3145,3695
"2070",1991,12,85 - 89,4418,3381
"2070",1991,12,90 - 94,0,0
"2070",1991,12,95+,0,0
"2070",1991,12,UNK,200,341
"2070",1991,13,Total,15067,56062
"2070",1991,13,0,474,615
"2070",1991,13,1,278,399
"2070",1991,13,2,215,347
"2070",1991,13,3,193,303
"2070",1991,13,4,153,286
"2070",1991,13,5 - 9,860,1643
"2070",1991,13,10 - 14,812,2002
"2070",1991,13,15 - 19,1271,5063
"2070",1991,13,20 - 24,1277,7264
"2070",1991,13,25 - 29,1155,6799
"2070",1991,13,30 - 34,988,5952
"2070",1991,13,35 - 39,913,5091
"2070",1991,13,40 - 44,831,4152
"2070",1991,13,45 - 49,646,3159
"2070",1991,13,50 - 54,653,2693
"2070",1991,13,55 - 59,586,2164
"2070",1991,13,60 - 64,634,1891
"2070",1991,13,65 - 69,553,1404
"2070",1991,13,70 - 74,583,1140
"2070",1991,13,75 - 79,571,918
"2070",1991,13,80 - 84,507,669
"2070",1991,13,85 - 89,664,562
"2070",1991,13,90 - 94,0,0
"2070",1991,13,95+,0,0
"2070",1991,13,UNK,250,1546
"2070",1991,14,Total,2727,27968
"2070",1991,14,0,28,35
"2070",1991,14,1,13,16
"2070",1991,14,2,6,13
"2070",1991,14,3,6,8
"2070",1991,14,4,8,11
"2070",1991,14,5 - 9,39,52
"2070",1991,14,10 - 14,101,267
"2070",1991,14,15 - 19,353,3711
"2070",1991,14,20 - 24,413,5610
"2070",1991,14,25 - 29,435,5092
"2070",1991,14,30 - 34,330,3763
"2070",1991,14,35 - 39,260,2747
"2070",1991,14,40 - 44,192,1882
"2070",1991,14,45 - 49,130,1233
"2070",1991,14,50 - 54,81,883
"2070",1991,14,55 - 59,63,581
"2070",1991,14,60 - 64,49,379
"2070",1991,14,65 - 69,36,218
"2070",1991,14,70 - 74,23,132
"2070",1991,14,75 - 79,16,87
"2070",1991,14,80 - 84,11,27
"2070",1991,14,85 - 89,18,80
"2070",1991,14,90 - 94,0,0
"2070",1991,14,95+,0,0
"2070",1991,14,UNK,116,1141
"2070",1991,15,Total,4230,2210
"2070",1991,15,0,128,206
"2070",1991,15,1,47,51
"2070",1991,15,2,16,23
"2070",1991,15,3,11,22
"2070",1991,15,4,15,11
"2070",1991,15,5 - 9,47,53
"2070",1991,15,10 - 14,83,73
"2070",1991,15,15 - 19,301,79
"2070",1991,15,20 - 24,455,88
"2070",1991,15,25 - 29,478,69
"2070",1991,15,30 - 34,458,87
"2070",1991,15,35 - 39,376,77
"2070",1991,15,40 - 44,243,92
"2070",1991,15,45 - 49,118,105
"2070",1991,15,50 - 54,137,90
"2070",1991,15,55 - 59,134,116
"2070",1991,15,60 - 64,156,148
"2070",1991,15,65 - 69,165,143
"2070",1991,15,70 - 74,166,223
"2070",1991,15,75 - 79,215,177
"2070",1991,15,80 - 84,211,135
"2070",1991,15,85 - 89,244,123
"2070",1991,15,90 - 94,0,0
"2070",1991,15,95+,0,0
"2070",1991,15,UNK,26,19
"2070",1992,1,Total,337469,487771
"2070",1992,1,0,37117,48701
"2070",1992,1,1,3736,4175
"2070",1992,1,2,1502,1703
"2070",1992,1,3,920,1126
"2070",1992,1,4,746,925
"2070",1992,1,5 - 9,2480,3839
"2070",1992,1,10 - 14,2488,4348
"2070",1992,1,15 - 19,3970,11481
"2070",1992,1,20 - 24,4983,16970
"2070",1992,1,25 - 29,5977,18965
"2070",1992,1,30 - 34,7271,19681
"2070",1992,1,35 - 39,8792,21032
"2070",1992,1,40 - 44,10773,22581
"2070",1992,1,45 - 49,12691,23798
"2070",1992,1,50 - 54,15666,28094
"2070",1992,1,55 - 59,19177,32145
"2070",1992,1,60 - 64,24353,38061
"2070",1992,1,65 - 69,28648,41842
"2070",1992,1,70 - 74,32191,41238
"2070",1992,1,75 - 79,36156,39860
"2070",1992,1,80 - 84,33572,31542
"2070",1992,1,85 - 89,41074,28081
"2070",1992,1,90 - 94,0,0
"2070",1992,1,95+,0,0
"2070",1992,1,UNK,3186,7583
"2070",1992,2,Total,15986,23487
"2070",1992,2,0,4955,6677
"2070",1992,2,1,639,737
"2070",1992,2,2,240,248
"2070",1992,2,3,121,136
"2070",1992,2,4,95,101
"2070",1992,2,5 - 9,242,312
"2070",1992,2,10 - 14,148,235
"2070",1992,2,15 - 19,224,310
"2070",1992,2,20 - 24,310,449
"2070",1992,2,25 - 29,415,623
"2070",1992,2,30 - 34,435,901
"2070",1992,2,35 - 39,447,995
"2070",1992,2,40 - 44,479,1153
"2070",1992,2,45 - 49,557,1188
"2070",1992,2,50 - 54,610,1429
"2070",1992,2,55 - 59,750,1378
"2070",1992,2,60 - 64,861,1391
"2070",1992,2,65 - 69,891,1339
"2070",1992,2,70 - 74,865,1138
"2070",1992,2,75 - 79,909,1045
"2070",1992,2,80 - 84,752,783
"2070",1992,2,85 - 89,839,580
"2070",1992,2,90 - 94,0,0
"2070",1992,2,95+,0,0
"2070",1992,2,UNK,202,339
"2070",1992,3,Total,41360,48945
"2070",1992,3,0,74,89
"2070",1992,3,1,66,65
"2070",1992,3,2,74,82
"2070",1992,3,3,79,97
"2070",1992,3,4,82,77
"2070",1992,3,5 - 9,254,371
"2070",1992,3,10 - 14,273,338
"2070",1992,3,15 - 19,273,413
"2070",1992,3,20 - 24,350,436
"2070",1992,3,25 - 29,584,568
"2070",1992,3,30 - 34,994,723
"2070",1992,3,35 - 39,1599,1100
"2070",1992,3,40 - 44,2213,1765
"2070",1992,3,45 - 49,2858,2705
"2070",1992,3,50 - 54,3611,3952
"2070",1992,3,55 - 59,4094,5268
"2070",1992,3,60 - 64,4855,6745
"2070",1992,3,65 - 69,4983,7147
"2070",1992,3,70 - 74,4672,6312
"2070",1992,3,75 - 79,4091,5193
"2070",1992,3,80 - 84,2890,3266
"2070",1992,3,85 - 89,2178,1981
"2070",1992,3,90 - 94,0,0
"2070",1992,3,95+,0,0
"2070",1992,3,UNK,213,252
"2070",1992,4,Total,107036,124294
"2070",1992,4,0,240,267
"2070",1992,4,1,74,83
"2070",1992,4,2,27,35
"2070",1992,4,3,34,20
"2070",1992,4,4,28,30
"2070",1992,4,5 - 9,89,124
"2070",1992,4,10 - 14,183,206
"2070",1992,4,15 - 19,352,424
"2070",1992,4,20 - 24,550,629
"2070",1992,4,25 - 29,780,1118
"2070",1992,4,30 - 34,1337,1934
"2070",1992,4,35 - 39,2046,3190
"2070",1992,4,40 - 44,3135,4740
"2070",1992,4,45 - 49,3937,6522
"2070",1992,4,50 - 54,5334,8813
"2070",1992,4,55 - 59,6989,11372
"2070",1992,4,60 - 64,9331,14328
"2070",1992,4,65 - 69,11510,16174
"2070",1992,4,70 - 74,13402,15976
"2070",1992,4,75 - 79,15380,15379
"2070",1992,4,80 - 84,14446,11912
"2070",1992,4,85 - 89,17077,10082
"2070",1992,4,90 - 94,0,0
"2070",1992,4,95+,0,0
"2070",1992,4,UNK,755,936
"2070",1992,5,Total,64162,82951
"2070",1992,5,0,6886,8826
"2070",1992,5,1,1170,1258
"2070",1992,5,2,352,361
"2070",1992,5,3,166,186
"2070",1992,5,4,131,138
"2070",1992,5,5 - 9,379,487
"2070",1992,5,10 - 14,346,448
"2070",1992,5,15 - 19,499,815
"2070",1992,5,20 - 24,620,1154
"2070",1992,5,25 - 29,799,1690
"2070",1992,5,30 - 34,987,2107
"2070",1992,5,35 - 39,1283,2640
"2070",1992,5,40 - 44,1669,3273
"2070",1992,5,45 - 49,1999,3545
"2070",1992,5,50 - 54,2494,4205
"2070",1992,5,55 - 59,2793,4793
"2070",1992,5,60 - 64,3527,5754
"2070",1992,5,65 - 69,4544,6897
"2070",1992,5,70 - 74,5820,7659
"2070",1992,5,75 - 79,7319,8632
"2070",1992,5,80 - 84,7788,7960
"2070",1992,5,85 - 89,11588,8550
"2070",1992,5,90 - 94,0,0
"2070",1992,5,95+,0,0
"2070",1992,5,UNK,1003,1573
"2070",1992,6,Total,638,3367
"2070",1992,6,0,0,0
"2070",1992,6,1,1,1
"2070",1992,6,2,0,1
"2070",1992,6,3,0,0
"2070",1992,6,4,0,0
"2070",1992,6,5 - 9,1,0
"2070",1992,6,10 - 14,2,4
"2070",1992,6,15 - 19,4,15
"2070",1992,6,20 - 24,19,61
"2070",1992,6,25 - 29,30,192
"2070",1992,6,30 - 34,54,379
"2070",1992,6,35 - 39,63,457
"2070",1992,6,40 - 44,89,504
"2070",1992,6,45 - 49,54,394
"2070",1992,6,50 - 54,48,405
"2070",1992,6,55 - 59,46,311
"2070",1992,6,60 - 64,41,223
"2070",1992,6,65 - 69,24,161
"2070",1992,6,70 - 74,36,87
"2070",1992,6,75 - 79,37,52
"2070",1992,6,80 - 84,34,41
"2070",1992,6,85 - 89,43,30
"2070",1992,6,90 - 94,0,0
"2070",1992,6,95+,0,0
"2070",1992,6,UNK,12,49
"2070",1992,7,Total,3821,5258
"2070",1992,7,0,619,831
"2070",1992,7,1,175,225
"2070",1992,7,2,94,119
"2070",1992,7,3,58,90
"2070",1992,7,4,54,61
"2070",1992,7,5 - 9,170,212
"2070",1992,7,10 - 14,174,227
"2070",1992,7,15 - 19,175,286
"2070",1992,7,20 - 24,158,231
"2070",1992,7,25 - 29,177,294
"2070",1992,7,30 - 34,175,297
"2070",1992,7,35 - 39,174,286
"2070",1992,7,40 - 44,153,275
"2070",1992,7,45 - 49,152,225
"2070",1992,7,50 - 54,130,240
"2070",1992,7,55 - 59,142,208
"2070",1992,7,60 - 64,133,212
"2070",1992,7,65 - 69,185,224
"2070",1992,7,70 - 74,203,219
"2070",1992,7,75 - 79,202,199
"2070",1992,7,80 - 84,164,135
"2070",1992,7,85 - 89,124,97
"2070",1992,7,90 - 94,0,0
"2070",1992,7,95+,0,0
"2070",1992,7,UNK,30,65
"2070",1992,8,Total,18314,21109
"2070",1992,8,0,1313,1646
"2070",1992,8,1,241,288
"2070",1992,8,2,80,76
"2070",1992,8,3,32,27
"2070",1992,8,4,16,25
"2070",1992,8,5 - 9,52,76
"2070",1992,8,10 - 14,69,67
"2070",1992,8,15 - 19,130,222
"2070",1992,8,20 - 24,327,821
"2070",1992,8,25 - 29,488,1688
"2070",1992,8,30 - 34,509,1908
"2070",1992,8,35 - 39,466,1685
"2070",1992,8,40 - 44,478,1345
"2070",1992,8,45 - 49,599,1071
"2070",1992,8,50 - 54,787,1103
"2070",1992,8,55 - 59,1225,1226
"2070",1992,8,60 - 64,1712,1386
"2070",1992,8,65 - 69,2071,1550
"2070",1992,8,70 - 74,2142,1551
"2070",1992,8,75 - 79,2109,1393
"2070",1992,8,80 - 84,1664,978
"2070",1992,8,85 - 89,1677,808
"2070",1992,8,90 - 94,0,0
"2070",1992,8,95+,0,0
"2070",1992,8,UNK,127,169
"2070",1992,9,Total,11418,22653
"2070",1992,9,0,181,343
"2070",1992,9,1,40,54
"2070",1992,9,2,21,16
"2070",1992,9,3,16,22
"2070",1992,9,4,13,15
"2070",1992,9,5 - 9,56,62
"2070",1992,9,10 - 14,64,72
"2070",1992,9,15 - 19,109,131
"2070",1992,9,20 - 24,144,270
"2070",1992,9,25 - 29,229,608
"2070",1992,9,30 - 34,366,1177
"2070",1992,9,35 - 39,473,1734
"2070",1992,9,40 - 44,526,2110
"2070",1992,9,45 - 49,636,2255
"2070",1992,9,50 - 54,754,2292
"2070",1992,9,55 - 59,831,2162
"2070",1992,9,60 - 64,1031,2160
"2070",1992,9,65 - 69,1095,2020
"2070",1992,9,70 - 74,1173,1709
"2070",1992,9,75 - 79,1283,1349
"2070",1992,9,80 - 84,1119,990
"2070",1992,9,85 - 89,1132,804
"2070",1992,9,90 - 94,0,0
"2070",1992,9,95+,0,0
"2070",1992,9,UNK,126,298
"2070",1992,10,Total,5036,6358
"2070",1992,10,0,92,153
"2070",1992,10,1,25,30
"2070",1992,10,2,14,14
"2070",1992,10,3,14,13
"2070",1992,10,4,16,12
"2070",1992,10,5 - 9,44,50
"2070",1992,10,10 - 14,39,45
"2070",1992,10,15 - 19,62,75
"2070",1992,10,20 - 24,103,83
"2070",1992,10,25 - 29,137,132
"2070",1992,10,30 - 34,174,163
"2070",1992,10,35 - 39,203,210
"2070",1992,10,40 - 44,236,267
"2070",1992,10,45 - 49,246,276
"2070",1992,10,50 - 54,239,398
"2070",1992,10,55 - 59,320,421
"2070",1992,10,60 - 64,418,539
"2070",1992,10,65 - 69,485,691
"2070",1992,10,70 - 74,451,738
"2070",1992,10,75 - 79,566,734
"2070",1992,10,80 - 84,519,619
"2070",1992,10,85 - 89,604,627
"2070",1992,10,90 - 94,0,0
"2070",1992,10,95+,0,0
"2070",1992,10,UNK,29,68
"2070",1992,11,Total,18988,24833
"2070",1992,11,0,18128,23911
"2070",1992,11,1,188,193
"2070",1992,11,2,79,89
"2070",1992,11,3,49,48
"2070",1992,11,4,34,38
"2070",1992,11,5 - 9,103,92
"2070",1992,11,10 - 14,64,61
"2070",1992,11,15 - 19,51,53
"2070",1992,11,20 - 24,33,42
"2070",1992,11,25 - 29,29,28
"2070",1992,11,30 - 34,25,34
"2070",1992,11,35 - 39,28,24
"2070",1992,11,40 - 44,19,16
"2070",1992,11,45 - 49,16,26
"2070",1992,11,50 - 54,21,20
"2070",1992,11,55 - 59,22,19
"2070",1992,11,60 - 64,16,14
"2070",1992,11,65 - 69,17,21
"2070",1992,11,70 - 74,21,16
"2070",1992,11,75 - 79,6,11
"2070",1992,11,80 - 84,10,12
"2070",1992,11,85 - 89,7,17
"2070",1992,11,90 - 94,0,0
"2070",1992,11,95+,0,0
"2070",1992,11,UNK,22,48
"2070",1992,12,Total,29231,40515
"2070",1992,12,0,3919,5061
"2070",1992,12,1,788,826
"2070",1992,12,2,296,299
"2070",1992,12,3,133,152
"2070",1992,12,4,92,109
"2070",1992,12,5 - 9,244,241
"2070",1992,12,10 - 14,197,263
"2070",1992,12,15 - 19,304,387
"2070",1992,12,20 - 24,345,484
"2070",1992,12,25 - 29,347,679
"2070",1992,12,30 - 34,438,859
"2070",1992,12,35 - 39,526,1013
"2070",1992,12,40 - 44,620,1076
"2070",1992,12,45 - 49,659,1166
"2070",1992,12,50 - 54,833,1610
"2070",1992,12,55 - 59,1144,2164
"2070",1992,12,60 - 64,1662,2984
"2070",1992,12,65 - 69,2104,3750
"2070",1992,12,70 - 74,2693,4434
"2070",1992,12,75 - 79,3400,4713
"2070",1992,12,80 - 84,3399,4036
"2070",1992,12,85 - 89,4849,3850
"2070",1992,12,90 - 94,0,0
"2070",1992,12,95+,0,0
"2070",1992,12,UNK,239,359
"2070",1992,13,Total,14690,55763
"2070",1992,13,0,518,632
"2070",1992,13,1,266,359
"2070",1992,13,2,200,338
"2070",1992,13,3,199,301
"2070",1992,13,4,160,301
"2070",1992,13,5 - 9,753,1698
"2070",1992,13,10 - 14,760,2044
"2070",1992,13,15 - 19,1195,4975
"2070",1992,13,20 - 24,1167,7004
"2070",1992,13,25 - 29,1121,6738
"2070",1992,13,30 - 34,1049,5743
"2070",1992,13,35 - 39,854,5028
"2070",1992,13,40 - 44,780,4140
"2070",1992,13,45 - 49,716,3146
"2070",1992,13,50 - 54,595,2699
"2070",1992,13,55 - 59,625,2124
"2070",1992,13,60 - 64,571,1807
"2070",1992,13,65 - 69,550,1449
"2070",1992,13,70 - 74,510,1126
"2070",1992,13,75 - 79,585,928
"2070",1992,13,80 - 84,542,639
"2070",1992,13,85 - 89,681,502
"2070",1992,13,90 - 94,0,0
"2070",1992,13,95+,0,0
"2070",1992,13,UNK,293,2042
"2070",1992,14,Total,2395,25921
"2070",1992,14,0,33,30
"2070",1992,14,1,14,9
"2070",1992,14,2,9,9
"2070",1992,14,3,6,15
"2070",1992,14,4,10,11
"2070",1992,14,5 - 9,36,60
"2070",1992,14,10 - 14,83,253
"2070",1992,14,15 - 19,280,3289
"2070",1992,14,20 - 24,367,5221
"2070",1992,14,25 - 29,362,4529
"2070",1992,14,30 - 34,314,3360
"2070",1992,14,35 - 39,257,2581
"2070",1992,14,40 - 44,148,1813
"2070",1992,14,45 - 49,120,1178
"2070",1992,14,50 - 54,79,808
"2070",1992,14,55 - 59,51,562
"2070",1992,14,60 - 64,26,372
"2070",1992,14,65 - 69,31,222
"2070",1992,14,70 - 74,22,121
"2070",1992,14,75 - 79,24,67
"2070",1992,14,80 - 84,19,24
"2070",1992,14,85 - 89,12,21
"2070",1992,14,90 - 94,0,0
"2070",1992,14,95+,0,0
"2070",1992,14,UNK,92,1366
"2070",1992,15,Total,4394,2317
"2070",1992,15,0,159,235
"2070",1992,15,1,49,47
"2070",1992,15,2,16,16
"2070",1992,15,3,13,19
"2070",1992,15,4,15,7
"2070",1992,15,5 - 9,57,54
"2070",1992,15,10 - 14,86,85
"2070",1992,15,15 - 19,312,86
"2070",1992,15,20 - 24,490,85
"2070",1992,15,25 - 29,479,78
"2070",1992,15,30 - 34,414,96
"2070",1992,15,35 - 39,373,89
"2070",1992,15,40 - 44,228,104
"2070",1992,15,45 - 49,142,101
"2070",1992,15,50 - 54,131,120
"2070",1992,15,55 - 59,145,137
"2070",1992,15,60 - 64,169,146
"2070",1992,15,65 - 69,158,197
"2070",1992,15,70 - 74,181,152
"2070",1992,15,75 - 79,245,165
"2070",1992,15,80 - 84,226,147
"2070",1992,15,85 - 89,263,132
"2070",1992,15,90 - 94,0,0
"2070",1992,15,95+,0,0
"2070",1992,15,UNK,43,19
"2070",1993,1,Total,359921,516224
"2070",1993,1,0,38484,50623
"2070",1993,1,1,3862,4691
"2070",1993,1,2,1506,1759
"2070",1993,1,3,928,1146
"2070",1993,1,4,758,976
"2070",1993,1,5 - 9,2654,3794
"2070",1993,1,10 - 14,2770,4468
"2070",1993,1,15 - 19,4283,12067
"2070",1993,1,20 - 24,5180,17719
"2070",1993,1,25 - 29,6347,19784
"2070",1993,1,30 - 34,7531,21129
"2070",1993,1,35 - 39,9667,22633
"2070",1993,1,40 - 44,11382,23643
"2070",1993,1,45 - 49,13627,25413
"2070",1993,1,50 - 54,16389,29013
"2070",1993,1,55 - 59,20441,33746
"2070",1993,1,60 - 64,25824,39896
"2070",1993,1,65 - 69,30803,44540
"2070",1993,1,70 - 74,34332,44348
"2070",1993,1,75 - 79,38250,43061
"2070",1993,1,80 - 84,36817,34479
"2070",1993,1,85 - 89,45952,31368
"2070",1993,1,90 - 94,0,0
"2070",1993,1,95+,0,0
"2070",1993,1,UNK,2134,5928
"2070",1993,2,Total,16937,24704
"2070",1993,2,0,5029,6864
"2070",1993,2,1,725,885
"2070",1993,2,2,220,266
"2070",1993,2,3,149,156
"2070",1993,2,4,96,121
"2070",1993,2,5 - 9,256,305
"2070",1993,2,10 - 14,177,256
"2070",1993,2,15 - 19,239,319
"2070",1993,2,20 - 24,319,455
"2070",1993,2,25 - 29,387,637
"2070",1993,2,30 - 34,439,891
"2070",1993,2,35 - 39,531,1137
"2070",1993,2,40 - 44,532,1161
"2070",1993,2,45 - 49,571,1290
"2070",1993,2,50 - 54,692,1429
"2070",1993,2,55 - 59,791,1407
"2070",1993,2,60 - 64,868,1471
"2070",1993,2,65 - 69,986,1465
"2070",1993,2,70 - 74,966,1299
"2070",1993,2,75 - 79,1018,1159
"2070",1993,2,80 - 84,893,815
"2070",1993,2,85 - 89,932,680
"2070",1993,2,90 - 94,0,0
"2070",1993,2,95+,0,0
"2070",1993,2,UNK,121,236
"2070",1993,3,Total,42333,50465
"2070",1993,3,0,95,102
"2070",1993,3,1,73,80
"2070",1993,3,2,54,81
"2070",1993,3,3,81,80
"2070",1993,3,4,58,100
"2070",1993,3,5 - 9,250,373
"2070",1993,3,10 - 14,277,331
"2070",1993,3,15 - 19,312,448
"2070",1993,3,20 - 24,380,469
"2070",1993,3,25 - 29,564,559
"2070",1993,3,30 - 34,945,775
"2070",1993,3,35 - 39,1638,1123
"2070",1993,3,40 - 44,2285,1868
"2070",1993,3,45 - 49,2952,2759
"2070",1993,3,50 - 54,3673,4039
"2070",1993,3,55 - 59,4226,5498
"2070",1993,3,60 - 64,4878,6748
"2070",1993,3,65 - 69,5067,7353
"2070",1993,3,70 - 74,4714,6564
"2070",1993,3,75 - 79,4151,5331
"2070",1993,3,80 - 84,3113,3417
"2070",1993,3,85 - 89,2439,2242
"2070",1993,3,90 - 94,0,0
"2070",1993,3,95+,0,0
"2070",1993,3,UNK,108,125
"2070",1993,4,Total,113169,130162
"2070",1993,4,0,264,279
"2070",1993,4,1,79,74
"2070",1993,4,2,33,41
"2070",1993,4,3,26,36
"2070",1993,4,4,20,27
"2070",1993,4,5 - 9,110,117
"2070",1993,4,10 - 14,223,170
"2070",1993,4,15 - 19,348,419
"2070",1993,4,20 - 24,521,648
"2070",1993,4,25 - 29,869,1035
"2070",1993,4,30 - 34,1410,1900
"2070",1993,4,35 - 39,2316,3367
"2070",1993,4,40 - 44,3244,4896
"2070",1993,4,45 - 49,4424,6675
"2070",1993,4,50 - 54,5506,9066
"2070",1993,4,55 - 59,7330,11670
"2070",1993,4,60 - 64,9813,14871
"2070",1993,4,65 - 69,12266,17050
"2070",1993,4,70 - 74,14130,17191
"2070",1993,4,75 - 79,15981,16403
"2070",1993,4,80 - 84,15376,12775
"2070",1993,4,85 - 89,18426,10762
"2070",1993,4,90 - 94,0,0
"2070",1993,4,95+,0,0
"2070",1993,4,UNK,454,690
"2070",1993,5,Total,69236,88028
"2070",1993,5,0,7471,9523
"2070",1993,5,1,1151,1406
"2070",1993,5,2,400,353
"2070",1993,5,3,165,195
"2070",1993,5,4,140,143
"2070",1993,5,5 - 9,396,460
"2070",1993,5,10 - 14,378,493
"2070",1993,5,15 - 19,526,833
"2070",1993,5,20 - 24,597,1123
"2070",1993,5,25 - 29,821,1666
"2070",1993,5,30 - 34,1044,2211
"2070",1993,5,35 - 39,1461,2869
"2070",1993,5,40 - 44,1828,3233
"2070",1993,5,45 - 49,2109,3809
"2070",1993,5,50 - 54,2494,4306
"2070",1993,5,55 - 59,3138,4948
"2070",1993,5,60 - 64,3962,6013
"2070",1993,5,65 - 69,4877,7158
"2070",1993,5,70 - 74,6249,8153
"2070",1993,5,75 - 79,7858,9375
"2070",1993,5,80 - 84,8584,8821
"2070",1993,5,85 - 89,12932,9731
"2070",1993,5,90 - 94,0,0
"2070",1993,5,95+,0,0
"2070",1993,5,UNK,655,1206
"2070",1993,6,Total,679,3685
"2070",1993,6,0,0,0
"2070",1993,6,1,0,0
"2070",1993,6,2,0,0
"2070",1993,6,3,0,0
"2070",1993,6,4,1,1
"2070",1993,6,5 - 9,0,2
"2070",1993,6,10 - 14,4,7
"2070",1993,6,15 - 19,6,15
"2070",1993,6,20 - 24,12,68
"2070",1993,6,25 - 29,36,248
"2070",1993,6,30 - 34,53,392
"2070",1993,6,35 - 39,62,521
"2070",1993,6,40 - 44,70,559
"2070",1993,6,45 - 49,60,471
"2070",1993,6,50 - 54,63,387
"2070",1993,6,55 - 59,39,297
"2070",1993,6,60 - 64,48,218
"2070",1993,6,65 - 69,35,156
"2070",1993,6,70 - 74,32,110
"2070",1993,6,75 - 79,29,78
"2070",1993,6,80 - 84,44,50
"2070",1993,6,85 - 89,77,38
"2070",1993,6,90 - 94,0,0
"2070",1993,6,95+,0,0
"2070",1993,6,UNK,8,67
"2070",1993,7,Total,3960,5649
"2070",1993,7,0,613,879
"2070",1993,7,1,174,208
"2070",1993,7,2,96,106
"2070",1993,7,3,70,86
"2070",1993,7,4,47,65
"2070",1993,7,5 - 9,183,236
"2070",1993,7,10 - 14,184,243
"2070",1993,7,15 - 19,187,282
"2070",1993,7,20 - 24,148,243
"2070",1993,7,25 - 29,182,278
"2070",1993,7,30 - 34,150,273
"2070",1993,7,35 - 39,171,350
"2070",1993,7,40 - 44,154,278
"2070",1993,7,45 - 49,136,276
"2070",1993,7,50 - 54,145,260
"2070",1993,7,55 - 59,160,224
"2070",1993,7,60 - 64,170,258
"2070",1993,7,65 - 69,180,262
"2070",1993,7,70 - 74,201,276
"2070",1993,7,75 - 79,225,236
"2070",1993,7,80 - 84,202,165
"2070",1993,7,85 - 89,168,136
"2070",1993,7,90 - 94,0,0
"2070",1993,7,95+,0,0
"2070",1993,7,UNK,14,29
"2070",1993,8,Total,19732,23807
"2070",1993,8,0,1256,1641
"2070",1993,8,1,263,315
"2070",1993,8,2,81,88
"2070",1993,8,3,38,36
"2070",1993,8,4,27,22
"2070",1993,8,5 - 9,61,72
"2070",1993,8,10 - 14,71,63
"2070",1993,8,15 - 19,130,192
"2070",1993,8,20 - 24,408,1001
"2070",1993,8,25 - 29,653,2148
"2070",1993,8,30 - 34,607,2363
"2070",1993,8,35 - 39,558,1903
"2070",1993,8,40 - 44,549,1583
"2070",1993,8,45 - 49,667,1215
"2070",1993,8,50 - 54,945,1225
"2070",1993,8,55 - 59,1263,1350
"2070",1993,8,60 - 64,1748,1574
"2070",1993,8,65 - 69,2161,1750
"2070",1993,8,70 - 74,2188,1650
"2070",1993,8,75 - 79,2283,1477
"2070",1993,8,80 - 84,1801,1078
"2070",1993,8,85 - 89,1867,911
"2070",1993,8,90 - 94,0,0
"2070",1993,8,95+,0,0
"2070",1993,8,UNK,107,150
"2070",1993,9,Total,12368,24105
"2070",1993,9,0,191,298
"2070",1993,9,1,35,51
"2070",1993,9,2,20,31
"2070",1993,9,3,15,20
"2070",1993,9,4,13,18
"2070",1993,9,5 - 9,54,62
"2070",1993,9,10 - 14,69,83
"2070",1993,9,15 - 19,130,126
"2070",1993,9,20 - 24,138,280
"2070",1993,9,25 - 29,255,602
"2070",1993,9,30 - 34,335,1202
"2070",1993,9,35 - 39,471,1842
"2070",1993,9,40 - 44,580,2253
"2070",1993,9,45 - 49,686,2458
"2070",1993,9,50 - 54,739,2403
"2070",1993,9,55 - 59,895,2365
"2070",1993,9,60 - 64,1126,2395
"2070",1993,9,65 - 69,1290,2206
"2070",1993,9,70 - 74,1338,1794
"2070",1993,9,75 - 79,1396,1517
"2070",1993,9,80 - 84,1245,1076
"2070",1993,9,85 - 89,1267,822
"2070",1993,9,90 - 94,0,0
"2070",1993,9,95+,0,0
"2070",1993,9,UNK,80,201
"2070",1993,10,Total,5357,6697
"2070",1993,10,0,106,137
"2070",1993,10,1,24,32
"2070",1993,10,2,17,17
"2070",1993,10,3,12,10
"2070",1993,10,4,18,18
"2070",1993,10,5 - 9,36,59
"2070",1993,10,10 - 14,51,38
"2070",1993,10,15 - 19,71,65
"2070",1993,10,20 - 24,122,110
"2070",1993,10,25 - 29,155,128
"2070",1993,10,30 - 34,182,176
"2070",1993,10,35 - 39,202,250
"2070",1993,10,40 - 44,219,256
"2070",1993,10,45 - 49,284,310
"2070",1993,10,50 - 54,324,389
"2070",1993,10,55 - 59,322,466
"2070",1993,10,60 - 64,433,587
"2070",1993,10,65 - 69,459,677
"2070",1993,10,70 - 74,522,746
"2070",1993,10,75 - 79,556,769
"2070",1993,10,80 - 84,532,704
"2070",1993,10,85 - 89,694,711
"2070",1993,10,90 - 94,0,0
"2070",1993,10,95+,0,0
"2070",1993,10,UNK,16,42
"2070",1993,11,Total,19476,25528
"2070",1993,11,0,18598,24655
"2070",1993,11,1,190,184
"2070",1993,11,2,64,84
"2070",1993,11,3,44,48
"2070",1993,11,4,34,35
"2070",1993,11,5 - 9,100,91
"2070",1993,11,10 - 14,49,52
"2070",1993,11,15 - 19,64,48
"2070",1993,11,20 - 24,40,33
"2070",1993,11,25 - 29,25,37
"2070",1993,11,30 - 34,35,43
"2070",1993,11,35 - 39,30,38
"2070",1993,11,40 - 44,32,27
"2070",1993,11,45 - 49,27,24
"2070",1993,11,50 - 54,20,14
"2070",1993,11,55 - 59,14,23
"2070",1993,11,60 - 64,34,17
"2070",1993,11,65 - 69,16,17
"2070",1993,11,70 - 74,15,17
"2070",1993,11,75 - 79,13,14
"2070",1993,11,80 - 84,4,6
"2070",1993,11,85 - 89,10,1
"2070",1993,11,90 - 94,0,0
"2070",1993,11,95+,0,0
"2070",1993,11,UNK,18,20
"2070",1993,12,Total,33506,45731
"2070",1993,12,0,4105,5273
"2070",1993,12,1,795,986
"2070",1993,12,2,276,313
"2070",1993,12,3,133,154
"2070",1993,12,4,97,92
"2070",1993,12,5 - 9,259,283
"2070",1993,12,10 - 14,199,266
"2070",1993,12,15 - 19,290,419
"2070",1993,12,20 - 24,326,523
"2070",1993,12,25 - 29,431,782
"2070",1993,12,30 - 34,474,919
"2070",1993,12,35 - 39,592,1088
"2070",1993,12,40 - 44,624,1248
"2070",1993,12,45 - 49,746,1350
"2070",1993,12,50 - 54,960,1715
"2070",1993,12,55 - 59,1421,2453
"2070",1993,12,60 - 64,1930,3359
"2070",1993,12,65 - 69,2607,4455
"2070",1993,12,70 - 74,3131,5033
"2070",1993,12,75 - 79,3771,5405
"2070",1993,12,80 - 84,4177,4701
"2070",1993,12,85 - 89,5981,4578
"2070",1993,12,90 - 94,0,0
"2070",1993,12,95+,0,0
"2070",1993,12,UNK,181,336
"2070",1993,13,Total,15795,57230
"2070",1993,13,0,527,684
"2070",1993,13,1,295,392
"2070",1993,13,2,220,344
"2070",1993,13,3,174,298
"2070",1993,13,4,188,309
"2070",1993,13,5 - 9,851,1610
"2070",1993,13,10 - 14,909,2115
"2070",1993,13,15 - 19,1319,5007
"2070",1993,13,20 - 24,1266,7010
"2070",1993,13,25 - 29,1110,6731
"2070",1993,13,30 - 34,1028,6110
"2070",1993,13,35 - 39,957,5253
"2070",1993,13,40 - 44,815,4308
"2070",1993,13,45 - 49,687,3384
"2070",1993,13,50 - 54,642,2795
"2070",1993,13,55 - 59,639,2310
"2070",1993,13,60 - 64,620,1873
"2070",1993,13,65 - 69,629,1564
"2070",1993,13,70 - 74,605,1192
"2070",1993,13,75 - 79,681,1014
"2070",1993,13,80 - 84,576,657
"2070",1993,13,85 - 89,813,586
"2070",1993,13,90 - 94,0,0
"2070",1993,13,95+,0,0
"2070",1993,13,UNK,244,1684
"2070",1993,14,Total,2622,27925
"2070",1993,14,0,35,45
"2070",1993,14,1,10,28
"2070",1993,14,2,4,13
"2070",1993,14,3,7,12
"2070",1993,14,4,9,14
"2070",1993,14,5 - 9,42,61
"2070",1993,14,10 - 14,85,291
"2070",1993,14,15 - 19,314,3806
"2070",1993,14,20 - 24,404,5650
"2070",1993,14,25 - 29,386,4836
"2070",1993,14,30 - 34,356,3780
"2070",1993,14,35 - 39,269,2794
"2070",1993,14,40 - 44,183,1855
"2070",1993,14,45 - 49,139,1281
"2070",1993,14,50 - 54,58,866
"2070",1993,14,55 - 59,55,575
"2070",1993,14,60 - 64,48,369
"2070",1993,14,65 - 69,28,248
"2070",1993,14,70 - 74,34,135
"2070",1993,14,75 - 79,25,79
"2070",1993,14,80 - 84,20,43
"2070",1993,14,85 - 89,11,22
"2070",1993,14,90 - 94,0,0
"2070",1993,14,95+,0,0
"2070",1993,14,UNK,100,1122
"2070",1993,15,Total,4751,2508
"2070",1993,15,0,194,243
"2070",1993,15,1,48,50
"2070",1993,15,2,21,22
"2070",1993,15,3,14,15
"2070",1993,15,4,10,11
"2070",1993,15,5 - 9,56,63
"2070",1993,15,10 - 14,94,60
"2070",1993,15,15 - 19,347,88
"2070",1993,15,20 - 24,499,106
"2070",1993,15,25 - 29,473,97
"2070",1993,15,30 - 34,473,94
"2070",1993,15,35 - 39,409,98
"2070",1993,15,40 - 44,267,118
"2070",1993,15,45 - 49,139,111
"2070",1993,15,50 - 54,128,119
"2070",1993,15,55 - 59,148,160
"2070",1993,15,60 - 64,146,143
"2070",1993,15,65 - 69,202,179
"2070",1993,15,70 - 74,207,188
"2070",1993,15,75 - 79,263,204
"2070",1993,15,80 - 84,250,171
"2070",1993,15,85 - 89,335,148
"2070",1993,15,90 - 94,0,0
"2070",1993,15,95+,0,0
"2070",1993,15,UNK,28,20
"2070",1994,1,Total,364912,519967
"2070",1994,1,0,37449,48978
"2070",1994,1,1,3857,4403
"2070",1994,1,2,1574,1716
"2070",1994,1,3,962,1195
"2070",1994,1,4,756,987
"2070",1994,1,5 - 9,2662,3856
"2070",1994,1,10 - 14,3000,4619
"2070",1994,1,15 - 19,4624,12972
"2070",1994,1,20 - 24,5287,18626
"2070",1994,1,25 - 29,6458,20539
"2070",1994,1,30 - 34,7879,21843
"2070",1994,1,35 - 39,9688,22954
"2070",1994,1,40 - 44,11877,24512
"2070",1994,1,45 - 49,13910,25770
"2070",1994,1,50 - 54,16565,28942
"2070",1994,1,55 - 59,20949,33830
"2070",1994,1,60 - 64,26120,39376
"2070",1994,1,65 - 69,31385,44666
"2070",1994,1,70 - 74,34259,45096
"2070",1994,1,75 - 79,38487,42442
"2070",1994,1,80 - 84,37746,34911
"2070",1994,1,85 - 89,46826,31448
"2070",1994,1,90 - 94,0,0
"2070",1994,1,95+,0,0
"2070",1994,1,UNK,2592,6286
"2070",1994,2,Total,17298,24780
"2070",1994,2,0,4905,6620
"2070",1994,2,1,741,839
"2070",1994,2,2,255,247
"2070",1994,2,3,143,173
"2070",1994,2,4,94,124
"2070",1994,2,5 - 9,235,306
"2070",1994,2,10 - 14,180,234
"2070",1994,2,15 - 19,255,312
"2070",1994,2,20 - 24,347,444
"2070",1994,2,25 - 29,398,610
"2070",1994,2,30 - 34,461,888
"2070",1994,2,35 - 39,485,1081
"2070",1994,2,40 - 44,540,1242
"2070",1994,2,45 - 49,591,1323
"2070",1994,2,50 - 54,722,1406
"2070",1994,2,55 - 59,831,1408
"2070",1994,2,60 - 64,856,1516
"2070",1994,2,65 - 69,963,1455
"2070",1994,2,70 - 74,1027,1348
"2070",1994,2,75 - 79,1032,1201
"2070",1994,2,80 - 84,972,934
"2070",1994,2,85 - 89,1062,752
"2070",1994,2,90 - 94,0,0
"2070",1994,2,95+,0,0
"2070",1994,2,UNK,203,317
"2070",1994,3,Total,44398,51876
"2070",1994,3,0,107,84
"2070",1994,3,1,63,76
"2070",1994,3,2,71,71
"2070",1994,3,3,79,82
"2070",1994,3,4,71,84
"2070",1994,3,5 - 9,286,389
"2070",1994,3,10 - 14,291,339
"2070",1994,3,15 - 19,337,458
"2070",1994,3,20 - 24,366,484
"2070",1994,3,25 - 29,571,549
"2070",1994,3,30 - 34,1048,732
"2070",1994,3,35 - 39,1684,1141
"2070",1994,3,40 - 44,2460,1891
"2070",1994,3,45 - 49,3115,2878
"2070",1994,3,50 - 54,3693,4168
"2070",1994,3,55 - 59,4473,5703
"2070",1994,3,60 - 64,5074,6729
"2070",1994,3,65 - 69,5420,7498
"2070",1994,3,70 - 74,4895,6846
"2070",1994,3,75 - 79,4292,5419
"2070",1994,3,80 - 84,3280,3722
"2070",1994,3,85 - 89,2567,2364
"2070",1994,3,90 - 94,0,0
"2070",1994,3,95+,0,0
"2070",1994,3,UNK,155,169
"2070",1994,4,Total,114019,130447
"2070",1994,4,0,291,303
"2070",1994,4,1,73,89
"2070",1994,4,2,44,34
"2070",1994,4,3,19,44
"2070",1994,4,4,27,36
"2070",1994,4,5 - 9,139,117
"2070",1994,4,10 - 14,206,231
"2070",1994,4,15 - 19,398,455
"2070",1994,4,20 - 24,481,668
"2070",1994,4,25 - 29,863,1060
"2070",1994,4,30 - 34,1332,1870
"2070",1994,4,35 - 39,2264,3338
"2070",1994,4,40 - 44,3287,5050
"2070",1994,4,45 - 49,4447,6757
"2070",1994,4,50 - 54,5516,8954
"2070",1994,4,55 - 59,7384,11521
"2070",1994,4,60 - 64,9814,14670
"2070",1994,4,65 - 69,12372,17215
"2070",1994,4,70 - 74,13893,17537
"2070",1994,4,75 - 79,15995,16139
"2070",1994,4,80 - 84,15771,12814
"2070",1994,4,85 - 89,18833,10747
"2070",1994,4,90 - 94,0,0
"2070",1994,4,95+,0,0
"2070",1994,4,UNK,570,798
"2070",1994,5,Total,67102,83514
"2070",1994,5,0,6322,7956
"2070",1994,5,1,1068,1180
"2070",1994,5,2,341,364
"2070",1994,5,3,193,194
"2070",1994,5,4,157,153
"2070",1994,5,5 - 9,391,458
"2070",1994,5,10 - 14,368,459
"2070",1994,5,15 - 19,531,920
"2070",1994,5,20 - 24,611,1139
"2070",1994,5,25 - 29,815,1631
"2070",1994,5,30 - 34,998,2145
"2070",1994,5,35 - 39,1395,2584
"2070",1994,5,40 - 44,1788,3163
"2070",1994,5,45 - 49,2069,3552
"2070",1994,5,50 - 54,2540,4102
"2070",1994,5,55 - 59,3160,4822
"2070",1994,5,60 - 64,4034,5836
"2070",1994,5,65 - 69,4775,6997
"2070",1994,5,70 - 74,5874,7792
"2070",1994,5,75 - 79,7737,8815
"2070",1994,5,80 - 84,8523,8557
"2070",1994,5,85 - 89,12715,9423
"2070",1994,5,90 - 94,0,0
"2070",1994,5,95+,0,0
"2070",1994,5,UNK,697,1272
"2070",1994,6,Total,718,3837
"2070",1994,6,0,0,0
"2070",1994,6,1,1,0
"2070",1994,6,2,0,1
"2070",1994,6,3,1,0
"2070",1994,6,4,0,0
"2070",1994,6,5 - 9,1,1
"2070",1994,6,10 - 14,5,5
"2070",1994,6,15 - 19,5,15
"2070",1994,6,20 - 24,16,78
"2070",1994,6,25 - 29,36,200
"2070",1994,6,30 - 34,51,454
"2070",1994,6,35 - 39,68,583
"2070",1994,6,40 - 44,77,570
"2070",1994,6,45 - 49,75,529
"2070",1994,6,50 - 54,51,404
"2070",1994,6,55 - 59,41,321
"2070",1994,6,60 - 64,30,209
"2070",1994,6,65 - 69,35,142
"2070",1994,6,70 - 74,24,111
"2070",1994,6,75 - 79,45,65
"2070",1994,6,80 - 84,45,56
"2070",1994,6,85 - 89,96,50
"2070",1994,6,90 - 94,0,0
"2070",1994,6,95+,0,0
"2070",1994,6,UNK,15,43
"2070",1994,7,Total,4041,5645
"2070",1994,7,0,636,858
"2070",1994,7,1,182,230
"2070",1994,7,2,103,111
"2070",1994,7,3,64,79
"2070",1994,7,4,53,70
"2070",1994,7,5 - 9,172,233
"2070",1994,7,10 - 14,184,211
"2070",1994,7,15 - 19,169,283
"2070",1994,7,20 - 24,165,281
"2070",1994,7,25 - 29,180,293
"2070",1994,7,30 - 34,195,314
"2070",1994,7,35 - 39,164,308
"2070",1994,7,40 - 44,162,320
"2070",1994,7,45 - 49,155,264
"2070",1994,7,50 - 54,149,234
"2070",1994,7,55 - 59,141,229
"2070",1994,7,60 - 64,175,235
"2070",1994,7,65 - 69,179,254
"2070",1994,7,70 - 74,217,250
"2070",1994,7,75 - 79,207,233
"2070",1994,7,80 - 84,181,185
"2070",1994,7,85 - 89,178,114
"2070",1994,7,90 - 94,0,0
"2070",1994,7,95+,0,0
"2070",1994,7,UNK,30,56
"2070",1994,8,Total,21011,25376
"2070",1994,8,0,1215,1516
"2070",1994,8,1,251,258
"2070",1994,8,2,74,105
"2070",1994,8,3,34,46
"2070",1994,8,4,28,39
"2070",1994,8,5 - 9,62,79
"2070",1994,8,10 - 14,84,75
"2070",1994,8,15 - 19,163,192
"2070",1994,8,20 - 24,422,941
"2070",1994,8,25 - 29,751,2420
"2070",1994,8,30 - 34,772,2735
"2070",1994,8,35 - 39,660,2259
"2070",1994,8,40 - 44,657,1801
"2070",1994,8,45 - 49,700,1460
"2070",1994,8,50 - 54,926,1261
"2070",1994,8,55 - 59,1399,1388
"2070",1994,8,60 - 64,1836,1629
"2070",1994,8,65 - 69,2336,1777
"2070",1994,8,70 - 74,2327,1713
"2070",1994,8,75 - 79,2323,1487
"2070",1994,8,80 - 84,1865,1089
"2070",1994,8,85 - 89,1975,916
"2070",1994,8,90 - 94,0,0
"2070",1994,8,95+,0,0
"2070",1994,8,UNK,151,190
"2070",1994,9,Total,12416,24487
"2070",1994,9,0,212,274
"2070",1994,9,1,44,57
"2070",1994,9,2,23,27
"2070",1994,9,3,27,32
"2070",1994,9,4,10,19
"2070",1994,9,5 - 9,61,69
"2070",1994,9,10 - 14,69,58
"2070",1994,9,15 - 19,122,153
"2070",1994,9,20 - 24,159,318
"2070",1994,9,25 - 29,199,633
"2070",1994,9,30 - 34,331,1221
"2070",1994,9,35 - 39,495,1844
"2070",1994,9,40 - 44,624,2407
"2070",1994,9,45 - 49,641,2318
"2070",1994,9,50 - 54,764,2451
"2070",1994,9,55 - 59,891,2463
"2070",1994,9,60 - 64,1052,2258
"2070",1994,9,65 - 69,1274,2123
"2070",1994,9,70 - 74,1354,1926
"2070",1994,9,75 - 79,1349,1571
"2070",1994,9,80 - 84,1318,1110
"2070",1994,9,85 - 89,1313,883
"2070",1994,9,90 - 94,0,0
"2070",1994,9,95+,0,0
"2070",1994,9,UNK,84,272
"2070",1994,10,Total,5411,6852
"2070",1994,10,0,83,115
"2070",1994,10,1,22,18
"2070",1994,10,2,15,14
"2070",1994,10,3,13,18
"2070",1994,10,4,7,13
"2070",1994,10,5 - 9,49,49
"2070",1994,10,10 - 14,47,53
"2070",1994,10,15 - 19,72,57
"2070",1994,10,20 - 24,101,94
"2070",1994,10,25 - 29,129,147
"2070",1994,10,30 - 34,188,171
"2070",1994,10,35 - 39,219,220
"2070",1994,10,40 - 44,267,289
"2070",1994,10,45 - 49,258,333
"2070",1994,10,50 - 54,301,404
"2070",1994,10,55 - 59,362,519
"2070",1994,10,60 - 64,463,572
"2070",1994,10,65 - 69,466,758
"2070",1994,10,70 - 74,518,782
"2070",1994,10,75 - 79,582,805
"2070",1994,10,80 - 84,549,670
"2070",1994,10,85 - 89,667,712
"2070",1994,10,90 - 94,0,0
"2070",1994,10,95+,0,0
"2070",1994,10,UNK,33,39
"2070",1994,11,Total,19914,25981
"2070",1994,11,0,19014,25032
"2070",1994,11,1,224,191
"2070",1994,11,2,95,74
"2070",1994,11,3,39,39
"2070",1994,11,4,22,31
"2070",1994,11,5 - 9,74,100
"2070",1994,11,10 - 14,67,61
"2070",1994,11,15 - 19,40,59
"2070",1994,11,20 - 24,38,39
"2070",1994,11,25 - 29,28,39
"2070",1994,11,30 - 34,21,33
"2070",1994,11,35 - 39,28,38
"2070",1994,11,40 - 44,29,20
"2070",1994,11,45 - 49,24,29
"2070",1994,11,50 - 54,20,25
"2070",1994,11,55 - 59,18,23
"2070",1994,11,60 - 64,27,21
"2070",1994,11,65 - 69,23,28
"2070",1994,11,70 - 74,16,19
"2070",1994,11,75 - 79,15,17
"2070",1994,11,80 - 84,19,11
"2070",1994,11,85 - 89,14,10
"2070",1994,11,90 - 94,0,0
"2070",1994,11,95+,0,0
"2070",1994,11,UNK,19,42
"2070",1994,12,Total,34690,46561
"2070",1994,12,0,3933,5179
"2070",1994,12,1,815,1007
"2070",1994,12,2,311,306
"2070",1994,12,3,174,179
"2070",1994,12,4,91,108
"2070",1994,12,5 - 9,275,298
"2070",1994,12,10 - 14,264,289
"2070",1994,12,15 - 19,290,429
"2070",1994,12,20 - 24,353,522
"2070",1994,12,25 - 29,432,792
"2070",1994,12,30 - 34,541,1009
"2070",1994,12,35 - 39,596,1205
"2070",1994,12,40 - 44,660,1324
"2070",1994,12,45 - 49,813,1483
"2070",1994,12,50 - 54,1017,1770
"2070",1994,12,55 - 59,1429,2421
"2070",1994,12,60 - 64,1953,3294
"2070",1994,12,65 - 69,2617,4418
"2070",1994,12,70 - 74,3286,5175
"2070",1994,12,75 - 79,3988,5483
"2070",1994,12,80 - 84,4330,4808
"2070",1994,12,85 - 89,6274,4650
"2070",1994,12,90 - 94,0,0
"2070",1994,12,95+,0,0
"2070",1994,12,UNK,248,412
"2070",1994,13,Total,16143,58390
"2070",1994,13,0,516,714
"2070",1994,13,1,307,378
"2070",1994,13,2,210,324
"2070",1994,13,3,157,273
"2070",1994,13,4,175,289
"2070",1994,13,5 - 9,821,1640
"2070",1994,13,10 - 14,1026,2281
"2070",1994,13,15 - 19,1475,5446
"2070",1994,13,20 - 24,1377,7156
"2070",1994,13,25 - 29,1153,6826
"2070",1994,13,30 - 34,1060,6231
"2070",1994,13,35 - 39,948,5440
"2070",1994,13,40 - 44,853,4334
"2070",1994,13,45 - 49,753,3411
"2070",1994,13,50 - 54,643,2788
"2070",1994,13,55 - 59,620,2307
"2070",1994,13,60 - 64,591,1872
"2070",1994,13,65 - 69,634,1588
"2070",1994,13,70 - 74,570,1245
"2070",1994,13,75 - 79,636,951
"2070",1994,13,80 - 84,594,742
"2070",1994,13,85 - 89,788,630
"2070",1994,13,90 - 94,0,0
"2070",1994,13,95+,0,0
"2070",1994,13,UNK,236,1524
"2070",1994,14,Total,2838,29714
"2070",1994,14,0,33,49
"2070",1994,14,1,6,16
"2070",1994,14,2,9,7
"2070",1994,14,3,7,12
"2070",1994,14,4,2,7
"2070",1994,14,5 - 9,45,60
"2070",1994,14,10 - 14,113,253
"2070",1994,14,15 - 19,424,4120
"2070",1994,14,20 - 24,389,6391
"2070",1994,14,25 - 29,390,5253
"2070",1994,14,30 - 34,371,3953
"2070",1994,14,35 - 39,290,2839
"2070",1994,14,40 - 44,215,1995
"2070",1994,14,45 - 49,121,1312
"2070",1994,14,50 - 54,79,849
"2070",1994,14,55 - 59,61,579
"2070",1994,14,60 - 64,45,358
"2070",1994,14,65 - 69,38,224
"2070",1994,14,70 - 74,28,133
"2070",1994,14,75 - 79,31,83
"2070",1994,14,80 - 84,10,48
"2070",1994,14,85 - 89,15,38
"2070",1994,14,90 - 94,0,0
"2070",1994,14,95+,0,0
"2070",1994,14,UNK,116,1135
"2070",1994,15,Total,4913,2507
"2070",1994,15,0,182,278
"2070",1994,15,1,60,64
"2070",1994,15,2,23,31
"2070",1994,15,3,12,24
"2070",1994,15,4,19,14
"2070",1994,15,5 - 9,51,57
"2070",1994,15,10 - 14,96,70
"2070",1994,15,15 - 19,343,73
"2070",1994,15,20 - 24,462,71
"2070",1994,15,25 - 29,513,86
"2070",1994,15,30 - 34,510,87
"2070",1994,15,35 - 39,392,74
"2070",1994,15,40 - 44,258,106
"2070",1994,15,45 - 49,148,121
"2070",1994,15,50 - 54,144,126
"2070",1994,15,55 - 59,139,126
"2070",1994,15,60 - 64,170,177
"2070",1994,15,65 - 69,253,189
"2070",1994,15,70 - 74,230,219
"2070",1994,15,75 - 79,255,173
"2070",1994,15,80 - 84,289,165
"2070",1994,15,85 - 89,329,159
"2070",1994,15,90 - 94,0,0
"2070",1994,15,95+,0,0
"2070",1994,15,UNK,35,17
"2070",1995,1,Total,368828,521430
"2070",1995,1,0,35138,45540
"2070",1995,1,1,3310,3881
"2070",1995,1,2,1423,1650
"2070",1995,1,3,930,1079
"2070",1995,1,4,712,839
"2070",1995,1,5 - 9,2456,3601
"2070",1995,1,10 - 14,2849,4539
"2070",1995,1,15 - 19,4642,13509
"2070",1995,1,20 - 24,5374,19323
"2070",1995,1,25 - 29,6491,21106
"2070",1995,1,30 - 34,8032,22524
"2070",1995,1,35 - 39,9927,24181
"2070",1995,1,40 - 44,12064,25046
"2070",1995,1,45 - 49,14429,26647
"2070",1995,1,50 - 54,16938,28961
"2070",1995,1,55 - 59,21409,33925
"2070",1995,1,60 - 64,26353,39016
"2070",1995,1,65 - 69,32737,45211
"2070",1995,1,70 - 74,35523,45420
"2070",1995,1,75 - 79,38667,41365
"2070",1995,1,80 - 84,38356,34701
"2070",1995,1,85 - 89,48028,31958
"2070",1995,1,90 - 94,0,0
"2070",1995,1,95+,0,0
"2070",1995,1,UNK,3040,7408
"2070",1995,2,Total,15984,22502
"2070",1995,2,0,4222,5473
"2070",1995,2,1,571,740
"2070",1995,2,2,212,232
"2070",1995,2,3,139,141
"2070",1995,2,4,106,94
"2070",1995,2,5 - 9,204,272
"2070",1995,2,10 - 14,171,248
"2070",1995,2,15 - 19,207,313
"2070",1995,2,20 - 24,287,433
"2070",1995,2,25 - 29,346,652
"2070",1995,2,30 - 34,434,829
"2070",1995,2,35 - 39,502,1086
"2070",1995,2,40 - 44,539,1201
"2070",1995,2,45 - 49,602,1229
"2070",1995,2,50 - 54,665,1299
"2070",1995,2,55 - 59,783,1325
"2070",1995,2,60 - 64,863,1356
"2070",1995,2,65 - 69,994,1345
"2070",1995,2,70 - 74,951,1273
"2070",1995,2,75 - 79,1023,1003
"2070",1995,2,80 - 84,913,861
"2070",1995,2,85 - 89,1024,748
"2070",1995,2,90 - 94,0,0
"2070",1995,2,95+,0,0
"2070",1995,2,UNK,226,349
"2070",1995,3,Total,45649,53227
"2070",1995,3,0,90,78
"2070",1995,3,1,51,72
"2070",1995,3,2,67,72
"2070",1995,3,3,77,93
"2070",1995,3,4,68,77
"2070",1995,3,5 - 9,277,384
"2070",1995,3,10 - 14,276,326
"2070",1995,3,15 - 19,323,444
"2070",1995,3,20 - 24,365,491
"2070",1995,3,25 - 29,590,548
"2070",1995,3,30 - 34,1006,771
"2070",1995,3,35 - 39,1653,1187
"2070",1995,3,40 - 44,2486,1988
"2070",1995,3,45 - 49,3158,2898
"2070",1995,3,50 - 54,3709,4034
"2070",1995,3,55 - 59,4590,5665
"2070",1995,3,60 - 64,5105,6965
"2070",1995,3,65 - 69,5832,7765
"2070",1995,3,70 - 74,5142,7217
"2070",1995,3,75 - 79,4435,5536
"2070",1995,3,80 - 84,3414,3915
"2070",1995,3,85 - 89,2731,2469
"2070",1995,3,90 - 94,0,0
"2070",1995,3,95+,0,0
"2070",1995,3,UNK,204,232
"2070",1995,4,Total,115619,128159
"2070",1995,4,0,244,346
"2070",1995,4,1,58,62
"2070",1995,4,2,41,45
"2070",1995,4,3,25,32
"2070",1995,4,4,14,22
"2070",1995,4,5 - 9,107,104
"2070",1995,4,10 - 14,197,202
"2070",1995,4,15 - 19,395,442
"2070",1995,4,20 - 24,503,639
"2070",1995,4,25 - 29,761,1060
"2070",1995,4,30 - 34,1299,1811
"2070",1995,4,35 - 39,2230,3127
"2070",1995,4,40 - 44,3274,4760
"2070",1995,4,45 - 49,4531,6789
"2070",1995,4,50 - 54,5689,8798
"2070",1995,4,55 - 59,7534,11429
"2070",1995,4,60 - 64,9756,14153
"2070",1995,4,65 - 69,12692,17112
"2070",1995,4,70 - 74,14448,17366
"2070",1995,4,75 - 79,15934,15539
"2070",1995,4,80 - 84,15903,12589
"2070",1995,4,85 - 89,19337,10847
"2070",1995,4,90 - 94,0,0
"2070",1995,4,95+,0,0
"2070",1995,4,UNK,647,885
"2070",1995,5,Total,64563,79424
"2070",1995,5,0,4850,6270
"2070",1995,5,1,811,901
"2070",1995,5,2,246,296
"2070",1995,5,3,167,194
"2070",1995,5,4,111,112
"2070",1995,5,5 - 9,334,399
"2070",1995,5,10 - 14,322,454
"2070",1995,5,15 - 19,524,811
"2070",1995,5,20 - 24,606,1099
"2070",1995,5,25 - 29,760,1541
"2070",1995,5,30 - 34,1018,2147
"2070",1995,5,35 - 39,1304,2635
"2070",1995,5,40 - 44,1724,3076
"2070",1995,5,45 - 49,2062,3523
"2070",1995,5,50 - 54,2431,4035
"2070",1995,5,55 - 59,3038,4742
"2070",1995,5,60 - 64,3899,5648
"2070",1995,5,65 - 69,4995,6893
"2070",1995,5,70 - 74,5956,7488
"2070",1995,5,75 - 79,7462,8292
"2070",1995,5,80 - 84,8465,8174
"2070",1995,5,85 - 89,12677,9283
"2070",1995,5,90 - 94,0,0
"2070",1995,5,95+,0,0
"2070",1995,5,UNK,801,1411
"2070",1995,6,Total,878,3897
"2070",1995,6,0,0,1
"2070",1995,6,1,0,0
"2070",1995,6,2,0,0
"2070",1995,6,3,0,0
"2070",1995,6,4,0,0
"2070",1995,6,5 - 9,1,0
"2070",1995,6,10 - 14,1,2
"2070",1995,6,15 - 19,7,24
"2070",1995,6,20 - 24,22,69
"2070",1995,6,25 - 29,30,201
"2070",1995,6,30 - 34,65,441
"2070",1995,6,35 - 39,90,605
"2070",1995,6,40 - 44,108,596
"2070",1995,6,45 - 49,77,477
"2070",1995,6,50 - 54,65,416
"2070",1995,6,55 - 59,61,335
"2070",1995,6,60 - 64,55,234
"2070",1995,6,65 - 69,43,153
"2070",1995,6,70 - 74,42,99
"2070",1995,6,75 - 79,59,68
"2070",1995,6,80 - 84,56,39
"2070",1995,6,85 - 89,85,57
"2070",1995,6,90 - 94,0,0
"2070",1995,6,95+,0,0
"2070",1995,6,UNK,11,80
"2070",1995,7,Total,4012,5773
"2070",1995,7,0,617,758
"2070",1995,7,1,166,232
"2070",1995,7,2,101,123
"2070",1995,7,3,55,81
"2070",1995,7,4,35,64
"2070",1995,7,5 - 9,151,199
"2070",1995,7,10 - 14,169,203
"2070",1995,7,15 - 19,159,287
"2070",1995,7,20 - 24,152,280
"2070",1995,7,25 - 29,172,277
"2070",1995,7,30 - 34,163,317
"2070",1995,7,35 - 39,186,320
"2070",1995,7,40 - 44,150,288
"2070",1995,7,45 - 49,150,276
"2070",1995,7,50 - 54,164,247
"2070",1995,7,55 - 59,152,238
"2070",1995,7,60 - 64,164,279
"2070",1995,7,65 - 69,208,309
"2070",1995,7,70 - 74,225,298
"2070",1995,7,75 - 79,237,254
"2070",1995,7,80 - 84,206,213
"2070",1995,7,85 - 89,209,163
"2070",1995,7,90 - 94,0,0
"2070",1995,7,95+,0,0
"2070",1995,7,UNK,21,67
"2070",1995,8,Total,22657,26517
"2070",1995,8,0,1101,1364
"2070",1995,8,1,232,216
"2070",1995,8,2,63,69
"2070",1995,8,3,37,29
"2070",1995,8,4,30,29
"2070",1995,8,5 - 9,79,80
"2070",1995,8,10 - 14,89,67
"2070",1995,8,15 - 19,138,195
"2070",1995,8,20 - 24,497,948
"2070",1995,8,25 - 29,897,2380
"2070",1995,8,30 - 34,882,2982
"2070",1995,8,35 - 39,812,2618
"2070",1995,8,40 - 44,759,2024
"2070",1995,8,45 - 49,843,1551
"2070",1995,8,50 - 54,1044,1397
"2070",1995,8,55 - 59,1456,1525
"2070",1995,8,60 - 64,1938,1607
"2070",1995,8,65 - 69,2397,1877
"2070",1995,8,70 - 74,2512,1702
"2070",1995,8,75 - 79,2516,1568
"2070",1995,8,80 - 84,2029,1145
"2070",1995,8,85 - 89,2121,921
"2070",1995,8,90 - 94,0,0
"2070",1995,8,95+,0,0
"2070",1995,8,UNK,185,223
"2070",1995,9,Total,12848,24447
"2070",1995,9,0,192,302
"2070",1995,9,1,31,44
"2070",1995,9,2,31,36
"2070",1995,9,3,23,22
"2070",1995,9,4,7,21
"2070",1995,9,5 - 9,43,70
"2070",1995,9,10 - 14,54,71
"2070",1995,9,15 - 19,130,122
"2070",1995,9,20 - 24,154,285
"2070",1995,9,25 - 29,281,592
"2070",1995,9,30 - 34,312,1211
"2070",1995,9,35 - 39,490,1922
"2070",1995,9,40 - 44,605,2324
"2070",1995,9,45 - 49,747,2569
"2070",1995,9,50 - 54,823,2488
"2070",1995,9,55 - 59,976,2350
"2070",1995,9,60 - 64,1150,2228
"2070",1995,9,65 - 69,1282,2081
"2070",1995,9,70 - 74,1350,1942
"2070",1995,9,75 - 79,1325,1535
"2070",1995,9,80 - 84,1346,1053
"2070",1995,9,85 - 89,1384,886
"2070",1995,9,90 - 94,0,0
"2070",1995,9,95+,0,0
"2070",1995,9,UNK,112,293
"2070",1995,10,Total,5655,6856
"2070",1995,10,0,89,117
"2070",1995,10,1,17,20
"2070",1995,10,2,15,17
"2070",1995,10,3,8,9
"2070",1995,10,4,8,10
"2070",1995,10,5 - 9,46,38
"2070",1995,10,10 - 14,44,38
"2070",1995,10,15 - 19,107,66
"2070",1995,10,20 - 24,111,77
"2070",1995,10,25 - 29,123,133
"2070",1995,10,30 - 34,174,162
"2070",1995,10,35 - 39,224,206
"2070",1995,10,40 - 44,261,285
"2070",1995,10,45 - 49,302,356
"2070",1995,10,50 - 54,321,383
"2070",1995,10,55 - 59,379,527
"2070",1995,10,60 - 64,441,602
"2070",1995,10,65 - 69,508,749
"2070",1995,10,70 - 74,522,809
"2070",1995,10,75 - 79,558,776
"2070",1995,10,80 - 84,588,683
"2070",1995,10,85 - 89,773,735
"2070",1995,10,90 - 94,0,0
"2070",1995,10,95+,0,0
"2070",1995,10,UNK,36,58
"2070",1995,11,Total,20272,26116
"2070",1995,11,0,19378,25211
"2070",1995,11,1,188,192
"2070",1995,11,2,99,72
"2070",1995,11,3,36,48
"2070",1995,11,4,34,34
"2070",1995,11,5 - 9,76,81
"2070",1995,11,10 - 14,69,58
"2070",1995,11,15 - 19,56,63
"2070",1995,11,20 - 24,27,37
"2070",1995,11,25 - 29,34,37
"2070",1995,11,30 - 34,29,35
"2070",1995,11,35 - 39,21,31
"2070",1995,11,40 - 44,21,23
"2070",1995,11,45 - 49,28,24
"2070",1995,11,50 - 54,30,26
"2070",1995,11,55 - 59,23,23
"2070",1995,11,60 - 64,19,18
"2070",1995,11,65 - 69,25,31
"2070",1995,11,70 - 74,18,15
"2070",1995,11,75 - 79,11,12
"2070",1995,11,80 - 84,15,12
"2070",1995,11,85 - 89,12,8
"2070",1995,11,90 - 94,0,0
"2070",1995,11,95+,0,0
"2070",1995,11,UNK,23,25
"2070",1995,12,Total,35737,47302
"2070",1995,12,0,3589,4663
"2070",1995,12,1,819,904
"2070",1995,12,2,276,313
"2070",1995,12,3,149,134
"2070",1995,12,4,79,79
"2070",1995,12,5 - 9,222,257
"2070",1995,12,10 - 14,230,271
"2070",1995,12,15 - 19,336,419
"2070",1995,12,20 - 24,332,504
"2070",1995,12,25 - 29,411,756
"2070",1995,12,30 - 34,519,989
"2070",1995,12,35 - 39,651,1257
"2070",1995,12,40 - 44,722,1341
"2070",1995,12,45 - 49,824,1529
"2070",1995,12,50 - 54,1039,1741
"2070",1995,12,55 - 59,1538,2438
"2070",1995,12,60 - 64,2144,3474
"2070",1995,12,65 - 69,2817,4707
"2070",1995,12,70 - 74,3467,5542
"2070",1995,12,75 - 79,4202,5475
"2070",1995,12,80 - 84,4529,5078
"2070",1995,12,85 - 89,6537,4932
"2070",1995,12,90 - 94,0,0
"2070",1995,12,95+,0,0
"2070",1995,12,UNK,305,499
"2070",1995,13,Total,16740,60827
"2070",1995,13,0,551,685
"2070",1995,13,1,290,408
"2070",1995,13,2,238,341
"2070",1995,13,3,187,266
"2070",1995,13,4,195,279
"2070",1995,13,5 - 9,819,1599
"2070",1995,13,10 - 14,1013,2177
"2070",1995,13,15 - 19,1495,5507
"2070",1995,13,20 - 24,1356,7420
"2070",1995,13,25 - 29,1150,7005
"2070",1995,13,30 - 34,1191,6393
"2070",1995,13,35 - 39,1004,5814
"2070",1995,13,40 - 44,910,4792
"2070",1995,13,45 - 49,806,3740
"2070",1995,13,50 - 54,696,2980
"2070",1995,13,55 - 59,660,2522
"2070",1995,13,60 - 64,618,1907
"2070",1995,13,65 - 69,656,1700
"2070",1995,13,70 - 74,623,1302
"2070",1995,13,75 - 79,622,1049
"2070",1995,13,80 - 84,601,702
"2070",1995,13,85 - 89,764,666
"2070",1995,13,90 - 94,0,0
"2070",1995,13,95+,0,0
"2070",1995,13,UNK,295,1573
"2070",1995,14,Total,3325,33751
"2070",1995,14,0,40,50
"2070",1995,14,1,15,12
"2070",1995,14,2,10,9
"2070",1995,14,3,8,12
"2070",1995,14,4,8,11
"2070",1995,14,5 - 9,44,67
"2070",1995,14,10 - 14,131,347
"2070",1995,14,15 - 19,446,4711
"2070",1995,14,20 - 24,501,6938
"2070",1995,14,25 - 29,473,5832
"2070",1995,14,30 - 34,435,4336
"2070",1995,14,35 - 39,356,3265
"2070",1995,14,40 - 44,251,2234
"2070",1995,14,45 - 49,137,1577
"2070",1995,14,50 - 54,89,993
"2070",1995,14,55 - 59,69,654
"2070",1995,14,60 - 64,47,406
"2070",1995,14,65 - 69,38,280
"2070",1995,14,70 - 74,32,145
"2070",1995,14,75 - 79,25,78
"2070",1995,14,80 - 84,14,49
"2070",1995,14,85 - 89,13,60
"2070",1995,14,90 - 94,0,0
"2070",1995,14,95+,0,0
"2070",1995,14,UNK,143,1685
"2070",1995,15,Total,4889,2632
"2070",1995,15,0,175,222
"2070",1995,15,1,61,78
"2070",1995,15,2,24,25
"2070",1995,15,3,19,18
"2070",1995,15,4,17,7
"2070",1995,15,5 - 9,53,51
"2070",1995,15,10 - 14,83,75
"2070",1995,15,15 - 19,319,105
"2070",1995,15,20 - 24,461,103
"2070",1995,15,25 - 29,463,92
"2070",1995,15,30 - 34,505,100
"2070",1995,15,35 - 39,404,108
"2070",1995,15,40 - 44,254,114
"2070",1995,15,45 - 49,162,109
"2070",1995,15,50 - 54,173,124
"2070",1995,15,55 - 59,150,152
"2070",1995,15,60 - 64,154,139
"2070",1995,15,65 - 69,250,209
"2070",1995,15,70 - 74,235,222
"2070",1995,15,75 - 79,258,180
"2070",1995,15,80 - 84,277,188
"2070",1995,15,85 - 89,361,183
"2070",1995,15,90 - 94,0,0
"2070",1995,15,95+,0,0
"2070",1995,15,UNK,31,28
