"","Year","Cause","Age","Female","Male"
"2120",1990,1,Total,34807,43627
"2120",1990,1,0,2148,2766
"2120",1990,1,1,206,242
"2120",1990,1,2,87,129
"2120",1990,1,3,57,65
"2120",1990,1,4,46,65
"2120",1990,1,5 - 9,143,256
"2120",1990,1,10 - 14,138,249
"2120",1990,1,15 - 19,251,584
"2120",1990,1,20 - 24,277,968
"2120",1990,1,25 - 29,357,1147
"2120",1990,1,30 - 34,439,1151
"2120",1990,1,35 - 39,502,1214
"2120",1990,1,40 - 44,730,1554
"2120",1990,1,45 - 49,990,1981
"2120",1990,1,50 - 54,1281,2351
"2120",1990,1,55 - 59,1777,2948
"2120",1990,1,60 - 64,2511,3985
"2120",1990,1,65 - 69,2889,4307
"2120",1990,1,70 - 74,3778,4777
"2120",1990,1,75 - 79,4858,5142
"2120",1990,1,80 - 84,4941,4158
"2120",1990,1,85 - 89,6401,3585
"2120",1990,1,90 - 94,0,0
"2120",1990,1,95+,0,0
"2120",1990,1,UNK,0,3
"2120",1990,2,Total,1024,1452
"2120",1990,2,0,73,111
"2120",1990,2,1,19,16
"2120",1990,2,2,7,8
"2120",1990,2,3,5,5
"2120",1990,2,4,7,4
"2120",1990,2,5 - 9,10,13
"2120",1990,2,10 - 14,10,9
"2120",1990,2,15 - 19,10,10
"2120",1990,2,20 - 24,12,22
"2120",1990,2,25 - 29,14,34
"2120",1990,2,30 - 34,24,39
"2120",1990,2,35 - 39,22,58
"2120",1990,2,40 - 44,26,80
"2120",1990,2,45 - 49,31,92
"2120",1990,2,50 - 54,38,93
"2120",1990,2,55 - 59,62,110
"2120",1990,2,60 - 64,76,118
"2120",1990,2,65 - 69,73,139
"2120",1990,2,70 - 74,122,149
"2120",1990,2,75 - 79,127,158
"2120",1990,2,80 - 84,112,105
"2120",1990,2,85 - 89,144,79
"2120",1990,2,90 - 94,0,0
"2120",1990,2,95+,0,0
"2120",1990,2,UNK,0,0
"2120",1990,3,Total,7451,7174
"2120",1990,3,0,19,10
"2120",1990,3,1,10,9
"2120",1990,3,2,9,6
"2120",1990,3,3,4,9
"2120",1990,3,4,4,9
"2120",1990,3,5 - 9,29,48
"2120",1990,3,10 - 14,18,33
"2120",1990,3,15 - 19,31,56
"2120",1990,3,20 - 24,31,60
"2120",1990,3,25 - 29,83,79
"2120",1990,3,30 - 34,126,71
"2120",1990,3,35 - 39,163,97
"2120",1990,3,40 - 44,276,170
"2120",1990,3,45 - 49,408,293
"2120",1990,3,50 - 54,504,378
"2120",1990,3,55 - 59,650,647
"2120",1990,3,60 - 64,843,959
"2120",1990,3,65 - 69,902,1055
"2120",1990,3,70 - 74,1002,1064
"2120",1990,3,75 - 79,963,1019
"2120",1990,3,80 - 84,775,705
"2120",1990,3,85 - 89,601,396
"2120",1990,3,90 - 94,0,0
"2120",1990,3,95+,0,0
"2120",1990,3,UNK,0,1
"2120",1990,4,Total,10746,10822
"2120",1990,4,0,10,6
"2120",1990,4,1,5,6
"2120",1990,4,2,1,2
"2120",1990,4,3,0,3
"2120",1990,4,4,1,0
"2120",1990,4,5 - 9,4,4
"2120",1990,4,10 - 14,5,11
"2120",1990,4,15 - 19,13,19
"2120",1990,4,20 - 24,15,34
"2120",1990,4,25 - 29,20,55
"2120",1990,4,30 - 34,36,58
"2120",1990,4,35 - 39,59,112
"2120",1990,4,40 - 44,109,175
"2120",1990,4,45 - 49,170,295
"2120",1990,4,50 - 54,263,478
"2120",1990,4,55 - 59,413,694
"2120",1990,4,60 - 64,705,1089
"2120",1990,4,65 - 69,884,1361
"2120",1990,4,70 - 74,1272,1600
"2120",1990,4,75 - 79,1843,1856
"2120",1990,4,80 - 84,2133,1543
"2120",1990,4,85 - 89,2785,1421
"2120",1990,4,90 - 94,0,0
"2120",1990,4,95+,0,0
"2120",1990,4,UNK,0,0
"2120",1990,5,Total,2405,2498
"2120",1990,5,0,74,89
"2120",1990,5,1,7,5
"2120",1990,5,2,5,2
"2120",1990,5,3,2,2
"2120",1990,5,4,2,2
"2120",1990,5,5 - 9,7,6
"2120",1990,5,10 - 14,6,8
"2120",1990,5,15 - 19,11,13
"2120",1990,5,20 - 24,8,20
"2120",1990,5,25 - 29,5,20
"2120",1990,5,30 - 34,21,30
"2120",1990,5,35 - 39,13,37
"2120",1990,5,40 - 44,21,49
"2120",1990,5,45 - 49,29,52
"2120",1990,5,50 - 54,51,82
"2120",1990,5,55 - 59,78,106
"2120",1990,5,60 - 64,128,170
"2120",1990,5,65 - 69,152,203
"2120",1990,5,70 - 74,239,299
"2120",1990,5,75 - 79,382,414
"2120",1990,5,80 - 84,435,431
"2120",1990,5,85 - 89,729,456
"2120",1990,5,90 - 94,0,0
"2120",1990,5,95+,0,0
"2120",1990,5,UNK,0,2
"2120",1990,6,Total,479,629
"2120",1990,6,0,0,0
"2120",1990,6,1,0,0
"2120",1990,6,2,0,0
"2120",1990,6,3,0,0
"2120",1990,6,4,0,0
"2120",1990,6,5 - 9,0,0
"2120",1990,6,10 - 14,0,0
"2120",1990,6,15 - 19,1,3
"2120",1990,6,20 - 24,0,3
"2120",1990,6,25 - 29,2,10
"2120",1990,6,30 - 34,3,22
"2120",1990,6,35 - 39,3,30
"2120",1990,6,40 - 44,6,39
"2120",1990,6,45 - 49,4,50
"2120",1990,6,50 - 54,7,35
"2120",1990,6,55 - 59,9,37
"2120",1990,6,60 - 64,15,53
"2120",1990,6,65 - 69,24,39
"2120",1990,6,70 - 74,48,62
"2120",1990,6,75 - 79,66,88
"2120",1990,6,80 - 84,111,72
"2120",1990,6,85 - 89,180,86
"2120",1990,6,90 - 94,0,0
"2120",1990,6,95+,0,0
"2120",1990,6,UNK,0,0
"2120",1990,7,Total,527,603
"2120",1990,7,0,44,57
"2120",1990,7,1,22,15
"2120",1990,7,2,7,11
"2120",1990,7,3,5,7
"2120",1990,7,4,6,13
"2120",1990,7,5 - 9,10,20
"2120",1990,7,10 - 14,16,21
"2120",1990,7,15 - 19,32,32
"2120",1990,7,20 - 24,17,22
"2120",1990,7,25 - 29,21,31
"2120",1990,7,30 - 34,23,24
"2120",1990,7,35 - 39,16,20
"2120",1990,7,40 - 44,17,29
"2120",1990,7,45 - 49,16,30
"2120",1990,7,50 - 54,20,34
"2120",1990,7,55 - 59,16,30
"2120",1990,7,60 - 64,33,42
"2120",1990,7,65 - 69,35,43
"2120",1990,7,70 - 74,46,36
"2120",1990,7,75 - 79,50,49
"2120",1990,7,80 - 84,36,23
"2120",1990,7,85 - 89,39,14
"2120",1990,7,90 - 94,0,0
"2120",1990,7,95+,0,0
"2120",1990,7,UNK,0,0
"2120",1990,8,Total,960,911
"2120",1990,8,0,9,24
"2120",1990,8,1,3,5
"2120",1990,8,2,0,3
"2120",1990,8,3,2,1
"2120",1990,8,4,1,0
"2120",1990,8,5 - 9,3,3
"2120",1990,8,10 - 14,2,2
"2120",1990,8,15 - 19,2,4
"2120",1990,8,20 - 24,4,6
"2120",1990,8,25 - 29,10,18
"2120",1990,8,30 - 34,5,19
"2120",1990,8,35 - 39,10,19
"2120",1990,8,40 - 44,8,28
"2120",1990,8,45 - 49,26,27
"2120",1990,8,50 - 54,30,40
"2120",1990,8,55 - 59,69,71
"2120",1990,8,60 - 64,107,108
"2120",1990,8,65 - 69,124,113
"2120",1990,8,70 - 74,151,148
"2120",1990,8,75 - 79,165,115
"2120",1990,8,80 - 84,125,88
"2120",1990,8,85 - 89,104,69
"2120",1990,8,90 - 94,0,0
"2120",1990,8,95+,0,0
"2120",1990,8,UNK,0,0
"2120",1990,9,Total,2128,3972
"2120",1990,9,0,8,13
"2120",1990,9,1,3,4
"2120",1990,9,2,1,3
"2120",1990,9,3,3,0
"2120",1990,9,4,2,1
"2120",1990,9,5 - 9,3,4
"2120",1990,9,10 - 14,4,1
"2120",1990,9,15 - 19,8,8
"2120",1990,9,20 - 24,20,6
"2120",1990,9,25 - 29,17,45
"2120",1990,9,30 - 34,28,119
"2120",1990,9,35 - 39,55,176
"2120",1990,9,40 - 44,106,273
"2120",1990,9,45 - 49,140,409
"2120",1990,9,50 - 54,162,468
"2120",1990,9,55 - 59,204,525
"2120",1990,9,60 - 64,238,546
"2120",1990,9,65 - 69,219,421
"2120",1990,9,70 - 74,252,389
"2120",1990,9,75 - 79,262,274
"2120",1990,9,80 - 84,189,182
"2120",1990,9,85 - 89,204,105
"2120",1990,9,90 - 94,0,0
"2120",1990,9,95+,0,0
"2120",1990,9,UNK,0,0
"2120",1990,10,Total,806,791
"2120",1990,10,0,3,5
"2120",1990,10,1,1,1
"2120",1990,10,2,0,0
"2120",1990,10,3,1,0
"2120",1990,10,4,1,0
"2120",1990,10,5 - 9,4,3
"2120",1990,10,10 - 14,2,3
"2120",1990,10,15 - 19,9,2
"2120",1990,10,20 - 24,12,11
"2120",1990,10,25 - 29,15,11
"2120",1990,10,30 - 34,14,5
"2120",1990,10,35 - 39,17,9
"2120",1990,10,40 - 44,16,13
"2120",1990,10,45 - 49,23,31
"2120",1990,10,50 - 54,27,22
"2120",1990,10,55 - 59,31,38
"2120",1990,10,60 - 64,65,65
"2120",1990,10,65 - 69,81,88
"2120",1990,10,70 - 74,93,101
"2120",1990,10,75 - 79,141,130
"2120",1990,10,80 - 84,110,130
"2120",1990,10,85 - 89,140,123
"2120",1990,10,90 - 94,0,0
"2120",1990,10,95+,0,0
"2120",1990,10,UNK,0,0
"2120",1990,11,Total,1384,1684
"2120",1990,11,0,1258,1569
"2120",1990,11,1,33,22
"2120",1990,11,2,19,5
"2120",1990,11,3,3,4
"2120",1990,11,4,2,2
"2120",1990,11,5 - 9,8,8
"2120",1990,11,10 - 14,10,8
"2120",1990,11,15 - 19,9,6
"2120",1990,11,20 - 24,10,9
"2120",1990,11,25 - 29,5,7
"2120",1990,11,30 - 34,5,9
"2120",1990,11,35 - 39,4,6
"2120",1990,11,40 - 44,1,5
"2120",1990,11,45 - 49,2,8
"2120",1990,11,50 - 54,1,6
"2120",1990,11,55 - 59,1,3
"2120",1990,11,60 - 64,2,3
"2120",1990,11,65 - 69,7,2
"2120",1990,11,70 - 74,1,1
"2120",1990,11,75 - 79,2,0
"2120",1990,11,80 - 84,1,1
"2120",1990,11,85 - 89,0,0
"2120",1990,11,90 - 94,0,0
"2120",1990,11,95+,0,0
"2120",1990,11,UNK,0,0
"2120",1990,12,Total,4376,5256
"2120",1990,12,0,340,455
"2120",1990,12,1,34,53
"2120",1990,12,2,11,19
"2120",1990,12,3,11,6
"2120",1990,12,4,3,9
"2120",1990,12,5 - 9,14,13
"2120",1990,12,10 - 14,9,11
"2120",1990,12,15 - 19,18,13
"2120",1990,12,20 - 24,11,30
"2120",1990,12,25 - 29,18,38
"2120",1990,12,30 - 34,20,43
"2120",1990,12,35 - 39,18,65
"2120",1990,12,40 - 44,33,127
"2120",1990,12,45 - 49,41,164
"2120",1990,12,50 - 54,67,190
"2120",1990,12,55 - 59,134,240
"2120",1990,12,60 - 64,180,385
"2120",1990,12,65 - 69,253,479
"2120",1990,12,70 - 74,412,623
"2120",1990,12,75 - 79,701,825
"2120",1990,12,80 - 84,762,726
"2120",1990,12,85 - 89,1286,742
"2120",1990,12,90 - 94,0,0
"2120",1990,12,95+,0,0
"2120",1990,12,UNK,0,0
"2120",1990,13,Total,1942,7239
"2120",1990,13,0,293,415
"2120",1990,13,1,66,103
"2120",1990,13,2,26,69
"2120",1990,13,3,20,27
"2120",1990,13,4,15,25
"2120",1990,13,5 - 9,50,130
"2120",1990,13,10 - 14,50,130
"2120",1990,13,15 - 19,86,392
"2120",1990,13,20 - 24,99,675
"2120",1990,13,25 - 29,94,749
"2120",1990,13,30 - 34,93,664
"2120",1990,13,35 - 39,94,544
"2120",1990,13,40 - 44,88,539
"2120",1990,13,45 - 49,74,499
"2120",1990,13,50 - 54,90,480
"2120",1990,13,55 - 59,88,421
"2120",1990,13,60 - 64,86,410
"2120",1990,13,65 - 69,96,325
"2120",1990,13,70 - 74,100,260
"2120",1990,13,75 - 79,100,176
"2120",1990,13,80 - 84,105,123
"2120",1990,13,85 - 89,129,83
"2120",1990,13,90 - 94,0,0
"2120",1990,13,95+,0,0
"2120",1990,13,UNK,0,0
"2120",1990,14,Total,51,353
"2120",1990,14,0,10,7
"2120",1990,14,1,0,0
"2120",1990,14,2,0,1
"2120",1990,14,3,0,0
"2120",1990,14,4,0,0
"2120",1990,14,5 - 9,1,3
"2120",1990,14,10 - 14,1,4
"2120",1990,14,15 - 19,5,22
"2120",1990,14,20 - 24,2,65
"2120",1990,14,25 - 29,6,47
"2120",1990,14,30 - 34,7,41
"2120",1990,14,35 - 39,1,35
"2120",1990,14,40 - 44,7,21
"2120",1990,14,45 - 49,4,18
"2120",1990,14,50 - 54,3,27
"2120",1990,14,55 - 59,0,12
"2120",1990,14,60 - 64,1,18
"2120",1990,14,65 - 69,1,11
"2120",1990,14,70 - 74,0,12
"2120",1990,14,75 - 79,1,5
"2120",1990,14,80 - 84,0,4
"2120",1990,14,85 - 89,1,0
"2120",1990,14,90 - 94,0,0
"2120",1990,14,95+,0,0
"2120",1990,14,UNK,0,0
"2120",1990,15,Total,528,243
"2120",1990,15,0,7,5
"2120",1990,15,1,3,3
"2120",1990,15,2,1,0
"2120",1990,15,3,1,1
"2120",1990,15,4,2,0
"2120",1990,15,5 - 9,0,1
"2120",1990,15,10 - 14,5,8
"2120",1990,15,15 - 19,16,4
"2120",1990,15,20 - 24,36,5
"2120",1990,15,25 - 29,47,3
"2120",1990,15,30 - 34,34,7
"2120",1990,15,35 - 39,27,6
"2120",1990,15,40 - 44,16,6
"2120",1990,15,45 - 49,22,13
"2120",1990,15,50 - 54,18,18
"2120",1990,15,55 - 59,22,14
"2120",1990,15,60 - 64,32,19
"2120",1990,15,65 - 69,38,28
"2120",1990,15,70 - 74,40,33
"2120",1990,15,75 - 79,55,33
"2120",1990,15,80 - 84,47,25
"2120",1990,15,85 - 89,59,11
"2120",1990,15,90 - 94,0,0
"2120",1990,15,95+,0,0
"2120",1990,15,UNK,0,0
"2120",1991,1,Total,33485,41377
"2120",1991,1,0,1942,2443
"2120",1991,1,1,142,221
"2120",1991,1,2,85,123
"2120",1991,1,3,61,86
"2120",1991,1,4,37,68
"2120",1991,1,5 - 9,179,250
"2120",1991,1,10 - 14,138,229
"2120",1991,1,15 - 19,206,598
"2120",1991,1,20 - 24,250,928
"2120",1991,1,25 - 29,328,1002
"2120",1991,1,30 - 34,389,1111
"2120",1991,1,35 - 39,522,1164
"2120",1991,1,40 - 44,706,1350
"2120",1991,1,45 - 49,1012,1638
"2120",1991,1,50 - 54,1212,2138
"2120",1991,1,55 - 59,1605,2622
"2120",1991,1,60 - 64,2391,3834
"2120",1991,1,65 - 69,2828,4072
"2120",1991,1,70 - 74,3642,4610
"2120",1991,1,75 - 79,4723,4968
"2120",1991,1,80 - 84,4731,4287
"2120",1991,1,85 - 89,6356,3631
"2120",1991,1,90 - 94,0,0
"2120",1991,1,95+,0,0
"2120",1991,1,UNK,0,4
"2120",1991,2,Total,943,1164
"2120",1991,2,0,72,91
"2120",1991,2,1,10,20
"2120",1991,2,2,10,6
"2120",1991,2,3,9,8
"2120",1991,2,4,7,4
"2120",1991,2,5 - 9,12,10
"2120",1991,2,10 - 14,3,7
"2120",1991,2,15 - 19,10,8
"2120",1991,2,20 - 24,11,15
"2120",1991,2,25 - 29,17,17
"2120",1991,2,30 - 34,17,24
"2120",1991,2,35 - 39,23,40
"2120",1991,2,40 - 44,29,49
"2120",1991,2,45 - 49,29,66
"2120",1991,2,50 - 54,44,84
"2120",1991,2,55 - 59,51,85
"2120",1991,2,60 - 64,45,109
"2120",1991,2,65 - 69,64,101
"2120",1991,2,70 - 74,81,121
"2120",1991,2,75 - 79,125,134
"2120",1991,2,80 - 84,127,94
"2120",1991,2,85 - 89,147,71
"2120",1991,2,90 - 94,0,0
"2120",1991,2,95+,0,0
"2120",1991,2,UNK,0,0
"2120",1991,3,Total,7474,7601
"2120",1991,3,0,13,16
"2120",1991,3,1,1,10
"2120",1991,3,2,7,13
"2120",1991,3,3,7,10
"2120",1991,3,4,6,13
"2120",1991,3,5 - 9,29,41
"2120",1991,3,10 - 14,17,34
"2120",1991,3,15 - 19,25,44
"2120",1991,3,20 - 24,31,62
"2120",1991,3,25 - 29,58,66
"2120",1991,3,30 - 34,113,85
"2120",1991,3,35 - 39,191,121
"2120",1991,3,40 - 44,286,173
"2120",1991,3,45 - 49,432,281
"2120",1991,3,50 - 54,507,460
"2120",1991,3,55 - 59,646,630
"2120",1991,3,60 - 64,814,1084
"2120",1991,3,65 - 69,914,1076
"2120",1991,3,70 - 74,978,1093
"2120",1991,3,75 - 79,1033,1034
"2120",1991,3,80 - 84,738,773
"2120",1991,3,85 - 89,628,482
"2120",1991,3,90 - 94,0,0
"2120",1991,3,95+,0,0
"2120",1991,3,UNK,0,0
"2120",1991,4,Total,10728,10654
"2120",1991,4,0,6,7
"2120",1991,4,1,3,4
"2120",1991,4,2,0,3
"2120",1991,4,3,0,2
"2120",1991,4,4,0,0
"2120",1991,4,5 - 9,6,1
"2120",1991,4,10 - 14,3,9
"2120",1991,4,15 - 19,11,15
"2120",1991,4,20 - 24,15,21
"2120",1991,4,25 - 29,29,41
"2120",1991,4,30 - 34,41,74
"2120",1991,4,35 - 39,67,95
"2120",1991,4,40 - 44,100,186
"2120",1991,4,45 - 49,195,259
"2120",1991,4,50 - 54,255,445
"2120",1991,4,55 - 59,380,595
"2120",1991,4,60 - 64,667,1041
"2120",1991,4,65 - 69,863,1309
"2120",1991,4,70 - 74,1281,1575
"2120",1991,4,75 - 79,1888,1904
"2120",1991,4,80 - 84,2073,1673
"2120",1991,4,85 - 89,2845,1395
"2120",1991,4,90 - 94,0,0
"2120",1991,4,95+,0,0
"2120",1991,4,UNK,0,0
"2120",1991,5,Total,2117,2208
"2120",1991,5,0,67,72
"2120",1991,5,1,4,8
"2120",1991,5,2,0,5
"2120",1991,5,3,1,4
"2120",1991,5,4,1,1
"2120",1991,5,5 - 9,5,6
"2120",1991,5,10 - 14,4,6
"2120",1991,5,15 - 19,5,9
"2120",1991,5,20 - 24,9,9
"2120",1991,5,25 - 29,8,16
"2120",1991,5,30 - 34,10,20
"2120",1991,5,35 - 39,13,27
"2120",1991,5,40 - 44,17,26
"2120",1991,5,45 - 49,36,42
"2120",1991,5,50 - 54,43,50
"2120",1991,5,55 - 59,55,87
"2120",1991,5,60 - 64,106,149
"2120",1991,5,65 - 69,145,176
"2120",1991,5,70 - 74,208,273
"2120",1991,5,75 - 79,324,383
"2120",1991,5,80 - 84,391,398
"2120",1991,5,85 - 89,665,437
"2120",1991,5,90 - 94,0,0
"2120",1991,5,95+,0,0
"2120",1991,5,UNK,0,4
"2120",1991,6,Total,534,596
"2120",1991,6,0,0,1
"2120",1991,6,1,0,0
"2120",1991,6,2,0,0
"2120",1991,6,3,0,0
"2120",1991,6,4,0,0
"2120",1991,6,5 - 9,0,0
"2120",1991,6,10 - 14,0,0
"2120",1991,6,15 - 19,1,0
"2120",1991,6,20 - 24,0,1
"2120",1991,6,25 - 29,0,5
"2120",1991,6,30 - 34,2,14
"2120",1991,6,35 - 39,3,27
"2120",1991,6,40 - 44,1,21
"2120",1991,6,45 - 49,7,21
"2120",1991,6,50 - 54,7,34
"2120",1991,6,55 - 59,5,37
"2120",1991,6,60 - 64,20,43
"2120",1991,6,65 - 69,28,58
"2120",1991,6,70 - 74,44,80
"2120",1991,6,75 - 79,84,72
"2120",1991,6,80 - 84,117,96
"2120",1991,6,85 - 89,215,86
"2120",1991,6,90 - 94,0,0
"2120",1991,6,95+,0,0
"2120",1991,6,UNK,0,0
"2120",1991,7,Total,513,600
"2120",1991,7,0,38,40
"2120",1991,7,1,12,20
"2120",1991,7,2,8,8
"2120",1991,7,3,3,9
"2120",1991,7,4,4,1
"2120",1991,7,5 - 9,22,22
"2120",1991,7,10 - 14,16,25
"2120",1991,7,15 - 19,18,39
"2120",1991,7,20 - 24,18,38
"2120",1991,7,25 - 29,17,36
"2120",1991,7,30 - 34,18,13
"2120",1991,7,35 - 39,19,24
"2120",1991,7,40 - 44,15,20
"2120",1991,7,45 - 49,16,32
"2120",1991,7,50 - 54,19,31
"2120",1991,7,55 - 59,27,35
"2120",1991,7,60 - 64,38,34
"2120",1991,7,65 - 69,43,39
"2120",1991,7,70 - 74,45,47
"2120",1991,7,75 - 79,47,37
"2120",1991,7,80 - 84,39,32
"2120",1991,7,85 - 89,31,18
"2120",1991,7,90 - 94,0,0
"2120",1991,7,95+,0,0
"2120",1991,7,UNK,0,0
"2120",1991,8,Total,915,925
"2120",1991,8,0,13,16
"2120",1991,8,1,1,4
"2120",1991,8,2,0,3
"2120",1991,8,3,1,1
"2120",1991,8,4,0,2
"2120",1991,8,5 - 9,2,4
"2120",1991,8,10 - 14,1,1
"2120",1991,8,15 - 19,2,6
"2120",1991,8,20 - 24,5,11
"2120",1991,8,25 - 29,4,13
"2120",1991,8,30 - 34,3,28
"2120",1991,8,35 - 39,8,20
"2120",1991,8,40 - 44,6,31
"2120",1991,8,45 - 49,21,41
"2120",1991,8,50 - 54,34,40
"2120",1991,8,55 - 59,56,66
"2120",1991,8,60 - 64,100,101
"2120",1991,8,65 - 69,119,117
"2120",1991,8,70 - 74,133,122
"2120",1991,8,75 - 79,171,135
"2120",1991,8,80 - 84,113,105
"2120",1991,8,85 - 89,122,58
"2120",1991,8,90 - 94,0,0
"2120",1991,8,95+,0,0
"2120",1991,8,UNK,0,0
"2120",1991,9,Total,2033,3251
"2120",1991,9,0,12,17
"2120",1991,9,1,5,2
"2120",1991,9,2,1,5
"2120",1991,9,3,1,0
"2120",1991,9,4,0,4
"2120",1991,9,5 - 9,8,3
"2120",1991,9,10 - 14,5,3
"2120",1991,9,15 - 19,6,14
"2120",1991,9,20 - 24,16,7
"2120",1991,9,25 - 29,13,41
"2120",1991,9,30 - 34,33,73
"2120",1991,9,35 - 39,38,131
"2120",1991,9,40 - 44,83,205
"2120",1991,9,45 - 49,102,286
"2120",1991,9,50 - 54,135,370
"2120",1991,9,55 - 59,152,388
"2120",1991,9,60 - 64,238,452
"2120",1991,9,65 - 69,248,382
"2120",1991,9,70 - 74,250,331
"2120",1991,9,75 - 79,241,234
"2120",1991,9,80 - 84,200,182
"2120",1991,9,85 - 89,246,121
"2120",1991,9,90 - 94,0,0
"2120",1991,9,95+,0,0
"2120",1991,9,UNK,0,0
"2120",1991,10,Total,835,855
"2120",1991,10,0,1,1
"2120",1991,10,1,1,3
"2120",1991,10,2,2,2
"2120",1991,10,3,0,0
"2120",1991,10,4,0,1
"2120",1991,10,5 - 9,3,6
"2120",1991,10,10 - 14,3,0
"2120",1991,10,15 - 19,6,3
"2120",1991,10,20 - 24,8,8
"2120",1991,10,25 - 29,11,8
"2120",1991,10,30 - 34,8,14
"2120",1991,10,35 - 39,13,13
"2120",1991,10,40 - 44,11,17
"2120",1991,10,45 - 49,21,25
"2120",1991,10,50 - 54,24,26
"2120",1991,10,55 - 59,50,40
"2120",1991,10,60 - 64,59,65
"2120",1991,10,65 - 69,77,79
"2120",1991,10,70 - 74,104,130
"2120",1991,10,75 - 79,132,134
"2120",1991,10,80 - 84,135,146
"2120",1991,10,85 - 89,166,134
"2120",1991,10,90 - 94,0,0
"2120",1991,10,95+,0,0
"2120",1991,10,UNK,0,0
"2120",1991,11,Total,1251,1543
"2120",1991,11,0,1148,1417
"2120",1991,11,1,20,27
"2120",1991,11,2,6,12
"2120",1991,11,3,5,7
"2120",1991,11,4,5,2
"2120",1991,11,5 - 9,7,10
"2120",1991,11,10 - 14,6,4
"2120",1991,11,15 - 19,6,9
"2120",1991,11,20 - 24,3,9
"2120",1991,11,25 - 29,7,6
"2120",1991,11,30 - 34,5,10
"2120",1991,11,35 - 39,5,5
"2120",1991,11,40 - 44,5,9
"2120",1991,11,45 - 49,9,0
"2120",1991,11,50 - 54,1,2
"2120",1991,11,55 - 59,3,4
"2120",1991,11,60 - 64,2,3
"2120",1991,11,65 - 69,3,2
"2120",1991,11,70 - 74,3,2
"2120",1991,11,75 - 79,2,2
"2120",1991,11,80 - 84,0,0
"2120",1991,11,85 - 89,0,1
"2120",1991,11,90 - 94,0,0
"2120",1991,11,95+,0,0
"2120",1991,11,UNK,0,0
"2120",1991,12,Total,3673,4500
"2120",1991,12,0,275,345
"2120",1991,12,1,29,34
"2120",1991,12,2,9,12
"2120",1991,12,3,8,5
"2120",1991,12,4,1,3
"2120",1991,12,5 - 9,13,11
"2120",1991,12,10 - 14,5,10
"2120",1991,12,15 - 19,15,17
"2120",1991,12,20 - 24,13,22
"2120",1991,12,25 - 29,23,30
"2120",1991,12,30 - 34,17,39
"2120",1991,12,35 - 39,17,48
"2120",1991,12,40 - 44,39,74
"2120",1991,12,45 - 49,42,109
"2120",1991,12,50 - 54,58,168
"2120",1991,12,55 - 59,91,202
"2120",1991,12,60 - 64,166,337
"2120",1991,12,65 - 69,219,422
"2120",1991,12,70 - 74,360,553
"2120",1991,12,75 - 79,506,697
"2120",1991,12,80 - 84,658,642
"2120",1991,12,85 - 89,1109,720
"2120",1991,12,90 - 94,0,0
"2120",1991,12,95+,0,0
"2120",1991,12,UNK,0,0
"2120",1991,13,Total,1935,6863
"2120",1991,13,0,286,404
"2120",1991,13,1,53,89
"2120",1991,13,2,38,53
"2120",1991,13,3,24,39
"2120",1991,13,4,9,36
"2120",1991,13,5 - 9,70,126
"2120",1991,13,10 - 14,62,124
"2120",1991,13,15 - 19,86,403
"2120",1991,13,20 - 24,91,653
"2120",1991,13,25 - 29,98,659
"2120",1991,13,30 - 34,78,659
"2120",1991,13,35 - 39,92,567
"2120",1991,13,40 - 44,96,501
"2120",1991,13,45 - 49,89,446
"2120",1991,13,50 - 54,65,393
"2120",1991,13,55 - 59,62,415
"2120",1991,13,60 - 64,98,379
"2120",1991,13,65 - 69,70,283
"2120",1991,13,70 - 74,114,252
"2120",1991,13,75 - 79,115,172
"2120",1991,13,80 - 84,108,122
"2120",1991,13,85 - 89,131,88
"2120",1991,13,90 - 94,0,0
"2120",1991,13,95+,0,0
"2120",1991,13,UNK,0,0
"2120",1991,14,Total,50,401
"2120",1991,14,0,5,8
"2120",1991,14,1,2,0
"2120",1991,14,2,3,0
"2120",1991,14,3,1,0
"2120",1991,14,4,2,1
"2120",1991,14,5 - 9,1,5
"2120",1991,14,10 - 14,1,1
"2120",1991,14,15 - 19,2,25
"2120",1991,14,20 - 24,3,71
"2120",1991,14,25 - 29,7,59
"2120",1991,14,30 - 34,3,50
"2120",1991,14,35 - 39,5,42
"2120",1991,14,40 - 44,5,27
"2120",1991,14,45 - 49,0,23
"2120",1991,14,50 - 54,2,24
"2120",1991,14,55 - 59,2,21
"2120",1991,14,60 - 64,1,18
"2120",1991,14,65 - 69,0,10
"2120",1991,14,70 - 74,1,7
"2120",1991,14,75 - 79,2,3
"2120",1991,14,80 - 84,0,5
"2120",1991,14,85 - 89,2,1
"2120",1991,14,90 - 94,0,0
"2120",1991,14,95+,0,0
"2120",1991,14,UNK,0,0
"2120",1991,15,Total,484,216
"2120",1991,15,0,6,8
"2120",1991,15,1,1,0
"2120",1991,15,2,1,1
"2120",1991,15,3,1,1
"2120",1991,15,4,2,0
"2120",1991,15,5 - 9,1,5
"2120",1991,15,10 - 14,12,5
"2120",1991,15,15 - 19,13,6
"2120",1991,15,20 - 24,27,1
"2120",1991,15,25 - 29,36,5
"2120",1991,15,30 - 34,41,8
"2120",1991,15,35 - 39,28,4
"2120",1991,15,40 - 44,13,11
"2120",1991,15,45 - 49,13,7
"2120",1991,15,50 - 54,18,11
"2120",1991,15,55 - 59,25,17
"2120",1991,15,60 - 64,37,19
"2120",1991,15,65 - 69,35,18
"2120",1991,15,70 - 74,40,24
"2120",1991,15,75 - 79,53,27
"2120",1991,15,80 - 84,32,19
"2120",1991,15,85 - 89,49,19
"2120",1991,15,90 - 94,0,0
"2120",1991,15,95+,0,0
"2120",1991,15,UNK,0,0
"2120",1992,1,Total,33823,40267
"2120",1992,1,0,1890,2319
"2120",1992,1,1,150,222
"2120",1992,1,2,93,134
"2120",1992,1,3,52,111
"2120",1992,1,4,44,48
"2120",1992,1,5 - 9,147,186
"2120",1992,1,10 - 14,128,227
"2120",1992,1,15 - 19,233,541
"2120",1992,1,20 - 24,284,931
"2120",1992,1,25 - 29,334,1021
"2120",1992,1,30 - 34,365,1086
"2120",1992,1,35 - 39,519,1074
"2120",1992,1,40 - 44,666,1227
"2120",1992,1,45 - 49,882,1509
"2120",1992,1,50 - 54,1190,1883
"2120",1992,1,55 - 59,1552,2427
"2120",1992,1,60 - 64,2379,3769
"2120",1992,1,65 - 69,2931,4009
"2120",1992,1,70 - 74,3696,4637
"2120",1992,1,75 - 79,4714,4963
"2120",1992,1,80 - 84,4920,4212
"2120",1992,1,85 - 89,6654,3728
"2120",1992,1,90 - 94,0,0
"2120",1992,1,95+,0,0
"2120",1992,1,UNK,0,3
"2120",1992,2,Total,956,1157
"2120",1992,2,0,63,96
"2120",1992,2,1,14,19
"2120",1992,2,2,3,6
"2120",1992,2,3,1,6
"2120",1992,2,4,1,3
"2120",1992,2,5 - 9,6,6
"2120",1992,2,10 - 14,4,2
"2120",1992,2,15 - 19,9,4
"2120",1992,2,20 - 24,17,13
"2120",1992,2,25 - 29,13,24
"2120",1992,2,30 - 34,10,36
"2120",1992,2,35 - 39,20,37
"2120",1992,2,40 - 44,18,51
"2120",1992,2,45 - 49,36,53
"2120",1992,2,50 - 54,35,53
"2120",1992,2,55 - 59,47,92
"2120",1992,2,60 - 64,64,114
"2120",1992,2,65 - 69,77,102
"2120",1992,2,70 - 74,97,130
"2120",1992,2,75 - 79,109,134
"2120",1992,2,80 - 84,134,98
"2120",1992,2,85 - 89,178,78
"2120",1992,2,90 - 94,0,0
"2120",1992,2,95+,0,0
"2120",1992,2,UNK,0,0
"2120",1992,3,Total,7668,7684
"2120",1992,3,0,7,7
"2120",1992,3,1,9,9
"2120",1992,3,2,9,9
"2120",1992,3,3,7,9
"2120",1992,3,4,4,6
"2120",1992,3,5 - 9,24,35
"2120",1992,3,10 - 14,33,25
"2120",1992,3,15 - 19,32,56
"2120",1992,3,20 - 24,31,61
"2120",1992,3,25 - 29,63,75
"2120",1992,3,30 - 34,120,83
"2120",1992,3,35 - 39,211,113
"2120",1992,3,40 - 44,283,175
"2120",1992,3,45 - 49,416,245
"2120",1992,3,50 - 54,513,400
"2120",1992,3,55 - 59,611,616
"2120",1992,3,60 - 64,849,1103
"2120",1992,3,65 - 69,944,1098
"2120",1992,3,70 - 74,1053,1199
"2120",1992,3,75 - 79,1024,1098
"2120",1992,3,80 - 84,772,806
"2120",1992,3,85 - 89,653,456
"2120",1992,3,90 - 94,0,0
"2120",1992,3,95+,0,0
"2120",1992,3,UNK,0,0
"2120",1992,4,Total,10875,10632
"2120",1992,4,0,10,14
"2120",1992,4,1,1,4
"2120",1992,4,2,1,2
"2120",1992,4,3,0,2
"2120",1992,4,4,0,1
"2120",1992,4,5 - 9,6,3
"2120",1992,4,10 - 14,2,2
"2120",1992,4,15 - 19,9,19
"2120",1992,4,20 - 24,23,33
"2120",1992,4,25 - 29,25,42
"2120",1992,4,30 - 34,37,77
"2120",1992,4,35 - 39,65,109
"2120",1992,4,40 - 44,107,168
"2120",1992,4,45 - 49,152,282
"2120",1992,4,50 - 54,246,426
"2120",1992,4,55 - 59,381,670
"2120",1992,4,60 - 64,666,1075
"2120",1992,4,65 - 69,950,1251
"2120",1992,4,70 - 74,1335,1649
"2120",1992,4,75 - 79,1880,1844
"2120",1992,4,80 - 84,2094,1576
"2120",1992,4,85 - 89,2885,1383
"2120",1992,4,90 - 94,0,0
"2120",1992,4,95+,0,0
"2120",1992,4,UNK,0,0
"2120",1992,5,Total,2176,1977
"2120",1992,5,0,51,77
"2120",1992,5,1,0,6
"2120",1992,5,2,2,4
"2120",1992,5,3,2,0
"2120",1992,5,4,0,0
"2120",1992,5,5 - 9,5,3
"2120",1992,5,10 - 14,2,5
"2120",1992,5,15 - 19,5,3
"2120",1992,5,20 - 24,7,7
"2120",1992,5,25 - 29,5,11
"2120",1992,5,30 - 34,6,11
"2120",1992,5,35 - 39,10,23
"2120",1992,5,40 - 44,19,24
"2120",1992,5,45 - 49,26,24
"2120",1992,5,50 - 54,29,42
"2120",1992,5,55 - 59,59,61
"2120",1992,5,60 - 64,86,105
"2120",1992,5,65 - 69,100,153
"2120",1992,5,70 - 74,176,221
"2120",1992,5,75 - 79,308,330
"2120",1992,5,80 - 84,412,389
"2120",1992,5,85 - 89,866,475
"2120",1992,5,90 - 94,0,0
"2120",1992,5,95+,0,0
"2120",1992,5,UNK,0,3
"2120",1992,6,Total,491,501
"2120",1992,6,0,0,0
"2120",1992,6,1,0,0
"2120",1992,6,2,0,0
"2120",1992,6,3,0,0
"2120",1992,6,4,0,0
"2120",1992,6,5 - 9,0,0
"2120",1992,6,10 - 14,0,0
"2120",1992,6,15 - 19,1,0
"2120",1992,6,20 - 24,1,2
"2120",1992,6,25 - 29,0,1
"2120",1992,6,30 - 34,1,9
"2120",1992,6,35 - 39,2,10
"2120",1992,6,40 - 44,3,21
"2120",1992,6,45 - 49,6,23
"2120",1992,6,50 - 54,12,22
"2120",1992,6,55 - 59,9,22
"2120",1992,6,60 - 64,17,44
"2120",1992,6,65 - 69,22,41
"2120",1992,6,70 - 74,46,69
"2120",1992,6,75 - 79,82,86
"2120",1992,6,80 - 84,106,68
"2120",1992,6,85 - 89,183,83
"2120",1992,6,90 - 94,0,0
"2120",1992,6,95+,0,0
"2120",1992,6,UNK,0,0
"2120",1992,7,Total,447,668
"2120",1992,7,0,35,57
"2120",1992,7,1,13,18
"2120",1992,7,2,9,15
"2120",1992,7,3,6,5
"2120",1992,7,4,5,3
"2120",1992,7,5 - 9,9,18
"2120",1992,7,10 - 14,15,20
"2120",1992,7,15 - 19,16,33
"2120",1992,7,20 - 24,15,31
"2120",1992,7,25 - 29,16,37
"2120",1992,7,30 - 34,11,33
"2120",1992,7,35 - 39,15,22
"2120",1992,7,40 - 44,15,21
"2120",1992,7,45 - 49,18,28
"2120",1992,7,50 - 54,17,27
"2120",1992,7,55 - 59,16,40
"2120",1992,7,60 - 64,17,47
"2120",1992,7,65 - 69,39,63
"2120",1992,7,70 - 74,33,47
"2120",1992,7,75 - 79,42,48
"2120",1992,7,80 - 84,47,29
"2120",1992,7,85 - 89,38,26
"2120",1992,7,90 - 94,0,0
"2120",1992,7,95+,0,0
"2120",1992,7,UNK,0,0
"2120",1992,8,Total,1024,957
"2120",1992,8,0,16,20
"2120",1992,8,1,3,2
"2120",1992,8,2,1,4
"2120",1992,8,3,0,0
"2120",1992,8,4,2,0
"2120",1992,8,5 - 9,1,1
"2120",1992,8,10 - 14,2,3
"2120",1992,8,15 - 19,1,5
"2120",1992,8,20 - 24,4,8
"2120",1992,8,25 - 29,14,13
"2120",1992,8,30 - 34,7,30
"2120",1992,8,35 - 39,11,26
"2120",1992,8,40 - 44,12,29
"2120",1992,8,45 - 49,15,32
"2120",1992,8,50 - 54,32,47
"2120",1992,8,55 - 59,68,68
"2120",1992,8,60 - 64,125,101
"2120",1992,8,65 - 69,148,139
"2120",1992,8,70 - 74,145,132
"2120",1992,8,75 - 79,165,138
"2120",1992,8,80 - 84,137,92
"2120",1992,8,85 - 89,115,67
"2120",1992,8,90 - 94,0,0
"2120",1992,8,95+,0,0
"2120",1992,8,UNK,0,0
"2120",1992,9,Total,1861,2809
"2120",1992,9,0,9,14
"2120",1992,9,1,0,3
"2120",1992,9,2,1,3
"2120",1992,9,3,1,3
"2120",1992,9,4,2,6
"2120",1992,9,5 - 9,3,5
"2120",1992,9,10 - 14,6,6
"2120",1992,9,15 - 19,8,4
"2120",1992,9,20 - 24,9,5
"2120",1992,9,25 - 29,17,21
"2120",1992,9,30 - 34,26,57
"2120",1992,9,35 - 39,34,87
"2120",1992,9,40 - 44,57,157
"2120",1992,9,45 - 49,72,233
"2120",1992,9,50 - 54,104,286
"2120",1992,9,55 - 59,141,298
"2120",1992,9,60 - 64,218,423
"2120",1992,9,65 - 69,209,352
"2120",1992,9,70 - 74,218,296
"2120",1992,9,75 - 79,252,255
"2120",1992,9,80 - 84,236,178
"2120",1992,9,85 - 89,238,117
"2120",1992,9,90 - 94,0,0
"2120",1992,9,95+,0,0
"2120",1992,9,UNK,0,0
"2120",1992,10,Total,860,829
"2120",1992,10,0,5,2
"2120",1992,10,1,1,1
"2120",1992,10,2,0,0
"2120",1992,10,3,0,2
"2120",1992,10,4,0,0
"2120",1992,10,5 - 9,5,3
"2120",1992,10,10 - 14,3,4
"2120",1992,10,15 - 19,7,4
"2120",1992,10,20 - 24,5,9
"2120",1992,10,25 - 29,10,11
"2120",1992,10,30 - 34,5,11
"2120",1992,10,35 - 39,11,14
"2120",1992,10,40 - 44,18,16
"2120",1992,10,45 - 49,11,24
"2120",1992,10,50 - 54,38,34
"2120",1992,10,55 - 59,44,38
"2120",1992,10,60 - 64,70,60
"2120",1992,10,65 - 69,91,94
"2120",1992,10,70 - 74,89,109
"2120",1992,10,75 - 79,139,147
"2120",1992,10,80 - 84,150,117
"2120",1992,10,85 - 89,158,129
"2120",1992,10,90 - 94,0,0
"2120",1992,10,95+,0,0
"2120",1992,10,UNK,0,0
"2120",1992,11,Total,1314,1471
"2120",1992,11,0,1177,1325
"2120",1992,11,1,30,35
"2120",1992,11,2,11,14
"2120",1992,11,3,5,4
"2120",1992,11,4,3,2
"2120",1992,11,5 - 9,9,16
"2120",1992,11,10 - 14,7,6
"2120",1992,11,15 - 19,8,9
"2120",1992,11,20 - 24,7,11
"2120",1992,11,25 - 29,7,10
"2120",1992,11,30 - 34,11,7
"2120",1992,11,35 - 39,9,7
"2120",1992,11,40 - 44,8,2
"2120",1992,11,45 - 49,4,5
"2120",1992,11,50 - 54,2,4
"2120",1992,11,55 - 59,3,4
"2120",1992,11,60 - 64,0,3
"2120",1992,11,65 - 69,4,2
"2120",1992,11,70 - 74,4,1
"2120",1992,11,75 - 79,3,3
"2120",1992,11,80 - 84,2,1
"2120",1992,11,85 - 89,0,0
"2120",1992,11,90 - 94,0,0
"2120",1992,11,95+,0,0
"2120",1992,11,UNK,0,0
"2120",1992,12,Total,3786,4420
"2120",1992,12,0,264,370
"2120",1992,12,1,20,41
"2120",1992,12,2,11,14
"2120",1992,12,3,6,7
"2120",1992,12,4,6,3
"2120",1992,12,5 - 9,16,9
"2120",1992,12,10 - 14,9,12
"2120",1992,12,15 - 19,8,19
"2120",1992,12,20 - 24,13,26
"2120",1992,12,25 - 29,17,24
"2120",1992,12,30 - 34,14,36
"2120",1992,12,35 - 39,28,40
"2120",1992,12,40 - 44,29,55
"2120",1992,12,45 - 49,42,97
"2120",1992,12,50 - 54,56,109
"2120",1992,12,55 - 59,75,169
"2120",1992,12,60 - 64,164,296
"2120",1992,12,65 - 69,224,368
"2120",1992,12,70 - 74,379,523
"2120",1992,12,75 - 79,560,693
"2120",1992,12,80 - 84,696,709
"2120",1992,12,85 - 89,1149,800
"2120",1992,12,90 - 94,0,0
"2120",1992,12,95+,0,0
"2120",1992,12,UNK,0,0
"2120",1992,13,Total,1861,6601
"2120",1992,13,0,243,329
"2120",1992,13,1,58,84
"2120",1992,13,2,43,60
"2120",1992,13,3,19,70
"2120",1992,13,4,21,23
"2120",1992,13,5 - 9,60,82
"2120",1992,13,10 - 14,42,134
"2120",1992,13,15 - 19,107,363
"2120",1992,13,20 - 24,115,668
"2120",1992,13,25 - 29,108,685
"2120",1992,13,30 - 34,85,647
"2120",1992,13,35 - 39,77,541
"2120",1992,13,40 - 44,83,471
"2120",1992,13,45 - 49,67,438
"2120",1992,13,50 - 54,89,399
"2120",1992,13,55 - 59,75,323
"2120",1992,13,60 - 64,71,360
"2120",1992,13,65 - 69,83,311
"2120",1992,13,70 - 74,83,242
"2120",1992,13,75 - 79,103,154
"2120",1992,13,80 - 84,90,120
"2120",1992,13,85 - 89,139,97
"2120",1992,13,90 - 94,0,0
"2120",1992,13,95+,0,0
"2120",1992,13,UNK,0,0
"2120",1992,14,Total,50,352
"2120",1992,14,0,6,4
"2120",1992,14,1,1,0
"2120",1992,14,2,1,3
"2120",1992,14,3,3,0
"2120",1992,14,4,0,1
"2120",1992,14,5 - 9,2,1
"2120",1992,14,10 - 14,0,3
"2120",1992,14,15 - 19,2,19
"2120",1992,14,20 - 24,5,53
"2120",1992,14,25 - 29,3,63
"2120",1992,14,30 - 34,2,47
"2120",1992,14,35 - 39,5,38
"2120",1992,14,40 - 44,0,28
"2120",1992,14,45 - 49,3,20
"2120",1992,14,50 - 54,2,19
"2120",1992,14,55 - 59,0,13
"2120",1992,14,60 - 64,6,13
"2120",1992,14,65 - 69,1,9
"2120",1992,14,70 - 74,1,8
"2120",1992,14,75 - 79,3,3
"2120",1992,14,80 - 84,2,6
"2120",1992,14,85 - 89,2,1
"2120",1992,14,90 - 94,0,0
"2120",1992,14,95+,0,0
"2120",1992,14,UNK,0,0
"2120",1992,15,Total,454,209
"2120",1992,15,0,4,4
"2120",1992,15,1,0,0
"2120",1992,15,2,1,0
"2120",1992,15,3,2,3
"2120",1992,15,4,0,0
"2120",1992,15,5 - 9,1,4
"2120",1992,15,10 - 14,3,5
"2120",1992,15,15 - 19,20,3
"2120",1992,15,20 - 24,32,4
"2120",1992,15,25 - 29,36,4
"2120",1992,15,30 - 34,30,2
"2120",1992,15,35 - 39,21,7
"2120",1992,15,40 - 44,14,9
"2120",1992,15,45 - 49,14,5
"2120",1992,15,50 - 54,15,15
"2120",1992,15,55 - 59,23,13
"2120",1992,15,60 - 64,26,25
"2120",1992,15,65 - 69,39,26
"2120",1992,15,70 - 74,37,11
"2120",1992,15,75 - 79,44,30
"2120",1992,15,80 - 84,42,23
"2120",1992,15,85 - 89,50,16
"2120",1992,15,90 - 94,0,0
"2120",1992,15,95+,0,0
"2120",1992,15,UNK,0,0
"2120",1993,1,Total,34558,41703
"2120",1993,1,0,1671,2121
"2120",1993,1,1,140,195
"2120",1993,1,2,97,85
"2120",1993,1,3,51,67
"2120",1993,1,4,30,57
"2120",1993,1,5 - 9,152,216
"2120",1993,1,10 - 14,141,226
"2120",1993,1,15 - 19,221,569
"2120",1993,1,20 - 24,248,959
"2120",1993,1,25 - 29,308,1140
"2120",1993,1,30 - 34,379,1101
"2120",1993,1,35 - 39,533,1133
"2120",1993,1,40 - 44,649,1249
"2120",1993,1,45 - 49,959,1549
"2120",1993,1,50 - 54,1276,1971
"2120",1993,1,55 - 59,1522,2541
"2120",1993,1,60 - 64,2371,3752
"2120",1993,1,65 - 69,3025,4353
"2120",1993,1,70 - 74,3686,4697
"2120",1993,1,75 - 79,4908,5099
"2120",1993,1,80 - 84,5092,4533
"2120",1993,1,85 - 89,7098,4084
"2120",1993,1,90 - 94,0,0
"2120",1993,1,95+,0,0
"2120",1993,1,UNK,1,6
"2120",1993,2,Total,988,1083
"2120",1993,2,0,53,66
"2120",1993,2,1,10,10
"2120",1993,2,2,7,7
"2120",1993,2,3,7,4
"2120",1993,2,4,2,4
"2120",1993,2,5 - 9,9,7
"2120",1993,2,10 - 14,7,13
"2120",1993,2,15 - 19,3,13
"2120",1993,2,20 - 24,8,11
"2120",1993,2,25 - 29,18,22
"2120",1993,2,30 - 34,16,35
"2120",1993,2,35 - 39,15,35
"2120",1993,2,40 - 44,27,50
"2120",1993,2,45 - 49,27,53
"2120",1993,2,50 - 54,40,60
"2120",1993,2,55 - 59,42,86
"2120",1993,2,60 - 64,76,97
"2120",1993,2,65 - 69,80,101
"2120",1993,2,70 - 74,107,121
"2120",1993,2,75 - 79,133,112
"2120",1993,2,80 - 84,137,95
"2120",1993,2,85 - 89,164,81
"2120",1993,2,90 - 94,0,0
"2120",1993,2,95+,0,0
"2120",1993,2,UNK,0,0
"2120",1993,3,Total,7918,8020
"2120",1993,3,0,15,13
"2120",1993,3,1,5,6
"2120",1993,3,2,9,4
"2120",1993,3,3,5,13
"2120",1993,3,4,5,5
"2120",1993,3,5 - 9,29,30
"2120",1993,3,10 - 14,30,35
"2120",1993,3,15 - 19,35,42
"2120",1993,3,20 - 24,47,60
"2120",1993,3,25 - 29,64,95
"2120",1993,3,30 - 34,110,88
"2120",1993,3,35 - 39,205,129
"2120",1993,3,40 - 44,289,162
"2120",1993,3,45 - 49,441,263
"2120",1993,3,50 - 54,539,399
"2120",1993,3,55 - 59,604,607
"2120",1993,3,60 - 64,883,1105
"2120",1993,3,65 - 69,975,1214
"2120",1993,3,70 - 74,1004,1147
"2120",1993,3,75 - 79,1105,1165
"2120",1993,3,80 - 84,828,883
"2120",1993,3,85 - 89,691,555
"2120",1993,3,90 - 94,0,0
"2120",1993,3,95+,0,0
"2120",1993,3,UNK,0,0
"2120",1993,4,Total,10808,10933
"2120",1993,4,0,17,13
"2120",1993,4,1,2,3
"2120",1993,4,2,3,1
"2120",1993,4,3,1,0
"2120",1993,4,4,2,1
"2120",1993,4,5 - 9,4,2
"2120",1993,4,10 - 14,4,15
"2120",1993,4,15 - 19,8,13
"2120",1993,4,20 - 24,18,35
"2120",1993,4,25 - 29,24,41
"2120",1993,4,30 - 34,44,60
"2120",1993,4,35 - 39,66,112
"2120",1993,4,40 - 44,87,169
"2120",1993,4,45 - 49,171,274
"2120",1993,4,50 - 54,253,469
"2120",1993,4,55 - 59,356,662
"2120",1993,4,60 - 64,643,1048
"2120",1993,4,65 - 69,945,1386
"2120",1993,4,70 - 74,1282,1670
"2120",1993,4,75 - 79,1818,1802
"2120",1993,4,80 - 84,2079,1640
"2120",1993,4,85 - 89,2981,1517
"2120",1993,4,90 - 94,0,0
"2120",1993,4,95+,0,0
"2120",1993,4,UNK,0,0
"2120",1993,5,Total,2298,2149
"2120",1993,5,0,43,73
"2120",1993,5,1,3,6
"2120",1993,5,2,3,3
"2120",1993,5,3,0,0
"2120",1993,5,4,0,0
"2120",1993,5,5 - 9,3,6
"2120",1993,5,10 - 14,5,5
"2120",1993,5,15 - 19,5,6
"2120",1993,5,20 - 24,4,12
"2120",1993,5,25 - 29,6,16
"2120",1993,5,30 - 34,8,18
"2120",1993,5,35 - 39,15,18
"2120",1993,5,40 - 44,13,35
"2120",1993,5,45 - 49,19,27
"2120",1993,5,50 - 54,38,55
"2120",1993,5,55 - 59,66,67
"2120",1993,5,60 - 64,104,117
"2120",1993,5,65 - 69,127,176
"2120",1993,5,70 - 74,197,249
"2120",1993,5,75 - 79,328,332
"2120",1993,5,80 - 84,409,401
"2120",1993,5,85 - 89,901,522
"2120",1993,5,90 - 94,0,0
"2120",1993,5,95+,0,0
"2120",1993,5,UNK,1,5
"2120",1993,6,Total,512,513
"2120",1993,6,0,0,0
"2120",1993,6,1,0,0
"2120",1993,6,2,0,0
"2120",1993,6,3,0,0
"2120",1993,6,4,0,0
"2120",1993,6,5 - 9,0,0
"2120",1993,6,10 - 14,0,0
"2120",1993,6,15 - 19,0,0
"2120",1993,6,20 - 24,0,2
"2120",1993,6,25 - 29,2,5
"2120",1993,6,30 - 34,0,10
"2120",1993,6,35 - 39,5,16
"2120",1993,6,40 - 44,3,20
"2120",1993,6,45 - 49,4,20
"2120",1993,6,50 - 54,7,24
"2120",1993,6,55 - 59,11,43
"2120",1993,6,60 - 64,13,30
"2120",1993,6,65 - 69,23,34
"2120",1993,6,70 - 74,41,60
"2120",1993,6,75 - 79,77,63
"2120",1993,6,80 - 84,113,90
"2120",1993,6,85 - 89,213,96
"2120",1993,6,90 - 94,0,0
"2120",1993,6,95+,0,0
"2120",1993,6,UNK,0,0
"2120",1993,7,Total,488,622
"2120",1993,7,0,37,55
"2120",1993,7,1,10,15
"2120",1993,7,2,8,7
"2120",1993,7,3,5,6
"2120",1993,7,4,5,3
"2120",1993,7,5 - 9,17,26
"2120",1993,7,10 - 14,16,18
"2120",1993,7,15 - 19,18,36
"2120",1993,7,20 - 24,12,33
"2120",1993,7,25 - 29,18,29
"2120",1993,7,30 - 34,19,30
"2120",1993,7,35 - 39,15,21
"2120",1993,7,40 - 44,13,19
"2120",1993,7,45 - 49,24,30
"2120",1993,7,50 - 54,11,21
"2120",1993,7,55 - 59,18,23
"2120",1993,7,60 - 64,14,39
"2120",1993,7,65 - 69,29,44
"2120",1993,7,70 - 74,37,48
"2120",1993,7,75 - 79,63,55
"2120",1993,7,80 - 84,53,41
"2120",1993,7,85 - 89,46,23
"2120",1993,7,90 - 94,0,0
"2120",1993,7,95+,0,0
"2120",1993,7,UNK,0,0
"2120",1993,8,Total,1143,1099
"2120",1993,8,0,15,15
"2120",1993,8,1,4,4
"2120",1993,8,2,1,1
"2120",1993,8,3,0,0
"2120",1993,8,4,1,1
"2120",1993,8,5 - 9,7,1
"2120",1993,8,10 - 14,1,1
"2120",1993,8,15 - 19,5,6
"2120",1993,8,20 - 24,2,12
"2120",1993,8,25 - 29,8,40
"2120",1993,8,30 - 34,10,28
"2120",1993,8,35 - 39,7,38
"2120",1993,8,40 - 44,20,38
"2120",1993,8,45 - 49,19,39
"2120",1993,8,50 - 54,39,46
"2120",1993,8,55 - 59,64,56
"2120",1993,8,60 - 64,119,144
"2120",1993,8,65 - 69,142,145
"2120",1993,8,70 - 74,163,147
"2120",1993,8,75 - 79,218,160
"2120",1993,8,80 - 84,156,103
"2120",1993,8,85 - 89,142,74
"2120",1993,8,90 - 94,0,0
"2120",1993,8,95+,0,0
"2120",1993,8,UNK,0,0
"2120",1993,9,Total,1869,2860
"2120",1993,9,0,15,18
"2120",1993,9,1,2,2
"2120",1993,9,2,2,2
"2120",1993,9,3,3,1
"2120",1993,9,4,2,1
"2120",1993,9,5 - 9,6,7
"2120",1993,9,10 - 14,3,3
"2120",1993,9,15 - 19,6,7
"2120",1993,9,20 - 24,9,6
"2120",1993,9,25 - 29,18,20
"2120",1993,9,30 - 34,16,42
"2120",1993,9,35 - 39,35,100
"2120",1993,9,40 - 44,48,152
"2120",1993,9,45 - 49,81,238
"2120",1993,9,50 - 54,131,297
"2120",1993,9,55 - 59,143,335
"2120",1993,9,60 - 64,198,373
"2120",1993,9,65 - 69,199,355
"2120",1993,9,70 - 74,230,304
"2120",1993,9,75 - 79,254,277
"2120",1993,9,80 - 84,231,193
"2120",1993,9,85 - 89,237,126
"2120",1993,9,90 - 94,0,0
"2120",1993,9,95+,0,0
"2120",1993,9,UNK,0,1
"2120",1993,10,Total,877,918
"2120",1993,10,0,1,2
"2120",1993,10,1,1,1
"2120",1993,10,2,1,1
"2120",1993,10,3,1,2
"2120",1993,10,4,0,0
"2120",1993,10,5 - 9,2,0
"2120",1993,10,10 - 14,3,2
"2120",1993,10,15 - 19,5,6
"2120",1993,10,20 - 24,8,7
"2120",1993,10,25 - 29,10,6
"2120",1993,10,30 - 34,7,9
"2120",1993,10,35 - 39,11,10
"2120",1993,10,40 - 44,17,22
"2120",1993,10,45 - 49,12,18
"2120",1993,10,50 - 54,37,28
"2120",1993,10,55 - 59,39,45
"2120",1993,10,60 - 64,68,59
"2120",1993,10,65 - 69,101,109
"2120",1993,10,70 - 74,106,130
"2120",1993,10,75 - 79,138,151
"2120",1993,10,80 - 84,147,143
"2120",1993,10,85 - 89,162,167
"2120",1993,10,90 - 94,0,0
"2120",1993,10,95+,0,0
"2120",1993,10,UNK,0,0
"2120",1993,11,Total,1102,1321
"2120",1993,11,0,984,1205
"2120",1993,11,1,30,28
"2120",1993,11,2,7,9
"2120",1993,11,3,3,5
"2120",1993,11,4,4,4
"2120",1993,11,5 - 9,5,12
"2120",1993,11,10 - 14,10,8
"2120",1993,11,15 - 19,7,6
"2120",1993,11,20 - 24,7,7
"2120",1993,11,25 - 29,5,7
"2120",1993,11,30 - 34,6,2
"2120",1993,11,35 - 39,3,8
"2120",1993,11,40 - 44,6,4
"2120",1993,11,45 - 49,5,2
"2120",1993,11,50 - 54,5,5
"2120",1993,11,55 - 59,3,1
"2120",1993,11,60 - 64,0,2
"2120",1993,11,65 - 69,3,1
"2120",1993,11,70 - 74,2,4
"2120",1993,11,75 - 79,3,0
"2120",1993,11,80 - 84,1,0
"2120",1993,11,85 - 89,3,1
"2120",1993,11,90 - 94,0,0
"2120",1993,11,95+,0,0
"2120",1993,11,UNK,0,0
"2120",1993,12,Total,4266,4696
"2120",1993,12,0,257,335
"2120",1993,12,1,19,29
"2120",1993,12,2,23,10
"2120",1993,12,3,2,6
"2120",1993,12,4,1,3
"2120",1993,12,5 - 9,14,9
"2120",1993,12,10 - 14,10,9
"2120",1993,12,15 - 19,15,24
"2120",1993,12,20 - 24,14,22
"2120",1993,12,25 - 29,15,26
"2120",1993,12,30 - 34,19,30
"2120",1993,12,35 - 39,24,58
"2120",1993,12,40 - 44,21,74
"2120",1993,12,45 - 49,44,90
"2120",1993,12,50 - 54,78,126
"2120",1993,12,55 - 59,85,167
"2120",1993,12,60 - 64,156,334
"2120",1993,12,65 - 69,275,427
"2120",1993,12,70 - 74,389,559
"2120",1993,12,75 - 79,635,773
"2120",1993,12,80 - 84,800,779
"2120",1993,12,85 - 89,1370,806
"2120",1993,12,90 - 94,0,0
"2120",1993,12,95+,0,0
"2120",1993,12,UNK,0,0
"2120",1993,13,Total,1801,6966
"2120",1993,13,0,231,321
"2120",1993,13,1,53,89
"2120",1993,13,2,32,39
"2120",1993,13,3,24,29
"2120",1993,13,4,7,35
"2120",1993,13,5 - 9,54,113
"2120",1993,13,10 - 14,48,113
"2120",1993,13,15 - 19,90,383
"2120",1993,13,20 - 24,90,683
"2120",1993,13,25 - 29,79,778
"2120",1993,13,30 - 34,91,700
"2120",1993,13,35 - 39,107,552
"2120",1993,13,40 - 44,82,477
"2120",1993,13,45 - 49,100,458
"2120",1993,13,50 - 54,74,414
"2120",1993,13,55 - 59,65,417
"2120",1993,13,60 - 64,74,379
"2120",1993,13,65 - 69,77,331
"2120",1993,13,70 - 74,93,227
"2120",1993,13,75 - 79,92,189
"2120",1993,13,80 - 84,102,140
"2120",1993,13,85 - 89,136,99
"2120",1993,13,90 - 94,0,0
"2120",1993,13,95+,0,0
"2120",1993,13,UNK,0,0
"2120",1993,14,Total,27,332
"2120",1993,14,0,1,2
"2120",1993,14,1,0,1
"2120",1993,14,2,1,0
"2120",1993,14,3,0,1
"2120",1993,14,4,0,0
"2120",1993,14,5 - 9,0,0
"2120",1993,14,10 - 14,0,2
"2120",1993,14,15 - 19,3,24
"2120",1993,14,20 - 24,5,64
"2120",1993,14,25 - 29,2,49
"2120",1993,14,30 - 34,4,46
"2120",1993,14,35 - 39,1,33
"2120",1993,14,40 - 44,3,22
"2120",1993,14,45 - 49,1,27
"2120",1993,14,50 - 54,2,21
"2120",1993,14,55 - 59,1,14
"2120",1993,14,60 - 64,0,12
"2120",1993,14,65 - 69,0,8
"2120",1993,14,70 - 74,1,3
"2120",1993,14,75 - 79,1,2
"2120",1993,14,80 - 84,0,1
"2120",1993,14,85 - 89,1,0
"2120",1993,14,90 - 94,0,0
"2120",1993,14,95+,0,0
"2120",1993,14,UNK,0,0
"2120",1993,15,Total,461,191
"2120",1993,15,0,2,3
"2120",1993,15,1,1,1
"2120",1993,15,2,0,1
"2120",1993,15,3,0,0
"2120",1993,15,4,1,0
"2120",1993,15,5 - 9,2,3
"2120",1993,15,10 - 14,4,2
"2120",1993,15,15 - 19,21,3
"2120",1993,15,20 - 24,24,5
"2120",1993,15,25 - 29,39,6
"2120",1993,15,30 - 34,29,3
"2120",1993,15,35 - 39,24,3
"2120",1993,15,40 - 44,20,5
"2120",1993,15,45 - 49,11,10
"2120",1993,15,50 - 54,22,6
"2120",1993,15,55 - 59,25,18
"2120",1993,15,60 - 64,23,13
"2120",1993,15,65 - 69,49,22
"2120",1993,15,70 - 74,34,28
"2120",1993,15,75 - 79,43,18
"2120",1993,15,80 - 84,36,24
"2120",1993,15,85 - 89,51,17
"2120",1993,15,90 - 94,0,0
"2120",1993,15,95+,0,0
"2120",1993,15,UNK,0,0
"2120",1994,1,Total,33982,41463
"2120",1994,1,0,1565,1890
"2120",1994,1,1,121,167
"2120",1994,1,2,50,97
"2120",1994,1,3,58,72
"2120",1994,1,4,36,56
"2120",1994,1,5 - 9,154,213
"2120",1994,1,10 - 14,134,220
"2120",1994,1,15 - 19,202,536
"2120",1994,1,20 - 24,235,887
"2120",1994,1,25 - 29,281,1089
"2120",1994,1,30 - 34,365,1129
"2120",1994,1,35 - 39,529,1202
"2120",1994,1,40 - 44,707,1255
"2120",1994,1,45 - 49,1003,1741
"2120",1994,1,50 - 54,1292,2164
"2120",1994,1,55 - 59,1624,2605
"2120",1994,1,60 - 64,2327,3577
"2120",1994,1,65 - 69,3085,4481
"2120",1994,1,70 - 74,3542,4790
"2120",1994,1,75 - 79,4484,4841
"2120",1994,1,80 - 84,5083,4407
"2120",1994,1,85 - 89,7104,4044
"2120",1994,1,90 - 94,0,0
"2120",1994,1,95+,0,0
"2120",1994,1,UNK,1,0
"2120",1994,2,Total,935,1049
"2120",1994,2,0,48,65
"2120",1994,2,1,6,9
"2120",1994,2,2,2,8
"2120",1994,2,3,6,4
"2120",1994,2,4,1,4
"2120",1994,2,5 - 9,13,10
"2120",1994,2,10 - 14,4,4
"2120",1994,2,15 - 19,3,4
"2120",1994,2,20 - 24,10,12
"2120",1994,2,25 - 29,5,15
"2120",1994,2,30 - 34,17,26
"2120",1994,2,35 - 39,20,32
"2120",1994,2,40 - 44,23,46
"2120",1994,2,45 - 49,33,56
"2120",1994,2,50 - 54,42,60
"2120",1994,2,55 - 59,51,75
"2120",1994,2,60 - 64,74,83
"2120",1994,2,65 - 69,71,86
"2120",1994,2,70 - 74,100,114
"2120",1994,2,75 - 79,99,111
"2120",1994,2,80 - 84,136,111
"2120",1994,2,85 - 89,171,114
"2120",1994,2,90 - 94,0,0
"2120",1994,2,95+,0,0
"2120",1994,2,UNK,0,0
"2120",1994,3,Total,8000,8193
"2120",1994,3,0,11,14
"2120",1994,3,1,7,9
"2120",1994,3,2,4,6
"2120",1994,3,3,9,13
"2120",1994,3,4,10,7
"2120",1994,3,5 - 9,41,40
"2120",1994,3,10 - 14,21,40
"2120",1994,3,15 - 19,30,37
"2120",1994,3,20 - 24,33,57
"2120",1994,3,25 - 29,51,71
"2120",1994,3,30 - 34,103,107
"2120",1994,3,35 - 39,223,134
"2120",1994,3,40 - 44,280,154
"2120",1994,3,45 - 49,449,287
"2120",1994,3,50 - 54,548,428
"2120",1994,3,55 - 59,642,679
"2120",1994,3,60 - 64,848,1009
"2120",1994,3,65 - 69,986,1269
"2120",1994,3,70 - 74,1000,1264
"2120",1994,3,75 - 79,1027,1120
"2120",1994,3,80 - 84,947,860
"2120",1994,3,85 - 89,730,588
"2120",1994,3,90 - 94,0,0
"2120",1994,3,95+,0,0
"2120",1994,3,UNK,0,0
"2120",1994,4,Total,10272,10653
"2120",1994,4,0,12,12
"2120",1994,4,1,3,2
"2120",1994,4,2,0,2
"2120",1994,4,3,0,0
"2120",1994,4,4,0,0
"2120",1994,4,5 - 9,4,8
"2120",1994,4,10 - 14,8,4
"2120",1994,4,15 - 19,12,17
"2120",1994,4,20 - 24,15,25
"2120",1994,4,25 - 29,28,48
"2120",1994,4,30 - 34,36,63
"2120",1994,4,35 - 39,58,99
"2120",1994,4,40 - 44,108,197
"2120",1994,4,45 - 49,176,305
"2120",1994,4,50 - 54,275,491
"2120",1994,4,55 - 59,363,618
"2120",1994,4,60 - 64,619,988
"2120",1994,4,65 - 69,965,1377
"2120",1994,4,70 - 74,1159,1621
"2120",1994,4,75 - 79,1681,1740
"2120",1994,4,80 - 84,1910,1617
"2120",1994,4,85 - 89,2840,1419
"2120",1994,4,90 - 94,0,0
"2120",1994,4,95+,0,0
"2120",1994,4,UNK,0,0
"2120",1994,5,Total,2048,1956
"2120",1994,5,0,38,55
"2120",1994,5,1,2,3
"2120",1994,5,2,0,1
"2120",1994,5,3,0,1
"2120",1994,5,4,0,4
"2120",1994,5,5 - 9,3,1
"2120",1994,5,10 - 14,1,2
"2120",1994,5,15 - 19,8,7
"2120",1994,5,20 - 24,2,9
"2120",1994,5,25 - 29,3,11
"2120",1994,5,30 - 34,12,22
"2120",1994,5,35 - 39,14,25
"2120",1994,5,40 - 44,16,20
"2120",1994,5,45 - 49,23,43
"2120",1994,5,50 - 54,41,39
"2120",1994,5,55 - 59,52,80
"2120",1994,5,60 - 64,76,110
"2120",1994,5,65 - 69,123,149
"2120",1994,5,70 - 74,154,225
"2120",1994,5,75 - 79,263,295
"2120",1994,5,80 - 84,366,366
"2120",1994,5,85 - 89,850,488
"2120",1994,5,90 - 94,0,0
"2120",1994,5,95+,0,0
"2120",1994,5,UNK,1,0
"2120",1994,6,Total,619,620
"2120",1994,6,0,0,0
"2120",1994,6,1,0,0
"2120",1994,6,2,0,0
"2120",1994,6,3,0,0
"2120",1994,6,4,0,0
"2120",1994,6,5 - 9,0,0
"2120",1994,6,10 - 14,0,0
"2120",1994,6,15 - 19,1,0
"2120",1994,6,20 - 24,0,4
"2120",1994,6,25 - 29,1,9
"2120",1994,6,30 - 34,4,18
"2120",1994,6,35 - 39,2,18
"2120",1994,6,40 - 44,6,23
"2120",1994,6,45 - 49,3,31
"2120",1994,6,50 - 54,5,34
"2120",1994,6,55 - 59,7,25
"2120",1994,6,60 - 64,12,40
"2120",1994,6,65 - 69,26,62
"2120",1994,6,70 - 74,33,56
"2120",1994,6,75 - 79,79,84
"2120",1994,6,80 - 84,164,102
"2120",1994,6,85 - 89,276,114
"2120",1994,6,90 - 94,0,0
"2120",1994,6,95+,0,0
"2120",1994,6,UNK,0,0
"2120",1994,7,Total,536,665
"2120",1994,7,0,41,54
"2120",1994,7,1,8,11
"2120",1994,7,2,9,9
"2120",1994,7,3,7,3
"2120",1994,7,4,2,3
"2120",1994,7,5 - 9,17,19
"2120",1994,7,10 - 14,14,18
"2120",1994,7,15 - 19,22,33
"2120",1994,7,20 - 24,9,28
"2120",1994,7,25 - 29,16,41
"2120",1994,7,30 - 34,10,36
"2120",1994,7,35 - 39,10,35
"2120",1994,7,40 - 44,13,26
"2120",1994,7,45 - 49,15,33
"2120",1994,7,50 - 54,18,27
"2120",1994,7,55 - 59,24,32
"2120",1994,7,60 - 64,28,30
"2120",1994,7,65 - 69,35,43
"2120",1994,7,70 - 74,52,54
"2120",1994,7,75 - 79,67,57
"2120",1994,7,80 - 84,65,44
"2120",1994,7,85 - 89,54,29
"2120",1994,7,90 - 94,0,0
"2120",1994,7,95+,0,0
"2120",1994,7,UNK,0,0
"2120",1994,8,Total,1215,1268
"2120",1994,8,0,9,11
"2120",1994,8,1,1,4
"2120",1994,8,2,0,0
"2120",1994,8,3,0,1
"2120",1994,8,4,1,3
"2120",1994,8,5 - 9,4,4
"2120",1994,8,10 - 14,0,1
"2120",1994,8,15 - 19,2,0
"2120",1994,8,20 - 24,7,15
"2120",1994,8,25 - 29,5,43
"2120",1994,8,30 - 34,12,58
"2120",1994,8,35 - 39,13,54
"2120",1994,8,40 - 44,18,48
"2120",1994,8,45 - 49,22,46
"2120",1994,8,50 - 54,42,68
"2120",1994,8,55 - 59,63,71
"2120",1994,8,60 - 64,114,115
"2120",1994,8,65 - 69,152,176
"2120",1994,8,70 - 74,179,173
"2120",1994,8,75 - 79,215,160
"2120",1994,8,80 - 84,197,133
"2120",1994,8,85 - 89,159,84
"2120",1994,8,90 - 94,0,0
"2120",1994,8,95+,0,0
"2120",1994,8,UNK,0,0
"2120",1994,9,Total,2027,3176
"2120",1994,9,0,6,15
"2120",1994,9,1,0,2
"2120",1994,9,2,0,2
"2120",1994,9,3,1,1
"2120",1994,9,4,0,2
"2120",1994,9,5 - 9,3,2
"2120",1994,9,10 - 14,4,5
"2120",1994,9,15 - 19,4,3
"2120",1994,9,20 - 24,11,8
"2120",1994,9,25 - 29,19,29
"2120",1994,9,30 - 34,23,61
"2120",1994,9,35 - 39,31,102
"2120",1994,9,40 - 44,72,180
"2120",1994,9,45 - 49,105,284
"2120",1994,9,50 - 54,115,354
"2120",1994,9,55 - 59,184,399
"2120",1994,9,60 - 64,204,434
"2120",1994,9,65 - 69,249,396
"2120",1994,9,70 - 74,279,335
"2120",1994,9,75 - 79,242,246
"2120",1994,9,80 - 84,224,175
"2120",1994,9,85 - 89,251,141
"2120",1994,9,90 - 94,0,0
"2120",1994,9,95+,0,0
"2120",1994,9,UNK,0,0
"2120",1994,10,Total,855,825
"2120",1994,10,0,1,1
"2120",1994,10,1,0,1
"2120",1994,10,2,0,0
"2120",1994,10,3,0,0
"2120",1994,10,4,0,0
"2120",1994,10,5 - 9,0,2
"2120",1994,10,10 - 14,1,1
"2120",1994,10,15 - 19,6,5
"2120",1994,10,20 - 24,7,6
"2120",1994,10,25 - 29,3,7
"2120",1994,10,30 - 34,8,12
"2120",1994,10,35 - 39,10,11
"2120",1994,10,40 - 44,24,16
"2120",1994,10,45 - 49,32,26
"2120",1994,10,50 - 54,32,30
"2120",1994,10,55 - 59,38,32
"2120",1994,10,60 - 64,62,59
"2120",1994,10,65 - 69,88,108
"2120",1994,10,70 - 74,106,113
"2120",1994,10,75 - 79,122,150
"2120",1994,10,80 - 84,130,117
"2120",1994,10,85 - 89,185,128
"2120",1994,10,90 - 94,0,0
"2120",1994,10,95+,0,0
"2120",1994,10,UNK,0,0
"2120",1994,11,Total,1125,1252
"2120",1994,11,0,1015,1170
"2120",1994,11,1,32,20
"2120",1994,11,2,4,7
"2120",1994,11,3,7,3
"2120",1994,11,4,2,4
"2120",1994,11,5 - 9,9,5
"2120",1994,11,10 - 14,8,9
"2120",1994,11,15 - 19,5,7
"2120",1994,11,20 - 24,9,2
"2120",1994,11,25 - 29,5,1
"2120",1994,11,30 - 34,4,3
"2120",1994,11,35 - 39,2,5
"2120",1994,11,40 - 44,4,3
"2120",1994,11,45 - 49,2,3
"2120",1994,11,50 - 54,2,2
"2120",1994,11,55 - 59,1,2
"2120",1994,11,60 - 64,5,4
"2120",1994,11,65 - 69,5,0
"2120",1994,11,70 - 74,1,1
"2120",1994,11,75 - 79,2,1
"2120",1994,11,80 - 84,1,0
"2120",1994,11,85 - 89,0,0
"2120",1994,11,90 - 94,0,0
"2120",1994,11,95+,0,0
"2120",1994,11,UNK,0,0
"2120",1994,12,Total,4050,4517
"2120",1994,12,0,192,232
"2120",1994,12,1,18,28
"2120",1994,12,2,3,12
"2120",1994,12,3,9,6
"2120",1994,12,4,4,2
"2120",1994,12,5 - 9,9,16
"2120",1994,12,10 - 14,8,10
"2120",1994,12,15 - 19,19,19
"2120",1994,12,20 - 24,9,17
"2120",1994,12,25 - 29,17,34
"2120",1994,12,30 - 34,23,48
"2120",1994,12,35 - 39,22,66
"2120",1994,12,40 - 44,34,59
"2120",1994,12,45 - 49,45,100
"2120",1994,12,50 - 54,56,162
"2120",1994,12,55 - 59,105,171
"2120",1994,12,60 - 64,172,312
"2120",1994,12,65 - 69,254,437
"2120",1994,12,70 - 74,356,564
"2120",1994,12,75 - 79,545,684
"2120",1994,12,80 - 84,771,711
"2120",1994,12,85 - 89,1379,827
"2120",1994,12,90 - 94,0,0
"2120",1994,12,95+,0,0
"2120",1994,12,UNK,0,0
"2120",1994,13,Total,1769,6717
"2120",1994,13,0,187,250
"2120",1994,13,1,44,76
"2120",1994,13,2,26,47
"2120",1994,13,3,19,38
"2120",1994,13,4,15,25
"2120",1994,13,5 - 9,48,103
"2120",1994,13,10 - 14,58,119
"2120",1994,13,15 - 19,78,369
"2120",1994,13,20 - 24,92,655
"2120",1994,13,25 - 29,97,725
"2120",1994,13,30 - 34,79,607
"2120",1994,13,35 - 39,94,579
"2120",1994,13,40 - 44,80,455
"2120",1994,13,45 - 49,84,495
"2120",1994,13,50 - 54,88,438
"2120",1994,13,55 - 59,74,393
"2120",1994,13,60 - 64,82,357
"2120",1994,13,65 - 69,87,340
"2120",1994,13,70 - 74,80,241
"2120",1994,13,75 - 79,84,169
"2120",1994,13,80 - 84,128,147
"2120",1994,13,85 - 89,145,89
"2120",1994,13,90 - 94,0,0
"2120",1994,13,95+,0,0
"2120",1994,13,UNK,0,0
"2120",1994,14,Total,54,356
"2120",1994,14,0,4,9
"2120",1994,14,1,0,0
"2120",1994,14,2,0,1
"2120",1994,14,3,0,0
"2120",1994,14,4,1,0
"2120",1994,14,5 - 9,2,1
"2120",1994,14,10 - 14,1,3
"2120",1994,14,15 - 19,1,30
"2120",1994,14,20 - 24,10,43
"2120",1994,14,25 - 29,6,52
"2120",1994,14,30 - 34,10,63
"2120",1994,14,35 - 39,2,34
"2120",1994,14,40 - 44,5,21
"2120",1994,14,45 - 49,1,23
"2120",1994,14,50 - 54,3,16
"2120",1994,14,55 - 59,1,19
"2120",1994,14,60 - 64,0,13
"2120",1994,14,65 - 69,0,17
"2120",1994,14,70 - 74,3,2
"2120",1994,14,75 - 79,0,4
"2120",1994,14,80 - 84,3,2
"2120",1994,14,85 - 89,1,3
"2120",1994,14,90 - 94,0,0
"2120",1994,14,95+,0,0
"2120",1994,14,UNK,0,0
"2120",1994,15,Total,477,216
"2120",1994,15,0,1,2
"2120",1994,15,1,0,2
"2120",1994,15,2,2,2
"2120",1994,15,3,0,2
"2120",1994,15,4,0,2
"2120",1994,15,5 - 9,1,2
"2120",1994,15,10 - 14,6,4
"2120",1994,15,15 - 19,11,5
"2120",1994,15,20 - 24,21,6
"2120",1994,15,25 - 29,25,3
"2120",1994,15,30 - 34,24,5
"2120",1994,15,35 - 39,28,8
"2120",1994,15,40 - 44,24,7
"2120",1994,15,45 - 49,13,9
"2120",1994,15,50 - 54,25,15
"2120",1994,15,55 - 59,19,9
"2120",1994,15,60 - 64,31,23
"2120",1994,15,65 - 69,44,21
"2120",1994,15,70 - 74,40,27
"2120",1994,15,75 - 79,58,20
"2120",1994,15,80 - 84,41,22
"2120",1994,15,85 - 89,63,20
"2120",1994,15,90 - 94,0,0
"2120",1994,15,95+,0,0
"2120",1994,15,UNK,0,0
"2120",1995,1,Total,35113,43418
"2120",1995,1,0,1381,1726
"2120",1995,1,1,171,177
"2120",1995,1,2,77,91
"2120",1995,1,3,43,71
"2120",1995,1,4,62,64
"2120",1995,1,5 - 9,142,200
"2120",1995,1,10 - 14,150,199
"2120",1995,1,15 - 19,189,539
"2120",1995,1,20 - 24,246,945
"2120",1995,1,25 - 29,292,1020
"2120",1995,1,30 - 34,383,1158
"2120",1995,1,35 - 39,576,1228
"2120",1995,1,40 - 44,689,1419
"2120",1995,1,45 - 49,954,1824
"2120",1995,1,50 - 54,1274,2290
"2120",1995,1,55 - 59,1660,2801
"2120",1995,1,60 - 64,2391,3794
"2120",1995,1,65 - 69,3193,4851
"2120",1995,1,70 - 74,3843,5031
"2120",1995,1,75 - 79,4632,4928
"2120",1995,1,80 - 84,5234,4647
"2120",1995,1,85 - 89,7531,4415
"2120",1995,1,90 - 94,0,0
"2120",1995,1,95+,0,0
"2120",1995,1,UNK,0,0
"2120",1995,2,Total,927,1156
"2120",1995,2,0,44,54
"2120",1995,2,1,7,12
"2120",1995,2,2,8,4
"2120",1995,2,3,1,3
"2120",1995,2,4,2,8
"2120",1995,2,5 - 9,6,10
"2120",1995,2,10 - 14,6,12
"2120",1995,2,15 - 19,8,6
"2120",1995,2,20 - 24,10,14
"2120",1995,2,25 - 29,11,25
"2120",1995,2,30 - 34,14,32
"2120",1995,2,35 - 39,22,37
"2120",1995,2,40 - 44,10,39
"2120",1995,2,45 - 49,25,56
"2120",1995,2,50 - 54,32,86
"2120",1995,2,55 - 59,47,76
"2120",1995,2,60 - 64,50,103
"2120",1995,2,65 - 69,82,127
"2120",1995,2,70 - 74,120,116
"2120",1995,2,75 - 79,125,109
"2120",1995,2,80 - 84,137,123
"2120",1995,2,85 - 89,160,104
"2120",1995,2,90 - 94,0,0
"2120",1995,2,95+,0,0
"2120",1995,2,UNK,0,0
"2120",1995,3,Total,8432,8578
"2120",1995,3,0,7,18
"2120",1995,3,1,10,9
"2120",1995,3,2,2,7
"2120",1995,3,3,4,7
"2120",1995,3,4,12,14
"2120",1995,3,5 - 9,27,39
"2120",1995,3,10 - 14,38,24
"2120",1995,3,15 - 19,29,37
"2120",1995,3,20 - 24,42,56
"2120",1995,3,25 - 29,63,83
"2120",1995,3,30 - 34,116,78
"2120",1995,3,35 - 39,215,147
"2120",1995,3,40 - 44,306,153
"2120",1995,3,45 - 49,451,331
"2120",1995,3,50 - 54,521,438
"2120",1995,3,55 - 59,640,666
"2120",1995,3,60 - 64,906,1014
"2120",1995,3,65 - 69,1103,1320
"2120",1995,3,70 - 74,1097,1363
"2120",1995,3,75 - 79,1069,1187
"2120",1995,3,80 - 84,966,917
"2120",1995,3,85 - 89,808,670
"2120",1995,3,90 - 94,0,0
"2120",1995,3,95+,0,0
"2120",1995,3,UNK,0,0
"2120",1995,4,Total,10251,10866
"2120",1995,4,0,10,8
"2120",1995,4,1,4,4
"2120",1995,4,2,1,3
"2120",1995,4,3,0,0
"2120",1995,4,4,1,1
"2120",1995,4,5 - 9,2,5
"2120",1995,4,10 - 14,7,2
"2120",1995,4,15 - 19,13,15
"2120",1995,4,20 - 24,11,15
"2120",1995,4,25 - 29,34,50
"2120",1995,4,30 - 34,51,89
"2120",1995,4,35 - 39,68,86
"2120",1995,4,40 - 44,119,180
"2120",1995,4,45 - 49,151,305
"2120",1995,4,50 - 54,258,467
"2120",1995,4,55 - 59,387,665
"2120",1995,4,60 - 64,603,1077
"2120",1995,4,65 - 69,878,1461
"2120",1995,4,70 - 74,1223,1641
"2120",1995,4,75 - 79,1642,1684
"2120",1995,4,80 - 84,1913,1636
"2120",1995,4,85 - 89,2875,1472
"2120",1995,4,90 - 94,0,0
"2120",1995,4,95+,0,0
"2120",1995,4,UNK,0,0
"2120",1995,5,Total,2087,1921
"2120",1995,5,0,42,42
"2120",1995,5,1,8,2
"2120",1995,5,2,1,0
"2120",1995,5,3,0,1
"2120",1995,5,4,0,1
"2120",1995,5,5 - 9,1,3
"2120",1995,5,10 - 14,1,2
"2120",1995,5,15 - 19,5,10
"2120",1995,5,20 - 24,4,7
"2120",1995,5,25 - 29,4,10
"2120",1995,5,30 - 34,9,15
"2120",1995,5,35 - 39,12,20
"2120",1995,5,40 - 44,14,25
"2120",1995,5,45 - 49,14,20
"2120",1995,5,50 - 54,39,54
"2120",1995,5,55 - 59,43,60
"2120",1995,5,60 - 64,79,97
"2120",1995,5,65 - 69,94,147
"2120",1995,5,70 - 74,158,215
"2120",1995,5,75 - 79,278,305
"2120",1995,5,80 - 84,384,364
"2120",1995,5,85 - 89,897,521
"2120",1995,5,90 - 94,0,0
"2120",1995,5,95+,0,0
"2120",1995,5,UNK,0,0
"2120",1995,6,Total,547,613
"2120",1995,6,0,0,0
"2120",1995,6,1,0,0
"2120",1995,6,2,0,0
"2120",1995,6,3,0,0
"2120",1995,6,4,0,0
"2120",1995,6,5 - 9,0,0
"2120",1995,6,10 - 14,0,0
"2120",1995,6,15 - 19,0,1
"2120",1995,6,20 - 24,0,1
"2120",1995,6,25 - 29,1,4
"2120",1995,6,30 - 34,0,13
"2120",1995,6,35 - 39,4,15
"2120",1995,6,40 - 44,3,25
"2120",1995,6,45 - 49,4,23
"2120",1995,6,50 - 54,10,53
"2120",1995,6,55 - 59,4,44
"2120",1995,6,60 - 64,5,42
"2120",1995,6,65 - 69,29,66
"2120",1995,6,70 - 74,29,63
"2120",1995,6,75 - 79,67,81
"2120",1995,6,80 - 84,138,83
"2120",1995,6,85 - 89,253,99
"2120",1995,6,90 - 94,0,0
"2120",1995,6,95+,0,0
"2120",1995,6,UNK,0,0
"2120",1995,7,Total,500,716
"2120",1995,7,0,29,52
"2120",1995,7,1,12,24
"2120",1995,7,2,10,3
"2120",1995,7,3,3,2
"2120",1995,7,4,8,5
"2120",1995,7,5 - 9,17,13
"2120",1995,7,10 - 14,10,18
"2120",1995,7,15 - 19,15,39
"2120",1995,7,20 - 24,9,37
"2120",1995,7,25 - 29,20,32
"2120",1995,7,30 - 34,13,35
"2120",1995,7,35 - 39,14,19
"2120",1995,7,40 - 44,21,36
"2120",1995,7,45 - 49,16,27
"2120",1995,7,50 - 54,25,48
"2120",1995,7,55 - 59,23,34
"2120",1995,7,60 - 64,28,44
"2120",1995,7,65 - 69,34,49
"2120",1995,7,70 - 74,48,64
"2120",1995,7,75 - 79,61,54
"2120",1995,7,80 - 84,35,48
"2120",1995,7,85 - 89,49,33
"2120",1995,7,90 - 94,0,0
"2120",1995,7,95+,0,0
"2120",1995,7,UNK,0,0
"2120",1995,8,Total,1416,1389
"2120",1995,8,0,9,9
"2120",1995,8,1,5,1
"2120",1995,8,2,2,3
"2120",1995,8,3,2,0
"2120",1995,8,4,0,0
"2120",1995,8,5 - 9,5,2
"2120",1995,8,10 - 14,2,0
"2120",1995,8,15 - 19,5,3
"2120",1995,8,20 - 24,8,17
"2120",1995,8,25 - 29,9,51
"2120",1995,8,30 - 34,5,69
"2120",1995,8,35 - 39,9,66
"2120",1995,8,40 - 44,18,41
"2120",1995,8,45 - 49,29,60
"2120",1995,8,50 - 54,50,65
"2120",1995,8,55 - 59,74,109
"2120",1995,8,60 - 64,129,135
"2120",1995,8,65 - 69,198,177
"2120",1995,8,70 - 74,248,191
"2120",1995,8,75 - 79,209,152
"2120",1995,8,80 - 84,182,137
"2120",1995,8,85 - 89,218,101
"2120",1995,8,90 - 94,0,0
"2120",1995,8,95+,0,0
"2120",1995,8,UNK,0,0
"2120",1995,9,Total,2120,3638
"2120",1995,9,0,13,16
"2120",1995,9,1,3,3
"2120",1995,9,2,0,2
"2120",1995,9,3,0,0
"2120",1995,9,4,1,1
"2120",1995,9,5 - 9,4,3
"2120",1995,9,10 - 14,7,7
"2120",1995,9,15 - 19,4,5
"2120",1995,9,20 - 24,10,18
"2120",1995,9,25 - 29,15,21
"2120",1995,9,30 - 34,25,60
"2120",1995,9,35 - 39,49,128
"2120",1995,9,40 - 44,52,220
"2120",1995,9,45 - 49,99,338
"2120",1995,9,50 - 54,135,400
"2120",1995,9,55 - 59,212,440
"2120",1995,9,60 - 64,227,473
"2120",1995,9,65 - 69,259,533
"2120",1995,9,70 - 74,250,347
"2120",1995,9,75 - 79,247,274
"2120",1995,9,80 - 84,246,181
"2120",1995,9,85 - 89,262,168
"2120",1995,9,90 - 94,0,0
"2120",1995,9,95+,0,0
"2120",1995,9,UNK,0,0
"2120",1995,10,Total,861,829
"2120",1995,10,0,3,6
"2120",1995,10,1,0,1
"2120",1995,10,2,3,0
"2120",1995,10,3,0,0
"2120",1995,10,4,0,1
"2120",1995,10,5 - 9,1,3
"2120",1995,10,10 - 14,2,4
"2120",1995,10,15 - 19,6,1
"2120",1995,10,20 - 24,1,4
"2120",1995,10,25 - 29,5,7
"2120",1995,10,30 - 34,7,13
"2120",1995,10,35 - 39,15,11
"2120",1995,10,40 - 44,7,15
"2120",1995,10,45 - 49,24,15
"2120",1995,10,50 - 54,29,31
"2120",1995,10,55 - 59,37,31
"2120",1995,10,60 - 64,65,55
"2120",1995,10,65 - 69,91,91
"2120",1995,10,70 - 74,102,119
"2120",1995,10,75 - 79,125,135
"2120",1995,10,80 - 84,142,136
"2120",1995,10,85 - 89,196,150
"2120",1995,10,90 - 94,0,0
"2120",1995,10,95+,0,0
"2120",1995,10,UNK,0,0
"2120",1995,11,Total,997,1196
"2120",1995,11,0,881,1091
"2120",1995,11,1,32,23
"2120",1995,11,2,19,11
"2120",1995,11,3,5,6
"2120",1995,11,4,6,7
"2120",1995,11,5 - 9,14,7
"2120",1995,11,10 - 14,10,4
"2120",1995,11,15 - 19,3,13
"2120",1995,11,20 - 24,4,1
"2120",1995,11,25 - 29,4,11
"2120",1995,11,30 - 34,5,5
"2120",1995,11,35 - 39,2,5
"2120",1995,11,40 - 44,2,2
"2120",1995,11,45 - 49,3,4
"2120",1995,11,50 - 54,2,1
"2120",1995,11,55 - 59,1,2
"2120",1995,11,60 - 64,0,2
"2120",1995,11,65 - 69,1,1
"2120",1995,11,70 - 74,1,0
"2120",1995,11,75 - 79,2,0
"2120",1995,11,80 - 84,0,0
"2120",1995,11,85 - 89,0,0
"2120",1995,11,90 - 94,0,0
"2120",1995,11,95+,0,0
"2120",1995,11,UNK,0,0
"2120",1995,12,Total,4680,5203
"2120",1995,12,0,169,221
"2120",1995,12,1,36,27
"2120",1995,12,2,11,7
"2120",1995,12,3,7,7
"2120",1995,12,4,5,5
"2120",1995,12,5 - 9,8,12
"2120",1995,12,10 - 14,8,9
"2120",1995,12,15 - 19,17,17
"2120",1995,12,20 - 24,15,25
"2120",1995,12,25 - 29,17,32
"2120",1995,12,30 - 34,22,61
"2120",1995,12,35 - 39,28,74
"2120",1995,12,40 - 44,36,98
"2120",1995,12,45 - 49,48,127
"2120",1995,12,50 - 54,67,178
"2120",1995,12,55 - 59,103,223
"2120",1995,12,60 - 64,170,350
"2120",1995,12,65 - 69,307,506
"2120",1995,12,70 - 74,440,632
"2120",1995,12,75 - 79,642,752
"2120",1995,12,80 - 84,919,865
"2120",1995,12,85 - 89,1605,975
"2120",1995,12,90 - 94,0,0
"2120",1995,12,95+,0,0
"2120",1995,12,UNK,0,0
"2120",1995,13,Total,1716,6656
"2120",1995,13,0,167,200
"2120",1995,13,1,51,68
"2120",1995,13,2,19,50
"2120",1995,13,3,18,43
"2120",1995,13,4,24,21
"2120",1995,13,5 - 9,55,96
"2120",1995,13,10 - 14,54,116
"2120",1995,13,15 - 19,71,355
"2120",1995,13,20 - 24,102,682
"2120",1995,13,25 - 29,78,626
"2120",1995,13,30 - 34,83,628
"2120",1995,13,35 - 39,94,571
"2120",1995,13,40 - 44,74,540
"2120",1995,13,45 - 49,78,471
"2120",1995,13,50 - 54,77,433
"2120",1995,13,55 - 59,63,424
"2120",1995,13,60 - 64,84,365
"2120",1995,13,65 - 69,74,336
"2120",1995,13,70 - 74,71,242
"2120",1995,13,75 - 79,111,159
"2120",1995,13,80 - 84,122,130
"2120",1995,13,85 - 89,146,100
"2120",1995,13,90 - 94,0,0
"2120",1995,13,95+,0,0
"2120",1995,13,UNK,0,0
"2120",1995,14,Total,66,398
"2120",1995,14,0,4,4
"2120",1995,14,1,1,1
"2120",1995,14,2,0,0
"2120",1995,14,3,1,1
"2120",1995,14,4,2,0
"2120",1995,14,5 - 9,2,2
"2120",1995,14,10 - 14,3,1
"2120",1995,14,15 - 19,5,33
"2120",1995,14,20 - 24,6,66
"2120",1995,14,25 - 29,2,61
"2120",1995,14,30 - 34,5,57
"2120",1995,14,35 - 39,7,40
"2120",1995,14,40 - 44,7,34
"2120",1995,14,45 - 49,2,29
"2120",1995,14,50 - 54,7,25
"2120",1995,14,55 - 59,2,12
"2120",1995,14,60 - 64,2,13
"2120",1995,14,65 - 69,3,5
"2120",1995,14,70 - 74,0,4
"2120",1995,14,75 - 79,3,5
"2120",1995,14,80 - 84,0,4
"2120",1995,14,85 - 89,2,1
"2120",1995,14,90 - 94,0,0
"2120",1995,14,95+,0,0
"2120",1995,14,UNK,0,0
"2120",1995,15,Total,513,259
"2120",1995,15,0,3,5
"2120",1995,15,1,2,2
"2120",1995,15,2,1,1
"2120",1995,15,3,2,1
"2120",1995,15,4,1,0
"2120",1995,15,5 - 9,0,5
"2120",1995,15,10 - 14,2,0
"2120",1995,15,15 - 19,8,4
"2120",1995,15,20 - 24,24,2
"2120",1995,15,25 - 29,29,7
"2120",1995,15,30 - 34,28,3
"2120",1995,15,35 - 39,37,9
"2120",1995,15,40 - 44,20,11
"2120",1995,15,45 - 49,10,18
"2120",1995,15,50 - 54,22,11
"2120",1995,15,55 - 59,24,15
"2120",1995,15,60 - 64,43,24
"2120",1995,15,65 - 69,40,32
"2120",1995,15,70 - 74,56,34
"2120",1995,15,75 - 79,51,31
"2120",1995,15,80 - 84,50,23
"2120",1995,15,85 - 89,60,21
"2120",1995,15,90 - 94,0,0
"2120",1995,15,95+,0,0
"2120",1995,15,UNK,0,0
"2120",1996,1,Total,35324,43799
"2120",1996,1,0,1368,1726
"2120",1996,1,1,111,153
"2120",1996,1,2,43,71
"2120",1996,1,3,46,61
"2120",1996,1,4,35,45
"2120",1996,1,5 - 9,137,206
"2120",1996,1,10 - 14,133,240
"2120",1996,1,15 - 19,195,538
"2120",1996,1,20 - 24,229,995
"2120",1996,1,25 - 29,276,977
"2120",1996,1,30 - 34,434,1177
"2120",1996,1,35 - 39,523,1263
"2120",1996,1,40 - 44,667,1408
"2120",1996,1,45 - 49,943,1794
"2120",1996,1,50 - 54,1328,2359
"2120",1996,1,55 - 59,1582,2810
"2120",1996,1,60 - 64,2193,3652
"2120",1996,1,65 - 69,3295,4976
"2120",1996,1,70 - 74,3745,5062
"2120",1996,1,75 - 79,4611,5150
"2120",1996,1,80 - 84,5433,4587
"2120",1996,1,85 - 89,7996,4547
"2120",1996,1,90 - 94,0,0
"2120",1996,1,95+,0,0
"2120",1996,1,UNK,1,2
"2120",1996,2,Total,891,1158
"2120",1996,2,0,51,48
"2120",1996,2,1,8,10
"2120",1996,2,2,5,3
"2120",1996,2,3,3,9
"2120",1996,2,4,1,2
"2120",1996,2,5 - 9,10,11
"2120",1996,2,10 - 14,4,9
"2120",1996,2,15 - 19,3,9
"2120",1996,2,20 - 24,10,11
"2120",1996,2,25 - 29,15,24
"2120",1996,2,30 - 34,14,26
"2120",1996,2,35 - 39,16,41
"2120",1996,2,40 - 44,18,45
"2120",1996,2,45 - 49,30,57
"2120",1996,2,50 - 54,26,78
"2120",1996,2,55 - 59,34,103
"2120",1996,2,60 - 64,49,105
"2120",1996,2,65 - 69,95,115
"2120",1996,2,70 - 74,75,131
"2120",1996,2,75 - 79,106,124
"2120",1996,2,80 - 84,129,99
"2120",1996,2,85 - 89,189,98
"2120",1996,2,90 - 94,0,0
"2120",1996,2,95+,0,0
"2120",1996,2,UNK,0,0
"2120",1996,3,Total,8610,8729
"2120",1996,3,0,8,15
"2120",1996,3,1,5,7
"2120",1996,3,2,1,7
"2120",1996,3,3,4,6
"2120",1996,3,4,4,10
"2120",1996,3,5 - 9,24,31
"2120",1996,3,10 - 14,22,28
"2120",1996,3,15 - 19,33,37
"2120",1996,3,20 - 24,36,64
"2120",1996,3,25 - 29,60,75
"2120",1996,3,30 - 34,147,87
"2120",1996,3,35 - 39,191,123
"2120",1996,3,40 - 44,290,178
"2120",1996,3,45 - 49,433,322
"2120",1996,3,50 - 54,609,442
"2120",1996,3,55 - 59,670,658
"2120",1996,3,60 - 64,814,992
"2120",1996,3,65 - 69,1107,1421
"2120",1996,3,70 - 74,1132,1294
"2120",1996,3,75 - 79,1098,1244
"2120",1996,3,80 - 84,996,950
"2120",1996,3,85 - 89,926,738
"2120",1996,3,90 - 94,0,0
"2120",1996,3,95+,0,0
"2120",1996,3,UNK,0,0
"2120",1996,4,Total,10385,11086
"2120",1996,4,0,16,13
"2120",1996,4,1,0,3
"2120",1996,4,2,2,0
"2120",1996,4,3,1,1
"2120",1996,4,4,0,1
"2120",1996,4,5 - 9,2,7
"2120",1996,4,10 - 14,3,6
"2120",1996,4,15 - 19,6,23
"2120",1996,4,20 - 24,20,29
"2120",1996,4,25 - 29,22,37
"2120",1996,4,30 - 34,32,82
"2120",1996,4,35 - 39,87,109
"2120",1996,4,40 - 44,101,185
"2120",1996,4,45 - 49,178,340
"2120",1996,4,50 - 54,244,506
"2120",1996,4,55 - 59,333,682
"2120",1996,4,60 - 64,509,1015
"2120",1996,4,65 - 69,966,1438
"2120",1996,4,70 - 74,1209,1704
"2120",1996,4,75 - 79,1576,1798
"2120",1996,4,80 - 84,2014,1596
"2120",1996,4,85 - 89,3064,1511
"2120",1996,4,90 - 94,0,0
"2120",1996,4,95+,0,0
"2120",1996,4,UNK,0,0
"2120",1996,5,Total,1829,1716
"2120",1996,5,0,45,80
"2120",1996,5,1,5,0
"2120",1996,5,2,0,2
"2120",1996,5,3,1,0
"2120",1996,5,4,0,0
"2120",1996,5,5 - 9,3,2
"2120",1996,5,10 - 14,1,2
"2120",1996,5,15 - 19,3,7
"2120",1996,5,20 - 24,1,15
"2120",1996,5,25 - 29,5,13
"2120",1996,5,30 - 34,11,19
"2120",1996,5,35 - 39,9,29
"2120",1996,5,40 - 44,8,18
"2120",1996,5,45 - 49,12,30
"2120",1996,5,50 - 54,20,44
"2120",1996,5,55 - 59,39,39
"2120",1996,5,60 - 64,62,85
"2120",1996,5,65 - 69,77,128
"2120",1996,5,70 - 74,155,195
"2120",1996,5,75 - 79,214,240
"2120",1996,5,80 - 84,349,307
"2120",1996,5,85 - 89,808,459
"2120",1996,5,90 - 94,0,0
"2120",1996,5,95+,0,0
"2120",1996,5,UNK,1,2
"2120",1996,6,Total,717,775
"2120",1996,6,0,0,0
"2120",1996,6,1,0,0
"2120",1996,6,2,0,0
"2120",1996,6,3,0,0
"2120",1996,6,4,0,0
"2120",1996,6,5 - 9,0,0
"2120",1996,6,10 - 14,0,0
"2120",1996,6,15 - 19,0,0
"2120",1996,6,20 - 24,0,5
"2120",1996,6,25 - 29,0,4
"2120",1996,6,30 - 34,0,12
"2120",1996,6,35 - 39,4,21
"2120",1996,6,40 - 44,4,36
"2120",1996,6,45 - 49,9,25
"2120",1996,6,50 - 54,6,58
"2120",1996,6,55 - 59,8,43
"2120",1996,6,60 - 64,10,61
"2120",1996,6,65 - 69,28,71
"2120",1996,6,70 - 74,38,80
"2120",1996,6,75 - 79,92,99
"2120",1996,6,80 - 84,170,102
"2120",1996,6,85 - 89,348,158
"2120",1996,6,90 - 94,0,0
"2120",1996,6,95+,0,0
"2120",1996,6,UNK,0,0
"2120",1996,7,Total,535,627
"2120",1996,7,0,38,42
"2120",1996,7,1,8,14
"2120",1996,7,2,2,3
"2120",1996,7,3,5,7
"2120",1996,7,4,4,2
"2120",1996,7,5 - 9,23,21
"2120",1996,7,10 - 14,15,24
"2120",1996,7,15 - 19,10,24
"2120",1996,7,20 - 24,16,24
"2120",1996,7,25 - 29,14,29
"2120",1996,7,30 - 34,13,30
"2120",1996,7,35 - 39,12,24
"2120",1996,7,40 - 44,11,40
"2120",1996,7,45 - 49,12,31
"2120",1996,7,50 - 54,21,28
"2120",1996,7,55 - 59,18,32
"2120",1996,7,60 - 64,29,36
"2120",1996,7,65 - 69,39,50
"2120",1996,7,70 - 74,48,51
"2120",1996,7,75 - 79,67,39
"2120",1996,7,80 - 84,70,44
"2120",1996,7,85 - 89,60,32
"2120",1996,7,90 - 94,0,0
"2120",1996,7,95+,0,0
"2120",1996,7,UNK,0,0
"2120",1996,8,Total,1610,1587
"2120",1996,8,0,9,20
"2120",1996,8,1,3,6
"2120",1996,8,2,4,1
"2120",1996,8,3,2,0
"2120",1996,8,4,0,3
"2120",1996,8,5 - 9,3,10
"2120",1996,8,10 - 14,2,2
"2120",1996,8,15 - 19,3,8
"2120",1996,8,20 - 24,6,24
"2120",1996,8,25 - 29,17,51
"2120",1996,8,30 - 34,12,92
"2120",1996,8,35 - 39,20,60
"2120",1996,8,40 - 44,19,52
"2120",1996,8,45 - 49,34,49
"2120",1996,8,50 - 54,51,76
"2120",1996,8,55 - 59,75,109
"2120",1996,8,60 - 64,144,135
"2120",1996,8,65 - 69,224,219
"2120",1996,8,70 - 74,239,208
"2120",1996,8,75 - 79,264,181
"2120",1996,8,80 - 84,249,159
"2120",1996,8,85 - 89,230,122
"2120",1996,8,90 - 94,0,0
"2120",1996,8,95+,0,0
"2120",1996,8,UNK,0,0
"2120",1996,9,Total,2107,3917
"2120",1996,9,0,13,9
"2120",1996,9,1,3,1
"2120",1996,9,2,5,4
"2120",1996,9,3,3,0
"2120",1996,9,4,1,0
"2120",1996,9,5 - 9,2,2
"2120",1996,9,10 - 14,2,7
"2120",1996,9,15 - 19,6,7
"2120",1996,9,20 - 24,5,11
"2120",1996,9,25 - 29,13,34
"2120",1996,9,30 - 34,31,71
"2120",1996,9,35 - 39,37,151
"2120",1996,9,40 - 44,64,234
"2120",1996,9,45 - 49,92,364
"2120",1996,9,50 - 54,146,437
"2120",1996,9,55 - 59,189,483
"2120",1996,9,60 - 64,214,480
"2120",1996,9,65 - 69,274,532
"2120",1996,9,70 - 74,237,395
"2120",1996,9,75 - 79,246,329
"2120",1996,9,80 - 84,236,207
"2120",1996,9,85 - 89,288,159
"2120",1996,9,90 - 94,0,0
"2120",1996,9,95+,0,0
"2120",1996,9,UNK,0,0
"2120",1996,10,Total,900,842
"2120",1996,10,0,3,1
"2120",1996,10,1,0,1
"2120",1996,10,2,0,1
"2120",1996,10,3,0,0
"2120",1996,10,4,0,0
"2120",1996,10,5 - 9,1,0
"2120",1996,10,10 - 14,1,2
"2120",1996,10,15 - 19,1,5
"2120",1996,10,20 - 24,4,8
"2120",1996,10,25 - 29,6,8
"2120",1996,10,30 - 34,10,10
"2120",1996,10,35 - 39,9,11
"2120",1996,10,40 - 44,12,14
"2120",1996,10,45 - 49,21,10
"2120",1996,10,50 - 54,28,28
"2120",1996,10,55 - 59,33,33
"2120",1996,10,60 - 64,57,64
"2120",1996,10,65 - 69,77,97
"2120",1996,10,70 - 74,91,135
"2120",1996,10,75 - 79,131,135
"2120",1996,10,80 - 84,191,143
"2120",1996,10,85 - 89,224,136
"2120",1996,10,90 - 94,0,0
"2120",1996,10,95+,0,0
"2120",1996,10,UNK,0,0
"2120",1996,11,Total,989,1175
"2120",1996,11,0,883,1098
"2120",1996,11,1,25,20
"2120",1996,11,2,6,5
"2120",1996,11,3,8,3
"2120",1996,11,4,2,3
"2120",1996,11,5 - 9,3,5
"2120",1996,11,10 - 14,10,11
"2120",1996,11,15 - 19,7,6
"2120",1996,11,20 - 24,2,4
"2120",1996,11,25 - 29,11,5
"2120",1996,11,30 - 34,8,6
"2120",1996,11,35 - 39,4,3
"2120",1996,11,40 - 44,1,0
"2120",1996,11,45 - 49,5,1
"2120",1996,11,50 - 54,2,2
"2120",1996,11,55 - 59,1,0
"2120",1996,11,60 - 64,5,1
"2120",1996,11,65 - 69,1,1
"2120",1996,11,70 - 74,1,0
"2120",1996,11,75 - 79,1,1
"2120",1996,11,80 - 84,1,0
"2120",1996,11,85 - 89,2,0
"2120",1996,11,90 - 94,0,0
"2120",1996,11,95+,0,0
"2120",1996,11,UNK,0,0
"2120",1996,12,Total,4667,5132
"2120",1996,12,0,195,249
"2120",1996,12,1,19,25
"2120",1996,12,2,6,9
"2120",1996,12,3,3,4
"2120",1996,12,4,6,4
"2120",1996,12,5 - 9,6,13
"2120",1996,12,10 - 14,12,13
"2120",1996,12,15 - 19,14,17
"2120",1996,12,20 - 24,7,26
"2120",1996,12,25 - 29,23,36
"2120",1996,12,30 - 34,24,55
"2120",1996,12,35 - 39,21,79
"2120",1996,12,40 - 44,36,87
"2120",1996,12,45 - 49,43,125
"2120",1996,12,50 - 54,68,171
"2120",1996,12,55 - 59,93,209
"2120",1996,12,60 - 64,173,307
"2120",1996,12,65 - 69,298,520
"2120",1996,12,70 - 74,412,569
"2120",1996,12,75 - 79,679,768
"2120",1996,12,80 - 84,888,832
"2120",1996,12,85 - 89,1641,1014
"2120",1996,12,90 - 94,0,0
"2120",1996,12,95+,0,0
"2120",1996,12,UNK,0,0
"2120",1996,13,Total,1569,6403
"2120",1996,13,0,101,143
"2120",1996,13,1,35,64
"2120",1996,13,2,12,32
"2120",1996,13,3,15,31
"2120",1996,13,4,16,19
"2120",1996,13,5 - 9,55,100
"2120",1996,13,10 - 14,54,126
"2120",1996,13,15 - 19,94,354
"2120",1996,13,20 - 24,103,698
"2120",1996,13,25 - 29,75,600
"2120",1996,13,30 - 34,97,638
"2120",1996,13,35 - 39,86,573
"2120",1996,13,40 - 44,80,485
"2120",1996,13,45 - 49,54,400
"2120",1996,13,50 - 54,82,450
"2120",1996,13,55 - 59,64,372
"2120",1996,13,60 - 64,87,338
"2120",1996,13,65 - 69,73,348
"2120",1996,13,70 - 74,63,264
"2120",1996,13,75 - 79,84,162
"2120",1996,13,80 - 84,95,112
"2120",1996,13,85 - 89,144,94
"2120",1996,13,90 - 94,0,0
"2120",1996,13,95+,0,0
"2120",1996,13,UNK,0,0
"2120",1996,14,Total,42,395
"2120",1996,14,0,4,4
"2120",1996,14,1,0,0
"2120",1996,14,2,0,2
"2120",1996,14,3,1,0
"2120",1996,14,4,1,1
"2120",1996,14,5 - 9,2,2
"2120",1996,14,10 - 14,2,6
"2120",1996,14,15 - 19,1,37
"2120",1996,14,20 - 24,4,73
"2120",1996,14,25 - 29,3,58
"2120",1996,14,30 - 34,5,44
"2120",1996,14,35 - 39,6,34
"2120",1996,14,40 - 44,5,25
"2120",1996,14,45 - 49,1,32
"2120",1996,14,50 - 54,2,24
"2120",1996,14,55 - 59,0,22
"2120",1996,14,60 - 64,1,12
"2120",1996,14,65 - 69,1,11
"2120",1996,14,70 - 74,1,5
"2120",1996,14,75 - 79,2,1
"2120",1996,14,80 - 84,0,1
"2120",1996,14,85 - 89,0,1
"2120",1996,14,90 - 94,0,0
"2120",1996,14,95+,0,0
"2120",1996,14,UNK,0,0
"2120",1996,15,Total,473,257
"2120",1996,15,0,2,4
"2120",1996,15,1,0,2
"2120",1996,15,2,0,2
"2120",1996,15,3,0,0
"2120",1996,15,4,0,0
"2120",1996,15,5 - 9,3,2
"2120",1996,15,10 - 14,5,4
"2120",1996,15,15 - 19,14,4
"2120",1996,15,20 - 24,15,3
"2120",1996,15,25 - 29,12,3
"2120",1996,15,30 - 34,30,5
"2120",1996,15,35 - 39,21,5
"2120",1996,15,40 - 44,18,9
"2120",1996,15,45 - 49,19,8
"2120",1996,15,50 - 54,23,15
"2120",1996,15,55 - 59,25,25
"2120",1996,15,60 - 64,39,21
"2120",1996,15,65 - 69,35,25
"2120",1996,15,70 - 74,44,31
"2120",1996,15,75 - 79,51,29
"2120",1996,15,80 - 84,45,35
"2120",1996,15,85 - 89,72,25
"2120",1996,15,90 - 94,0,0
"2120",1996,15,95+,0,0
"2120",1996,15,UNK,0,0
